0.0010219978922 	 0
0.0020219978922 	 0.0
0.0030219978922 	 0.0
0.0040219978922 	 0.0
0.0050219978922 	 0.0
0.0060219978922 	 0.0
0.0070219978922 	 0.0
0.0080219978922 	 0.0
0.009021997892200002 	 0.0
0.010021997892200003 	 0.0
0.011021997892200004 	 0.0
0.012021997892200004 	 0.0
0.013021997892200005 	 0.0
0.014021997892200006 	 0.0
0.015021997892200007 	 0.0
0.016021997892200008 	 0.0
0.01702199789220001 	 0.0
0.01802199789220001 	 0.0
0.01902199789220001 	 0.0
0.02002199789220001 	 0.0
0.021021997892200012 	 0.0
0.022021997892200013 	 0.0
0.023021997892200014 	 0.0
0.024021997892200015 	 0.0
0.025021997892200016 	 0.0
0.026021997892200017 	 0.0
0.027021997892200018 	 0.0
0.02802199789220002 	 0.0
0.02902199789220002 	 0.0
0.03002199789220002 	 0.0
0.03102199789220002 	 0.0
0.03202199789220002 	 0.0
0.03302199789220002 	 0.0
0.03402199789220002 	 0.0
0.03502199789220002 	 0.0
0.03602199789220002 	 0.0
0.03702199789220002 	 0.0
0.038021997892200024 	 0.0
0.039021997892200025 	 0.0
0.040021997892200026 	 0.0
0.04102199789220003 	 0.0
0.04202199789220003 	 0.0
0.04302199789220003 	 0.0
0.04402199789220003 	 0.0
0.04502199789220003 	 0.0
0.04602199789220003 	 0.0
0.04702199789220003 	 0.0
0.04802199789220003 	 0.0
0.049021997892200034 	 0.0
0.050021997892200035 	 0.0
0.051021997892200036 	 0.0
0.052021997892200036 	 0.0
0.05302199789220004 	 0.0
0.05402199789220004 	 0.0
0.05502199789220004 	 0.0
0.05602199789220004 	 0.0
0.05702199789220004 	 0.0
0.05802199789220004 	 0.0
0.05902199789220004 	 0.0
0.060021997892200044 	 0.0
0.061021997892200044 	 0.0
0.062021997892200045 	 0.0
0.06302199789220005 	 0.0
0.06402199789220005 	 0.0
0.06502199789220005 	 0.0
0.06602199789220005 	 0.0
0.06702199789220005 	 0.0
0.06802199789220005 	 0.0
0.06902199789220005 	 0.0
0.07002199789220005 	 0.0
0.07102199789220005 	 0.0
0.07202199789220005 	 0.0
0.07302199789220006 	 0.0
0.07402199789220006 	 0.0
0.07502199789220006 	 0.0
0.07602199789220006 	 0.0
0.07702199789220006 	 0.0
0.07802199789220006 	 0.0
0.07902199789220006 	 0.0
0.08002199789220006 	 0.0
0.08102199789220006 	 0.0
0.08202199789220006 	 0.0
0.08302199789220006 	 0.0
0.08402199789220006 	 0.0
0.08502199789220007 	 0.0
0.08602199789220007 	 0.0
0.08702199789220007 	 0.0
0.08802199789220007 	 0.0
0.08902199789220007 	 0.0
0.09002199789220007 	 0.0
0.09102199789220007 	 0.0
0.09202199789220007 	 0.0
0.09302199789220007 	 0.0
0.09402199789220007 	 0.0
0.09502199789220007 	 0.0
0.09602199789220008 	 0.0
0.09702199789220008 	 0.0
0.09802199789220008 	 0.0
0.09902199789220008 	 0.0
0.10002199789220008 	 0.0
0.10102199789220008 	 0.0
0.10202199789220008 	 0.0
0.10302199789220008 	 0.0
0.10402199789220008 	 0.0
0.10502199789220008 	 0.0
0.10602199789220008 	 0.0
0.10702199789220009 	 0.0
0.10802199789220009 	 0.0
0.10902199789220009 	 0.0
0.11002199789220009 	 0.0
0.11102199789220009 	 0.0
0.11202199789220009 	 0.0
0.11302199789220009 	 0.0
0.11402199789220009 	 0.0
0.11502199789220009 	 0.0
0.1160219978922001 	 0.0
0.1170219978922001 	 0.0
0.1180219978922001 	 0.0
0.1190219978922001 	 0.0
0.1200219978922001 	 0.0
0.1210219978922001 	 0.0
0.1220219978922001 	 0.0
0.1230219978922001 	 0.0
0.1240219978922001 	 0.0
0.1250219978922001 	 0.0
0.1260219978922001 	 0.0
0.1270219978922001 	 0.0
0.1280219978922001 	 0.0
0.1290219978922001 	 0.0
0.1300219978922001 	 0.0
0.1310219978922001 	 0.0
0.1320219978922001 	 0.0
0.1330219978922001 	 0.0
0.1340219978922001 	 0.0
0.1350219978922001 	 0.0
0.1360219978922001 	 0.0
0.1370219978922001 	 0.0
0.1380219978922001 	 0.0
0.1390219978922001 	 0.0
0.1400219978922001 	 0.0
0.1410219978922001 	 0.0
0.1420219978922001 	 0.0
0.1430219978922001 	 0.0
0.1440219978922001 	 0.0
0.1450219978922001 	 0.0
0.1460219978922001 	 0.0
0.1470219978922001 	 0.0
0.1480219978922001 	 0.0
0.1490219978922001 	 0.0
0.1500219978922001 	 0.0
0.1510219978922001 	 0.0
0.1520219978922001 	 0.0
0.1530219978922001 	 0.0
0.1540219978922001 	 0.0
0.15502199789220011 	 0.0
0.15602199789220011 	 0.0
0.15702199789220012 	 0.0
0.15802199789220012 	 0.0
0.15902199789220012 	 0.0
0.16002199789220012 	 0.0
0.16102199789220012 	 0.0
0.16202199789220012 	 0.0
0.16302199789220012 	 0.0
0.16402199789220012 	 0.0
0.16502199789220012 	 0.0
0.16602199789220012 	 0.0
0.16702199789220012 	 0.0
0.16802199789220013 	 0.0
0.16902199789220013 	 0.0
0.17002199789220013 	 0.0
0.17102199789220013 	 0.0
0.17202199789220013 	 0.0
0.17302199789220013 	 0.0
0.17402199789220013 	 0.0
0.17502199789220013 	 0.0
0.17602199789220013 	 0.0
0.17702199789220013 	 0.0
0.17802199789220013 	 0.0
0.17902199789220014 	 0.0
0.18002199789220014 	 0.0
0.18102199789220014 	 0.0
0.18202199789220014 	 0.0
0.18302199789220014 	 0.0
0.18402199789220014 	 0.0
0.18502199789220014 	 0.0
0.18602199789220014 	 0.0
0.18702199789220014 	 0.0
0.18802199789220014 	 0.0
0.18902199789220014 	 0.0
0.19002199789220015 	 0.0
0.19102199789220015 	 0.0
0.19202199789220015 	 0.0
0.19302199789220015 	 0.0
0.19402199789220015 	 0.0
0.19502199789220015 	 0.0
0.19602199789220015 	 0.0
0.19702199789220015 	 0.0
0.19802199789220015 	 0.0
0.19902199789220015 	 0.0
0.20002199789220015 	 0.0
0.20102199789220015 	 0.0
0.20202199789220016 	 0.0
0.20302199789220016 	 0.0
0.20402199789220016 	 0.0
0.20502199789220016 	 0.0
0.20602199789220016 	 0.0
0.20702199789220016 	 0.0
0.20802199789220016 	 0.0
0.20902199789220016 	 0.0
0.21002199789220016 	 0.0
0.21102199789220016 	 0.0
0.21202199789220016 	 0.0
0.21302199789220017 	 0.0
0.21402199789220017 	 0.0
0.21502199789220017 	 0.0
0.21602199789220017 	 0.0
0.21702199789220017 	 0.0
0.21802199789220017 	 0.0
0.21902199789220017 	 0.0
0.22002199789220017 	 0.0
0.22102199789220017 	 0.0
0.22202199789220017 	 0.0
0.22302199789220017 	 0.0
0.22402199789220018 	 0.0
0.22502199789220018 	 0.0
0.22602199789220018 	 0.0
0.22702199789220018 	 0.0
0.22802199789220018 	 0.0
0.22902199789220018 	 0.0
0.23002199789220018 	 0.0
0.23102199789220018 	 0.0
0.23202199789220018 	 0.0
0.23302199789220018 	 0.0
0.23402199789220018 	 0.0
0.23502199789220019 	 0.0
0.23602199789220019 	 0.0
0.2370219978922002 	 0.0
0.2380219978922002 	 0.0
0.2390219978922002 	 0.0
0.2400219978922002 	 0.0
0.2410219978922002 	 0.0
0.2420219978922002 	 0.0
0.2430219978922002 	 0.0
0.2440219978922002 	 0.0
0.2450219978922002 	 0.0
0.2460219978922002 	 0.0
0.2470219978922002 	 0.0
0.2480219978922002 	 0.0
0.2490219978922002 	 0.0
0.2500219978922002 	 0.0
0.2510219978922002 	 0.0
0.2520219978922002 	 0.0
0.2530219978922002 	 0.0
0.2540219978922002 	 0.0
0.2550219978922002 	 0.0
0.2560219978922002 	 0.0
0.2570219978922002 	 0.0
0.2580219978922002 	 0.0
0.2590219978922002 	 0.0
0.2600219978922002 	 0.0
0.2610219978922002 	 0.0
0.2620219978922002 	 0.0
0.2630219978922002 	 0.0
0.2640219978922002 	 0.0
0.2650219978922002 	 0.0
0.2660219978922002 	 0.0
0.2670219978922002 	 0.0
0.2680219978922002 	 0.0
0.2690219978922002 	 0.0
0.2700219978922002 	 0.0
0.2710219978922002 	 0.0
0.2720219978922002 	 0.0
0.2730219978922002 	 0.0
0.2740219978922002 	 0.0
0.2750219978922002 	 0.0
0.2760219978922002 	 0.0
0.2770219978922002 	 0.0
0.2780219978922002 	 0.0
0.2790219978922002 	 0.0
0.2800219978922002 	 9.283271955268546e-05
0.2810219978922002 	 0.00028757386395489266
0.2820219978922002 	 0.0005413483902884982
0.2830219978922002 	 0.0008406190982443845
0.28402199789220023 	 0.0011775773873708045
0.28502199789220023 	 0.0015469106608290578
0.28602199789220023 	 0.0019446787691598138
0.28702199789220023 	 0.0023677986082898655
0.28802199789220023 	 0.002813768001564515
0.28902199789220023 	 0.003280501904843825
0.29002199789220023 	 0.003766227903202745
0.29102199789220023 	 0.0042694157728647986
0.29202199789220024 	 0.004788727917625131
0.29302199789220024 	 0.005322983264008917
0.29402199789220024 	 0.005871130199264388
0.29502199789220024 	 0.006432225796418546
0.29602199789220024 	 0.007005419538217233
0.29702199789220024 	 0.007589940340672416
0.29802199789220024 	 0.008185086048785966
0.29902199789220024 	 0.008790214819356794
0.30002199789220024 	 0.009404737968115535
0.30102199789220024 	 0.010028113969855782
0.30202199789220024 	 0.010659843378350456
0.30302199789220025 	 0.01129946448868167
0.30402199789220025 	 0.01194654960521736
0.30502199789220025 	 0.01260070180844838
0.30602199789220025 	 0.013261552136364827
0.30702199789220025 	 0.013928757113085714
0.30802199789220025 	 0.014601996570543759
0.30902199789220025 	 0.01528097171917511
0.31002199789220025 	 0.01596540343152639
0.31102199789220025 	 0.01665503070898957
0.31202199789220025 	 0.017349609306896885
0.31302199789220025 	 0.018048910497255363
0.31402199789220026 	 0.01875271995167661
0.31502199789220026 	 0.019460836729728263
0.31602199789220026 	 0.020173072360140095
0.31702199789220026 	 0.020889250004101762
0.31802199789220026 	 0.02160920369141303
0.31902199789220026 	 0.022332777621499867
0.32002199789220026 	 0.023059825522377366
0.32102199789220026 	 0.023790210061532917
0.32202199789220026 	 0.02452380230346717
0.32302199789220026 	 0.025260481209274172
0.32402199789220026 	 0.02600013317419886
0.32502199789220027 	 0.026742651599588604
0.32602199789220027 	 0.02748793649606297
0.32702199789220027 	 0.028235894115078184
0.32802199789220027 	 0.02898643660638478
0.32902199789220027 	 0.029739481699127365
0.33002199789220027 	 0.030494952404586752
0.33102199789220027 	 0.03125277673876362
0.33202199789220027 	 0.032012887463180914
0.33302199789220027 	 0.032775221842448334
0.3340219978922003 	 0.033539721417275514
0.3350219978922003 	 0.03430633179173034
0.3360219978922003 	 0.03507500243367255
0.3370219978922003 	 0.035845686487372116
0.3380219978922003 	 0.03661834059742121
0.3390219978922003 	 0.037392924743124355
0.3400219978922003 	 0.03816940208262233
0.3410219978922003 	 0.038947738806065064
0.3420219978922003 	 0.039727903997219656
0.3430219978922003 	 0.04050986950292756
0.3440219978922003 	 0.04129360980989805
0.3450219978922003 	 0.042079101928344104
0.3460219978922003 	 0.042866325282023915
0.3470219978922003 	 0.04365526160427115
0.3480219978922003 	 0.044445894839636256
0.3490219978922003 	 0.0452382110507876
0.3500219978922003 	 0.04603219833035188
0.3510219978922003 	 0.04682784671738553
0.3520219978922003 	 0.04762514811820448
0.3530219978922003 	 0.04842409623131048
0.3540219978922003 	 0.049224686476170926
0.3550219978922003 	 0.0500269159256361
0.3560219978922003 	 0.05083078324177205
0.3570219978922003 	 0.05163628861492862
0.3580219978922003 	 0.05244343370585237
0.3590219978922003 	 0.05325222159067392
0.3600219978922003 	 0.054062656708621114
0.3610219978922003 	 0.05487474481229874
0.3620219978922003 	 0.055688492920399665
0.3630219978922003 	 0.056503909272726686
0.3640219978922003 	 0.057321003287381544
0.3650219978922003 	 0.05813978552003791
0.3660219978922003 	 0.05896026762515946
0.3670219978922003 	 0.05978246231908424
0.3680219978922003 	 0.06060638334487119
0.3690219978922003 	 0.06143204543882487
0.3700219978922003 	 0.062259464298606154
0.3710219978922003 	 0.06308865655286053
0.3720219978922003 	 0.06391963973228384
0.3730219978922003 	 0.0647524322420515
0.3740219978922003 	 0.06558705333555828
0.3750219978922003 	 0.06642352308938937
0.3760219978922003 	 0.06726186237947951
0.3770219978922003 	 0.06810209285838559
0.3780219978922003 	 0.0689442369336483
0.3790219978922003 	 0.06978831774716053
0.3800219978922003 	 0.0706343591555195
0.3810219978922003 	 0.0714823857113089
0.3820219978922003 	 0.07233242264526403
0.3830219978922003 	 0.07318449584929446
0.3840219978922003 	 0.0740386318603061
0.3850219978922003 	 0.07489485784480858
0.3860219978922003 	 0.07575320158425117
0.3870219978922003 	 0.07661369146107724
0.3880219978922003 	 0.07747635644544784
0.3890219978922003 	 0.07834122608261421
0.3900219978922003 	 0.07920833048091233
0.3910219978922003 	 0.08007770030034826
0.3920219978922003 	 0.08094936674175086
0.3930219978922003 	 0.08182336153647042
0.3940219978922003 	 0.0826997169365948
0.3950219978922003 	 0.08357846570566904
0.39602199789220033 	 0.08445964110988871
0.39702199789220033 	 0.08534327690975445
0.39802199789220033 	 0.08622940735216907
0.39902199789220033 	 0.08711806716294768
0.40002199789220033 	 0.08800929153974234
0.40102199789220033 	 0.08890311614534571
0.40202199789220033 	 0.08979957710137684
0.40302199789220033 	 0.0906987109823141
0.40402199789220034 	 0.09160055480988043
0.40502199789220034 	 0.09250514604774836
0.40602199789220034 	 0.09341252259657264
0.40702199789220034 	 0.09432272278931757
0.40802199789220034 	 0.09523578538687776
0.40902199789220034 	 0.09615174957398252
0.41002199789220034 	 0.09707065495536517
0.41102199789220034 	 0.0979925415521959
0.41202199789220034 	 0.09891744979875662
0.41302199789220034 	 0.0998454205393585
0.41402199789220034 	 0.10077649502548794
0.41502199789220034 	 0.10171071491317392
0.41602199789220035 	 0.10264812226056373
0.41702199789220035 	 0.1035887595257043
0.41802199789220035 	 0.1045326695645182
0.41902199789220035 	 0.10547989562879724
0.42002199789220035 	 0.10643048136536155
0.42102199789220035 	 0.10738447081303959
0.42202199789220035 	 0.10834190840270179
0.42302199789220035 	 0.10930283895555809
0.42402199789220035 	 0.11026730768215359
0.42502199789220035 	 0.1112353601815389
0.42602199789220035 	 0.11220704244054605
0.42702199789220036 	 0.11318240083320154
0.42802199789220036 	 0.11416148212026488
0.42902199789220036 	 0.11514433344889269
0.43002199789220036 	 0.11613100235241841
0.43102199789220036 	 0.11712153675024822
0.43202199789220036 	 0.11811598494786053
0.43302199789220036 	 0.11911439563691072
0.43402199789220036 	 0.12011681789543052
0.43502199789220036 	 0.12112330118812205
0.43602199789220036 	 0.12213389536674396
0.43702199789220036 	 0.1231486506705751
0.43802199789220037 	 0.12416761772695888
0.43902199789220037 	 0.1251908475519323
0.44002199789220037 	 0.1262183915509064
0.44102199789220037 	 0.12725030151943773
0.44202199789220037 	 0.12828662964403986
0.44302199789220037 	 0.1293274285030713
0.44402199789220037 	 0.1303727510676664
0.44502199789220037 	 0.1314226507027232
0.4460219978922004 	 0.13247718116793716
0.4470219978922004 	 0.1335363966188741
0.4480219978922004 	 0.1346003516080924
0.4490219978922004 	 0.13566910108628213
0.4500219978922004 	 0.13674270040346323
0.4510219978922004 	 0.13782120531018266
0.4520219978922004 	 0.13890467195875805
0.4530219978922004 	 0.13999315690453143
0.4540219978922004 	 0.14108671710713866
0.4550219978922004 	 0.1421854099318015
0.4560219978922004 	 0.14328929315061922
0.4570219978922004 	 0.14439842494387098
0.4580219978922004 	 0.14551286390132093
0.4590219978922004 	 0.14663266902351707
0.4600219978922004 	 0.1477578997230933
0.4610219978922004 	 0.14888861582605262
0.4620219978922004 	 0.15002487757304342
0.4630219978922004 	 0.15116674562061563
0.4640219978922004 	 0.15231428104246816
0.4650219978922004 	 0.15346754533064147
0.4660219978922004 	 0.15462660039672524
0.4670219978922004 	 0.15579150857298904
0.4680219978922004 	 0.15696233261351913
0.4690219978922004 	 0.15813913569526933
0.4700219978922004 	 0.1593219814191115
0.4710219978922004 	 0.160510933810802
0.4720219978922004 	 0.16170605732191737
0.4730219978922004 	 0.16290741683071577
0.4740219978922004 	 0.16411507764295072
0.4750219978922004 	 0.16532910549260435
0.4760219978922004 	 0.16654956654256614
0.4770219978922004 	 0.16777652738520862
0.4780219978922004 	 0.16901005504291491
0.4790219978922004 	 0.17025021696849135
0.4800219978922004 	 0.171497081045512
0.4810219978922004 	 0.17275071558854999
0.4820219978922004 	 0.17401118934330959
0.4830219978922004 	 0.17527857148666567
0.4840219978922004 	 0.17655293162658003
0.4850219978922004 	 0.17783433980189028
0.4860219978922004 	 0.1791228664820046
0.4870219978922004 	 0.18041858256642115
0.4880219978922004 	 0.1817215593841806
0.4890219978922004 	 0.18303186869309418
0.4900219978922004 	 0.18434958267888635
0.4910219978922004 	 0.18567477395416812
0.4920219978922004 	 0.18700751555723
0.4930219978922004 	 0.18834788095069008
0.4940219978922004 	 0.1896959440199626
0.4950219978922004 	 0.1910517790715337
0.4960219978922004 	 0.1924154608310666
0.4970219978922004 	 0.19378706444129024
0.4980219978922004 	 0.19516666545970318
0.4990219978922004 	 0.19655433985605486
0.5000219978922004 	 0.19795016400961632
0.5010219978922004 	 0.19935421470619707
0.5020219978922004 	 0.20076656913497842
0.5030219978922004 	 0.20218730488504122
0.5040219978922004 	 0.20361649994168204
0.5050219978922004 	 0.205054232682456
0.5060219978922004 	 0.2065005818729384
0.5070219978922004 	 0.20795562666221204
0.5080219978922004 	 0.20941944657807238
0.5090219978922004 	 0.2108921215219209
0.5100219978922004 	 0.2123737317633442
0.5110219978922004 	 0.2138643579343824
0.5120219978922004 	 0.2153640810234681
0.5130219978922004 	 0.21687298236899463
0.5140219978922004 	 0.21839114365257428
0.5150219978922004 	 0.21991864689189214
0.5160219978922004 	 0.2214555744332023
0.5170219978922004 	 0.22300200894342573
0.5180219978922004 	 0.2245580334018605
0.5190219978922004 	 0.2261237310914504
0.5200219978922004 	 0.22769918558965854
0.5210219978922004 	 0.2292844807588736
0.5220219978922004 	 0.23087970073639025
0.5230219978922004 	 0.23248492992387212
0.5240219978922004 	 0.23410025297640344
0.5250219978922004 	 0.2357257547909829
0.5260219978922004 	 0.23736152049452944
0.5270219978922004 	 0.23900763543136117
0.5280219978922004 	 0.24066418515016072
0.5290219978922004 	 0.24233125539030945
0.5300219978922004 	 0.24400893206772792
0.5310219978922004 	 0.2456973012600485
0.5320219978922004 	 0.24739644919128764
0.5330219978922004 	 0.24910646221577748
0.5340219978922004 	 0.25082742680152376
0.5350219978922004 	 0.25255942951289173
0.5360219978922004 	 0.2543025569926039
0.5370219978922004 	 0.25605689594304964
0.5380219978922004 	 0.257822533106869
0.5390219978922004 	 0.25959955524682116
0.5400219978922004 	 0.26138804912487734
0.5410219978922004 	 0.2631881014805376
0.5420219978922004 	 0.26499979900838294
0.5430219978922004 	 0.2668232283347677
0.5440219978922004 	 0.26865847599370124
0.5450219978922004 	 0.2705056284018666
0.5460219978922004 	 0.2723647718327542
0.5470219978922004 	 0.27423599238988006
0.5480219978922004 	 0.27611937597910735
0.5490219978922004 	 0.2780150082712034
0.5500219978922004 	 0.27992297465875127
0.5510219978922004 	 0.28184336024353934
0.5520219978922004 	 0.2837762498081608
0.5530219978922004 	 0.2857217277833432
0.5540219978922004 	 0.28767987821415125
0.5550219978922004 	 0.28965078472511985
0.5560219978922004 	 0.2916345304842406
0.5570219978922004 	 0.29363119816582606
0.5580219978922004 	 0.2956408699121738
0.5590219978922004 	 0.2976636272940483
0.5600219978922004 	 0.29969955126992953
0.5610219978922004 	 0.3017487221440034
0.5620219978922004 	 0.3038112195228578
0.5630219978922004 	 0.30588712227090087
0.5640219978922004 	 0.3079765084644091
0.5650219978922004 	 0.31007945534422277
0.5660219978922004 	 0.31219603926704326
0.5670219978922004 	 0.31432633565530266
0.5680219978922004 	 0.31647041894562894
0.5690219978922004 	 0.3186283625357183
0.5700219978922004 	 0.32080023872982477
0.5710219978922004 	 0.322986118682633
0.5720219978922004 	 0.32518607234159985
0.5730219978922004 	 0.3274001683876733
0.5740219978922004 	 0.3296284741744046
0.5750219978922004 	 0.3318710556654117
0.5760219978922004 	 0.33412797737013905
0.5770219978922004 	 0.33639930227791864
0.5780219978922004 	 0.33868509179029505
0.5790219978922004 	 0.34098540565157737
0.5800219978922004 	 0.3433003018775833
0.5810219978922004 	 0.3456298366825988
0.5820219978922004 	 0.3479740644044312
0.5830219978922004 	 0.3503330374276334
0.5840219978922004 	 0.3527068061048159
0.5850219978922004 	 0.3550954186759598
0.5860219978922004 	 0.35749892118592536
0.5870219978922004 	 0.3599173573998274
0.5880219978922004 	 0.3623507687164909
0.5890219978922004 	 0.364799194079873
0.5900219978922004 	 0.36726266988839884
0.5910219978922004 	 0.36974122990232433
0.5920219978922004 	 0.3722349051488633
0.5930219978922004 	 0.37474372382534565
0.5940219978922004 	 0.377267711200201
0.5950219978922004 	 0.37980688951177194
0.5960219978922005 	 0.38236127786502566
0.5970219978922005 	 0.3849308921260753
0.5980219978922005 	 0.3875157448145208
0.5990219978922005 	 0.3901158449936067
0.6000219978922005 	 0.3927311981581929
0.6010219978922005 	 0.395361806120515
0.6020219978922005 	 0.3980076668937475
0.6030219978922005 	 0.400668774573361
0.6040219978922005 	 0.4033451192162631
0.6050219978922005 	 0.40603668671781284
0.6060219978922005 	 0.40874345868649925
0.6070219978922005 	 0.4114654123165801
0.6080219978922005 	 0.41420252025847715
0.6090219978922005 	 0.4169547504870266
0.6100219978922005 	 0.4197220661676426
0.6110219978922005 	 0.422504425520263
0.6120219978922005 	 0.4253017816813098
0.6130219978922005 	 0.4281140810981439
0.6140219978922005 	 0.4309412673794833
0.6150219978922005 	 0.4337832782326877
0.6160219978922005 	 0.4366400450199953
0.6170219978922005 	 0.4395114932996336
0.6180219978922005 	 0.4423975426760568
0.6190219978922005 	 0.44529810664828107
0.6200219978922005 	 0.4482130924565514
0.6210219978922005 	 0.4511424009273461
0.6220219978922005 	 0.45408592631677686
0.6230219978922005 	 0.45704355615248804
0.6240219978922005 	 0.4600151710741127
0.6250219978922005 	 0.4630006446724026
0.6260219978922005 	 0.4659998433270971
0.6270219978922005 	 0.4690126260436626
0.6280219978922005 	 0.47203884428898296
0.6290219978922005 	 0.475078341826139
0.6300219978922005 	 0.4781309545483744
0.6310219978922005 	 0.48119651031240496
0.6320219978922005 	 0.48427482877118083
0.6330219978922005 	 0.48736572120625293
0.6340219978922005 	 0.4904689903599017
0.6350219978922005 	 0.4935844302672165
0.6360219978922005 	 0.49671182608816555
0.6370219978922005 	 0.4998509539399679
0.6380219978922005 	 0.5030015807299802
0.6390219978922005 	 0.5061634639890543
0.6400219978922005 	 0.5093363517058794
0.6410219978922005 	 0.5125199821621815
0.6420219978922005 	 0.5157140837693124
0.6430219978922005 	 0.5189183749062312
0.6440219978922005 	 0.5221325637591903
0.6450219978922005 	 0.5253563481633635
0.6460219978922005 	 0.5285894154466498
0.6470219978922005 	 0.5318314422759103
0.6480219978922005 	 0.5350820945059028
0.6490219978922005 	 0.5383410270311922
0.6500219978922005 	 0.5416078836412913
0.6510219978922005 	 0.5448822968793493
0.6520219978922005 	 0.5481638879046764
0.6530219978922005 	 0.5514522663593362
0.6540219978922005 	 0.554747030239268
0.6550219978922005 	 0.5580477657700287
0.6560219978922005 	 0.5613540472877031
0.6570219978922005 	 0.5646654371251477
0.6580219978922005 	 0.5679814855039538
0.6590219978922005 	 0.5713017304324743
0.6600219978922005 	 0.5746256976101972
0.6610219978922005 	 0.5779529003388807
0.6620219978922005 	 0.5812828394407071
0.6630219978922005 	 0.584615003182041
0.6640219978922005 	 0.5879488671705069
0.6650219978922005 	 0.5912838942995811
0.6660219978922005 	 0.594619534733637
0.6670219978922005 	 0.5979552258679788
0.6680219978922005 	 0.6012903922965723
0.6690219978922005 	 0.6046244457891833
0.6700219978922005 	 0.6079567852781707
0.6710219978922005 	 0.6112867968554527
0.6720219978922005 	 0.6146138537796647
0.6730219978922005 	 0.6179373164939943
0.6740219978922005 	 0.6212565326548775
0.6750219978922005 	 0.62457083717182
0.6760219978922005 	 0.6278795522585682
0.6770219978922005 	 0.6311819874958818
0.6780219978922005 	 0.6344774399059582
0.6790219978922005 	 0.6377651940388465
0.6800219978922005 	 0.6410445220707913
0.6810219978922005 	 0.6443146839147499
0.6820219978922005 	 0.6475749273429807
0.6830219978922005 	 0.6508244881218068
0.6840219978922005 	 0.6540625901584325
0.6850219978922005 	 0.6572884456598195
0.6860219978922005 	 0.6605012553032864
0.6870219978922005 	 0.6637002084187787
0.6880219978922005 	 0.6668844831769042
0.6890219978922005 	 0.6700532466856861
0.6900219978922005 	 0.6732056552162715
0.6910219978922005 	 0.6763408545332635
0.6920219978922005 	 0.6794579801331181
0.6930219978922005 	 0.682556157486627
0.6940219978922005 	 0.6856345022890136
0.6950219978922005 	 0.68869212071648
0.6960219978922005 	 0.691728109688048
0.6970219978922005 	 0.6947415571312894
0.6980219978922005 	 0.6977315422504978
0.6990219978922005 	 0.7006971357953101
0.7000219978922005 	 0.7036374003280446
0.7010219978922005 	 0.70655139048733
0.7020219978922005 	 0.7094381532455437
0.7030219978922005 	 0.7122967281571927
0.7040219978922005 	 0.7151261475950428
0.7050219978922005 	 0.7179254369703695
0.7060219978922005 	 0.7206936149333034
0.7070219978922005 	 0.7234296935486965
0.7080219978922005 	 0.7261326784424244
0.7090219978922006 	 0.7288015689123489
0.7100219978922006 	 0.7314353579975061
0.7110219978922006 	 0.734033032498235
0.7120219978922006 	 0.7365935729390399
0.7130219978922006 	 0.7391159534562838
0.7140219978922006 	 0.7415991414480047
0.7150219978922006 	 0.7440420973228542
0.7160219978922006 	 0.7464437742952547
0.7170219978922006 	 0.7488031179029387
0.7180219978922006 	 0.7511190653829994
0.7190219978922006 	 0.7533905448936983
0.7200219978922006 	 0.7556164745592995
0.7210219978922006 	 0.7577957613124521
0.7220219978922006 	 0.7599272995045204
0.7230219978922006 	 0.7620099692501434
0.7240219978922006 	 0.7640426344669156
0.7250219978922006 	 0.7660241405654485
0.7260219978922006 	 0.767953311737645
0.7270219978922006 	 0.7698289477829616
0.7280219978922006 	 0.7716498204026186
0.7290219978922006 	 0.7734146688800208
0.7300219978922006 	 0.7751221950519801
0.7310219978922006 	 0.7767710574588981
0.7320219978922006 	 0.7783598645425305
0.7330219978922006 	 0.779887166736507
0.7340219978922006 	 0.7813514472666674
0.7350219978922006 	 0.7827511114443956
0.7360219978922006 	 0.784084474195182
0.7370219978922006 	 0.7853497455150534
0.7380219978922006 	 0.7865450134922369
0.7390219978922006 	 0.7876682245438462
0.7400219978922006 	 0.7887171601277304
0.7410219978922006 	 0.7896894093097636
0.7420219978922006 	 0.7905823365919261
0.7430219978922006 	 0.7913930439604716
0.7440219978922006 	 0.7921183259907744
0.7450219978922006 	 0.7927546165860846
0.7460219978922006 	 0.7932979255977689
0.7470219978922006 	 0.793743763159299
0.7480219978922006 	 0.7940870490412361
0.7490219978922006 	 0.7943220036673971
0.7500219978922006 	 0.794442016581455
0.7510219978922006 	 0.7944394870619725
0.7520219978922006 	 0.7943056301791146
0.7530219978922006 	 0.7940302397676872
0.7540219978922006 	 0.7936013974276759
0.7550219978922006 	 0.7930051135763508
0.7560219978922006 	 0.7922248825267535
0.7570219978922006 	 0.7912411282337577
0.7580219978922006 	 0.7900305102977444
0.7590219978922006 	 0.7885650504663376
0.7600219978922006 	 0.786811027452148
0.7610219978922006 	 0.784727571370905
0.7620219978922006 	 0.7822648671897674
0.7630219978922006 	 0.7793618476698917
0.7640219978922006 	 0.7759432189344267
0.7650219978922006 	 0.7719156117894886
0.7660219978922006 	 0.7671625931603544
0.7670219978922006 	 0.761538203742712
0.7680219978922006 	 0.7548586188462739
0.7690219978922006 	 0.7468914874378886
0.7700219978922006 	 0.7373425585728295
0.7710219978922006 	 0.7258394975559543
0.7720219978922006 	 0.7119136359251226
0.7730219978922006 	 0.6949824080444047
0.7740219978922006 	 0.6743395599383566
0.7750219978922006 	 0.6491688038566401
0.7760219978922006 	 0.6186119144315475
0.7770219978922006 	 0.5819450962496441
0.7780219978922006 	 0.5389388556637978
0.7790219978922006 	 0.49046048977361684
0.7800219978922006 	 0.43924796184930043
0.7810219978922006 	 0.39048016305562905
0.7820219978922006 	 0.35141866018896556
0.7830219978922006 	 0.32938467723316955
0.7840219978922006 	 0.32830046972360133
0.7850219978922006 	 0.3463818814547989
0.7860219978922006 	 0.37753903753949125
0.7870219978922006 	 0.41481970758556325
0.7880219978922006 	 0.4528295100818691
0.7890219978922006 	 0.4883445118124192
0.7900219978922006 	 0.5198915598043264
0.7910219978922006 	 0.5470954417225806
0.7920219978922006 	 0.5701551263311047
0.7930219978922006 	 0.5895140916601362
0.7940219978922006 	 0.6056810935952839
0.7950219978922006 	 0.6191443325649527
0.7960219978922006 	 0.6303369284272048
0.7970219978922006 	 0.6396281130908027
0.7980219978922006 	 0.6473260923635429
0.7990219978922006 	 0.6536853887272147
0.8000219978922006 	 0.65891522269574
0.8010219978922006 	 0.6631874257047419
0.8020219978922006 	 0.6666433310109583
0.8030219978922006 	 0.669399533276927
0.8040219978922006 	 0.6715525966142207
0.8050219978922006 	 0.6731828569336162
0.8060219978922006 	 0.6743574743087899
0.8070219978922006 	 0.6751328776087291
0.8080219978922006 	 0.6755567225468124
0.8090219978922006 	 0.6756694625699542
0.8100219978922006 	 0.6755056125067833
0.8110219978922006 	 0.675094768952913
0.8120219978922006 	 0.6744624379094212
0.8130219978922006 	 0.6736307054483663
0.8140219978922006 	 0.6726187842615171
0.8150219978922006 	 0.6714434640581195
0.8160219978922006 	 0.6701194844566966
0.8170219978922006 	 0.6686598419773038
0.8180219978922006 	 0.6670760449920792
0.8190219978922006 	 0.6653783263692746
0.8200219978922006 	 0.6635758215330816
0.8210219978922007 	 0.6616767184771363
0.8220219978922007 	 0.6596883849914239
0.8230219978922007 	 0.6576174746422303
0.8240219978922007 	 0.6554700173413186
0.8250219978922007 	 0.6532514968181778
0.8260219978922007 	 0.6509669168909054
0.8270219978922007 	 0.6486208583348083
0.8280219978922007 	 0.646217527832126
0.8290219978922007 	 0.6437608002302037
0.8300219978922007 	 0.6412542551275148
0.8310219978922007 	 0.6387012086369422
0.8320219978922007 	 0.6361047410360311
0.8330219978922007 	 0.6334677208996539
0.8340219978922007 	 0.6307928262158751
0.8350219978922007 	 0.6280825629076838
0.8360219978922007 	 0.6253392811182191
0.8370219978922007 	 0.6225651895630602
0.8380219978922007 	 0.6197623680756542
0.8390219978922007 	 0.616932776206555
0.8400219978922007 	 0.61407826330928
0.8410219978922007 	 0.6112005807782841
0.8420219978922007 	 0.6083013925127944
0.8430219978922007 	 0.6053822794188111
0.8440219978922007 	 0.6024447449317795
0.8450219978922007 	 0.5994902206683644
0.8460219978922007 	 0.5965200715041913
0.8470219978922007 	 0.5935356001450557
0.8480219978922007 	 0.5905380512504446
0.8490219978922007 	 0.5875286151607942
0.8500219978922007 	 0.5844285933022427
0.8510219978922007 	 0.5813987762842938
0.8520219978922007 	 0.5783601087870508
0.8530219978922007 	 0.5753136045944229
0.8540219978922007 	 0.5722602374261014
0.8550219978922007 	 0.569200943045171
0.8560219978922007 	 0.566136621189472
0.8570219978922007 	 0.5630681373451538
0.8580219978922007 	 0.5599963243786376
0.8590219978922007 	 0.5569219840413977
0.8600219978922007 	 0.5538458883604092
0.8610219978922007 	 0.5507687809255508
0.8620219978922007 	 0.5476913780841925
0.8630219978922007 	 0.5446143700354882
0.8640219978922007 	 0.5415384215407242
0.8650219978922007 	 0.5384641729100316
0.8660219978922007 	 0.5353922412171813
0.8670219978922007 	 0.5323232211604311
0.8680219978922007 	 0.5292576858593518
0.8690219978922007 	 0.5261961876049203
0.8700219978922007 	 0.5231392585669832
0.8710219978922007 	 0.5200874114627088
0.8720219978922007 	 0.5170411401894807
0.8730219978922007 	 0.5140009204251089
0.8740219978922007 	 0.5109672101981034
0.8750219978922007 	 0.5079404504303809
0.8760219978922007 	 0.5049210654546038
0.8770219978922007 	 0.5019094635081293
0.8780219978922007 	 0.4989060372052371
0.8790219978922007 	 0.4959111639893323
0.8800219978922007 	 0.49292520656652916
0.8810219978922007 	 0.4899485133322064
0.8820219978922007 	 0.486981418799392
0.8830219978922007 	 0.48402424395352905
0.8840219978922007 	 0.48107729661404297
0.8850219978922007 	 0.4781408717917019
0.8860219978922007 	 0.47521525203348197
0.8870219978922007 	 0.4723007077555894
0.8880219978922007 	 0.4693974975591947
0.8890219978922007 	 0.4665058684211479
0.8900219978922007 	 0.4636260560038663
0.8910219978922007 	 0.4607582691324568
0.8920219978922007 	 0.45790264673717607
0.8930219978922007 	 0.4550593044828344
0.8940219978922007 	 0.45222834913029175
0.8950219978922007 	 0.44940987884276234
0.8960219978922007 	 0.44660398348195735
0.8970219978922007 	 0.4438107448941892
0.8980219978922007 	 0.4410302371869258
0.8990219978922007 	 0.43826252699589036
0.9000219978922007 	 0.4355076737430609
0.9010219978922007 	 0.4327657298857065
0.9020219978922007 	 0.43003674115677815
0.9030219978922007 	 0.42732074679669174
0.9040219978922007 	 0.42461777977702697
0.9050219978922007 	 0.4219278670157516
0.9060219978922007 	 0.419251029584732
0.9070219978922007 	 0.4165872829092873
0.9080219978922007 	 0.41393663696011423
0.9090219978922007 	 0.4112990964375668
0.9100219978922007 	 0.4086746609485318
0.9110219978922007 	 0.40606332242007115
0.9120219978922007 	 0.40346505779095915
0.9130219978922007 	 0.4008798371919506
0.9140219978922007 	 0.39830762576797274
0.9150219978922007 	 0.3957483838882933
0.9160219978922007 	 0.39320206803018254
0.9170219978922007 	 0.39066863094199644
0.9180219978922007 	 0.38814757158625696
0.9190219978922007 	 0.38563723130508826
0.9200219978922007 	 0.3831384871940876
0.9210219978922007 	 0.3806516109100429
0.9220219978922007 	 0.3781767059850032
0.9230219978922007 	 0.37571381452730407
0.9240219978922007 	 0.373262946132418
0.9250219978922007 	 0.37082408992057264
0.9260219978922007 	 0.3683972206130329
0.9270219978922007 	 0.36598230200518195
0.9280219978922007 	 0.36357928912877713
0.9290219978922007 	 0.36118812968457015
0.9300219978922007 	 0.3588087650368641
0.9310219978922007 	 0.35644116428223604
0.9320219978922007 	 0.35408541487337525
0.9330219978922007 	 0.351741624886085
0.9340219978922008 	 0.3494098937103204
0.9350219978922008 	 0.3470903122291196
0.9360219978922008 	 0.3447829629443857
0.9370219978922008 	 0.342487920059973
0.9380219978922008 	 0.3402052492980763
0.9390219978922008 	 0.33793500337752747
0.9400219978922008 	 0.33567722241276016
0.9410219978922008 	 0.33343193984941644
0.9420219978922008 	 0.33119918677441657
0.9430219978922008 	 0.3289789872518178
0.9440219978922008 	 0.32677135683676894
0.9450219978922008 	 0.32457630244341945
0.9460219978922008 	 0.3223938221873846
0.9470219978922008 	 0.3202239052012585
0.9480219978922008 	 0.3180665314211966
0.9490219978922008 	 0.3159216713436866
0.9500219978922008 	 0.313789285746077
0.9510219978922008 	 0.31166929857943276
0.9520219978922008 	 0.3095615244647025
0.9530219978922008 	 0.3074657474530864
0.9540219978922008 	 0.3053817443734551
0.9550219978922008 	 0.30330928433302207
0.9560219978922008 	 0.30124814132053823
0.9570219978922008 	 0.2991981290068199
0.9580219978922008 	 0.29715906109705453
0.9590219978922008 	 0.2951307351779648
0.9600219978922008 	 0.2931129219718473
0.9610219978922008 	 0.2911053751981336
0.9620219978922008 	 0.2891078337181087
0.9630219978922008 	 0.2871200209047403
0.9640219978922008 	 0.2851416552298929
0.9650219978922008 	 0.28317244753515913
0.9660219978922008 	 0.28121208755779425
0.9670219978922008 	 0.2792602414726432
0.9680219978922008 	 0.2773165496529944
0.9690219978922008 	 0.27538062414068226
0.9700219978922008 	 0.27345204578296306
0.9710219978922008 	 0.2715303524704762
0.9720219978922008 	 0.26961501259671256
0.9730219978922008 	 0.2677054461561526
0.9740219978922008 	 0.26580102753857854
0.9750219978922008 	 0.2639010800550219
0.9760219978922008 	 0.26200486965803615
0.9770219978922008 	 0.2601115977170989
0.9780219978922008 	 0.2582203926827872
0.9790219978922008 	 0.25633030044493244
0.9800219978922008 	 0.25444027314669915
0.9810219978922008 	 0.25254925703742975
0.9820219978922008 	 0.2506564471235648
0.9830219978922008 	 0.24876084357557582
0.9840219978922008 	 0.24685871230889012
0.9850219978922008 	 0.24494862535528408
0.9860219978922008 	 0.2430318352158789
0.9870219978922008 	 0.24110531499421223
0.9880219978922008 	 0.2391497665791457
0.9890219978922008 	 0.2371419288433816
0.9900219978922008 	 0.23508614087002433
0.9910219978922008 	 0.2329773425921525
0.9920219978922008 	 0.2308076252027487
0.9930219978922008 	 0.22856698555141508
0.9940219978922008 	 0.22624329925537995
0.9950219978922008 	 0.22382202326817624
0.9960219978922008 	 0.2212131079606156
0.9970219978922008 	 0.21835279653991074
0.9980219978922008 	 0.21524127593252648
0.9990219978922008 	 0.2118460715286424
1.0000219978922007 	 0.2081223310102777
1.0010219978922006 	 0.20401488476297155
1.0020219978922005 	 0.1994563526314657
1.0030219978922004 	 0.19436406336983664
1.0040219978922003 	 0.18863930256233163
1.0050219978922001 	 0.18216739041321361
1.0060219978922 	 0.17481131269047634
1.0070219978922 	 0.16641709026530246
1.0080219978921998 	 0.15681994368739946
1.0090219978921997 	 0.14585633182522093
1.0100219978921996 	 0.13338809008975885
1.0110219978921995 	 0.11934567037965109
1.0120219978921994 	 0.10378608863320286
1.0130219978921993 	 0.0869762523627952
1.0140219978921992 	 0.06948579063423929
1.015021997892199 	 0.05224550141415331
1.016021997892199 	 0.0365162886440068
1.0170219978921988 	 0.02370669089600961
1.0180219978921987 	 0.015056938082842706
1.0190219978921986 	 0.011278040570515502
1.0200219978921985 	 0.0123495838665701
1.0210219978921984 	 0.017593231392915146
1.0220219978921983 	 0.02590933184615002
1.0230219978921982 	 0.03610470463182141
1.024021997892198 	 0.04712376746337795
1.025021997892198 	 0.0581742651050744
1.0260219978921978 	 0.06873256514113575
1.0270219978921977 	 0.07850045038738536
1.0280219978921976 	 0.08734253043760204
1.0290219978921975 	 0.09522889835692026
1.0300219978921974 	 0.10219348548066404
1.0310219978921973 	 0.10830038644874646
1.0320219978921972 	 0.1136271818891753
1.033021997892197 	 0.1182578022345459
1.034021997892197 	 0.12227347718813028
1.0350219978921968 	 0.12574879658821447
1.0360219978921967 	 0.1287509216566926
1.0370219978921966 	 0.13133969387139416
1.0380219978921965 	 0.13356769837780746
1.0390219978921964 	 0.1354808233842802
1.0400219978921963 	 0.13711896826303083
1.0410219978921962 	 0.13851660365358637
1.042021997892196 	 0.13970285932076243
1.043021997892196 	 0.14070268457365742
1.0440219978921959 	 0.14153759017236436
1.0450219978921957 	 0.14222614446615384
1.0460219978921956 	 0.14278439982633756
1.0470219978921955 	 0.14322639550761523
1.0480219978921954 	 0.14356485785122194
1.0490219978921953 	 0.14381107841834773
1.0500219978921952 	 0.14397501017943426
1.051021997892195 	 0.14406540870910844
1.052021997892195 	 0.1440898722717448
1.0530219978921949 	 0.14405509164952252
1.0540219978921948 	 0.14396700083396913
1.0550219978921946 	 0.1438308751066917
1.0560219978921945 	 0.14365141501168804
1.0570219978921944 	 0.14343281756505608
1.0580219978921943 	 0.14317883590120484
1.0590219978921942 	 0.14289283508768452
1.060021997892194 	 0.1425778390114589
1.061021997892194 	 0.1422365630999243
1.0620219978921939 	 0.14187142823945087
1.0630219978921938 	 0.14148460333950577
1.0640219978921936 	 0.14107807965044367
1.0650219978921935 	 0.14065368036075185
1.0660219978921934 	 0.1402130352905439
1.0670219978921933 	 0.13975752594761587
1.0680219978921932 	 0.1392883783486685
1.069021997892193 	 0.13880670042057763
1.070021997892193 	 0.13831349437363513
1.0710219978921929 	 0.13780971101636522
1.0720219978921928 	 0.1372963773800529
1.0730219978921927 	 0.13677447867347683
1.0740219978921925 	 0.13624492728191626
1.0750219978921924 	 0.13570856926258298
1.0760219978921923 	 0.13516619015387546
1.0770219978921922 	 0.13461852018375486
1.078021997892192 	 0.13406623894037342
1.079021997892192 	 0.13350997957820968
1.0800219978921919 	 0.13295033260390088
1.0810219978921918 	 0.13238778373378915
1.0820219978921917 	 0.13182253943202416
1.0830219978921916 	 0.13125472190727902
1.0840219978921914 	 0.1306844298561595
1.0850219978921913 	 0.1301117409459535
1.0860219978921912 	 0.12953671407633352
1.0870219978921911 	 0.12895953192871293
1.088021997892191 	 0.128380874759805
1.089021997892191 	 0.12780135212946658
1.0900219978921908 	 0.12722139331147703
1.0910219978921907 	 0.1266413572862038
1.0920219978921906 	 0.1260614217573923
1.0930219978921905 	 0.1254817129571876
1.0940219978921903 	 0.12490234547234332
1.0950219978921902 	 0.12432342317411621
1.0960219978921901 	 0.12374504008919818
1.09702199789219 	 0.12316728118871959
1.09802199789219 	 0.12259022311176065
1.0990219978921898 	 0.12201393447121552
1.1000219978921897 	 0.1214384694875237
1.1010219978921896 	 0.1208638962946995
1.1020219978921895 	 0.12029037669084877
1.1030219978921894 	 0.1197180954837761
1.1040219978921892 	 0.1191472357288103
1.1050219978921891 	 0.1185779723107864
1.106021997892189 	 0.11801047201278897
1.107021997892189 	 0.11744483118940069
1.1080219978921888 	 0.11688090699072458
1.1090219978921887 	 0.11631850254945697
1.1100219978921886 	 0.11575742288962135
1.1110219978921885 	 0.1151975561972925
1.1120219978921884 	 0.11463909279398961
1.1130219978921883 	 0.11408228402776513
1.1140219978921881 	 0.11352730754231799
1.115021997892188 	 0.11297427293859884
1.116021997892188 	 0.11242328255542154
1.1170219978921878 	 0.11187443409987519
1.1180219978921877 	 0.11132782083840607
1.1190219978921876 	 0.11078353177010372
1.1200219978921875 	 0.11024165178853358
1.1210219978921874 	 0.10970221647200838
1.1220219978921873 	 0.10916509015996817
1.1230219978921872 	 0.1086301005883997
1.124021997892187 	 0.10809707866049362
1.125021997892187 	 0.10756585835355355
1.1260219978921868 	 0.10703627677272871
1.1270219978921867 	 0.10650817422249273
1.1280219978921866 	 0.10598151797555434
1.1290219978921865 	 0.1054567354926683
1.1300219978921864 	 0.10493434891851779
1.1310219978921863 	 0.10441475977007278
1.1320219978921862 	 0.10389796479886958
1.133021997892186 	 0.10338386878287523
1.134021997892186 	 0.10287237800631505
1.1350219978921858 	 0.10236204019192094
1.1360219978921857 	 0.10185555296148953
1.1370219978921856 	 0.10135139577537164
1.1380219978921855 	 0.1008494827892499
1.1390219978921854 	 0.10034977025319587
1.1400219978921853 	 0.09985225290295935
1.1410219978921852 	 0.09935691285930949
1.142021997892185 	 0.09886368204730453
1.143021997892185 	 0.09837248221868244
1.1440219978921848 	 0.09788325947721804
1.1450219978921847 	 0.09739604562854555
1.1460219978921846 	 0.09691089071525866
1.1470219978921845 	 0.09642784277694963
1.1480219978921844 	 0.09594694790617185
1.1490219978921843 	 0.09546825028890592
1.1500219978921842 	 0.09499179224551245
1.151021997892184 	 0.09451760347578612
1.152021997892184 	 0.09404567207673835
1.1530219978921838 	 0.09357597672350675
1.1540219978921837 	 0.09310849610185268
1.1550219978921836 	 0.09264320728212809
1.1560219978921835 	 0.09218008662230237
1.1570219978921834 	 0.09171911455785621
1.1580219978921833 	 0.0912602702916466
1.1590219978921832 	 0.09080353279892968
1.160021997892183 	 0.0903488810033299
1.161021997892183 	 0.08989628491456458
1.1620219978921829 	 0.08944568173903931
1.1630219978921827 	 0.08899700431548997
1.1640219978921826 	 0.08855022666356781
1.1650219978921825 	 0.08810536656452707
1.1660219978921824 	 0.08766246544181973
1.1670219978921823 	 0.08722156845705206
1.1680219978921822 	 0.08678271899999049
1.169021997892182 	 0.0863459587200227
1.170021997892182 	 0.08591132756699138
1.1710219978921819 	 0.08547884554953969
1.1720219978921818 	 0.08504846368032223
1.1730219978921816 	 0.0846201181749659
1.1740219978921815 	 0.08419374658303519
1.1750219978921814 	 0.0837692877424699
1.1760219978921813 	 0.0833466817622732
1.1770219978921812 	 0.08292587001859958
1.178021997892181 	 0.08250678985866453
1.179021997892181 	 0.08208939004255318
1.1800219978921809 	 0.08167361616883602
1.1810219978921808 	 0.08125944674902479
1.1820219978921807 	 0.08084697499404553
1.1830219978921805 	 0.08043632371996408
1.1840219978921804 	 0.08002761849760105
1.1850219978921803 	 0.07962097469947302
1.1860219978921802 	 0.0792165038369095
1.18702199789218 	 0.07881423380805541
1.18802199789218 	 0.07841390111308737
1.1890219978921799 	 0.07801531927209816
1.1900219978921798 	 0.07761843690911525
1.1910219978921797 	 0.07722321091577876
1.1920219978921796 	 0.076829607018955
1.1930219978921794 	 0.07643759349290924
1.1940219978921793 	 0.07604713917462952
1.1950219978921792 	 0.07565821344445701
1.1960219978921791 	 0.07527078621726153
1.197021997892179 	 0.07488482793603272
1.198021997892179 	 0.07450030957107558
1.1990219978921788 	 0.07411720261133871
1.2000219978921787 	 0.0737354790642369
1.2010219978921786 	 0.07335513634995548
1.2020219978921785 	 0.0729762642293381
1.2030219978921783 	 0.07259897103753069
1.2040219978921782 	 0.07222336151892463
1.2050219978921781 	 0.07184951114040364
1.206021997892178 	 0.07147739705813491
1.207021997892178 	 0.07110697442607654
1.2080219978921778 	 0.07073819927351728
1.2090219978921777 	 0.07037102848917842
1.2100219978921776 	 0.07000541980942462
1.2110219978921775 	 0.06964134040332816
1.2120219978921773 	 0.06927878996763526
1.2130219978921772 	 0.0689177731964672
1.2140219978921771 	 0.06855825098399866
1.215021997892177 	 0.06820014444769172
1.216021997892177 	 0.06784337510911587
1.2170219978921768 	 0.06748786649360121
1.2180219978921767 	 0.06713354409899477
1.2190219978921766 	 0.06678033537355865
1.2200219978921765 	 0.06642816969069436
1.2210219978921764 	 0.06607701740684568
1.2220219978921762 	 0.06572699481329712
1.2230219978921761 	 0.06537824820046138
1.224021997892176 	 0.06503091906962007
1.225021997892176 	 0.06468514419064392
1.2260219978921758 	 0.06434100731725702
1.2270219978921757 	 0.06399840941003623
1.2280219978921756 	 0.06365721225312035
1.2290219978921755 	 0.06331728143472576
1.2300219978921754 	 0.06297848628834976
1.2310219978921753 	 0.06264072625189511
1.2320219978921751 	 0.062304001730066595
1.233021997892175 	 0.061968335725593876
1.234021997892175 	 0.061633750262836365
1.2350219978921748 	 0.06130026638012869
1.2360219978921747 	 0.06096790414509523
1.2370219978921746 	 0.060636682668723955
1.2380219978921745 	 0.0603066172608332
1.2390219978921744 	 0.059977663366744524
1.2400219978921743 	 0.05964972218356451
1.2410219978921742 	 0.05932270911576013
1.242021997892174 	 0.058996592346720896
1.243021997892174 	 0.05867135262055193
1.2440219978921738 	 0.05834697108074978
1.2450219978921737 	 0.05802342924030504
1.2460219978921736 	 0.05770070897797445
1.2470219978921735 	 0.05737881425848784
1.2480219978921734 	 0.05705782939973168
1.2490219978921733 	 0.056737854496640996
1.2500219978921732 	 0.05641898611963936
1.251021997892173 	 0.05610129411740936
1.252021997892173 	 0.05578475934002439
1.2530219978921728 	 0.05546934292987763
1.2540219978921727 	 0.0551550069318905
1.2550219978921726 	 0.054841714249943496
1.2560219978921725 	 0.05452942863594872
1.2570219978921724 	 0.05421811467528618
1.2580219978921723 	 0.053907737779155064
1.2590219978921722 	 0.053598264179334394
1.260021997892172 	 0.05328966091259314
1.261021997892172 	 0.05298184254638068
1.2620219978921718 	 0.05267452842932531
1.2630219978921717 	 0.05236741374678674
1.2640219978921716 	 0.0520604609317339
1.2650219978921715 	 0.05175387446566177
1.2660219978921714 	 0.05144786137266037
1.2670219978921713 	 0.05114259183254031
1.2680219978921712 	 0.05083811944779171
1.269021997892171 	 0.05053447009756078
1.270021997892171 	 0.05023166853221598
1.2710219978921709 	 0.04992972883574898
1.2720219978921707 	 0.04962862888753515
1.2730219978921706 	 0.049328338948838854
1.2740219978921705 	 0.04902883007048825
1.2750219978921704 	 0.04873007405330798
1.2760219978921703 	 0.04843204343747413
1.2770219978921702 	 0.048134711494339254
1.27802199789217 	 0.04783805221892517
1.27902199789217 	 0.047542040329502454
1.2800219978921699 	 0.04724665126013267
1.2810219978921698 	 0.04695185738475358
1.2820219978921696 	 0.04665761795726948
1.2830219978921695 	 0.0463638904346962
1.2840219978921694 	 0.046070633731040304
1.2850219978921693 	 0.04577780817509107
1.2860219978921692 	 0.04548537548876107
1.287021997892169 	 0.04519336451814331
1.288021997892169 	 0.04490203384420409
1.2890219978921689 	 0.04461141716427903
1.2900219978921688 	 0.04432129223828847
1.2910219978921686 	 0.04403148215098929
1.2920219978921685 	 0.04374199206806722
1.2930219978921684 	 0.043452867866749255
1.2940219978921683 	 0.043164153844229634
1.2950219978921682 	 0.042875892723101605
1.296021997892168 	 0.04258812567059333
1.297021997892168 	 0.04230089231453345
1.2980219978921679 	 0.04201423077948908
1.2990219978921678 	 0.041728177691736486
1.3000219978921677 	 0.04144276804957328
1.3010219978921675 	 0.04115800852254802
1.3020219978921674 	 0.040873805069657564
1.3030219978921673 	 0.04059004395516987
1.3040219978921672 	 0.04030661583556089
1.305021997892167 	 0.040023415696821024
1.306021997892167 	 0.039740375687885215
1.3070219978921669 	 0.039457552812652154
1.3080219978921668 	 0.03917503041344746
1.3090219978921667 	 0.03889288883062113
1.3100219978921666 	 0.0386112054346733
1.3110219978921664 	 0.03833002585501679
1.3120219978921663 	 0.03804928716201512
1.3130219978921662 	 0.03776890762520258
1.3140219978921661 	 0.03748887732118804
1.315021997892166 	 0.03720925083025519
1.316021997892166 	 0.03693008321986548
1.3170219978921658 	 0.03665142748413031
1.3180219978921657 	 0.03637333460508
1.3190219978921656 	 0.03609585358511227
1.3200219978921655 	 0.035819031491050535
1.3210219978921653 	 0.035542880195687465
1.3220219978921652 	 0.035267287717602236
1.3230219978921651 	 0.03499211818340161
1.324021997892165 	 0.034717241620125
1.325021997892165 	 0.03444253390575899
1.3260219978921648 	 0.03416787669487609
1.3270219978921647 	 0.03389315734775407
1.3280219978921646 	 0.03361836310305329
1.3290219978921645 	 0.03334383156255894
1.3300219978921644 	 0.03306996705406154
1.3310219978921642 	 0.03279706302820313
1.3320219978921641 	 0.03252506464021915
1.333021997892164 	 0.032253857027933645
1.334021997892164 	 0.03198332663442293
1.3350219978921638 	 0.031713364287408806
1.3360219978921637 	 0.031443865649880325
1.3370219978921636 	 0.031174731270550142
1.3380219978921635 	 0.03090587139521406
1.3390219978921634 	 0.030637298898304598
1.3400219978921633 	 0.030369118165948925
1.3410219978921631 	 0.030101416969620338
1.342021997892163 	 0.029834220330035258
1.343021997892163 	 0.02956753869372351
1.3440219978921628 	 0.029301382488870244
1.3450219978921627 	 0.02903576219257275
1.3460219978921626 	 0.02877068831525832
1.3470219978921625 	 0.028506174353731064
1.3480219978921624 	 0.02824224482933908
1.3490219978921623 	 0.027978926223852722
1.3500219978921622 	 0.02771624429946114
1.351021997892162 	 0.027454225117155
1.352021997892162 	 0.027192897626492848
1.3530219978921618 	 0.026932290462745728
1.3540219978921617 	 0.026672431286595653
1.3550219978921616 	 0.026413346884056103
1.3560219978921615 	 0.02615506315346666
1.3570219978921614 	 0.02589760504049482
1.3580219978921613 	 0.02564099666127518
1.3590219978921612 	 0.025385261355444787
1.360021997892161 	 0.02513042170665523
1.361021997892161 	 0.02487637345034352
1.3620219978921608 	 0.024622551993502866
1.3630219978921607 	 0.024368889215993682
1.3640219978921606 	 0.024116241298467265
1.3650219978921605 	 0.023864605178198623
1.3660219978921604 	 0.0236139255405206
1.3670219978921603 	 0.023364150246313713
1.3680219978921602 	 0.02311523040822378
1.36902199789216 	 0.022867120368658227
1.37002199789216 	 0.022619777636409783
1.3710219978921598 	 0.0223731760274148
1.3720219978921597 	 0.022127340370807005
1.3730219978921596 	 0.021882306104638857
1.3740219978921595 	 0.021638107567896848
1.3750219978921594 	 0.021394778066866543
1.3760219978921593 	 0.021152349849512274
1.3770219978921592 	 0.02091085401150374
1.378021997892159 	 0.02067032063707243
1.379021997892159 	 0.020430778849724548
1.3800219978921588 	 0.02019225682535276
1.3810219978921587 	 0.019954777376158344
1.3820219978921586 	 0.019718346278924617
1.3830219978921585 	 0.019482965725078877
1.3840219978921584 	 0.01924863838728106
1.3850219978921583 	 0.01901536741732875
1.3860219978921582 	 0.018783156452608352
1.387021997892158 	 0.018552009659751772
1.388021997892158 	 0.018321930033365325
1.3890219978921579 	 0.01809288858919883
1.3900219978921577 	 0.017864828595025785
1.3910219978921576 	 0.01763771662590169
1.3920219978921575 	 0.01741159690215732
1.3930219978921574 	 0.01718652895870644
1.3940219978921573 	 0.016962569374214094
1.3950219978921572 	 0.016739771820513588
1.396021997892157 	 0.01651817946654961
1.397021997892157 	 0.016297805001515925
1.3980219978921569 	 0.01607865416257776
1.3990219978921568 	 0.015860732633366337
1.4000219978921566 	 0.015643184808151932
1.4010219978921565 	 0.015427775896767812
1.4020219978921564 	 0.01521361170101289
1.4030219978921563 	 0.015000697934714962
1.4040219978921562 	 0.014789040225907909
1.405021997892156 	 0.014578644119290081
1.406021997892156 	 0.01436951512811421
1.4070219978921559 	 0.014161658849095439
1.4080219978921558 	 0.013955080879862906
1.4090219978921557 	 0.01374978681815131
1.4100219978921555 	 0.013545782296821119
1.4110219978921554 	 0.013343069437095323
1.4120219978921553 	 0.013141637562160155
1.4130219978921552 	 0.012941474886245691
1.414021997892155 	 0.012742581714649311
1.415021997892155 	 0.012544968899940341
1.4160219978921549 	 0.012348647745110276
1.4170219978921548 	 0.012153629649410056
1.4180219978921547 	 0.01195992612560691
1.4190219978921546 	 0.011767548822357334
1.4200219978921544 	 0.011576509544745662
1.4210219978921543 	 0.01138682028245785
1.4220219978921542 	 0.011198493276271263
1.4230219978921541 	 0.011011541026498877
1.424021997892154 	 0.010825976206647416
1.425021997892154 	 0.010641811630798501
1.4260219978921538 	 0.010459060217004495
1.4270219978921537 	 0.010277734919320694
1.4280219978921536 	 0.010097848750001606
1.4290219978921535 	 0.009919414761195905
1.4300219978921533 	 0.009742446009002119
1.4310219978921532 	 0.00956695554961117
1.4320219978921531 	 0.009392956507338672
1.433021997892153 	 0.009220461972242085
1.434021997892153 	 0.009049484878195164
1.4350219978921528 	 0.008880037947237072
1.4360219978921527 	 0.008712133642810557
1.4370219978921526 	 0.008545784105694175
1.4380219978921525 	 0.008381001462456777
1.4390219978921523 	 0.008217796446935332
1.4400219978921522 	 0.008056177451202386
1.4410219978921521 	 0.007896152641098742
1.442021997892152 	 0.007737730046762045
1.443021997892152 	 0.007580917564579518
1.4440219978921518 	 0.007425722884244781
1.4450219978921517 	 0.0072721534675037275
1.4460219978921516 	 0.007120216519926257
1.4470219978921515 	 0.006969918968883153
1.4480219978921514 	 0.006821267460040209
1.4490219978921512 	 0.006674268348820875
1.4500219978921511 	 0.0065289276903563375
1.451021997892151 	 0.006385251539938636
1.452021997892151 	 0.006243246742568301
1.4530219978921508 	 0.006102919966726939
1.4540219978921507 	 0.005964277396362704
1.4550219978921506 	 0.005827324726329121
1.4560219978921505 	 0.005692067163601074
1.4570219978921504 	 0.005558508793854984
1.4580219978921503 	 0.005426650987075967
1.4590219978921501 	 0.0052964944245738775
1.46002199789215 	 0.005168039672950452
1.46102199789215 	 0.0050412871718897466
1.4620219978921498 	 0.004916237222711332
1.4630219978921497 	 0.004792890187424695
1.4640219978921496 	 0.00467125001673129
1.4650219978921495 	 0.0045513235093336945
1.4660219978921494 	 0.0044331166184403085
1.4670219978921493 	 0.004316634334337071
1.4680219978921492 	 0.004201880716951465
1.469021997892149 	 0.004088858926780055
1.470021997892149 	 0.003977571255109752
1.4710219978921488 	 0.003868017882901413
1.4720219978921487 	 0.003760193721313987
1.4730219978921486 	 0.003654092572133827
1.4740219978921485 	 0.0035497082897388396
1.4750219978921484 	 0.0034470347663104715
1.4760219978921483 	 0.0033460659188340445
1.4770219978921482 	 0.0032467956749785325
1.478021997892148 	 0.003149217965178729
1.479021997892148 	 0.0030533267130037492
1.4800219978921478 	 0.0029591158235431586
1.4810219978921477 	 0.002866579173321616
1.4820219978921476 	 0.002775710596692679
1.4830219978921475 	 0.0026865064001893846
1.4840219978921474 	 0.002598971567553686
1.4850219978921473 	 0.0025131114595748783
1.4860219978921472 	 0.0024289295472263123
1.487021997892147 	 0.0023464275047042306
1.488021997892147 	 0.002265604799231944
1.4890219978921468 	 0.0021864490010932943
1.4900219978921467 	 0.0021089383811795023
1.4910219978921466 	 0.0020330454427740573
1.4920219978921465 	 0.0019587294002470033
1.4930219978921464 	 0.0018859819715018587
1.4940219978921463 	 0.0018148025713182465
1.4950219978921462 	 0.00174518960938063
1.496021997892146 	 0.0016771405353869075
1.497021997892146 	 0.0016106518801762234
1.4980219978921459 	 0.001545719310586426
1.4990219978921457 	 0.0014823376775890994
1.5000219978921456 	 0.0014205010614122835
1.5010219978921455 	 0.001360202815578888
1.5020219978921454 	 0.0013014356104435938
1.5030219978921453 	 0.001244191479080971
1.5040219978921452 	 0.0011884618568505142
1.505021997892145 	 0.0011342376220208406
1.506021997892145 	 0.001081508625831601
1.5070219978921449 	 0.0010302625279520563
1.5080219978921447 	 0.000980485312546343
1.5090219978921446 	 0.0009321587445156157
1.5100219978921445 	 0.0008852648675251168
1.5110219978921444 	 0.0008397893806770662
1.5120219978921443 	 0.0007957267436773652
1.5130219978921442 	 0.0007530719938203809
1.514021997892144 	 0.0007118162804608698
1.515021997892144 	 0.0006719478501831157
1.5160219978921439 	 0.000633454819012045
1.5170219978921438 	 0.0005963252787570981
1.5180219978921436 	 0.0005605472999119136
1.5190219978921435 	 0.0005261089336402395
1.5200219978921434 	 0.0004929982134465378
1.5210219978921433 	 0.00046120315275385664
1.5220219978921432 	 0.0004307117449386113
1.523021997892143 	 0.0004015119841870021
1.524021997892143 	 0.000373591854390047
1.5250219978921429 	 0.0003469393295966317
1.5260219978921428 	 0.00032154235792470823
1.5270219978921427 	 0.0002973888930593269
1.5280219978921425 	 0.0002744668976046325
1.5290219978921424 	 0.0002527643306470137
1.5300219978921423 	 0.00023226914519439807
1.5310219978921422 	 0.00021296932096995138
1.532021997892142 	 0.00019485291156752128
1.533021997892142 	 0.00017790795818881273
1.5340219978921419 	 0.0001621224743959074
1.5350219978921418 	 0.0001474844546201643
1.5360219978921417 	 0.000133981882806004
1.5370219978921416 	 0.00012160274080910759
1.5380219978921414 	 0.00011033501500576605
1.5390219978921413 	 0.00010016668017631829
1.5400219978921412 	 9.108572028543972e-05
1.5410219978921411 	 8.3080162283564e-05
1.542021997892141 	 7.613807905809233e-05
1.543021997892141 	 7.02475910447966e-05
1.5440219978921408 	 6.539686722517899e-05
1.5450219978921407 	 6.157412655451199e-05
1.5460219978921406 	 5.8767639529132974e-05
1.5470219978921405 	 5.696574624498335e-05
1.5480219978921403 	 5.6156900777668495e-05
1.5490219978921402 	 5.6329629230640407e-05
1.5500219978921401 	 5.7472451165623146e-05
1.55102199789214 	 5.957372528427888e-05
1.55202199789214 	 6.262204410678772e-05
1.5530219978921398 	 6.660611818418689e-05
1.5540219978921397 	 7.151472275274979e-05
1.5550219978921396 	 7.733670268239177e-05
1.5560219978921395 	 8.406097746131225e-05
1.5570219978921394 	 9.167654632114618e-05
1.5580219978921392 	 0.00010017249248824176
1.5590219978921391 	 0.00010953798741514882
1.560021997892139 	 0.00011976229494971006
1.561021997892139 	 0.00013083477564734212
1.5620219978921388 	 0.00014274489199387418
1.5630219978921387 	 0.00015548220450416493
1.5640219978921386 	 0.00016903619748712655
1.5650219978921385 	 0.00018339621752048083
1.5660219978921384 	 0.00019855158812989569
1.5670219978921383 	 0.00021449160557964449
1.5680219978921381 	 0.00023120491588164582
1.569021997892138 	 0.00024868003600239034
1.570021997892138 	 0.00026690635795669664
1.5710219978921378 	 0.00028587314787901016
1.5720219978921377 	 0.00030557050756663956
1.5730219978921376 	 0.00032598896557884413
1.5740219978921375 	 0.00034711934060228586
1.5750219978921374 	 0.0003689527745938918
1.5760219978921373 	 0.00039148076977462646
1.5770219978921372 	 0.0004146952334065638
1.578021997892137 	 0.0004385885170631781
1.579021997892137 	 0.0004631534647792134
1.5800219978921368 	 0.0004883834698064808
1.5810219978921367 	 0.0005142725396777986
1.5820219978921366 	 0.0005408153701582958
1.5830219978921365 	 0.0005680074188310334
1.5840219978921364 	 0.0005958449767436804
1.5850219978921363 	 0.0006243252305840987
1.5860219978921362 	 0.0006534463044076044
1.587021997892136 	 0.0006832072664317328
1.588021997892136 	 0.0007136056541330102
1.5890219978921358 	 0.0007446063720314782
1.5900219978921357 	 0.0007761920566635886
1.5910219978921356 	 0.0008083590373545332
1.5920219978921355 	 0.0008411032451955362
1.5930219978921354 	 0.0008744199818882374
1.5940219978921353 	 0.0009083037066626579
1.5950219978921352 	 0.0009427479528551083
1.596021997892135 	 0.0009777454552264441
1.597021997892135 	 0.0010132884868702847
1.5980219978921348 	 0.001049369315225478
1.5990219978921347 	 0.0010859807111878394
1.6000219978921346 	 0.001123116415483512
1.6010219978921345 	 0.0011607703204053299
1.6020219978921344 	 0.001198933179403246
1.6030219978921343 	 0.0012375955468595648
1.6040219978921342 	 0.0012767486997096297
1.605021997892134 	 0.0013163845250218583
1.606021997892134 	 0.0013564953779903438
1.6070219978921338 	 0.001397073941218911
1.6080219978921337 	 0.0014381130813260357
1.6090219978921336 	 0.0014796057315705276
1.6100219978921335 	 0.001521544799333327
1.6110219978921334 	 0.0015639242976977314
1.6120219978921333 	 0.0016067428252355513
1.6130219978921332 	 0.0016500003739379147
1.614021997892133 	 0.0016936953260500741
1.615021997892133 	 0.0017378243194694225
1.6160219978921329 	 0.00178238400019377
1.6170219978921327 	 0.001827371092260536
1.6180219978921326 	 0.0018727824041104288
1.6190219978921325 	 0.0019186148324450457
1.6200219978921324 	 0.0019648653679385903
1.6210219978921323 	 0.00201153109806125
1.6220219978921322 	 0.002058609190925554
1.623021997892132 	 0.0021060968789192425
1.624021997892132 	 0.0021539914988331654
1.6250219978921319 	 0.002202290509680393
1.6260219978921318 	 0.0022509914927261667
1.6270219978921316 	 0.002300092137961034
1.6280219978921315 	 0.0023495902726362395
1.6290219978921314 	 0.0023994838767988766
1.6300219978921313 	 0.002449771093085998
1.6310219978921312 	 0.0025004478422602197
1.632021997892131 	 0.0025515008924378853
1.633021997892131 	 0.002602914095136372
1.6340219978921309 	 0.002654674260956378
1.6350219978921308 	 0.002706782192177852
1.6360219978921307 	 0.0027592426319241596
1.6370219978921305 	 0.0028120610125117363
1.6380219978921304 	 0.0028652433426710616
1.6390219978921303 	 0.0029187927126207882
1.6400219978921302 	 0.002972709206313162
1.64102199789213 	 0.0030269930633205176
1.64202199789213 	 0.0030816447510371124
1.6430219978921299 	 0.0031366649849362354
1.6440219978921298 	 0.0031920547979594135
1.6450219978921297 	 0.0032478155642859333
1.6460219978921296 	 0.003303948987312969
1.6470219978921294 	 0.0033604570422725555
1.6480219978921293 	 0.003417342043545329
1.6490219978921292 	 0.003474606668104935
1.650021997892129 	 0.0035322539576230975
1.651021997892129 	 0.003590286221706592
1.652021997892129 	 0.0036487018788262555
1.6530219978921288 	 0.0037074983486133973
1.6540219978921287 	 0.003766673002674259
1.6550219978921286 	 0.00382622316004277
1.6560219978921285 	 0.003886146042446815
1.6570219978921283 	 0.003946438680834965
1.6580219978921282 	 0.004007097958351045
1.6590219978921281 	 0.004068120602264119
1.660021997892128 	 0.004129503155247091
1.661021997892128 	 0.004191247554063235
1.6620219978921278 	 0.00425337708984461
1.6630219978921277 	 0.004315920560735469
1.6640219978921276 	 0.0043788926061895505
1.6650219978921275 	 0.004442293519512825
1.6660219978921273 	 0.004506122716593827
1.6670219978921272 	 0.004570379198986152
1.6680219978921271 	 0.004635061567039196
1.669021997892127 	 0.00470016799664072
1.670021997892127 	 0.004765696199440041
1.6710219978921268 	 0.004831644270036761
1.6720219978921267 	 0.004898013174611576
1.6730219978921266 	 0.004964804338559545
1.6740219978921265 	 0.005032018849956218
1.6750219978921264 	 0.005099657429150119
1.6760219978921262 	 0.005167720395030887
1.6770219978921261 	 0.0052362076168286295
1.678021997892126 	 0.005305118520091406
1.679021997892126 	 0.005374452078782505
1.6800219978921258 	 0.005444206801006368
1.6810219978921257 	 0.00551438071706925
1.6820219978921256 	 0.005584971373645321
1.6830219978921255 	 0.005655975875435419
1.6840219978921254 	 0.0057273908531302025
1.6850219978921253 	 0.005799212454228424
1.6860219978921251 	 0.005871436348902594
1.687021997892125 	 0.005944057741451006
1.688021997892125 	 0.00601707162828837
1.6890219978921248 	 0.0060904779040975455
1.6900219978921247 	 0.006164281391785671
1.6910219978921246 	 0.006238485124070856
1.6920219978921245 	 0.0063130842935683
1.6930219978921244 	 0.0063880719755574165
1.6940219978921243 	 0.006463440875011817
1.6950219978921242 	 0.006539183328571029
1.696021997892124 	 0.006615291334034228
1.697021997892124 	 0.006691756600299894
1.6980219978921238 	 0.006768570537169112
1.6990219978921237 	 0.00684572426553281
1.7000219978921236 	 0.006923208636790043
1.7010219978921235 	 0.006993606001339377
1.7020219978921234 	 0.007063555105911301
1.7030219978921233 	 0.00713358855771599
1.7040219978921232 	 0.007203700427425742
1.705021997892123 	 0.0072738846805782955
1.706021997892123 	 0.00734413517536306
1.7070219978921228 	 0.0074144456604359815
1.7080219978921227 	 0.007484809772766833
1.7090219978921226 	 0.007555221035520014
1.7100219978921225 	 0.007625672855972719
1.7110219978921224 	 0.007696158523471722
1.7120219978921223 	 0.00776667120743299
1.7130219978921222 	 0.007837203955385211
1.714021997892122 	 0.007907749691061809
1.715021997892122 	 0.007978301212543148
1.7160219978921218 	 0.008048851190452486
1.7170219978921217 	 0.0081193921662087
1.7180219978921216 	 0.00818991655033867
1.7190219978921215 	 0.008260416620853533
1.7200219978921214 	 0.008330884521690647
1.7210219978921213 	 0.008401312261226247
1.7220219978921212 	 0.008471691710860634
1.723021997892121 	 0.008542014603681614
1.724021997892121 	 0.008612272533207182
1.7250219978921209 	 0.008682456952213681
1.7260219978921207 	 0.008752559171651011
1.7270219978921206 	 0.008822570359651033
1.7280219978921205 	 0.008892481540629951
1.7290219978921204 	 0.008962283594492373
1.7300219978921203 	 0.009031967255937478
1.7310219978921202 	 0.009101523113874025
1.73202199789212 	 0.009170941610946181
1.73302199789212 	 0.009240213043176437
1.7340219978921199 	 0.009309327559727068
1.7350219978921197 	 0.00937827516278743
1.7360219978921196 	 0.009447045707588551
1.7370219978921195 	 0.009515628902550255
1.7380219978921194 	 0.009584014309566484
1.7390219978921193 	 0.009652191344429734
1.7400219978921192 	 0.009720149277401913
1.741021997892119 	 0.009787877233934506
1.742021997892119 	 0.009855364195541973
1.7430219978921189 	 0.009922599000832734
1.7440219978921188 	 0.009989570346702715
1.7450219978921186 	 0.010056266789693449
1.7460219978921185 	 0.010122676747521037
1.7470219978921184 	 0.010188788500778288
1.7480219978921183 	 0.010254590194814265
1.7490219978921182 	 0.010320069841795594
1.750021997892118 	 0.010385215322951833
1.751021997892118 	 0.010450014391009474
1.7520219978921179 	 0.010514454672818247
1.7530219978921178 	 0.010578523672171478
1.7540219978921177 	 0.010642208772825235
1.7550219978921175 	 0.010705497241717552
1.7560219978921174 	 0.010768376232392799
1.7570219978921173 	 0.01083083278863064
1.7580219978921172 	 0.010892853848285115
1.759021997892117 	 0.010954426247333475
1.760021997892117 	 0.011015536724138084
1.7610219978921169 	 0.011076171923922885
1.7620219978921168 	 0.01113631840346495
1.7630219978921167 	 0.011195962636003767
1.7640219978921166 	 0.011255091016367454
1.7650219978921164 	 0.011313689866317922
1.7660219978921163 	 0.011371745440114187
1.7670219978921162 	 0.011429243930293846
1.7680219978921161 	 0.01148617147367352
1.769021997892116 	 0.011542514157565626
1.770021997892116 	 0.01159825802621184
1.7710219978921158 	 0.011653389087430494
1.7720219978921157 	 0.011707893319477901
1.7730219978921156 	 0.011761756678118752
1.7740219978921155 	 0.011814965103905478
1.7750219978921153 	 0.011867504529661142
1.7760219978921152 	 0.01191936088816437
1.7770219978921151 	 0.011970520120031075
1.778021997892115 	 0.012020968181788515
1.779021997892115 	 0.012070691054137904
1.7800219978921148 	 0.01211967475039914
1.7810219978921147 	 0.012167905325132336
1.7820219978921146 	 0.012215368882930028
1.7830219978921145 	 0.012262051587373155
1.7840219978921144 	 0.012307939670144067
1.7850219978921142 	 0.01235301944028732
1.7860219978921141 	 0.012397277293613439
1.787021997892114 	 0.012440699722233101
1.788021997892114 	 0.01248327332421566
1.7890219978921138 	 0.012524984813361553
1.7900219978921137 	 0.012565821029078368
1.7910219978921136 	 0.012605768946350057
1.7920219978921135 	 0.012644815685790116
1.7930219978921134 	 0.012682948523764469
1.7940219978921133 	 0.012720154902575864
1.7950219978921131 	 0.01275642244069536
1.796021997892113 	 0.012791738943029082
1.797021997892113 	 0.01282609241120746
1.7980219978921128 	 0.012859471053884998
1.7990219978921127 	 0.012891863297034933
1.8000219978921126 	 0.012923257794226052
1.8010219978921125 	 0.012953643436868908
1.8020219978921124 	 0.012983009364415078
1.8030219978921123 	 0.013011344974495813
1.8040219978921122 	 0.013038639932985518
1.805021997892112 	 0.013064884183975318
1.806021997892112 	 0.013090067959640449
1.8070219978921118 	 0.013114181789988114
1.8080219978921117 	 0.013137216512468984
1.8090219978921116 	 0.013159163281437777
1.8100219978921115 	 0.013180013577447717
1.8110219978921114 	 0.013199759216362843
1.8120219978921113 	 0.013218392358274152
1.8130219978921112 	 0.013235905516202733
1.814021997892111 	 0.013252291564576628
1.815021997892111 	 0.013267543747465414
1.8160219978921108 	 0.013281655686557915
1.8170219978921107 	 0.013294621388869417
1.8180219978921106 	 0.01330643525416322
1.8190219978921105 	 0.013317092082073203
1.8200219978921104 	 0.01332658707891499
1.8210219978921103 	 0.013334915864169567
1.8220219978921102 	 0.013342074476630517
1.82302199789211 	 0.013348059380199772
1.82402199789211 	 0.013352867469321923
1.8250219978921098 	 0.013356496074045023
1.8260219978921097 	 0.013358942964697348
1.8270219978921096 	 0.013360206356170481
1.8280219978921095 	 0.013360284911799185
1.8290219978921094 	 0.013359177746829659
1.8300219978921093 	 0.013356884431467098
1.8310219978921092 	 0.013353404993496293
1.832021997892109 	 0.013348739920468904
1.833021997892109 	 0.013342890161450027
1.8340219978921088 	 0.013335857128320569
1.8350219978921087 	 0.01332764269663063
1.8360219978921086 	 0.013318249205999791
1.8370219978921085 	 0.013307679460063717
1.8380219978921084 	 0.013295936725960708
1.8390219978921083 	 0.013283024733364594
1.8400219978921082 	 0.013268947673056012
1.841021997892108 	 0.013253710195038293
1.842021997892108 	 0.01323731740619686
1.8430219978921079 	 0.013219774867504903
1.8440219978921077 	 0.013201088590781033
1.8450219978921076 	 0.013181265034998698
1.8460219978921075 	 0.013160311102155342
1.8470219978921074 	 0.013138234132707706
1.8480219978921073 	 0.013115041900576342
1.8490219978921072 	 0.01309074260773091
1.850021997892107 	 0.013065344878360412
1.851021997892107 	 0.013038857752641434
1.8520219978921069 	 0.013011290680109146
1.8530219978921068 	 0.012982653512645877
1.8540219978921066 	 0.012952956497095833
1.8550219978921065 	 0.012922210267517983
1.8560219978921064 	 0.012890425837087579
1.8570219978921063 	 0.012857614589665436
1.8580219978921062 	 0.012823788271038826
1.859021997892106 	 0.012788958979856154
1.860021997892106 	 0.012753139158264119
1.8610219978921059 	 0.012716341582267138
1.8620219978921058 	 0.012678579351818951
1.8630219978921057 	 0.01263986588066624
1.8640219978921055 	 0.012600214885956905
1.8650219978921054 	 0.012559640377632169
1.8660219978921053 	 0.01251815664761561
1.8670219978921052 	 0.012475778258819627
1.868021997892105 	 0.012432520033981358
1.869021997892105 	 0.012388397044347696
1.8700219978921049 	 0.012343424598228748
1.8710219978921048 	 0.012297618229429343
1.8720219978921047 	 0.012250993685583604
1.8730219978921046 	 0.012203566916403815
1.8740219978921044 	 0.012155354061864066
1.8750219978921043 	 0.01210637144033098
1.8760219978921042 	 0.0120566355366644
1.877021997892104 	 0.012006162990297343
1.878021997892104 	 0.011954970583316904
1.879021997892104 	 0.011903075228557996
1.8800219978921038 	 0.011850493957728634
1.8810219978921037 	 0.01179724390957938
1.8820219978921036 	 0.011743342318133738
1.8830219978921034 	 0.011688806500991942
1.8840219978921033 	 0.011633653847724976
1.8850219978921032 	 0.011577901808369801
1.8860219978921031 	 0.01152156788204008
1.887021997892103 	 0.011464669605666332
1.888021997892103 	 0.011407224542874966
1.8890219978921028 	 0.011349250273020505
1.8900219978921027 	 0.011290764380382
1.8910219978921026 	 0.01123178444353176
1.8920219978921025 	 0.011172328024889863
1.8930219978921023 	 0.01111241266047286
1.8940219978921022 	 0.011052055849844212
1.8950219978921021 	 0.010991275046277211
1.896021997892102 	 0.010930087647137328
1.897021997892102 	 0.010868510984491287
1.8980219978921018 	 0.010806562315949291
1.8990219978921017 	 0.010744258815748087
1.9000219978921016 	 0.0106816175660787
1.9010219978921015 	 0.010618655548664943
1.9020219978921014 	 0.01055538963659766
1.9030219978921012 	 0.010491836586427692
1.9040219978921011 	 0.010428013030521198
1.905021997892101 	 0.010363935469681349
1.906021997892101 	 0.010299620266037552
1.9070219978921008 	 0.010235083636204068
1.9080219978921007 	 0.010170341644710871
1.9090219978921006 	 0.010105410197706048
1.9100219978921005 	 0.01004030503693086
1.9110219978921004 	 0.009975041733967353
1.9120219978921003 	 0.00990963568475859
1.9130219978921001 	 0.009844102104399349
1.9140219978921 	 0.00977845602219741
1.9150219978921 	 0.009712712277002409
1.9160219978920998 	 0.009646885512801804
1.9170219978920997 	 0.009580990174579395
1.9180219978920996 	 0.009515040504435714
1.9190219978920995 	 0.009449050537966174
1.9200219978920994 	 0.009383034100892633
1.9210219978920993 	 0.009317004805947287
1.9220219978920992 	 0.009250976050002203
1.923021997892099 	 0.009184961011441376
1.924021997892099 	 0.009118972647771992
1.9250219978920988 	 0.009053023693467539
1.9260219978920987 	 0.008987126658040743
1.9270219978920986 	 0.008921293824339078
1.9280219978920985 	 0.008855537247059385
1.9290219978920984 	 0.008789868751474502
1.9300219978920983 	 0.008724299932367638
1.9310219978920982 	 0.008658842153168641
1.932021997892098 	 0.00859350654528604
1.933021997892098 	 0.00852830400762896
1.9340219978920978 	 0.008463245206313693
1.9350219978920977 	 0.008398340574548984
1.9360219978920976 	 0.008333600312692228
1.9370219978920975 	 0.00826903438847357
1.9380219978920974 	 0.00820465253737878
1.9390219978920973 	 0.008140464263187428
1.9400219978920972 	 0.008076478838658283
1.941021997892097 	 0.008012705306357152
1.942021997892097 	 0.007949152479620946
1.9430219978920968 	 0.00788582894365087
1.9440219978920967 	 0.007822743056730619
1.9450219978920966 	 0.007759902951562452
1.9460219978920965 	 0.007697316536715119
1.9470219978920964 	 0.007634991498179221
1.9480219978920963 	 0.007572935301022767
1.9490219978920962 	 0.007511155191142113
1.950021997892096 	 0.007449658197103266
1.951021997892096 	 0.0073884511320666075
1.9520219978920959 	 0.007327540595791557
1.9530219978920957 	 0.007266932976714362
1.9540219978920956 	 0.007206634454095113
1.9550219978920955 	 0.0071466510002282215
1.9560219978920954 	 0.007086988382711845
1.9570219978920953 	 0.007027652166771736
1.9580219978920952 	 0.006968647717634332
1.959021997892095 	 0.006909980202944653
1.960021997892095 	 0.006851654595225741
1.9610219978920949 	 0.006793675674373351
1.9620219978920947 	 0.006736048030184528
1.9630219978920946 	 0.006678776064912905
1.9640219978920945 	 0.006621863995850366
1.9650219978920944 	 0.006565315857927816
1.9660219978920943 	 0.006509135506335118
1.9670219978920942 	 0.006453326619153738
1.968021997892094 	 0.0063978927000003325
1.969021997892094 	 0.006342837080678534
1.9700219978920939 	 0.0062881629238348245
1.9710219978920938 	 0.006233873225615897
1.9720219978920936 	 0.0061799708183258315
1.9730219978920935 	 0.006126458373079073
1.9740219978920934 	 0.006073338402447611
1.9750219978920933 	 0.0060206132630998945
1.9760219978920932 	 0.005968285158429129
1.977021997892093 	 0.005916356141169263
1.978021997892093 	 0.005864828115996398
1.9790219978920929 	 0.005813702842114019
1.9800219978920928 	 0.005762981935819856
1.9810219978920927 	 0.005712666873054331
1.9820219978920925 	 0.005662758991927081
1.9830219978920924 	 0.005613259495221791
1.9840219978920923 	 0.005564169452878085
1.9850219978920922 	 0.005515489804448168
1.986021997892092 	 0.005467221361528848
1.987021997892092 	 0.005419364810167092
1.9880219978920919 	 0.005371920713238921
1.9890219978920918 	 0.00532488951280043
1.9900219978920917 	 0.005278271532411143
1.9910219978920916 	 0.005232066979428924
1.9920219978920914 	 0.005186275947276353
1.9930219978920913 	 0.005140898417677578
1.9940219978920912 	 0.005095934262866804
1.9950219978920911 	 0.005051383247768093
1.996021997892091 	 0.005007245032144516
1.997021997892091 	 0.004963519172721362
1.9980219978920908 	 0.0049202051252780505
1.9990219978920907 	 0.004877302246713596
