0.001	3.268471284202146e-6
0.0026323619534266785	3.2684675324694702e-6
0.005039625685572009	3.2684558468230275e-6
0.008221791196435993	3.2684291462173105e-6
0.012178858486018632	3.2683780722005588e-6
0.01691082755431992	3.268290992363633e-6
0.02241769840133986	3.2681540068075452e-6
0.028699471027078465	3.2679509590437636e-6
0.03575614543153571	3.2676634530104947e-6
0.04358772161471161	3.267270878149509e-6
0.052194199576606176	3.2667504447371258e-6
0.06157557931721938	3.266077231894338e-6
0.07173186083655124	3.265171422679208e-6
0.08266304413460175	3.2639245456454385e-6
0.0943691292113709	3.2623132031642158e-6
0.10685011606685872	3.2603658249888867e-6
0.1201060047010652	3.258040690971552e-6
0.13413679511399032	3.255294565310363e-6
0.14894248730563409	3.252083023747583e-6
0.1645230812759965	3.248360832472562e-6
0.18087857702507762	3.2440823811043523e-6
0.1980089745528773	3.2392021711454565e-6
0.21591427385939574	3.2336753601086163e-6
0.23459447494463279	3.227458360136334e-6
0.2540495778085885	3.2205094883870437e-6
0.2742795824512628	3.2127896647980513e-6
0.29528448887265585	3.204263151117589e-6
0.31706429707276745	3.194898323409459e-6
0.3396190070515978	3.1843669217342125e-6
0.3629486188091467	3.1724097702489057e-6
0.3870531323454144	3.1595061533023e-6
0.41193254766040055	3.1435607398691264e-6
0.4375868647541055	3.126366521469245e-6
0.4640160836265292	3.108207981221768e-6
0.4912202042776713	3.0891412793449234e-6
0.519199226707532	3.069238036097493e-6
0.5479531509161116	3.0485860601561363e-6
0.57748197690341	3.0269022887128024e-6
0.6077857046694267	3.0026710093843258e-6
0.6388643342141622	2.9784917728506876e-6
0.6707178655376165	2.9546275292997504e-6
0.7033462986397891	2.931377093438778e-6
0.7367496335206805	2.909081683463195e-6
0.7709278701802906	2.8881343545393294e-6
0.8058810086186196	2.868993667473248e-6
0.8416090488356668	2.850748580150414e-6
0.878111990831433	2.833514084201759e-6
0.9153898346059175	2.8164219860201545e-6
0.953442580159121	2.8012823345324032e-6
0.9922702274910429	2.7888585270642183e-6
1.031872776601684	2.7798400352843207e-6
1.072250227491043	2.772898752363283e-6
1.1134025801591214	2.764342826645147e-6
1.155329834605918	2.757579212900519e-6
1.198031990831433	2.7526370817681406e-6
1.2415090488356673	2.749468013024526e-6
1.2857610086186197	2.7503734190986906e-6
1.3307878701802909	2.7490435798555944e-6
1.3765896335206806	2.748855548827242e-6
1.423166298639789	2.7497403371585394e-6
1.4705178655376165	2.7513053048887104e-6
1.5186443342141625	2.7556877052565963e-6
1.5675457046694268	2.762421954743948e-6
1.6172219769034102	2.767634384509282e-6
1.667673150916112	2.7742950310468356e-6
1.7188992267075323	2.780996535293658e-6
1.7709002042776718	2.7868797971006375e-6
1.8236760836265293	2.795830408249345e-6
1.8772268647541057	2.808007930800542e-6
1.9315525476604005	2.8183122063608977e-6
1.9866531323454142	2.828447619238416e-6
2.042528618809147	2.838807993437216e-6
2.099179007051598	2.8516702906701434e-6
2.1566042970727675	2.8615047531839783e-6
2.214804488872656	2.8731294261533213e-6
2.273779582451263	2.887268079679107e-6
2.3335295778085885	2.898661281168706e-6
2.394054474944633	2.9113129701584094e-6
2.455354273859396	2.9257502464206913e-6
2.5174289745528773	2.9464188103956645e-6
2.5802785770250782	2.975226569485194e-6
2.643903081275997	3.0145793624641908e-6
2.7083024873056343	3.0680425559577355e-6
2.7734767951139903	3.141203677850779e-6
2.839426004701065	3.209103136843949e-6
2.906150116066859	3.2608844516454963e-6
2.973649129211371	3.325484553436068e-6
3.0419230441346015	3.402670055459377e-6
3.1109718608365515	3.498144447132991e-6
3.1807955793172193	3.6254082513575055e-6
3.2513941995766062	3.785581348316577e-6
3.3227677216147122	4.013250150687746e-6
3.394916145431536	4.337327261660674e-6
3.4678394710270783	4.795682137815781e-6
3.54153769840134	5.365534305924871e-6
3.6160108275543195	5.947947428055487e-6
3.6912588584860186	6.567295884858966e-6
3.767281791196436	7.31197486385597e-6
3.8440796256855716	9.252830982157089e-6
