1.000000000e-03	3.047594500e-06
1.055368952e-03	3.047594500e-06
1.113803625e-03	3.047594500e-06
1.175473765e-03	3.047594500e-06
1.240558515e-03	3.047594500e-06
1.309246940e-03	3.047594500e-06
1.381738572e-03	3.047594500e-06
1.458243988e-03	3.047594500e-06
1.538985430e-03	3.047594500e-06
1.624197441e-03	3.047594500e-06
1.714127551e-03	3.047594500e-06
1.809036997e-03	3.047594500e-06
1.909201480e-03	3.047594500e-06
2.014911966e-03	3.047594500e-06
2.126475530e-03	3.047594500e-06
2.244216252e-03	3.047594500e-06
2.368476154e-03	3.047594500e-06
2.499616197e-03	3.047594500e-06
2.638017326e-03	3.047594500e-06
2.784081581e-03	3.047594500e-06
2.938233261e-03	3.047594500e-06
3.100920158e-03	3.047594500e-06
3.272614857e-03	3.047594500e-06
3.453816113e-03	3.047594500e-06
3.645050292e-03	3.047594500e-06
3.846872907e-03	3.047594500e-06
4.059870229e-03	3.047594500e-06
4.284660989e-03	3.047594500e-06
4.521898178e-03	3.047594500e-06
4.772270942e-03	3.047594500e-06
5.036506584e-03	3.047594500e-06
5.315372676e-03	3.047594500e-06
5.609679291e-03	3.047594500e-06
5.920281355e-03	3.047594500e-06
6.248081130e-03	3.047594500e-06
6.594030835e-03	3.047594500e-06
6.959135413e-03	3.047594500e-06
7.344455448e-03	3.047594500e-06
7.751110250e-03	3.047594500e-06
8.180281103e-03	3.047594500e-06
8.633214696e-03	3.047594500e-06
9.111226747e-03	3.047594500e-06
9.615705824e-03	3.047594500e-06
1.014811738e-02	3.047594500e-06
1.071000801e-02	3.047594500e-06
1.130300993e-02	3.047594500e-06
1.192884574e-02	3.047594500e-06
1.258933343e-02	3.047594500e-06
1.328639163e-02	3.047594500e-06
1.402204521e-02	3.047594500e-06
1.479843116e-02	3.047594500e-06
1.561780479e-02	3.047594500e-06
1.648254628e-02	3.047594500e-06
1.739516759e-02	3.047594500e-06
1.835831979e-02	3.047594500e-06
1.937480072e-02	3.047594500e-06
2.044756314e-02	3.047594500e-06
2.157972328e-02	3.047594500e-06
2.277456995e-02	3.047594500e-06
2.403557402e-02	3.047594500e-06
2.536639857e-02	3.047594500e-06
2.677090948e-02	3.047594500e-06
2.825318668e-02	3.047594500e-06
2.981753602e-02	3.047594500e-06
3.146850175e-02	3.047594500e-06
3.321087971e-02	3.047594500e-06
3.504973132e-02	3.047594500e-06
3.699039822e-02	3.047594500e-06
3.903851781e-02	3.047594500e-06
4.120003963e-02	3.047594500e-06
4.348124265e-02	3.047594500e-06
4.588875350e-02	3.047594500e-06
4.842956569e-02	3.047594500e-06
5.111106000e-02	3.047594500e-06
5.394102583e-02	3.047594500e-06
5.692768391e-02	3.047594500e-06
6.007971011e-02	3.047594500e-06
6.340626071e-02	3.047594500e-06
6.691699892e-02	3.047594500e-06
7.062212303e-02	3.047594500e-06
7.453239598e-02	3.047594500e-06
7.865917664e-02	3.047594500e-06
8.301445283e-02	3.047594500e-06
8.761087610e-02	3.047594500e-06
9.246179850e-02	3.047594500e-06
9.758131140e-02	3.047594500e-06
1.029842864e-01	3.047594500e-06
1.086864184e-01	3.047594500e-06
1.147042715e-01	3.047594500e-06
1.210553268e-01	3.047594500e-06
1.277580334e-01	3.047594500e-06
1.348318618e-01	3.047594500e-06
1.422973607e-01	3.047594500e-06
1.501762165e-01	3.047594500e-06
1.584913162e-01	3.047594500e-06
1.672668143e-01	3.047594500e-06
1.765282026e-01	3.047594500e-06
1.863023842e-01	3.047594500e-06
1.966177519e-01	3.047594500e-06
2.075042708e-01	3.047594500e-06
2.189935649e-01	3.047594500e-06
2.311190091e-01	3.047594500e-06
2.439158264e-01	3.047594500e-06
2.574211902e-01	3.047594500e-06
2.716743317e-01	3.047594500e-06
2.867166548e-01	3.047594500e-06
3.025918555e-01	3.047594500e-06
3.193460495e-01	3.047594500e-06
3.370279056e-01	3.047594500e-06
3.556887876e-01	3.047594500e-06
3.753829030e-01	3.047594500e-06
3.961674610e-01	3.047594500e-06
4.181028382e-01	3.047594500e-06
4.412527543e-01	3.047594500e-06
4.656844569e-01	3.047594500e-06
4.914689173e-01	3.047594500e-06
5.186810362e-01	3.047594500e-06
5.473998617e-01	3.047594500e-06
5.777088185e-01	3.047594500e-06
6.096959504e-01	3.047594500e-06
6.434541763e-01	3.047594500e-06
6.790815597e-01	3.047594500e-06
7.166815941e-01	3.047594500e-06
7.563635030e-01	3.047594500e-06
7.982425576e-01	3.047594500e-06
8.424404116e-01	3.047594500e-06
8.890854544e-01	3.047594500e-06
9.383131843e-01	3.047594500e-06
9.902666021e-01	3.047594500e-06
1.045096626e+00	3.047594500e-06
1.102962531e+00	3.047594500e-06
1.164032411e+00	3.047594500e-06
1.228483666e+00	3.047594500e-06
1.296503519e+00	3.047594500e-06
1.368289560e+00	3.047594500e-06
1.444050319e+00	3.047594500e-06
1.524005873e+00	3.047594500e-06
1.608388481e+00	3.047594500e-06
1.697443266e+00	3.047594500e-06
1.791428920e+00	3.047594500e-06
1.890618463e+00	3.047594500e-06
1.995300026e+00	3.047594500e-06
2.105777697e+00	3.047594500e-06
2.222372402e+00	3.047594500e-06
2.345422833e+00	3.047594500e-06
2.475286438e+00	3.047594500e-06
2.612340454e+00	3.047594500e-06
2.756983007e+00	3.047594500e-06
2.909634268e+00	3.047594500e-06
3.070737668e+00	3.047594500e-06
3.240761195e+00	3.047594500e-06
3.420198746e+00	3.047594500e-06
3.609571567e+00	3.047594500e-06
3.809429763e+00	3.047594500e-06
4.020353897e+00	3.047594500e-06
4.242956679e+00	3.047594500e-06
4.477884744e+00	3.047594500e-06
4.725820530e+00	3.047594500e-06
4.987484261e+00	3.047594500e-06
5.263636039e+00	3.047594500e-06
5.555078050e+00	3.047594500e-06
5.862656901e+00	3.047594500e-06
6.187266070e+00	3.047594500e-06
6.529848509e+00	3.047594500e-06
6.891399379e+00	3.047293941e-06
7.272968941e+00	3.044173110e-06
7.675665610e+00	3.038016039e-06
8.100659172e+00	3.029264369e-06
8.549184182e+00	3.018362286e-06
9.022543552e+00	3.005753127e-06
9.522112334e+00	2.991876616e-06
1.004934172e+01	2.977166744e-06
1.060576324e+01	2.962050267e-06
1.119299323e+01	2.946945828e-06
1.181273754e+01	2.932263682e-06
1.246679644e+01	2.918071660e-06
1.315706989e+01	2.902956575e-06
1.388556307e+01	2.886705562e-06
1.465439214e+01	2.869317038e-06
1.546579048e+01	2.850791268e-06
1.632211509e+01	2.831130396e-06
1.722585350e+01	2.810338486e-06
1.817963096e+01	2.786366901e-06
1.918621808e+01	2.758624719e-06
2.024853887e+01	2.730192874e-06
2.136967925e+01	2.704043699e-06
2.255289600e+01	2.680522539e-06
2.380162621e+01	2.655089297e-06
2.511949732e+01	2.630312324e-06
2.651033756e+01	2.609155941e-06
2.797818717e+01	2.594497706e-06
2.952731008e+01	2.589180915e-06
3.116220630e+01	2.589180915e-06
3.288762501e+01	2.589180915e-06
3.470857834e+01	2.589180915e-06
3.663035595e+01	2.609535366e-06
3.865854038e+01	2.682467642e-06
4.079902325e+01	2.801105166e-06
4.305802242e+01	3.047119013e-06
4.544210000e+01	3.374479487e-05
