0.001	6.107770341347848e-6
0.0011587773561551262	6.124379569908507e-6
0.0013427649611378642	6.186540926062435e-6
0.001555965631605075	6.23575590526204e-6
0.00180301774085957	6.30761246618898e-6
0.0020892961308540386	6.410135518923976e-6
0.0024210290467361778	6.539184824348231e-6
0.002805433637951713	6.715645035987152e-6
0.0032508729738543437	6.896379580062169e-6
0.003767037989839089	7.090112825227491e-6
0.004365158322401661	7.325560450665166e-6
0.005058246620031137	7.580773536161252e-6
0.005861381645140285	7.840505263539901e-6
0.0067920363261718434	8.169383247305394e-6
0.007870457896950985	8.498819962243456e-6
0.009120108393559097	8.896976609819843e-6
0.010568175092136586	9.33816596850102e-6
0.01224616199265049	9.782531641365894e-6
0.014190575216890926	0.000010321482991749387
0.016443717232149314	0.000010935967889347969
0.019054607179632473	0.000011605259007378057
0.022080047330189003	0.000012390346146895267
0.02558585886905645	0.000013302418210461435
0.029648313895243424	0.000014372369644535467
0.034355794789987466	0.000015615453206560627
0.039810717055349734	0.000017084411338095395
0.04613175745603795	0.000018788399096725787
0.053456435939697164	0.000020869606127782903
0.06194410750767815	0.000023515501618567123
0.07177942912713618	0.00002684330452445483
0.08317637711026708	0.00003108106857833896
0.09638290236239705	0.00003667746927058161
0.11168632477805612	0.00004418720589157066
0.12941958414499863	0.000054634132631064435
0.1499684835502374	0.00006961031376479653
0.17378008287493762	0.0000924142820699435
0.20137242498623895	0.00012742335952844338
0.2333458062281002	0.00018464134090149758
0.2703958364108843	0.0002837739291072766
0.31332857243155854	0.0004607667814196966
0.3630780547701014	0.0007956591561137496
0.4207266283844442	0.0014514330713165712
0.4875284901033865	0.002786082197840766
0.5649369748123029	0.00561320782866668
0.6546361740672747	0.011840790895830665
0.7585775750291835	0.026365957160212068
0.8790225168308843	0.06252721673954384
1.0185913880541169	0.1617288211535176
1.1803206356517297	0.4795201478863844
1.3677288255958495	1.7968786277759679
