0.001	0.000045007708974907175
0.0026323619534266785	0.000045007624642555905
0.005039625685572009	0.00004500736197174171
0.008221791196435993	0.00004500676180472822
0.012178858486018632	0.000045005613823801385
0.01691082755431992	0.0000450036566778203
0.02241769840133986	0.000045000578219474386
0.028699471027078465	0.000044996015904983874
0.03575614543153571	0.000044989557417647676
0.04358772161471161	0.00004498074158584083
0.052194199576606176	0.00004496905967453722
0.06157557931721938	0.00004495395713685718
0.07173186083655124	0.00004493483591810822
0.08266304413460175	0.00004491105740882498
0.0943691292113709	0.000044881946144876814
0.10685011606685872	0.000044846794351209475
0.1201060047010652	0.00004480486742060969
0.13413679511399032	0.000044755410409440815
0.14894248730563409	0.00004469765561807577
0.1645230812759965	0.00004463083130437482
0.18087857702507762	0.00004455417155385456
0.1980089745528773	0.00004446692730030439
0.21591427385939574	0.00004436837845603985
0.23459447494463279	0.000044257847072705476
0.2540495778085885	0.000044134711413036975
0.2742795824512628	0.00004399842077329197
0.29528448887265585	0.000043848510857727835
0.31706429707276745	0.00004368461947359656
0.3396190070515978	0.000043506502291074924
0.3629486188091467	0.00004331404840101932
0.3870531323454144	0.00004310729540814378
0.41193254766040055	0.00004288644382174106
0.4375868647541055	0.00004265187055366749
0.4640160836265292	0.000042404141406861416
0.4912202042776713	0.00004214402253967678
0.519199226707532	0.000041872491024181095
0.5479531509161116	0.000041590744783081426
0.57748197690341	0.000041300212394178526
0.6077857046694267	0.000041002563499959325
0.6388643342141622	0.000040699720864653605
0.6707178655376165	0.00004039387550124801
0.7033462986397891	0.00004008750677869725
0.7367496335206805	0.00003978341006711859
0.7709278701802906	0.00003948473537034849
0.8058810086186196	0.00003919504166703532
0.8416090488356668	0.00003891837355571455
0.878111990831433	0.00003865936964526912
0.9153898346059175	0.0000384234165775246
0.953442580159121	0.000038216869711398346
0.9922702274910429	0.00003804737332304025
1.031872776601684	0.0000379243334111683
1.072250227491043	0.00003785963215028861
1.1134025801591214	0.0000378687397718765
1.155329834605918	0.000037972510088479324
1.198031990831433	0.00003820021705697226
1.2415090488356673	0.00003859499779792109
1.2857610086186197	0.00003922436603276121
1.3307878701802909	0.00004020149570909752
1.3765896335206806	0.00004100376524196686
1.423166298639789	0.00004223987573642369
1.4705178655376165	0.00004336836697356305
1.5186443342141625	0.00004318083985200555
1.5675457046694268	0.00004301800858576285
1.6172219769034102	0.0000428847070757967
1.667673150916112	0.00004278668826551623
1.7188992267075323	0.00004273091804223065
1.7709002042776718	0.000042725994389055305
1.8236760836265293	0.000042782759318665654
1.8772268647541057	0.000042915217415256004
1.9315525476604005	0.000043141960964976856
1.9866531323454142	0.000043488470601460396
2.042528618809147	0.000043991013079703295
2.099179007051598	0.00004470365237781369
2.1566042970727675	0.0000457118595520012
2.214804488872656	0.00004716172800814802
2.273779582451263	0.00004933210972307323
2.3335295778085885	0.000051201215949158125
2.394054474944633	0.00005189292647829799
2.455354273859396	0.0000528472667178913
2.5174289745528773	0.00005417374808701463
2.5802785770250782	0.00005606209794369888
2.643903081275997	0.00005863376262641705
2.7083024873056343	0.00005931297290337911
2.7734767951139903	0.00006023151202900925
2.839426004701065	0.00006147618970424657
2.906150116066859	0.00006318744087144654
2.973649129211371	0.00006561280571311193
3.0419230441346015	0.00006924645033906286
3.1109718608365515	0.0000752941111293364
3.1807955793172193	0.00008022664722759154
3.2513941995766062	0.00008552993385719203
3.3227677216147122	0.00009497940391699839
3.394916145431536	0.00010470543402139388
3.4678394710270783	0.00011681189395708063
3.54153769840134	0.0001406368706604769
3.6160108275543195	0.00019169137333659205
3.6912588584860186	0.00023260855824745657
3.767281791196436	0.0003054190584652342
3.8440796256855716	0.00038614395487236795
3.8440796256855716  1
