1.0000e-05	1.2303e-08
1.0027e-05	1.2303e-08
1.0053e-05	1.2303e-08
1.0080e-05	1.2303e-08
1.0107e-05	1.2303e-08
1.0133e-05	1.2303e-08
1.0160e-05	1.2303e-08
1.0187e-05	1.2303e-08
1.0214e-05	1.2303e-08
1.0241e-05	1.2303e-08
1.0269e-05	1.2303e-08
1.0296e-05	1.2303e-08
1.0323e-05	1.2303e-08
1.0350e-05	1.2303e-08
1.0378e-05	1.2303e-08
1.0405e-05	1.2303e-08
1.0433e-05	1.2303e-08
1.0461e-05	1.2303e-08
1.0489e-05	1.2303e-08
1.0516e-05	1.2303e-08
1.0544e-05	1.2303e-08
1.0572e-05	1.2303e-08
1.0600e-05	1.2303e-08
1.0628e-05	1.2303e-08
1.0657e-05	1.2303e-08
1.0685e-05	1.2303e-08
1.0713e-05	1.2303e-08
1.0742e-05	1.2303e-08
1.0770e-05	1.2303e-08
1.0799e-05	1.2303e-08
1.0827e-05	1.2303e-08
1.0856e-05	1.2303e-08
1.0885e-05	1.2303e-08
1.0914e-05	1.2303e-08
1.0943e-05	1.2303e-08
1.0972e-05	1.2303e-08
1.1001e-05	1.2303e-08
1.1030e-05	1.2303e-08
1.1059e-05	1.2303e-08
1.1089e-05	1.2303e-08
1.1118e-05	1.2303e-08
1.1148e-05	1.2303e-08
1.1177e-05	1.2303e-08
1.1207e-05	1.2303e-08
1.1237e-05	1.2303e-08
1.1266e-05	1.2303e-08
1.1296e-05	1.2303e-08
1.1326e-05	1.2303e-08
1.1356e-05	1.2303e-08
1.1386e-05	1.2303e-08
1.1417e-05	1.2303e-08
1.1447e-05	1.2303e-08
1.1477e-05	1.2303e-08
1.1508e-05	1.2303e-08
1.1538e-05	1.2303e-08
1.1569e-05	1.2303e-08
1.1600e-05	1.2303e-08
1.1630e-05	1.2303e-08
1.1661e-05	1.2303e-08
1.1692e-05	1.2303e-08
1.1723e-05	1.2303e-08
1.1754e-05	1.2303e-08
1.1786e-05	1.2303e-08
1.1817e-05	1.2303e-08
1.1848e-05	1.2303e-08
1.1880e-05	1.2303e-08
1.1911e-05	1.2303e-08
1.1943e-05	1.2303e-08
1.1974e-05	1.2303e-08
1.2006e-05	1.2303e-08
1.2038e-05	1.2303e-08
1.2070e-05	1.2303e-08
1.2102e-05	1.2303e-08
1.2134e-05	1.2303e-08
1.2166e-05	1.2303e-08
1.2199e-05	1.2303e-08
1.2231e-05	1.2303e-08
1.2263e-05	1.2303e-08
1.2296e-05	1.2303e-08
1.2329e-05	1.2303e-08
1.2361e-05	1.2303e-08
1.2394e-05	1.2303e-08
1.2427e-05	1.2303e-08
1.2460e-05	1.2303e-08
1.2493e-05	1.2303e-08
1.2526e-05	1.2303e-08
1.2559e-05	1.2303e-08
1.2593e-05	1.2303e-08
1.2626e-05	1.2303e-08
1.2660e-05	1.2303e-08
1.2693e-05	1.2303e-08
1.2727e-05	1.2303e-08
1.2761e-05	1.2303e-08
1.2795e-05	1.2303e-08
1.2828e-05	1.2303e-08
1.2863e-05	1.2303e-08
1.2897e-05	1.2303e-08
1.2931e-05	1.2303e-08
1.2965e-05	1.2303e-08
1.3000e-05	1.2303e-08
1.3034e-05	1.2303e-08
1.3069e-05	1.2303e-08
1.3103e-05	1.2303e-08
1.3138e-05	1.2303e-08
1.3173e-05	1.2303e-08
1.3208e-05	1.2303e-08
1.3243e-05	1.2303e-08
1.3278e-05	1.2303e-08
1.3313e-05	1.2303e-08
1.3349e-05	1.2303e-08
1.3384e-05	1.2303e-08
1.3420e-05	1.2303e-08
1.3455e-05	1.2303e-08
1.3491e-05	1.2303e-08
1.3527e-05	1.2303e-08
1.3563e-05	1.2303e-08
1.3599e-05	1.2303e-08
1.3635e-05	1.2303e-08
1.3671e-05	1.2303e-08
1.3707e-05	1.2303e-08
1.3743e-05	1.2303e-08
1.3780e-05	1.2303e-08
1.3816e-05	1.2303e-08
1.3853e-05	1.2303e-08
1.3890e-05	1.2303e-08
1.3927e-05	1.2303e-08
1.3964e-05	1.2303e-08
1.4001e-05	1.2303e-08
1.4038e-05	1.2303e-08
1.4075e-05	1.2303e-08
1.4113e-05	1.2303e-08
1.4150e-05	1.2303e-08
1.4188e-05	1.2303e-08
1.4225e-05	1.2303e-08
1.4263e-05	1.2303e-08
1.4301e-05	1.2303e-08
1.4339e-05	1.2303e-08
1.4377e-05	1.2303e-08
1.4415e-05	1.2303e-08
1.4453e-05	1.2303e-08
1.4491e-05	1.2303e-08
1.4530e-05	1.2303e-08
1.4568e-05	1.2303e-08
1.4607e-05	1.2303e-08
1.4646e-05	1.2303e-08
1.4685e-05	1.2303e-08
1.4724e-05	1.2303e-08
1.4763e-05	1.2303e-08
1.4802e-05	1.2303e-08
1.4841e-05	1.2303e-08
1.4881e-05	1.2303e-08
1.4920e-05	1.2303e-08
1.4960e-05	1.2303e-08
1.4999e-05	1.2303e-08
1.5039e-05	1.2303e-08
1.5079e-05	1.2303e-08
1.5119e-05	1.2303e-08
1.5159e-05	1.2303e-08
1.5199e-05	1.2303e-08
1.5240e-05	1.2303e-08
1.5280e-05	1.2303e-08
1.5321e-05	1.2303e-08
1.5361e-05	1.2303e-08
1.5402e-05	1.2303e-08
1.5443e-05	1.2303e-08
1.5484e-05	1.2303e-08
1.5525e-05	1.2303e-08
1.5566e-05	1.2303e-08
1.5608e-05	1.2303e-08
1.5649e-05	1.2303e-08
1.5690e-05	1.2303e-08
1.5732e-05	1.2303e-08
1.5774e-05	1.2303e-08
1.5816e-05	1.2303e-08
1.5858e-05	1.2303e-08
1.5900e-05	1.2303e-08
1.5942e-05	1.2303e-08
1.5984e-05	1.2303e-08
1.6027e-05	1.2303e-08
1.6069e-05	1.2303e-08
1.6112e-05	1.2303e-08
1.6155e-05	1.2303e-08
1.6197e-05	1.2303e-08
1.6240e-05	1.2303e-08
1.6283e-05	1.2303e-08
1.6327e-05	1.2303e-08
1.6370e-05	1.2303e-08
1.6413e-05	1.2303e-08
1.6457e-05	1.2303e-08
1.6501e-05	1.2303e-08
1.6544e-05	1.2303e-08
1.6588e-05	1.2303e-08
1.6632e-05	1.2303e-08
1.6677e-05	1.2303e-08
1.6721e-05	1.2303e-08
1.6765e-05	1.2303e-08
1.6810e-05	1.2303e-08
1.6854e-05	1.2303e-08
1.6899e-05	1.2303e-08
1.6944e-05	1.2303e-08
1.6989e-05	1.2303e-08
1.7034e-05	1.2303e-08
1.7079e-05	1.2303e-08
1.7124e-05	1.2303e-08
1.7170e-05	1.2303e-08
1.7215e-05	1.2303e-08
1.7261e-05	1.2303e-08
1.7307e-05	1.2303e-08
1.7353e-05	1.2303e-08
1.7399e-05	1.2303e-08
1.7445e-05	1.2303e-08
1.7491e-05	1.2303e-08
1.7538e-05	1.2303e-08
1.7584e-05	1.2303e-08
1.7631e-05	1.2303e-08
1.7678e-05	1.2303e-08
1.7724e-05	1.2303e-08
1.7772e-05	1.2303e-08
1.7819e-05	1.2303e-08
1.7866e-05	1.2303e-08
1.7913e-05	1.2303e-08
1.7961e-05	1.2303e-08
1.8009e-05	1.2303e-08
1.8056e-05	1.2303e-08
1.8104e-05	1.2303e-08
1.8152e-05	1.2303e-08
1.8200e-05	1.2303e-08
1.8249e-05	1.2303e-08
1.8297e-05	1.2303e-08
1.8346e-05	1.2303e-08
1.8394e-05	1.2303e-08
1.8443e-05	1.2303e-08
1.8492e-05	1.2303e-08
1.8541e-05	1.2303e-08
1.8590e-05	1.2303e-08
1.8640e-05	1.2303e-08
1.8689e-05	1.2303e-08
1.8739e-05	1.2303e-08
1.8788e-05	1.2303e-08
1.8838e-05	1.2303e-08
1.8888e-05	1.2303e-08
1.8938e-05	1.2303e-08
1.8989e-05	1.2303e-08
1.9039e-05	1.2303e-08
1.9090e-05	1.2303e-08
1.9140e-05	1.2303e-08
1.9191e-05	1.2303e-08
1.9242e-05	1.2303e-08
1.9293e-05	1.2303e-08
1.9344e-05	1.2303e-08
1.9395e-05	1.2303e-08
1.9447e-05	1.2303e-08
1.9499e-05	1.2303e-08
1.9550e-05	1.2303e-08
1.9602e-05	1.2303e-08
1.9654e-05	1.2303e-08
1.9706e-05	1.2303e-08
1.9759e-05	1.2303e-08
1.9811e-05	1.2303e-08
1.9864e-05	1.2303e-08
1.9916e-05	1.2303e-08
1.9969e-05	1.2303e-08
2.0022e-05	1.2303e-08
2.0075e-05	1.2303e-08
2.0129e-05	1.2303e-08
2.0182e-05	1.2303e-08
2.0235e-05	1.2303e-08
2.0289e-05	1.2303e-08
2.0343e-05	1.2303e-08
2.0397e-05	1.2303e-08
2.0451e-05	1.2303e-08
2.0505e-05	1.2303e-08
2.0560e-05	1.2303e-08
2.0614e-05	1.2303e-08
2.0669e-05	1.2303e-08
2.0724e-05	1.2303e-08
2.0779e-05	1.2303e-08
2.0834e-05	1.2303e-08
2.0889e-05	1.2303e-08
2.0945e-05	1.2303e-08
2.1000e-05	1.2303e-08
2.1056e-05	1.2303e-08
2.1112e-05	1.2303e-08
2.1168e-05	1.2303e-08
2.1224e-05	1.2303e-08
2.1280e-05	1.2303e-08
2.1337e-05	1.2303e-08
2.1393e-05	1.2303e-08
2.1450e-05	1.2303e-08
2.1507e-05	1.2303e-08
2.1564e-05	1.2303e-08
2.1621e-05	1.2303e-08
2.1679e-05	1.2303e-08
2.1736e-05	1.2303e-08
2.1794e-05	1.2303e-08
2.1852e-05	1.2303e-08
2.1910e-05	1.2303e-08
2.1968e-05	1.2303e-08
2.2026e-05	1.2303e-08
2.2085e-05	1.2303e-08
2.2143e-05	1.2303e-08
2.2202e-05	1.2303e-08
2.2261e-05	1.2303e-08
2.2320e-05	1.2303e-08
2.2379e-05	1.2303e-08
2.2439e-05	1.2303e-08
2.2498e-05	1.2303e-08
2.2558e-05	1.2303e-08
2.2618e-05	1.2303e-08
2.2678e-05	1.2303e-08
2.2738e-05	1.2303e-08
2.2798e-05	1.2303e-08
2.2859e-05	1.2303e-08
2.2919e-05	1.2303e-08
2.2980e-05	1.2303e-08
2.3041e-05	1.2303e-08
2.3102e-05	1.2303e-08
2.3164e-05	1.2303e-08
2.3225e-05	1.2303e-08
2.3287e-05	1.2303e-08
2.3348e-05	1.2303e-08
2.3410e-05	1.2303e-08
2.3472e-05	1.2303e-08
2.3535e-05	1.2303e-08
2.3597e-05	1.2303e-08
2.3660e-05	1.2303e-08
2.3723e-05	1.2303e-08
2.3786e-05	1.2303e-08
2.3849e-05	1.2303e-08
2.3912e-05	1.2303e-08
2.3975e-05	1.2303e-08
2.4039e-05	1.2303e-08
2.4103e-05	1.2303e-08
2.4167e-05	1.2303e-08
2.4231e-05	1.2303e-08
2.4295e-05	1.2303e-08
2.4360e-05	1.2303e-08
2.4424e-05	1.2303e-08
2.4489e-05	1.2303e-08
2.4554e-05	1.2303e-08
2.4619e-05	1.2303e-08
2.4684e-05	1.2303e-08
2.4750e-05	1.2303e-08
2.4816e-05	1.2303e-08
2.4881e-05	1.2303e-08
2.4947e-05	1.2303e-08
2.5014e-05	1.2303e-08
2.5080e-05	1.2303e-08
2.5147e-05	1.2303e-08
2.5213e-05	1.2303e-08
2.5280e-05	1.2303e-08
2.5347e-05	1.2303e-08
2.5415e-05	1.2303e-08
2.5482e-05	1.2303e-08
2.5550e-05	1.2303e-08
2.5617e-05	1.2303e-08
2.5685e-05	1.2303e-08
2.5754e-05	1.2303e-08
2.5822e-05	1.2303e-08
2.5890e-05	1.2303e-08
2.5959e-05	1.2303e-08
2.6028e-05	1.2303e-08
2.6097e-05	1.2303e-08
2.6166e-05	1.2303e-08
2.6236e-05	1.2303e-08
2.6305e-05	1.2303e-08
2.6375e-05	1.2303e-08
2.6445e-05	1.2303e-08
2.6515e-05	1.2303e-08
2.6586e-05	1.2303e-08
2.6656e-05	1.2303e-08
2.6727e-05	1.2303e-08
2.6798e-05	1.2303e-08
2.6869e-05	1.2303e-08
2.6940e-05	1.2303e-08
2.7012e-05	1.2303e-08
2.7083e-05	1.2303e-08
2.7155e-05	1.2303e-08
2.7227e-05	1.2303e-08
2.7299e-05	1.2303e-08
2.7372e-05	1.2303e-08
2.7445e-05	1.2303e-08
2.7517e-05	1.2303e-08
2.7590e-05	1.2303e-08
2.7664e-05	1.2303e-08
2.7737e-05	1.2303e-08
2.7811e-05	1.2303e-08
2.7884e-05	1.2303e-08
2.7958e-05	1.2303e-08
2.8033e-05	1.2303e-08
2.8107e-05	1.2303e-08
2.8181e-05	1.2303e-08
2.8256e-05	1.2303e-08
2.8331e-05	1.2303e-08
2.8406e-05	1.2303e-08
2.8482e-05	1.2303e-08
2.8557e-05	1.2303e-08
2.8633e-05	1.2303e-08
2.8709e-05	1.2303e-08
2.8785e-05	1.2303e-08
2.8862e-05	1.2303e-08
2.8938e-05	1.2303e-08
2.9015e-05	1.2303e-08
2.9092e-05	1.2303e-08
2.9169e-05	1.2303e-08
2.9247e-05	1.2303e-08
2.9324e-05	1.2303e-08
2.9402e-05	1.2303e-08
2.9480e-05	1.2303e-08
2.9558e-05	1.2303e-08
2.9637e-05	1.2303e-08
2.9715e-05	1.2303e-08
2.9794e-05	1.2303e-08
2.9873e-05	1.2303e-08
2.9952e-05	1.2303e-08
3.0032e-05	1.2303e-08
3.0112e-05	1.2303e-08
3.0192e-05	1.2303e-08
3.0272e-05	1.2303e-08
3.0352e-05	1.2303e-08
3.0432e-05	1.2303e-08
3.0513e-05	1.2303e-08
3.0594e-05	1.2303e-08
3.0675e-05	1.2303e-08
3.0757e-05	1.2303e-08
3.0838e-05	1.2303e-08
3.0920e-05	1.2303e-08
3.1002e-05	1.2303e-08
3.1084e-05	1.2303e-08
3.1167e-05	1.2303e-08
3.1250e-05	1.2303e-08
3.1333e-05	1.2303e-08
3.1416e-05	1.2303e-08
3.1499e-05	1.2303e-08
3.1583e-05	1.2303e-08
3.1666e-05	1.2303e-08
3.1750e-05	1.2303e-08
3.1835e-05	1.2303e-08
3.1919e-05	1.2303e-08
3.2004e-05	1.2303e-08
3.2089e-05	1.2303e-08
3.2174e-05	1.2303e-08
3.2259e-05	1.2303e-08
3.2345e-05	1.2303e-08
3.2431e-05	1.2303e-08
3.2517e-05	1.2303e-08
3.2603e-05	1.2303e-08
3.2690e-05	1.2303e-08
3.2776e-05	1.2303e-08
3.2863e-05	1.2303e-08
3.2950e-05	1.2303e-08
3.3038e-05	1.2303e-08
3.3126e-05	1.2303e-08
3.3213e-05	1.2303e-08
3.3302e-05	1.2303e-08
3.3390e-05	1.2303e-08
3.3479e-05	1.2303e-08
3.3567e-05	1.2303e-08
3.3656e-05	1.2303e-08
3.3746e-05	1.2303e-08
3.3835e-05	1.2303e-08
3.3925e-05	1.2303e-08
3.4015e-05	1.2303e-08
3.4105e-05	1.2303e-08
3.4196e-05	1.2303e-08
3.4287e-05	1.2303e-08
3.4377e-05	1.2303e-08
3.4469e-05	1.2303e-08
3.4560e-05	1.2303e-08
3.4652e-05	1.2303e-08
3.4744e-05	1.2303e-08
3.4836e-05	1.2303e-08
3.4928e-05	1.2303e-08
3.5021e-05	1.2303e-08
3.5114e-05	1.2303e-08
3.5207e-05	1.2303e-08
3.5301e-05	1.2303e-08
3.5394e-05	1.2303e-08
3.5488e-05	1.2303e-08
3.5582e-05	1.2303e-08
3.5677e-05	1.2303e-08
3.5771e-05	1.2303e-08
3.5866e-05	1.2303e-08
3.5961e-05	1.2303e-08
3.6057e-05	1.2303e-08
3.6153e-05	1.2303e-08
3.6249e-05	1.2303e-08
3.6345e-05	1.2303e-08
3.6441e-05	1.2303e-08
3.6538e-05	1.2303e-08
3.6635e-05	1.2303e-08
3.6732e-05	1.2303e-08
3.6829e-05	1.2303e-08
3.6927e-05	1.2303e-08
3.7025e-05	1.2303e-08
3.7123e-05	1.2303e-08
3.7222e-05	1.2303e-08
3.7321e-05	1.2303e-08
3.7420e-05	1.2303e-08
3.7519e-05	1.2303e-08
3.7618e-05	1.2303e-08
3.7718e-05	1.2303e-08
3.7818e-05	1.2303e-08
3.7919e-05	1.2303e-08
3.8019e-05	1.2303e-08
3.8120e-05	1.2303e-08
3.8221e-05	1.2303e-08
3.8323e-05	1.2303e-08
3.8424e-05	1.2303e-08
3.8526e-05	1.2303e-08
3.8629e-05	1.2303e-08
3.8731e-05	1.2303e-08
3.8834e-05	1.2303e-08
3.8937e-05	1.2303e-08
3.9040e-05	1.2303e-08
3.9144e-05	1.2303e-08
3.9248e-05	1.2303e-08
3.9352e-05	1.2303e-08
3.9456e-05	1.2303e-08
3.9561e-05	1.2303e-08
3.9666e-05	1.2303e-08
3.9771e-05	1.2303e-08
3.9877e-05	1.2303e-08
3.9982e-05	1.2303e-08
4.0089e-05	1.2303e-08
4.0195e-05	1.2303e-08
4.0302e-05	1.2303e-08
4.0409e-05	1.2303e-08
4.0516e-05	1.2303e-08
4.0623e-05	1.2303e-08
4.0731e-05	1.2303e-08
4.0839e-05	1.2303e-08
4.0947e-05	1.2303e-08
4.1056e-05	1.2303e-08
4.1165e-05	1.2303e-08
4.1274e-05	1.2303e-08
4.1384e-05	1.2303e-08
4.1494e-05	1.2303e-08
4.1604e-05	1.2303e-08
4.1714e-05	1.2303e-08
4.1825e-05	1.2303e-08
4.1936e-05	1.2303e-08
4.2047e-05	1.2303e-08
4.2159e-05	1.2303e-08
4.2270e-05	1.2303e-08
4.2383e-05	1.2303e-08
4.2495e-05	1.2303e-08
4.2608e-05	1.2303e-08
4.2721e-05	1.2303e-08
4.2834e-05	1.2303e-08
4.2948e-05	1.2303e-08
4.3062e-05	1.2303e-08
4.3176e-05	1.2303e-08
4.3291e-05	1.2303e-08
4.3405e-05	1.2303e-08
4.3521e-05	1.2303e-08
4.3636e-05	1.2303e-08
4.3752e-05	1.2303e-08
4.3868e-05	1.2303e-08
4.3984e-05	1.2303e-08
4.4101e-05	1.2303e-08
4.4218e-05	1.2303e-08
4.4335e-05	1.2303e-08
4.4453e-05	1.2303e-08
4.4571e-05	1.2303e-08
4.4689e-05	1.2303e-08
4.4808e-05	1.2303e-08
4.4927e-05	1.2303e-08
4.5046e-05	1.2303e-08
4.5165e-05	1.2303e-08
4.5285e-05	1.2303e-08
4.5405e-05	1.2303e-08
4.5526e-05	1.2303e-08
4.5647e-05	1.2303e-08
4.5768e-05	1.2303e-08
4.5889e-05	1.2303e-08
4.6011e-05	1.2303e-08
4.6133e-05	1.2303e-08
4.6256e-05	1.2303e-08
4.6378e-05	1.2303e-08
4.6501e-05	1.2303e-08
4.6625e-05	1.2303e-08
4.6748e-05	1.2303e-08
4.6872e-05	1.2303e-08
4.6997e-05	1.2303e-08
4.7122e-05	1.2303e-08
4.7247e-05	1.2303e-08
4.7372e-05	1.2303e-08
4.7498e-05	1.2303e-08
4.7624e-05	1.2303e-08
4.7750e-05	1.2303e-08
4.7877e-05	1.2303e-08
4.8004e-05	1.2303e-08
4.8131e-05	1.2303e-08
4.8259e-05	1.2303e-08
4.8387e-05	1.2303e-08
4.8515e-05	1.2303e-08
4.8644e-05	1.2303e-08
4.8773e-05	1.2303e-08
4.8902e-05	1.2303e-08
4.9032e-05	1.2303e-08
4.9162e-05	1.2303e-08
4.9293e-05	1.2303e-08
4.9424e-05	1.2303e-08
4.9555e-05	1.2303e-08
4.9686e-05	1.2303e-08
4.9818e-05	1.2303e-08
4.9950e-05	1.2303e-08
5.0083e-05	1.2303e-08
5.0216e-05	1.2303e-08
5.0349e-05	1.2303e-08
5.0482e-05	1.2303e-08
5.0616e-05	1.2303e-08
5.0751e-05	1.2303e-08
5.0885e-05	1.2303e-08
5.1020e-05	1.2303e-08
5.1156e-05	1.2303e-08
5.1291e-05	1.2303e-08
5.1428e-05	1.2303e-08
5.1564e-05	1.2303e-08
5.1701e-05	1.2303e-08
5.1838e-05	1.2303e-08
5.1976e-05	1.2303e-08
5.2113e-05	1.2303e-08
5.2252e-05	1.2303e-08
5.2390e-05	1.2303e-08
5.2529e-05	1.2303e-08
5.2669e-05	1.2303e-08
5.2809e-05	1.2303e-08
5.2949e-05	1.2303e-08
5.3089e-05	1.2303e-08
5.3230e-05	1.2303e-08
5.3371e-05	1.2303e-08
5.3513e-05	1.2303e-08
5.3655e-05	1.2303e-08
5.3797e-05	1.2303e-08
5.3940e-05	1.2303e-08
5.4083e-05	1.2303e-08
5.4227e-05	1.2303e-08
5.4370e-05	1.2303e-08
5.4515e-05	1.2303e-08
5.4659e-05	1.2303e-08
5.4804e-05	1.2303e-08
5.4950e-05	1.2303e-08
5.5096e-05	1.2303e-08
5.5242e-05	1.2303e-08
5.5388e-05	1.2303e-08
5.5535e-05	1.2303e-08
5.5683e-05	1.2303e-08
5.5830e-05	1.2303e-08
5.5979e-05	1.2303e-08
5.6127e-05	1.2303e-08
5.6276e-05	1.2303e-08
5.6425e-05	1.2303e-08
5.6575e-05	1.2303e-08
5.6725e-05	1.2303e-08
5.6876e-05	1.2303e-08
5.7027e-05	1.2303e-08
5.7178e-05	1.2303e-08
5.7330e-05	1.2303e-08
5.7482e-05	1.2303e-08
5.7634e-05	1.2303e-08
5.7787e-05	1.2303e-08
5.7940e-05	1.2303e-08
5.8094e-05	1.2303e-08
5.8248e-05	1.2303e-08
5.8403e-05	1.2303e-08
5.8558e-05	1.2303e-08
5.8713e-05	1.2303e-08
5.8869e-05	1.2303e-08
5.9025e-05	1.2303e-08
5.9182e-05	1.2303e-08
5.9339e-05	1.2303e-08
5.9496e-05	1.2303e-08
5.9654e-05	1.2303e-08
5.9812e-05	1.2303e-08
5.9971e-05	1.2303e-08
6.0130e-05	1.2303e-08
6.0290e-05	1.2303e-08
6.0450e-05	1.2303e-08
6.0610e-05	1.2303e-08
6.0771e-05	1.2303e-08
6.0932e-05	1.2303e-08
6.1094e-05	1.2303e-08
6.1256e-05	1.2303e-08
6.1419e-05	1.2303e-08
6.1582e-05	1.2303e-08
6.1745e-05	1.2303e-08
6.1909e-05	1.2303e-08
6.2073e-05	1.2303e-08
6.2238e-05	1.2303e-08
6.2403e-05	1.2303e-08
6.2568e-05	1.2303e-08
6.2734e-05	1.2303e-08
6.2901e-05	1.2303e-08
6.3068e-05	1.2303e-08
6.3235e-05	1.2303e-08
6.3403e-05	1.2303e-08
6.3571e-05	1.2303e-08
6.3740e-05	1.2303e-08
6.3909e-05	1.2303e-08
6.4079e-05	1.2303e-08
6.4249e-05	1.2303e-08
6.4419e-05	1.2303e-08
6.4590e-05	1.2303e-08
6.4761e-05	1.2303e-08
6.4933e-05	1.2303e-08
6.5105e-05	1.2303e-08
6.5278e-05	1.2303e-08
6.5451e-05	1.2303e-08
6.5625e-05	1.2303e-08
6.5799e-05	1.2303e-08
6.5974e-05	1.2303e-08
6.6149e-05	1.2303e-08
6.6324e-05	1.2303e-08
6.6500e-05	1.2303e-08
6.6677e-05	1.2303e-08
6.6854e-05	1.2303e-08
6.7031e-05	1.2303e-08
6.7209e-05	1.2303e-08
6.7387e-05	1.2303e-08
6.7566e-05	1.2303e-08
6.7745e-05	1.2303e-08
6.7925e-05	1.2303e-08
6.8105e-05	1.2303e-08
6.8286e-05	1.2303e-08
6.8467e-05	1.2303e-08
6.8649e-05	1.2303e-08
6.8831e-05	1.2303e-08
6.9014e-05	1.2303e-08
6.9197e-05	1.2303e-08
6.9380e-05	1.2303e-08
6.9564e-05	1.2303e-08
6.9749e-05	1.2303e-08
6.9934e-05	1.2303e-08
7.0120e-05	1.2303e-08
7.0306e-05	1.2303e-08
7.0492e-05	1.2303e-08
7.0679e-05	1.2303e-08
7.0867e-05	1.2303e-08
7.1055e-05	1.2303e-08
7.1243e-05	1.2303e-08
7.1432e-05	1.2303e-08
7.1622e-05	1.2303e-08
7.1812e-05	1.2303e-08
7.2003e-05	1.2303e-08
7.2194e-05	1.2303e-08
7.2385e-05	1.2303e-08
7.2577e-05	1.2303e-08
7.2770e-05	1.2303e-08
7.2963e-05	1.2303e-08
7.3156e-05	1.2303e-08
7.3351e-05	1.2303e-08
7.3545e-05	1.2303e-08
7.3740e-05	1.2303e-08
7.3936e-05	1.2303e-08
7.4132e-05	1.2303e-08
7.4329e-05	1.2303e-08
7.4526e-05	1.2303e-08
7.4724e-05	1.2303e-08
7.4922e-05	1.2303e-08
7.5121e-05	1.2303e-08
7.5320e-05	1.2303e-08
7.5520e-05	1.2303e-08
7.5720e-05	1.2303e-08
7.5921e-05	1.2303e-08
7.6123e-05	1.2303e-08
7.6325e-05	1.2303e-08
7.6527e-05	1.2303e-08
7.6730e-05	1.2303e-08
7.6934e-05	1.2303e-08
7.7138e-05	1.2303e-08
7.7343e-05	1.2303e-08
7.7548e-05	1.2303e-08
7.7754e-05	1.2303e-08
7.7960e-05	1.2303e-08
7.8167e-05	1.2303e-08
7.8374e-05	1.2303e-08
7.8582e-05	1.2303e-08
7.8791e-05	1.2303e-08
7.9000e-05	1.2303e-08
7.9209e-05	1.2303e-08
7.9420e-05	1.2303e-08
7.9630e-05	1.2303e-08
7.9842e-05	1.2303e-08
8.0053e-05	1.2303e-08
8.0266e-05	1.2303e-08
8.0479e-05	1.2303e-08
8.0692e-05	1.2303e-08
8.0906e-05	1.2303e-08
8.1121e-05	1.2303e-08
8.1336e-05	1.2303e-08
8.1552e-05	1.2303e-08
8.1769e-05	1.2303e-08
8.1986e-05	1.2303e-08
8.2203e-05	1.2303e-08
8.2421e-05	1.2303e-08
8.2640e-05	1.2303e-08
8.2859e-05	1.2303e-08
8.3079e-05	1.2303e-08
8.3299e-05	1.2303e-08
8.3520e-05	1.2303e-08
8.3742e-05	1.2303e-08
8.3964e-05	1.2303e-08
8.4187e-05	1.2303e-08
8.4410e-05	1.2303e-08
8.4634e-05	1.2303e-08
8.4859e-05	1.2303e-08
8.5084e-05	1.2303e-08
8.5310e-05	1.2303e-08
8.5536e-05	1.2303e-08
8.5763e-05	1.2303e-08
8.5991e-05	1.2303e-08
8.6219e-05	1.2303e-08
8.6448e-05	1.2303e-08
8.6677e-05	1.2303e-08
8.6907e-05	1.2303e-08
8.7138e-05	1.2303e-08
8.7369e-05	1.2303e-08
8.7601e-05	1.2303e-08
8.7833e-05	1.2303e-08
8.8066e-05	1.2303e-08
8.8300e-05	1.2303e-08
8.8534e-05	1.2303e-08
8.8769e-05	1.2303e-08
8.9005e-05	1.2303e-08
8.9241e-05	1.2303e-08
8.9477e-05	1.2303e-08
8.9715e-05	1.2303e-08
8.9953e-05	1.2303e-08
9.0192e-05	1.2303e-08
9.0431e-05	1.2303e-08
9.0671e-05	1.2303e-08
9.0911e-05	1.2303e-08
9.1153e-05	1.2303e-08
9.1395e-05	1.2303e-08
9.1637e-05	1.2303e-08
9.1880e-05	1.2303e-08
9.2124e-05	1.2303e-08
9.2368e-05	1.2303e-08
9.2613e-05	1.2303e-08
9.2859e-05	1.2303e-08
9.3106e-05	1.2303e-08
9.3353e-05	1.2303e-08
9.3600e-05	1.2303e-08
9.3849e-05	1.2303e-08
9.4098e-05	1.2303e-08
9.4347e-05	1.2303e-08
9.4598e-05	1.2303e-08
9.4849e-05	1.2303e-08
9.5100e-05	1.2303e-08
9.5353e-05	1.2303e-08
9.5606e-05	1.2303e-08
9.5859e-05	1.2303e-08
9.6114e-05	1.2303e-08
9.6369e-05	1.2303e-08
9.6624e-05	1.2303e-08
9.6881e-05	1.2303e-08
9.7138e-05	1.2303e-08
9.7396e-05	1.2303e-08
9.7654e-05	1.2303e-08
9.7913e-05	1.2303e-08
9.8173e-05	1.2303e-08
9.8433e-05	1.2303e-08
9.8695e-05	1.2303e-08
9.8957e-05	1.2303e-08
9.9219e-05	1.2303e-08
9.9482e-05	1.2303e-08
9.9746e-05	1.2303e-08
1.0001e-04	1.2303e-08
1.0028e-04	1.2303e-08
1.0054e-04	1.2303e-08
1.0081e-04	1.2303e-08
1.0108e-04	1.2303e-08
1.0134e-04	1.2303e-08
1.0161e-04	1.2303e-08
1.0188e-04	1.2303e-08
1.0215e-04	1.2303e-08
1.0242e-04	1.2303e-08
1.0270e-04	1.2303e-08
1.0297e-04	1.2303e-08
1.0324e-04	1.2303e-08
1.0352e-04	1.2303e-08
1.0379e-04	1.2303e-08
1.0407e-04	1.2303e-08
1.0434e-04	1.2303e-08
1.0462e-04	1.2303e-08
1.0490e-04	1.2303e-08
1.0518e-04	1.2303e-08
1.0545e-04	1.2303e-08
1.0573e-04	1.2303e-08
1.0601e-04	1.2303e-08
1.0630e-04	1.2303e-08
1.0658e-04	1.2303e-08
1.0686e-04	1.2303e-08
1.0714e-04	1.2303e-08
1.0743e-04	1.2303e-08
1.0771e-04	1.2303e-08
1.0800e-04	1.2303e-08
1.0829e-04	1.2303e-08
1.0857e-04	1.2303e-08
1.0886e-04	1.2303e-08
1.0915e-04	1.2303e-08
1.0944e-04	1.2303e-08
1.0973e-04	1.2303e-08
1.1002e-04	1.2303e-08
1.1031e-04	1.2303e-08
1.1061e-04	1.2303e-08
1.1090e-04	1.2303e-08
1.1119e-04	1.2303e-08
1.1149e-04	1.2303e-08
1.1178e-04	1.2303e-08
1.1208e-04	1.2303e-08
1.1238e-04	1.2303e-08
1.1268e-04	1.2303e-08
1.1298e-04	1.2303e-08
1.1328e-04	1.2303e-08
1.1358e-04	1.2303e-08
1.1388e-04	1.2303e-08
1.1418e-04	1.2303e-08
1.1448e-04	1.2303e-08
1.1479e-04	1.2303e-08
1.1509e-04	1.2303e-08
1.1540e-04	1.2303e-08
1.1570e-04	1.2303e-08
1.1601e-04	1.2303e-08
1.1632e-04	1.2303e-08
1.1663e-04	1.2303e-08
1.1694e-04	1.2303e-08
1.1725e-04	1.2303e-08
1.1756e-04	1.2303e-08
1.1787e-04	1.2303e-08
1.1818e-04	1.2303e-08
1.1849e-04	1.2303e-08
1.1881e-04	1.2303e-08
1.1912e-04	1.2303e-08
1.1944e-04	1.2303e-08
1.1976e-04	1.2303e-08
1.2008e-04	1.2303e-08
1.2039e-04	1.2303e-08
1.2071e-04	1.2303e-08
1.2103e-04	1.2303e-08
1.2135e-04	1.2303e-08
1.2168e-04	1.2303e-08
1.2200e-04	1.2303e-08
1.2232e-04	1.2303e-08
1.2265e-04	1.2303e-08
1.2297e-04	1.2303e-08
1.2330e-04	1.2303e-08
1.2363e-04	1.2303e-08
1.2395e-04	1.2303e-08
1.2428e-04	1.2303e-08
1.2461e-04	1.2303e-08
1.2494e-04	1.2303e-08
1.2528e-04	1.2303e-08
1.2561e-04	1.2303e-08
1.2594e-04	1.2303e-08
1.2628e-04	1.2303e-08
1.2661e-04	1.2303e-08
1.2695e-04	1.2303e-08
1.2728e-04	1.2303e-08
1.2762e-04	1.2303e-08
1.2796e-04	1.2303e-08
1.2830e-04	1.2303e-08
1.2864e-04	1.2303e-08
1.2898e-04	1.2303e-08
1.2932e-04	1.2303e-08
1.2967e-04	1.2303e-08
1.3001e-04	1.2303e-08
1.3036e-04	1.2303e-08
1.3070e-04	1.2303e-08
1.3105e-04	1.2303e-08
1.3140e-04	1.2303e-08
1.3174e-04	1.2303e-08
1.3209e-04	1.2303e-08
1.3244e-04	1.2303e-08
1.3280e-04	1.2303e-08
1.3315e-04	1.2303e-08
1.3350e-04	1.2303e-08
1.3386e-04	1.2303e-08
1.3421e-04	1.2303e-08
1.3457e-04	1.2303e-08
1.3492e-04	1.2303e-08
1.3528e-04	1.2303e-08
1.3564e-04	1.2303e-08
1.3600e-04	1.2303e-08
1.3636e-04	1.2303e-08
1.3672e-04	1.2303e-08
1.3709e-04	1.2303e-08
1.3745e-04	1.2303e-08
1.3781e-04	1.2303e-08
1.3818e-04	1.2303e-08
1.3855e-04	1.2303e-08
1.3891e-04	1.2303e-08
1.3928e-04	1.2303e-08
1.3965e-04	1.2303e-08
1.4002e-04	1.2303e-08
1.4039e-04	1.2303e-08
1.4077e-04	1.2303e-08
1.4114e-04	1.2303e-08
1.4152e-04	1.2303e-08
1.4189e-04	1.2303e-08
1.4227e-04	1.2303e-08
1.4264e-04	1.2303e-08
1.4302e-04	1.2303e-08
1.4340e-04	1.2303e-08
1.4378e-04	1.2303e-08
1.4416e-04	1.2303e-08
1.4455e-04	1.2303e-08
1.4493e-04	1.2303e-08
1.4532e-04	1.2303e-08
1.4570e-04	1.2303e-08
1.4609e-04	1.2303e-08
1.4647e-04	1.2303e-08
1.4686e-04	1.2303e-08
1.4725e-04	1.2303e-08
1.4764e-04	1.2303e-08
1.4804e-04	1.2303e-08
1.4843e-04	1.2303e-08
1.4882e-04	1.2303e-08
1.4922e-04	1.2303e-08
1.4961e-04	1.2303e-08
1.5001e-04	1.2303e-08
1.5041e-04	1.2303e-08
1.5081e-04	1.2303e-08
1.5121e-04	1.2303e-08
1.5161e-04	1.2303e-08
1.5201e-04	1.2303e-08
1.5241e-04	1.2303e-08
1.5282e-04	1.2303e-08
1.5322e-04	1.2303e-08
1.5363e-04	1.2303e-08
1.5404e-04	1.2303e-08
1.5445e-04	1.2303e-08
1.5486e-04	1.2303e-08
1.5527e-04	1.2303e-08
1.5568e-04	1.2303e-08
1.5609e-04	1.2303e-08
1.5651e-04	1.2303e-08
1.5692e-04	1.2303e-08
1.5734e-04	1.2303e-08
1.5776e-04	1.2303e-08
1.5817e-04	1.2303e-08
1.5859e-04	1.2303e-08
1.5901e-04	1.2303e-08
1.5944e-04	1.2303e-08
1.5986e-04	1.2303e-08
1.6028e-04	1.2303e-08
1.6071e-04	1.2303e-08
1.6114e-04	1.2303e-08
1.6156e-04	1.2303e-08
1.6199e-04	1.2303e-08
1.6242e-04	1.2303e-08
1.6285e-04	1.2303e-08
1.6328e-04	1.2303e-08
1.6372e-04	1.2303e-08
1.6415e-04	1.2303e-08
1.6459e-04	1.2303e-08
1.6502e-04	1.2303e-08
1.6546e-04	1.2303e-08
1.6590e-04	1.2303e-08
1.6634e-04	1.2303e-08
1.6678e-04	1.2303e-08
1.6723e-04	1.2303e-08
1.6767e-04	1.2303e-08
1.6811e-04	1.2303e-08
1.6856e-04	1.2303e-08
1.6901e-04	1.2303e-08
1.6946e-04	1.2303e-08
1.6991e-04	1.2303e-08
1.7036e-04	1.2303e-08
1.7081e-04	1.2303e-08
1.7126e-04	1.2303e-08
1.7172e-04	1.2303e-08
1.7217e-04	1.2303e-08
1.7263e-04	1.2303e-08
1.7309e-04	1.2303e-08
1.7355e-04	1.2303e-08
1.7401e-04	1.2303e-08
1.7447e-04	1.2303e-08
1.7493e-04	1.2303e-08
1.7540e-04	1.2303e-08
1.7586e-04	1.2303e-08
1.7633e-04	1.2303e-08
1.7680e-04	1.2303e-08
1.7726e-04	1.2303e-08
1.7773e-04	1.2303e-08
1.7821e-04	1.2303e-08
1.7868e-04	1.2303e-08
1.7915e-04	1.2303e-08
1.7963e-04	1.2303e-08
1.8010e-04	1.2303e-08
1.8058e-04	1.2303e-08
1.8106e-04	1.2303e-08
1.8154e-04	1.2303e-08
1.8202e-04	1.2303e-08
1.8251e-04	1.2303e-08
1.8299e-04	1.2303e-08
1.8348e-04	1.2303e-08
1.8396e-04	1.2303e-08
1.8445e-04	1.2303e-08
1.8494e-04	1.2303e-08
1.8543e-04	1.2303e-08
1.8592e-04	1.2303e-08
1.8642e-04	1.2303e-08
1.8691e-04	1.2303e-08
1.8741e-04	1.2303e-08
1.8791e-04	1.2303e-08
1.8840e-04	1.2303e-08
1.8890e-04	1.2303e-08
1.8940e-04	1.2303e-08
1.8991e-04	1.2303e-08
1.9041e-04	1.2303e-08
1.9092e-04	1.2303e-08
1.9142e-04	1.2303e-08
1.9193e-04	1.2303e-08
1.9244e-04	1.2303e-08
1.9295e-04	1.2303e-08
1.9346e-04	1.2303e-08
1.9398e-04	1.2303e-08
1.9449e-04	1.2303e-08
1.9501e-04	1.2303e-08
1.9552e-04	1.2303e-08
1.9604e-04	1.2303e-08
1.9656e-04	1.2303e-08
1.9708e-04	1.2303e-08
1.9761e-04	1.2303e-08
1.9813e-04	1.2303e-08
1.9866e-04	1.2303e-08
1.9918e-04	1.2303e-08
1.9971e-04	1.2303e-08
2.0024e-04	1.2303e-08
2.0077e-04	1.2303e-08
2.0131e-04	1.2303e-08
2.0184e-04	1.2303e-08
2.0238e-04	1.2303e-08
2.0291e-04	1.2303e-08
2.0345e-04	1.2303e-08
2.0399e-04	1.2303e-08
2.0453e-04	1.2303e-08
2.0508e-04	1.2303e-08
2.0562e-04	1.2303e-08
2.0617e-04	1.2303e-08
2.0671e-04	1.2303e-08
2.0726e-04	1.2303e-08
2.0781e-04	1.2303e-08
2.0836e-04	1.2303e-08
2.0892e-04	1.2303e-08
2.0947e-04	1.2303e-08
2.1003e-04	1.2303e-08
2.1058e-04	1.2303e-08
2.1114e-04	1.2303e-08
2.1170e-04	1.2303e-08
2.1226e-04	1.2303e-08
2.1283e-04	1.2303e-08
2.1339e-04	1.2303e-08
2.1396e-04	1.2303e-08
2.1453e-04	1.2303e-08
2.1509e-04	1.2303e-08
2.1567e-04	1.2303e-08
2.1624e-04	1.2303e-08
2.1681e-04	1.2303e-08
2.1739e-04	1.2303e-08
2.1796e-04	1.2303e-08
2.1854e-04	1.2303e-08
2.1912e-04	1.2303e-08
2.1970e-04	1.2303e-08
2.2029e-04	1.2303e-08
2.2087e-04	1.2303e-08
2.2146e-04	1.2303e-08
2.2204e-04	1.2303e-08
2.2263e-04	1.2303e-08
2.2322e-04	1.2303e-08
2.2382e-04	1.2303e-08
2.2441e-04	1.2303e-08
2.2501e-04	1.2303e-08
2.2560e-04	1.2303e-08
2.2620e-04	1.2303e-08
2.2680e-04	1.2303e-08
2.2740e-04	1.2303e-08
2.2801e-04	1.2303e-08
2.2861e-04	1.2303e-08
2.2922e-04	1.2303e-08
2.2983e-04	1.2303e-08
2.3044e-04	1.2303e-08
2.3105e-04	1.2303e-08
2.3166e-04	1.2303e-08
2.3228e-04	1.2303e-08
2.3289e-04	1.2303e-08
2.3351e-04	1.2303e-08
2.3413e-04	1.2303e-08
2.3475e-04	1.2303e-08
2.3537e-04	1.2303e-08
2.3600e-04	1.2303e-08
2.3662e-04	1.2303e-08
2.3725e-04	1.2303e-08
2.3788e-04	1.2303e-08
2.3851e-04	1.2303e-08
2.3915e-04	1.2303e-08
2.3978e-04	1.2303e-08
2.4042e-04	1.2303e-08
2.4105e-04	1.2303e-08
2.4169e-04	1.2303e-08
2.4233e-04	1.2303e-08
2.4298e-04	1.2303e-08
2.4362e-04	1.2303e-08
2.4427e-04	1.2303e-08
2.4492e-04	1.2303e-08
2.4557e-04	1.2303e-08
2.4622e-04	1.2303e-08
2.4687e-04	1.2303e-08
2.4753e-04	1.2303e-08
2.4818e-04	1.2303e-08
2.4884e-04	1.2303e-08
2.4950e-04	1.2303e-08
2.5016e-04	1.2303e-08
2.5083e-04	1.2303e-08
2.5149e-04	1.2303e-08
2.5216e-04	1.2303e-08
2.5283e-04	1.2303e-08
2.5350e-04	1.2303e-08
2.5417e-04	1.2303e-08
2.5485e-04	1.2303e-08
2.5552e-04	1.2303e-08
2.5620e-04	1.2303e-08
2.5688e-04	1.2303e-08
2.5756e-04	1.2303e-08
2.5825e-04	1.2303e-08
2.5893e-04	1.2303e-08
2.5962e-04	1.2303e-08
2.6031e-04	1.2303e-08
2.6100e-04	1.2303e-08
2.6169e-04	1.2303e-08
2.6239e-04	1.2303e-08
2.6308e-04	1.2303e-08
2.6378e-04	1.2303e-08
2.6448e-04	1.2303e-08
2.6518e-04	1.2303e-08
2.6588e-04	1.2303e-08
2.6659e-04	1.2303e-08
2.6730e-04	1.2303e-08
2.6801e-04	1.2303e-08
2.6872e-04	1.2303e-08
2.6943e-04	1.2303e-08
2.7015e-04	1.2303e-08
2.7086e-04	1.2303e-08
2.7158e-04	1.2303e-08
2.7230e-04	1.2303e-08
2.7302e-04	1.2303e-08
2.7375e-04	1.2303e-08
2.7448e-04	1.2303e-08
2.7520e-04	1.2303e-08
2.7593e-04	1.2303e-08
2.7667e-04	1.2303e-08
2.7740e-04	1.2303e-08
2.7814e-04	1.2303e-08
2.7887e-04	1.2303e-08
2.7961e-04	1.2303e-08
2.8036e-04	1.2303e-08
2.8110e-04	1.2303e-08
2.8185e-04	1.2303e-08
2.8259e-04	1.2303e-08
2.8334e-04	1.2303e-08
2.8410e-04	1.2303e-08
2.8485e-04	1.2303e-08
2.8560e-04	1.2303e-08
2.8636e-04	1.2303e-08
2.8712e-04	1.2303e-08
2.8788e-04	1.2303e-08
2.8865e-04	1.2303e-08
2.8941e-04	1.2303e-08
2.9018e-04	1.2303e-08
2.9095e-04	1.2303e-08
2.9172e-04	1.2303e-08
2.9250e-04	1.2303e-08
2.9327e-04	1.2303e-08
2.9405e-04	1.2303e-08
2.9483e-04	1.2303e-08
2.9561e-04	1.2303e-08
2.9640e-04	1.2303e-08
2.9719e-04	1.2303e-08
2.9797e-04	1.2303e-08
2.9876e-04	1.2303e-08
2.9956e-04	1.2303e-08
3.0035e-04	1.2303e-08
3.0115e-04	1.2303e-08
3.0195e-04	1.2303e-08
3.0275e-04	1.2303e-08
3.0355e-04	1.2303e-08
3.0436e-04	1.2303e-08
3.0517e-04	1.2303e-08
3.0598e-04	1.2303e-08
3.0679e-04	1.2303e-08
3.0760e-04	1.2303e-08
3.0842e-04	1.2303e-08
3.0924e-04	1.2303e-08
3.1006e-04	1.2303e-08
3.1088e-04	1.2303e-08
3.1170e-04	1.2303e-08
3.1253e-04	1.2303e-08
3.1336e-04	1.2303e-08
3.1419e-04	1.2303e-08
3.1503e-04	1.2303e-08
3.1586e-04	1.2303e-08
3.1670e-04	1.2303e-08
3.1754e-04	1.2303e-08
3.1838e-04	1.2303e-08
3.1923e-04	1.2303e-08
3.2007e-04	1.2303e-08
3.2092e-04	1.2303e-08
3.2177e-04	1.2303e-08
3.2263e-04	1.2303e-08
3.2348e-04	1.2303e-08
3.2434e-04	1.2303e-08
3.2520e-04	1.2303e-08
3.2607e-04	1.2303e-08
3.2693e-04	1.2303e-08
3.2780e-04	1.2303e-08
3.2867e-04	1.2303e-08
3.2954e-04	1.2303e-08
3.3041e-04	1.2303e-08
3.3129e-04	1.2303e-08
3.3217e-04	1.2303e-08
3.3305e-04	1.2303e-08
3.3394e-04	1.2303e-08
3.3482e-04	1.2303e-08
3.3571e-04	1.2303e-08
3.3660e-04	1.2303e-08
3.3749e-04	1.2303e-08
3.3839e-04	1.2303e-08
3.3929e-04	1.2303e-08
3.4019e-04	1.2303e-08
3.4109e-04	1.2303e-08
3.4200e-04	1.2303e-08
3.4290e-04	1.2303e-08
3.4381e-04	1.2303e-08
3.4472e-04	1.2303e-08
3.4564e-04	1.2303e-08
3.4656e-04	1.2303e-08
3.4748e-04	1.2303e-08
3.4840e-04	1.2303e-08
3.4932e-04	1.2303e-08
3.5025e-04	1.2303e-08
3.5118e-04	1.2303e-08
3.5211e-04	1.2303e-08
3.5304e-04	1.2303e-08
3.5398e-04	1.2303e-08
3.5492e-04	1.2303e-08
3.5586e-04	1.2303e-08
3.5681e-04	1.2303e-08
3.5775e-04	1.2303e-08
3.5870e-04	1.2303e-08
3.5965e-04	1.2303e-08
3.6061e-04	1.2303e-08
3.6157e-04	1.2303e-08
3.6252e-04	1.2303e-08
3.6349e-04	1.2303e-08
3.6445e-04	1.2303e-08
3.6542e-04	1.2303e-08
3.6639e-04	1.2303e-08
3.6736e-04	1.2303e-08
3.6833e-04	1.2303e-08
3.6931e-04	1.2303e-08
3.7029e-04	1.2303e-08
3.7127e-04	1.2303e-08
3.7226e-04	1.2303e-08
3.7325e-04	1.2303e-08
3.7424e-04	1.2303e-08
3.7523e-04	1.2303e-08
3.7623e-04	1.2303e-08
3.7722e-04	1.2303e-08
3.7823e-04	1.2303e-08
3.7923e-04	1.2303e-08
3.8024e-04	1.2303e-08
3.8124e-04	1.2303e-08
3.8226e-04	1.2303e-08
3.8327e-04	1.2303e-08
3.8429e-04	1.2303e-08
3.8531e-04	1.2303e-08
3.8633e-04	1.2303e-08
3.8735e-04	1.2303e-08
3.8838e-04	1.2303e-08
3.8941e-04	1.2303e-08
3.9045e-04	1.2303e-08
3.9148e-04	1.2303e-08
3.9252e-04	1.2303e-08
3.9356e-04	1.2303e-08
3.9461e-04	1.2303e-08
3.9565e-04	1.2303e-08
3.9670e-04	1.2303e-08
3.9776e-04	1.2303e-08
3.9881e-04	1.2303e-08
3.9987e-04	1.2303e-08
4.0093e-04	1.2303e-08
4.0199e-04	1.2303e-08
4.0306e-04	1.2303e-08
4.0413e-04	1.2303e-08
4.0520e-04	1.2303e-08
4.0628e-04	1.2303e-08
4.0735e-04	1.2303e-08
4.0844e-04	1.2303e-08
4.0952e-04	1.2303e-08
4.1061e-04	1.2303e-08
4.1170e-04	1.2303e-08
4.1279e-04	1.2303e-08
4.1388e-04	1.2303e-08
4.1498e-04	1.2303e-08
4.1608e-04	1.2303e-08
4.1719e-04	1.2303e-08
4.1829e-04	1.2303e-08
4.1940e-04	1.2303e-08
4.2052e-04	1.2303e-08
4.2163e-04	1.2303e-08
4.2275e-04	1.2303e-08
4.2387e-04	1.2303e-08
4.2500e-04	1.2303e-08
4.2612e-04	1.2303e-08
4.2726e-04	1.2303e-08
4.2839e-04	1.2303e-08
4.2953e-04	1.2303e-08
4.3067e-04	1.2303e-08
4.3181e-04	1.2303e-08
4.3295e-04	1.2303e-08
4.3410e-04	1.2303e-08
4.3525e-04	1.2303e-08
4.3641e-04	1.2303e-08
4.3757e-04	1.2303e-08
4.3873e-04	1.2303e-08
4.3989e-04	1.2303e-08
4.4106e-04	1.2303e-08
4.4223e-04	1.2303e-08
4.4340e-04	1.2303e-08
4.4458e-04	1.2303e-08
4.4576e-04	1.2303e-08
4.4694e-04	1.2303e-08
4.4813e-04	1.2303e-08
4.4932e-04	1.2303e-08
4.5051e-04	1.2303e-08
4.5170e-04	1.2303e-08
4.5290e-04	1.2303e-08
4.5410e-04	1.2303e-08
4.5531e-04	1.2303e-08
4.5652e-04	1.2303e-08
4.5773e-04	1.2303e-08
4.5894e-04	1.2303e-08
4.6016e-04	1.2303e-08
4.6138e-04	1.2303e-08
4.6261e-04	1.2303e-08
4.6383e-04	1.2303e-08
4.6506e-04	1.2303e-08
4.6630e-04	1.2303e-08
4.6754e-04	1.2303e-08
4.6878e-04	1.2303e-08
4.7002e-04	1.2303e-08
4.7127e-04	1.2303e-08
4.7252e-04	1.2303e-08
4.7377e-04	1.2303e-08
4.7503e-04	1.2303e-08
4.7629e-04	1.2303e-08
4.7755e-04	1.2303e-08
4.7882e-04	1.2303e-08
4.8009e-04	1.2303e-08
4.8136e-04	1.2303e-08
4.8264e-04	1.2303e-08
4.8392e-04	1.2303e-08
4.8521e-04	1.2303e-08
4.8649e-04	1.2303e-08
4.8778e-04	1.2303e-08
4.8908e-04	1.2303e-08
4.9038e-04	1.2303e-08
4.9168e-04	1.2303e-08
4.9298e-04	1.2303e-08
4.9429e-04	1.2303e-08
4.9560e-04	1.2303e-08
4.9692e-04	1.2303e-08
4.9823e-04	1.2303e-08
4.9956e-04	1.2303e-08
5.0088e-04	1.2303e-08
5.0221e-04	1.2303e-08
5.0354e-04	1.2303e-08
5.0488e-04	1.2303e-08
5.0622e-04	1.2303e-08
5.0756e-04	1.2303e-08
5.0891e-04	1.2303e-08
5.1026e-04	1.2303e-08
5.1161e-04	1.2303e-08
5.1297e-04	1.2303e-08
5.1433e-04	1.2303e-08
5.1570e-04	1.2303e-08
5.1707e-04	1.2303e-08
5.1844e-04	1.2303e-08
5.1981e-04	1.2303e-08
5.2119e-04	1.2303e-08
5.2257e-04	1.2303e-08
5.2396e-04	1.2303e-08
5.2535e-04	1.2303e-08
5.2675e-04	1.2303e-08
5.2814e-04	1.2303e-08
5.2954e-04	1.2303e-08
5.3095e-04	1.2303e-08
5.3236e-04	1.2303e-08
5.3377e-04	1.2303e-08
5.3519e-04	1.2303e-08
5.3661e-04	1.2303e-08
5.3803e-04	1.2303e-08
5.3946e-04	1.2303e-08
5.4089e-04	1.2303e-08
5.4233e-04	1.2303e-08
5.4376e-04	1.2303e-08
5.4521e-04	1.2303e-08
5.4665e-04	1.2303e-08
5.4810e-04	1.2303e-08
5.4956e-04	1.2303e-08
5.5102e-04	1.2303e-08
5.5248e-04	1.2303e-08
5.5394e-04	1.2303e-08
5.5541e-04	1.2303e-08
5.5689e-04	1.2303e-08
5.5837e-04	1.2303e-08
5.5985e-04	1.2303e-08
5.6133e-04	1.2303e-08
5.6282e-04	1.2303e-08
5.6432e-04	1.2303e-08
5.6581e-04	1.2303e-08
5.6731e-04	1.2303e-08
5.6882e-04	1.2303e-08
5.7033e-04	1.2303e-08
5.7184e-04	1.2303e-08
5.7336e-04	1.2303e-08
5.7488e-04	1.2303e-08
5.7641e-04	1.2303e-08
5.7793e-04	1.2303e-08
5.7947e-04	1.2303e-08
5.8101e-04	1.2303e-08
5.8255e-04	1.2303e-08
5.8409e-04	1.2303e-08
5.8564e-04	1.2303e-08
5.8720e-04	1.2303e-08
5.8875e-04	1.2303e-08
5.9032e-04	1.2303e-08
5.9188e-04	1.2303e-08
5.9345e-04	1.2303e-08
5.9503e-04	1.2303e-08
5.9661e-04	1.2303e-08
5.9819e-04	1.2303e-08
5.9978e-04	1.2303e-08
6.0137e-04	1.2303e-08
6.0296e-04	1.2303e-08
6.0456e-04	1.2303e-08
6.0617e-04	1.2303e-08
6.0778e-04	1.2303e-08
6.0939e-04	1.2303e-08
6.1101e-04	1.2303e-08
6.1263e-04	1.2303e-08
6.1425e-04	1.2303e-08
6.1588e-04	1.2303e-08
6.1752e-04	1.2303e-08
6.1916e-04	1.2303e-08
6.2080e-04	1.2303e-08
6.2245e-04	1.2303e-08
6.2410e-04	1.2303e-08
6.2575e-04	1.2303e-08
6.2741e-04	1.2303e-08
6.2908e-04	1.2303e-08
6.3075e-04	1.2303e-08
6.3242e-04	1.2303e-08
6.3410e-04	1.2303e-08
6.3578e-04	1.2303e-08
6.3747e-04	1.2303e-08
6.3916e-04	1.2303e-08
6.4086e-04	1.2303e-08
6.4256e-04	1.2303e-08
6.4426e-04	1.2303e-08
6.4597e-04	1.2303e-08
6.4768e-04	1.2303e-08
6.4940e-04	1.2303e-08
6.5113e-04	1.2303e-08
6.5285e-04	1.2303e-08
6.5459e-04	1.2303e-08
6.5632e-04	1.2303e-08
6.5806e-04	1.2303e-08
6.5981e-04	1.2303e-08
6.6156e-04	1.2303e-08
6.6332e-04	1.2303e-08
6.6508e-04	1.2303e-08
6.6684e-04	1.2303e-08
6.6861e-04	1.2303e-08
6.7038e-04	1.2303e-08
6.7216e-04	1.2303e-08
6.7395e-04	1.2303e-08
6.7573e-04	1.2303e-08
6.7753e-04	1.2303e-08
6.7933e-04	1.2303e-08
6.8113e-04	1.2303e-08
6.8294e-04	1.2303e-08
6.8475e-04	1.2303e-08
6.8656e-04	1.2303e-08
6.8839e-04	1.2303e-08
6.9021e-04	1.2303e-08
6.9204e-04	1.2303e-08
6.9388e-04	1.2303e-08
6.9572e-04	1.2303e-08
6.9757e-04	1.2303e-08
6.9942e-04	1.2303e-08
7.0127e-04	1.2303e-08
7.0313e-04	1.2303e-08
7.0500e-04	1.2303e-08
7.0687e-04	1.2303e-08
7.0875e-04	1.2303e-08
7.1063e-04	1.2303e-08
7.1251e-04	1.2303e-08
7.1440e-04	1.2303e-08
7.1630e-04	1.2303e-08
7.1820e-04	1.2303e-08
7.2010e-04	1.2303e-08
7.2202e-04	1.2303e-08
7.2393e-04	1.2303e-08
7.2585e-04	1.2303e-08
7.2778e-04	1.2303e-08
7.2971e-04	1.2303e-08
7.3164e-04	1.2303e-08
7.3359e-04	1.2303e-08
7.3553e-04	1.2303e-08
7.3748e-04	1.2303e-08
7.3944e-04	1.2303e-08
7.4140e-04	1.2303e-08
7.4337e-04	1.2303e-08
7.4534e-04	1.2303e-08
7.4732e-04	1.2303e-08
7.4930e-04	1.2303e-08
7.5129e-04	1.2303e-08
7.5328e-04	1.2303e-08
7.5528e-04	1.2303e-08
7.5729e-04	1.2303e-08
7.5930e-04	1.2303e-08
7.6131e-04	1.2303e-08
7.6333e-04	1.2303e-08
7.6536e-04	1.2303e-08
7.6739e-04	1.2303e-08
7.6942e-04	1.2303e-08
7.7147e-04	1.2303e-08
7.7351e-04	1.2303e-08
7.7556e-04	1.2303e-08
7.7762e-04	1.2303e-08
7.7969e-04	1.2303e-08
7.8175e-04	1.2303e-08
7.8383e-04	1.2303e-08
7.8591e-04	1.2303e-08
7.8799e-04	1.2303e-08
7.9008e-04	1.2303e-08
7.9218e-04	1.2303e-08
7.9428e-04	1.2303e-08
7.9639e-04	1.2303e-08
7.9850e-04	1.2303e-08
8.0062e-04	1.2303e-08
8.0275e-04	1.2303e-08
8.0488e-04	1.2303e-08
8.0701e-04	1.2303e-08
8.0915e-04	1.2303e-08
8.1130e-04	1.2303e-08
8.1345e-04	1.2303e-08
8.1561e-04	1.2303e-08
8.1778e-04	1.2303e-08
8.1995e-04	1.2303e-08
8.2212e-04	1.2303e-08
8.2430e-04	1.2303e-08
8.2649e-04	1.2303e-08
8.2868e-04	1.2303e-08
8.3088e-04	1.2303e-08
8.3309e-04	1.2303e-08
8.3530e-04	1.2303e-08
8.3751e-04	1.2303e-08
8.3973e-04	1.2303e-08
8.4196e-04	1.2303e-08
8.4420e-04	1.2303e-08
8.4644e-04	1.2303e-08
8.4868e-04	1.2303e-08
8.5093e-04	1.2303e-08
8.5319e-04	1.2303e-08
8.5546e-04	1.2303e-08
8.5773e-04	1.2303e-08
8.6000e-04	1.2303e-08
8.6228e-04	1.2303e-08
8.6457e-04	1.2303e-08
8.6687e-04	1.2303e-08
8.6917e-04	1.2303e-08
8.7147e-04	1.2303e-08
8.7378e-04	1.2303e-08
8.7610e-04	1.2303e-08
8.7843e-04	1.2303e-08
8.8076e-04	1.2303e-08
8.8309e-04	1.2303e-08
8.8544e-04	1.2303e-08
8.8779e-04	1.2303e-08
8.9014e-04	1.2303e-08
8.9250e-04	1.2303e-08
8.9487e-04	1.2303e-08
8.9725e-04	1.2303e-08
8.9963e-04	1.2303e-08
9.0202e-04	1.2303e-08
9.0441e-04	1.2303e-08
9.0681e-04	1.2303e-08
9.0921e-04	1.2303e-08
9.1163e-04	1.2303e-08
9.1405e-04	1.2303e-08
9.1647e-04	1.2303e-08
9.1890e-04	1.2303e-08
9.2134e-04	1.2303e-08
9.2379e-04	1.2303e-08
9.2624e-04	1.2303e-08
9.2869e-04	1.2303e-08
9.3116e-04	1.2303e-08
9.3363e-04	1.2303e-08
9.3611e-04	1.2303e-08
9.3859e-04	1.2303e-08
9.4108e-04	1.2303e-08
9.4358e-04	1.2303e-08
9.4608e-04	1.2303e-08
9.4859e-04	1.2303e-08
9.5111e-04	1.2303e-08
9.5363e-04	1.2303e-08
9.5616e-04	1.2303e-08
9.5870e-04	1.2303e-08
9.6124e-04	1.2303e-08
9.6379e-04	1.2303e-08
9.6635e-04	1.2303e-08
9.6891e-04	1.2303e-08
9.7149e-04	1.2303e-08
9.7406e-04	1.2303e-08
9.7665e-04	1.2303e-08
9.7924e-04	1.2303e-08
9.8184e-04	1.2303e-08
9.8444e-04	1.2303e-08
9.8705e-04	1.2303e-08
9.8967e-04	1.2303e-08
9.9230e-04	1.2303e-08
9.9493e-04	1.2303e-08
9.9757e-04	1.2303e-08
1.0002e-03	1.2303e-08
1.0029e-03	1.2303e-08
1.0055e-03	1.2303e-08
1.0082e-03	1.2303e-08
1.0109e-03	1.2302e-08
1.0136e-03	1.2302e-08
1.0162e-03	1.2302e-08
1.0189e-03	1.2302e-08
1.0216e-03	1.2302e-08
1.0244e-03	1.2302e-08
1.0271e-03	1.2301e-08
1.0298e-03	1.2301e-08
1.0325e-03	1.2301e-08
1.0353e-03	1.2300e-08
1.0380e-03	1.2300e-08
1.0408e-03	1.2300e-08
1.0435e-03	1.2299e-08
1.0463e-03	1.2299e-08
1.0491e-03	1.2298e-08
1.0519e-03	1.2298e-08
1.0547e-03	1.2297e-08
1.0575e-03	1.2297e-08
1.0603e-03	1.2296e-08
1.0631e-03	1.2296e-08
1.0659e-03	1.2295e-08
1.0687e-03	1.2295e-08
1.0716e-03	1.2294e-08
1.0744e-03	1.2293e-08
1.0773e-03	1.2293e-08
1.0801e-03	1.2292e-08
1.0830e-03	1.2291e-08
1.0859e-03	1.2291e-08
1.0887e-03	1.2290e-08
1.0916e-03	1.2289e-08
1.0945e-03	1.2289e-08
1.0974e-03	1.2288e-08
1.1003e-03	1.2287e-08
1.1033e-03	1.2286e-08
1.1062e-03	1.2286e-08
1.1091e-03	1.2285e-08
1.1121e-03	1.2284e-08
1.1150e-03	1.2283e-08
1.1180e-03	1.2283e-08
1.1209e-03	1.2282e-08
1.1239e-03	1.2281e-08
1.1269e-03	1.2280e-08
1.1299e-03	1.2279e-08
1.1329e-03	1.2278e-08
1.1359e-03	1.2278e-08
1.1389e-03	1.2277e-08
1.1419e-03	1.2276e-08
1.1449e-03	1.2275e-08
1.1480e-03	1.2274e-08
1.1510e-03	1.2273e-08
1.1541e-03	1.2272e-08
1.1571e-03	1.2272e-08
1.1602e-03	1.2271e-08
1.1633e-03	1.2270e-08
1.1664e-03	1.2269e-08
1.1695e-03	1.2268e-08
1.1726e-03	1.2267e-08
1.1757e-03	1.2266e-08
1.1788e-03	1.2266e-08
1.1819e-03	1.2265e-08
1.1851e-03	1.2264e-08
1.1882e-03	1.2263e-08
1.1914e-03	1.2262e-08
1.1945e-03	1.2261e-08
1.1977e-03	1.2260e-08
1.2009e-03	1.2260e-08
1.2041e-03	1.2259e-08
1.2073e-03	1.2258e-08
1.2105e-03	1.2257e-08
1.2137e-03	1.2256e-08
1.2169e-03	1.2256e-08
1.2201e-03	1.2255e-08
1.2234e-03	1.2254e-08
1.2266e-03	1.2253e-08
1.2299e-03	1.2252e-08
1.2331e-03	1.2252e-08
1.2364e-03	1.2251e-08
1.2397e-03	1.2250e-08
1.2430e-03	1.2249e-08
1.2463e-03	1.2249e-08
1.2496e-03	1.2248e-08
1.2529e-03	1.2247e-08
1.2562e-03	1.2247e-08
1.2595e-03	1.2246e-08
1.2629e-03	1.2245e-08
1.2662e-03	1.2245e-08
1.2696e-03	1.2244e-08
1.2730e-03	1.2243e-08
1.2763e-03	1.2243e-08
1.2797e-03	1.2242e-08
1.2831e-03	1.2241e-08
1.2865e-03	1.2241e-08
1.2899e-03	1.2240e-08
1.2934e-03	1.2240e-08
1.2968e-03	1.2239e-08
1.3002e-03	1.2238e-08
1.3037e-03	1.2238e-08
1.3072e-03	1.2237e-08
1.3106e-03	1.2236e-08
1.3141e-03	1.2236e-08
1.3176e-03	1.2235e-08
1.3211e-03	1.2234e-08
1.3246e-03	1.2234e-08
1.3281e-03	1.2233e-08
1.3316e-03	1.2232e-08
1.3352e-03	1.2232e-08
1.3387e-03	1.2231e-08
1.3423e-03	1.2230e-08
1.3458e-03	1.2230e-08
1.3494e-03	1.2229e-08
1.3530e-03	1.2229e-08
1.3566e-03	1.2228e-08
1.3602e-03	1.2227e-08
1.3638e-03	1.2227e-08
1.3674e-03	1.2226e-08
1.3710e-03	1.2225e-08
1.3746e-03	1.2225e-08
1.3783e-03	1.2224e-08
1.3820e-03	1.2223e-08
1.3856e-03	1.2223e-08
1.3893e-03	1.2222e-08
1.3930e-03	1.2221e-08
1.3967e-03	1.2221e-08
1.4004e-03	1.2220e-08
1.4041e-03	1.2219e-08
1.4078e-03	1.2219e-08
1.4116e-03	1.2218e-08
1.4153e-03	1.2218e-08
1.4191e-03	1.2217e-08
1.4228e-03	1.2216e-08
1.4266e-03	1.2216e-08
1.4304e-03	1.2215e-08
1.4342e-03	1.2214e-08
1.4380e-03	1.2214e-08
1.4418e-03	1.2213e-08
1.4456e-03	1.2212e-08
1.4495e-03	1.2212e-08
1.4533e-03	1.2211e-08
1.4572e-03	1.2210e-08
1.4610e-03	1.2210e-08
1.4649e-03	1.2209e-08
1.4688e-03	1.2208e-08
1.4727e-03	1.2208e-08
1.4766e-03	1.2207e-08
1.4805e-03	1.2207e-08
1.4844e-03	1.2206e-08
1.4884e-03	1.2205e-08
1.4923e-03	1.2205e-08
1.4963e-03	1.2204e-08
1.5003e-03	1.2203e-08
1.5042e-03	1.2203e-08
1.5082e-03	1.2202e-08
1.5122e-03	1.2201e-08
1.5163e-03	1.2201e-08
1.5203e-03	1.2200e-08
1.5243e-03	1.2199e-08
1.5284e-03	1.2199e-08
1.5324e-03	1.2198e-08
1.5365e-03	1.2197e-08
1.5406e-03	1.2197e-08
1.5446e-03	1.2196e-08
1.5487e-03	1.2196e-08
1.5528e-03	1.2195e-08
1.5570e-03	1.2194e-08
1.5611e-03	1.2194e-08
1.5652e-03	1.2193e-08
1.5694e-03	1.2192e-08
1.5736e-03	1.2192e-08
1.5777e-03	1.2191e-08
1.5819e-03	1.2190e-08
1.5861e-03	1.2190e-08
1.5903e-03	1.2189e-08
1.5945e-03	1.2188e-08
1.5988e-03	1.2188e-08
1.6030e-03	1.2187e-08
1.6073e-03	1.2186e-08
1.6115e-03	1.2186e-08
1.6158e-03	1.2185e-08
1.6201e-03	1.2185e-08
1.6244e-03	1.2184e-08
1.6287e-03	1.2183e-08
1.6330e-03	1.2183e-08
1.6374e-03	1.2182e-08
1.6417e-03	1.2181e-08
1.6461e-03	1.2181e-08
1.6504e-03	1.2180e-08
1.6548e-03	1.2179e-08
1.6592e-03	1.2179e-08
1.6636e-03	1.2178e-08
1.6680e-03	1.2177e-08
1.6724e-03	1.2177e-08
1.6769e-03	1.2176e-08
1.6813e-03	1.2176e-08
1.6858e-03	1.2175e-08
1.6903e-03	1.2174e-08
1.6947e-03	1.2174e-08
1.6992e-03	1.2173e-08
1.7038e-03	1.2172e-08
1.7083e-03	1.2172e-08
1.7128e-03	1.2171e-08
1.7174e-03	1.2170e-08
1.7219e-03	1.2170e-08
1.7265e-03	1.2169e-08
1.7311e-03	1.2168e-08
1.7356e-03	1.2168e-08
1.7403e-03	1.2167e-08
1.7449e-03	1.2166e-08
1.7495e-03	1.2166e-08
1.7541e-03	1.2165e-08
1.7588e-03	1.2165e-08
1.7635e-03	1.2164e-08
1.7681e-03	1.2163e-08
1.7728e-03	1.2163e-08
1.7775e-03	1.2162e-08
1.7823e-03	1.2161e-08
1.7870e-03	1.2161e-08
1.7917e-03	1.2160e-08
1.7965e-03	1.2159e-08
1.8012e-03	1.2159e-08
1.8060e-03	1.2158e-08
1.8108e-03	1.2157e-08
1.8156e-03	1.2157e-08
1.8204e-03	1.2156e-08
1.8253e-03	1.2156e-08
1.8301e-03	1.2155e-08
1.8350e-03	1.2154e-08
1.8398e-03	1.2154e-08
1.8447e-03	1.2153e-08
1.8496e-03	1.2152e-08
1.8545e-03	1.2152e-08
1.8594e-03	1.2151e-08
1.8644e-03	1.2150e-08
1.8693e-03	1.2150e-08
1.8743e-03	1.2149e-08
1.8793e-03	1.2148e-08
1.8842e-03	1.2148e-08
1.8892e-03	1.2147e-08
1.8943e-03	1.2147e-08
1.8993e-03	1.2146e-08
1.9043e-03	1.2145e-08
1.9094e-03	1.2145e-08
1.9144e-03	1.2144e-08
1.9195e-03	1.2143e-08
1.9246e-03	1.2143e-08
1.9297e-03	1.2142e-08
1.9348e-03	1.2141e-08
1.9400e-03	1.2141e-08
1.9451e-03	1.2140e-08
1.9503e-03	1.2139e-08
1.9555e-03	1.2139e-08
1.9606e-03	1.2138e-08
1.9658e-03	1.2137e-08
1.9711e-03	1.2137e-08
1.9763e-03	1.2136e-08
1.9815e-03	1.2136e-08
1.9868e-03	1.2135e-08
1.9921e-03	1.2134e-08
1.9974e-03	1.2134e-08
2.0027e-03	1.2133e-08
2.0080e-03	1.2132e-08
2.0133e-03	1.2132e-08
2.0186e-03	1.2131e-08
2.0240e-03	1.2130e-08
2.0294e-03	1.2130e-08
2.0347e-03	1.2129e-08
2.0401e-03	1.2128e-08
2.0456e-03	1.2128e-08
2.0510e-03	1.2127e-08
2.0564e-03	1.2127e-08
2.0619e-03	1.2126e-08
2.0674e-03	1.2125e-08
2.0728e-03	1.2125e-08
2.0783e-03	1.2124e-08
2.0839e-03	1.2123e-08
2.0894e-03	1.2123e-08
2.0949e-03	1.2122e-08
2.1005e-03	1.2121e-08
2.1061e-03	1.2121e-08
2.1116e-03	1.2120e-08
2.1173e-03	1.2119e-08
2.1229e-03	1.2119e-08
2.1285e-03	1.2118e-08
2.1341e-03	1.2118e-08
2.1398e-03	1.2117e-08
2.1455e-03	1.2116e-08
2.1512e-03	1.2116e-08
2.1569e-03	1.2115e-08
2.1626e-03	1.2114e-08
2.1684e-03	1.2114e-08
2.1741e-03	1.2113e-08
2.1799e-03	1.2112e-08
2.1857e-03	1.2112e-08
2.1915e-03	1.2111e-08
2.1973e-03	1.2111e-08
2.2031e-03	1.2110e-08
2.2089e-03	1.2109e-08
2.2148e-03	1.2109e-08
2.2207e-03	1.2108e-08
2.2266e-03	1.2107e-08
2.2325e-03	1.2107e-08
2.2384e-03	1.2106e-08
2.2443e-03	1.2105e-08
2.2503e-03	1.2105e-08
2.2563e-03	1.2104e-08
2.2623e-03	1.2103e-08
2.2683e-03	1.2103e-08
2.2743e-03	1.2102e-08
2.2803e-03	1.2102e-08
2.2864e-03	1.2101e-08
2.2924e-03	1.2100e-08
2.2985e-03	1.2100e-08
2.3046e-03	1.2099e-08
2.3107e-03	1.2098e-08
2.3169e-03	1.2098e-08
2.3230e-03	1.2097e-08
2.3292e-03	1.2096e-08
2.3353e-03	1.2096e-08
2.3415e-03	1.2095e-08
2.3478e-03	1.2094e-08
2.3540e-03	1.2094e-08
2.3602e-03	1.2093e-08
2.3665e-03	1.2093e-08
2.3728e-03	1.2092e-08
2.3791e-03	1.2091e-08
2.3854e-03	1.2091e-08
2.3917e-03	1.2090e-08
2.3981e-03	1.2089e-08
2.4044e-03	1.2089e-08
2.4108e-03	1.2088e-08
2.4172e-03	1.2087e-08
2.4236e-03	1.2087e-08
2.4300e-03	1.2086e-08
2.4365e-03	1.2086e-08
2.4430e-03	1.2085e-08
2.4494e-03	1.2084e-08
2.4559e-03	1.2084e-08
2.4625e-03	1.2083e-08
2.4690e-03	1.2082e-08
2.4755e-03	1.2082e-08
2.4821e-03	1.2081e-08
2.4887e-03	1.2080e-08
2.4953e-03	1.2080e-08
2.5019e-03	1.2079e-08
2.5086e-03	1.2078e-08
2.5152e-03	1.2078e-08
2.5219e-03	1.2077e-08
2.5286e-03	1.2077e-08
2.5353e-03	1.2076e-08
2.5420e-03	1.2075e-08
2.5488e-03	1.2075e-08
2.5555e-03	1.2074e-08
2.5623e-03	1.2074e-08
2.5691e-03	1.2073e-08
2.5759e-03	1.2073e-08
2.5828e-03	1.2072e-08
2.5896e-03	1.2072e-08
2.5965e-03	1.2071e-08
2.6034e-03	1.2070e-08
2.6103e-03	1.2070e-08
2.6172e-03	1.2069e-08
2.6241e-03	1.2069e-08
2.6311e-03	1.2068e-08
2.6381e-03	1.2068e-08
2.6451e-03	1.2068e-08
2.6521e-03	1.2067e-08
2.6591e-03	1.2067e-08
2.6662e-03	1.2066e-08
2.6733e-03	1.2066e-08
2.6804e-03	1.2065e-08
2.6875e-03	1.2065e-08
2.6946e-03	1.2064e-08
2.7018e-03	1.2064e-08
2.7089e-03	1.2063e-08
2.7161e-03	1.2063e-08
2.7233e-03	1.2062e-08
2.7305e-03	1.2062e-08
2.7378e-03	1.2062e-08
2.7451e-03	1.2061e-08
2.7523e-03	1.2061e-08
2.7596e-03	1.2060e-08
2.7670e-03	1.2060e-08
2.7743e-03	1.2059e-08
2.7817e-03	1.2059e-08
2.7890e-03	1.2058e-08
2.7964e-03	1.2058e-08
2.8039e-03	1.2057e-08
2.8113e-03	1.2057e-08
2.8188e-03	1.2056e-08
2.8262e-03	1.2056e-08
2.8337e-03	1.2055e-08
2.8413e-03	1.2055e-08
2.8488e-03	1.2054e-08
2.8564e-03	1.2054e-08
2.8639e-03	1.2053e-08
2.8715e-03	1.2053e-08
2.8792e-03	1.2052e-08
2.8868e-03	1.2051e-08
2.8945e-03	1.2051e-08
2.9021e-03	1.2050e-08
2.9098e-03	1.2050e-08
2.9176e-03	1.2049e-08
2.9253e-03	1.2048e-08
2.9331e-03	1.2048e-08
2.9408e-03	1.2047e-08
2.9486e-03	1.2046e-08
2.9565e-03	1.2046e-08
2.9643e-03	1.2045e-08
2.9722e-03	1.2044e-08
2.9801e-03	1.2044e-08
2.9880e-03	1.2043e-08
2.9959e-03	1.2042e-08
3.0038e-03	1.2041e-08
3.0118e-03	1.2041e-08
3.0198e-03	1.2040e-08
3.0278e-03	1.2039e-08
3.0359e-03	1.2038e-08
3.0439e-03	1.2037e-08
3.0520e-03	1.2036e-08
3.0601e-03	1.2036e-08
3.0682e-03	1.2035e-08
3.0763e-03	1.2034e-08
3.0845e-03	1.2033e-08
3.0927e-03	1.2032e-08
3.1009e-03	1.2031e-08
3.1091e-03	1.2030e-08
3.1174e-03	1.2029e-08
3.1256e-03	1.2028e-08
3.1339e-03	1.2027e-08
3.1423e-03	1.2025e-08
3.1506e-03	1.2024e-08
3.1590e-03	1.2023e-08
3.1673e-03	1.2022e-08
3.1757e-03	1.2020e-08
3.1842e-03	1.2018e-08
3.1926e-03	1.2016e-08
3.2011e-03	1.2014e-08
3.2096e-03	1.2011e-08
3.2181e-03	1.2008e-08
3.2266e-03	1.2005e-08
3.2352e-03	1.2001e-08
3.2438e-03	1.1997e-08
3.2524e-03	1.1993e-08
3.2610e-03	1.1988e-08
3.2697e-03	1.1984e-08
3.2783e-03	1.1979e-08
3.2870e-03	1.1974e-08
3.2958e-03	1.1968e-08
3.3045e-03	1.1962e-08
3.3133e-03	1.1956e-08
3.3221e-03	1.1950e-08
3.3309e-03	1.1944e-08
3.3397e-03	1.1937e-08
3.3486e-03	1.1931e-08
3.3575e-03	1.1924e-08
3.3664e-03	1.1917e-08
3.3753e-03	1.1909e-08
3.3843e-03	1.1902e-08
3.3932e-03	1.1894e-08
3.4022e-03	1.1886e-08
3.4113e-03	1.1878e-08
3.4203e-03	1.1870e-08
3.4294e-03	1.1861e-08
3.4385e-03	1.1853e-08
3.4476e-03	1.1844e-08
3.4568e-03	1.1836e-08
3.4659e-03	1.1827e-08
3.4751e-03	1.1818e-08
3.4844e-03	1.1808e-08
3.4936e-03	1.1799e-08
3.5029e-03	1.1790e-08
3.5122e-03	1.1780e-08
3.5215e-03	1.1771e-08
3.5308e-03	1.1761e-08
3.5402e-03	1.1751e-08
3.5496e-03	1.1742e-08
3.5590e-03	1.1732e-08
3.5685e-03	1.1722e-08
3.5779e-03	1.1712e-08
3.5874e-03	1.1702e-08
3.5969e-03	1.1692e-08
3.6065e-03	1.1682e-08
3.6160e-03	1.1671e-08
3.6256e-03	1.1661e-08
3.6353e-03	1.1651e-08
3.6449e-03	1.1641e-08
3.6546e-03	1.1630e-08
3.6643e-03	1.1620e-08
3.6740e-03	1.1610e-08
3.6837e-03	1.1600e-08
3.6935e-03	1.1589e-08
3.7033e-03	1.1579e-08
3.7131e-03	1.1569e-08
3.7230e-03	1.1559e-08
3.7329e-03	1.1548e-08
3.7428e-03	1.1538e-08
3.7527e-03	1.1528e-08
3.7627e-03	1.1518e-08
3.7727e-03	1.1508e-08
3.7827e-03	1.1498e-08
3.7927e-03	1.1488e-08
3.8028e-03	1.1478e-08
3.8129e-03	1.1469e-08
3.8230e-03	1.1459e-08
3.8331e-03	1.1449e-08
3.8433e-03	1.1440e-08
3.8535e-03	1.1430e-08
3.8637e-03	1.1421e-08
3.8740e-03	1.1412e-08
3.8842e-03	1.1403e-08
3.8945e-03	1.1394e-08
3.9049e-03	1.1385e-08
3.9152e-03	1.1376e-08
3.9256e-03	1.1367e-08
3.9360e-03	1.1359e-08
3.9465e-03	1.1351e-08
3.9570e-03	1.1342e-08
3.9675e-03	1.1334e-08
3.9780e-03	1.1326e-08
3.9885e-03	1.1318e-08
3.9991e-03	1.1311e-08
4.0097e-03	1.1303e-08
4.0204e-03	1.1295e-08
4.0310e-03	1.1287e-08
4.0417e-03	1.1280e-08
4.0525e-03	1.1272e-08
4.0632e-03	1.1264e-08
4.0740e-03	1.1256e-08
4.0848e-03	1.1249e-08
4.0956e-03	1.1241e-08
4.1065e-03	1.1233e-08
4.1174e-03	1.1225e-08
4.1283e-03	1.1218e-08
4.1393e-03	1.1210e-08
4.1503e-03	1.1202e-08
4.1613e-03	1.1194e-08
4.1723e-03	1.1187e-08
4.1834e-03	1.1179e-08
4.1945e-03	1.1171e-08
4.2056e-03	1.1164e-08
4.2168e-03	1.1156e-08
4.2280e-03	1.1148e-08
4.2392e-03	1.1141e-08
4.2504e-03	1.1133e-08
4.2617e-03	1.1125e-08
4.2730e-03	1.1118e-08
4.2844e-03	1.1110e-08
4.2957e-03	1.1102e-08
4.3071e-03	1.1095e-08
4.3186e-03	1.1087e-08
4.3300e-03	1.1079e-08
4.3415e-03	1.1072e-08
4.3530e-03	1.1064e-08
4.3646e-03	1.1056e-08
4.3761e-03	1.1049e-08
4.3878e-03	1.1041e-08
4.3994e-03	1.1034e-08
4.4111e-03	1.1026e-08
4.4228e-03	1.1018e-08
4.4345e-03	1.1011e-08
4.4463e-03	1.1003e-08
4.4581e-03	1.0996e-08
4.4699e-03	1.0988e-08
4.4818e-03	1.0981e-08
4.4937e-03	1.0973e-08
4.5056e-03	1.0965e-08
4.5175e-03	1.0958e-08
4.5295e-03	1.0950e-08
4.5415e-03	1.0943e-08
4.5536e-03	1.0935e-08
4.5657e-03	1.0928e-08
4.5778e-03	1.0920e-08
4.5899e-03	1.0913e-08
4.6021e-03	1.0905e-08
4.6143e-03	1.0898e-08
4.6266e-03	1.0890e-08
4.6388e-03	1.0883e-08
4.6512e-03	1.0875e-08
4.6635e-03	1.0868e-08
4.6759e-03	1.0860e-08
4.6883e-03	1.0853e-08
4.7007e-03	1.0845e-08
4.7132e-03	1.0838e-08
4.7257e-03	1.0830e-08
4.7382e-03	1.0823e-08
4.7508e-03	1.0815e-08
4.7634e-03	1.0808e-08
4.7760e-03	1.0800e-08
4.7887e-03	1.0793e-08
4.8014e-03	1.0786e-08
4.8142e-03	1.0778e-08
4.8269e-03	1.0771e-08
4.8397e-03	1.0763e-08
4.8526e-03	1.0756e-08
4.8655e-03	1.0748e-08
4.8784e-03	1.0741e-08
4.8913e-03	1.0734e-08
4.9043e-03	1.0726e-08
4.9173e-03	1.0719e-08
4.9304e-03	1.0712e-08
4.9434e-03	1.0704e-08
4.9566e-03	1.0697e-08
4.9697e-03	1.0689e-08
4.9829e-03	1.0682e-08
4.9961e-03	1.0675e-08
5.0094e-03	1.0667e-08
5.0227e-03	1.0660e-08
5.0360e-03	1.0653e-08
5.0494e-03	1.0645e-08
5.0627e-03	1.0638e-08
5.0762e-03	1.0631e-08
5.0897e-03	1.0623e-08
5.1032e-03	1.0616e-08
5.1167e-03	1.0609e-08
5.1303e-03	1.0601e-08
5.1439e-03	1.0594e-08
5.1575e-03	1.0587e-08
5.1712e-03	1.0580e-08
5.1849e-03	1.0572e-08
5.1987e-03	1.0565e-08
5.2125e-03	1.0558e-08
5.2263e-03	1.0550e-08
5.2402e-03	1.0543e-08
5.2541e-03	1.0536e-08
5.2680e-03	1.0529e-08
5.2820e-03	1.0521e-08
5.2960e-03	1.0514e-08
5.3101e-03	1.0507e-08
5.3242e-03	1.0500e-08
5.3383e-03	1.0492e-08
5.3525e-03	1.0485e-08
5.3667e-03	1.0478e-08
5.3809e-03	1.0471e-08
5.3952e-03	1.0464e-08
5.4095e-03	1.0456e-08
5.4238e-03	1.0449e-08
5.4382e-03	1.0442e-08
5.4527e-03	1.0435e-08
5.4671e-03	1.0428e-08
5.4816e-03	1.0420e-08
5.4962e-03	1.0413e-08
5.5108e-03	1.0406e-08
5.5254e-03	1.0399e-08
5.5400e-03	1.0392e-08
5.5547e-03	1.0385e-08
5.5695e-03	1.0377e-08
5.5843e-03	1.0370e-08
5.5991e-03	1.0363e-08
5.6139e-03	1.0356e-08
5.6288e-03	1.0349e-08
5.6438e-03	1.0342e-08
5.6587e-03	1.0335e-08
5.6738e-03	1.0327e-08
5.6888e-03	1.0320e-08
5.7039e-03	1.0313e-08
5.7190e-03	1.0306e-08
5.7342e-03	1.0299e-08
5.7494e-03	1.0292e-08
5.7647e-03	1.0285e-08
5.7800e-03	1.0278e-08
5.7953e-03	1.0271e-08
5.8107e-03	1.0264e-08
5.8261e-03	1.0257e-08
5.8416e-03	1.0249e-08
5.8571e-03	1.0242e-08
5.8726e-03	1.0235e-08
5.8882e-03	1.0228e-08
5.9038e-03	1.0221e-08
5.9195e-03	1.0214e-08
5.9352e-03	1.0207e-08
5.9509e-03	1.0200e-08
5.9667e-03	1.0193e-08
5.9826e-03	1.0186e-08
5.9984e-03	1.0179e-08
6.0143e-03	1.0172e-08
6.0303e-03	1.0165e-08
6.0463e-03	1.0158e-08
6.0623e-03	1.0151e-08
6.0784e-03	1.0144e-08
6.0946e-03	1.0137e-08
6.1107e-03	1.0130e-08
6.1269e-03	1.0123e-08
6.1432e-03	1.0116e-08
6.1595e-03	1.0109e-08
6.1758e-03	1.0102e-08
6.1922e-03	1.0095e-08
6.2087e-03	1.0088e-08
6.2251e-03	1.0081e-08
6.2417e-03	1.0074e-08
6.2582e-03	1.0068e-08
6.2748e-03	1.0061e-08
6.2915e-03	1.0054e-08
6.3082e-03	1.0047e-08
6.3249e-03	1.0040e-08
6.3417e-03	1.0033e-08
6.3585e-03	1.0026e-08
6.3754e-03	1.0019e-08
6.3923e-03	1.0012e-08
6.4093e-03	1.0005e-08
6.4263e-03	9.9984e-09
6.4433e-03	9.9915e-09
6.4604e-03	9.9846e-09
6.4776e-03	9.9778e-09
6.4947e-03	9.9709e-09
6.5120e-03	9.9640e-09
6.5293e-03	9.9572e-09
6.5466e-03	9.9503e-09
6.5639e-03	9.9435e-09
6.5814e-03	9.9366e-09
6.5988e-03	9.9298e-09
6.6163e-03	9.9229e-09
6.6339e-03	9.9161e-09
6.6515e-03	9.9093e-09
6.6691e-03	9.9024e-09
6.6868e-03	9.8956e-09
6.7046e-03	9.8888e-09
6.7224e-03	9.8820e-09
6.7402e-03	9.8752e-09
6.7581e-03	9.8684e-09
6.7760e-03	9.8616e-09
6.7940e-03	9.8548e-09
6.8120e-03	9.8480e-09
6.8301e-03	9.8412e-09
6.8482e-03	9.8344e-09
6.8664e-03	9.8277e-09
6.8846e-03	9.8209e-09
6.9029e-03	9.8141e-09
6.9212e-03	9.8074e-09
6.9396e-03	9.8006e-09
6.9580e-03	9.7939e-09
6.9764e-03	9.7871e-09
6.9949e-03	9.7804e-09
7.0135e-03	9.7737e-09
7.0321e-03	9.7669e-09
7.0508e-03	9.7602e-09
7.0695e-03	9.7535e-09
7.0882e-03	9.7468e-09
7.1070e-03	9.7400e-09
7.1259e-03	9.7333e-09
7.1448e-03	9.7266e-09
7.1638e-03	9.7199e-09
7.1828e-03	9.7132e-09
7.2018e-03	9.7065e-09
7.2209e-03	9.6999e-09
7.2401e-03	9.6932e-09
7.2593e-03	9.6865e-09
7.2786e-03	9.6798e-09
7.2979e-03	9.6732e-09
7.3173e-03	9.6665e-09
7.3367e-03	9.6598e-09
7.3561e-03	9.6532e-09
7.3757e-03	9.6465e-09
7.3952e-03	9.6399e-09
7.4148e-03	9.6333e-09
7.4345e-03	9.6266e-09
7.4542e-03	9.6200e-09
7.4740e-03	9.6134e-09
7.4939e-03	9.6068e-09
7.5137e-03	9.6001e-09
7.5337e-03	9.5935e-09
7.5537e-03	9.5869e-09
7.5737e-03	9.5803e-09
7.5938e-03	9.5737e-09
7.6139e-03	9.5671e-09
7.6342e-03	9.5605e-09
7.6544e-03	9.5540e-09
7.6747e-03	9.5474e-09
7.6951e-03	9.5408e-09
7.7155e-03	9.5342e-09
7.7360e-03	9.5277e-09
7.7565e-03	9.5211e-09
7.7771e-03	9.5145e-09
7.7977e-03	9.5080e-09
7.8184e-03	9.5014e-09
7.8391e-03	9.4949e-09
7.8599e-03	9.4884e-09
7.8808e-03	9.4818e-09
7.9017e-03	9.4753e-09
7.9227e-03	9.4688e-09
7.9437e-03	9.4622e-09
7.9648e-03	9.4557e-09
7.9859e-03	9.4493e-09
8.0071e-03	9.4429e-09
8.0283e-03	9.4365e-09
8.0496e-03	9.4301e-09
8.0710e-03	9.4238e-09
8.0924e-03	9.4176e-09
8.1139e-03	9.4113e-09
8.1354e-03	9.4051e-09
8.1570e-03	9.3989e-09
8.1787e-03	9.3928e-09
8.2004e-03	9.3867e-09
8.2221e-03	9.3806e-09
8.2439e-03	9.3745e-09
8.2658e-03	9.3684e-09
8.2877e-03	9.3624e-09
8.3097e-03	9.3564e-09
8.3318e-03	9.3504e-09
8.3539e-03	9.3444e-09
8.3760e-03	9.3385e-09
8.3983e-03	9.3325e-09
8.4206e-03	9.3266e-09
8.4429e-03	9.3207e-09
8.4653e-03	9.3148e-09
8.4878e-03	9.3089e-09
8.5103e-03	9.3030e-09
8.5329e-03	9.2971e-09
8.5555e-03	9.2912e-09
8.5782e-03	9.2854e-09
8.6010e-03	9.2795e-09
8.6238e-03	9.2737e-09
8.6467e-03	9.2678e-09
8.6696e-03	9.2619e-09
8.6926e-03	9.2561e-09
8.7157e-03	9.2502e-09
8.7388e-03	9.2444e-09
8.7620e-03	9.2385e-09
8.7852e-03	9.2326e-09
8.8085e-03	9.2267e-09
8.8319e-03	9.2208e-09
8.8553e-03	9.2149e-09
8.8788e-03	9.2090e-09
8.9024e-03	9.2031e-09
8.9260e-03	9.1971e-09
8.9497e-03	9.1912e-09
8.9735e-03	9.1852e-09
8.9973e-03	9.1792e-09
9.0211e-03	9.1732e-09
9.0451e-03	9.1672e-09
9.0691e-03	9.1611e-09
9.0931e-03	9.1550e-09
9.1173e-03	9.1489e-09
9.1415e-03	9.1428e-09
9.1657e-03	9.1367e-09
9.1900e-03	9.1305e-09
9.2144e-03	9.1243e-09
9.2389e-03	9.1180e-09
9.2634e-03	9.1118e-09
9.2880e-03	9.1055e-09
9.3126e-03	9.0991e-09
9.3373e-03	9.0928e-09
9.3621e-03	9.0864e-09
9.3869e-03	9.0799e-09
9.4118e-03	9.0735e-09
9.4368e-03	9.0670e-09
9.4618e-03	9.0604e-09
9.4869e-03	9.0538e-09
9.5121e-03	9.0472e-09
9.5374e-03	9.0405e-09
9.5627e-03	9.0338e-09
9.5880e-03	9.0270e-09
9.6135e-03	9.0202e-09
9.6390e-03	9.0133e-09
9.6646e-03	9.0064e-09
9.6902e-03	8.9994e-09
9.7159e-03	8.9924e-09
9.7417e-03	8.9854e-09
9.7675e-03	8.9782e-09
9.7935e-03	8.9711e-09
9.8194e-03	8.9638e-09
9.8455e-03	8.9565e-09
9.8716e-03	8.9492e-09
9.8978e-03	8.9418e-09
9.9241e-03	8.9343e-09
9.9504e-03	8.9268e-09
9.9768e-03	8.9192e-09
1.0003e-02	8.9116e-09
1.0030e-02	8.9038e-09
1.0056e-02	8.8960e-09
1.0083e-02	8.8880e-09
1.0110e-02	8.8799e-09
1.0137e-02	8.8718e-09
1.0164e-02	8.8635e-09
1.0191e-02	8.8551e-09
1.0218e-02	8.8467e-09
1.0245e-02	8.8381e-09
1.0272e-02	8.8295e-09
1.0299e-02	8.8208e-09
1.0326e-02	8.8120e-09
1.0354e-02	8.8031e-09
1.0381e-02	8.7941e-09
1.0409e-02	8.7851e-09
1.0437e-02	8.7759e-09
1.0464e-02	8.7667e-09
1.0492e-02	8.7574e-09
1.0520e-02	8.7481e-09
1.0548e-02	8.7387e-09
1.0576e-02	8.7292e-09
1.0604e-02	8.7197e-09
1.0632e-02	8.7101e-09
1.0660e-02	8.7004e-09
1.0688e-02	8.6907e-09
1.0717e-02	8.6809e-09
1.0745e-02	8.6711e-09
1.0774e-02	8.6612e-09
1.0802e-02	8.6513e-09
1.0831e-02	8.6413e-09
1.0860e-02	8.6313e-09
1.0889e-02	8.6213e-09
1.0917e-02	8.6112e-09
1.0946e-02	8.6011e-09
1.0975e-02	8.5909e-09
1.1005e-02	8.5807e-09
1.1034e-02	8.5705e-09
1.1063e-02	8.5602e-09
1.1092e-02	8.5500e-09
1.1122e-02	8.5397e-09
1.1151e-02	8.5293e-09
1.1181e-02	8.5190e-09
1.1211e-02	8.5086e-09
1.1240e-02	8.4982e-09
1.1270e-02	8.4878e-09
1.1300e-02	8.4774e-09
1.1330e-02	8.4670e-09
1.1360e-02	8.4566e-09
1.1390e-02	8.4462e-09
1.1420e-02	8.4357e-09
1.1451e-02	8.4253e-09
1.1481e-02	8.4149e-09
1.1512e-02	8.4044e-09
1.1542e-02	8.3940e-09
1.1573e-02	8.3836e-09
1.1603e-02	8.3732e-09
1.1634e-02	8.3628e-09
1.1665e-02	8.3524e-09
1.1696e-02	8.3420e-09
1.1727e-02	8.3316e-09
1.1758e-02	8.3213e-09
1.1789e-02	8.3109e-09
1.1821e-02	8.3006e-09
1.1852e-02	8.2903e-09
1.1884e-02	8.2801e-09
1.1915e-02	8.2698e-09
1.1947e-02	8.2596e-09
1.1978e-02	8.2494e-09
1.2010e-02	8.2393e-09
1.2042e-02	8.2292e-09
1.2074e-02	8.2191e-09
1.2106e-02	8.2091e-09
1.2138e-02	8.1990e-09
1.2170e-02	8.1891e-09
1.2203e-02	8.1792e-09
1.2235e-02	8.1693e-09
1.2267e-02	8.1595e-09
1.2300e-02	8.1497e-09
1.2333e-02	8.1399e-09
1.2365e-02	8.1303e-09
1.2398e-02	8.1206e-09
1.2431e-02	8.1111e-09
1.2464e-02	8.1015e-09
1.2497e-02	8.0921e-09
1.2530e-02	8.0827e-09
1.2564e-02	8.0733e-09
1.2597e-02	8.0640e-09
1.2630e-02	8.0548e-09
1.2664e-02	8.0455e-09
1.2697e-02	8.0363e-09
1.2731e-02	8.0271e-09
1.2765e-02	8.0179e-09
1.2799e-02	8.0087e-09
1.2833e-02	7.9995e-09
1.2867e-02	7.9903e-09
1.2901e-02	7.9811e-09
1.2935e-02	7.9720e-09
1.2969e-02	7.9628e-09
1.3004e-02	7.9537e-09
1.3038e-02	7.9446e-09
1.3073e-02	7.9354e-09
1.3108e-02	7.9263e-09
1.3142e-02	7.9172e-09
1.3177e-02	7.9082e-09
1.3212e-02	7.8991e-09
1.3247e-02	7.8900e-09
1.3282e-02	7.8810e-09
1.3318e-02	7.8719e-09
1.3353e-02	7.8629e-09
1.3388e-02	7.8539e-09
1.3424e-02	7.8448e-09
1.3460e-02	7.8358e-09
1.3495e-02	7.8269e-09
1.3531e-02	7.8179e-09
1.3567e-02	7.8089e-09
1.3603e-02	7.7999e-09
1.3639e-02	7.7910e-09
1.3675e-02	7.7820e-09
1.3712e-02	7.7731e-09
1.3748e-02	7.7642e-09
1.3784e-02	7.7553e-09
1.3821e-02	7.7464e-09
1.3858e-02	7.7375e-09
1.3894e-02	7.7286e-09
1.3931e-02	7.7197e-09
1.3968e-02	7.7109e-09
1.4005e-02	7.7020e-09
1.4043e-02	7.6932e-09
1.4080e-02	7.6844e-09
1.4117e-02	7.6756e-09
1.4155e-02	7.6667e-09
1.4192e-02	7.6579e-09
1.4230e-02	7.6492e-09
1.4268e-02	7.6404e-09
1.4305e-02	7.6316e-09
1.4343e-02	7.6229e-09
1.4381e-02	7.6141e-09
1.4420e-02	7.6054e-09
1.4458e-02	7.5966e-09
1.4496e-02	7.5879e-09
1.4535e-02	7.5792e-09
1.4573e-02	7.5705e-09
1.4612e-02	7.5618e-09
1.4651e-02	7.5531e-09
1.4690e-02	7.5445e-09
1.4729e-02	7.5358e-09
1.4768e-02	7.5272e-09
1.4807e-02	7.5185e-09
1.4846e-02	7.5099e-09
1.4885e-02	7.5013e-09
1.4925e-02	7.4927e-09
1.4965e-02	7.4841e-09
1.5004e-02	7.4755e-09
1.5044e-02	7.4669e-09
1.5084e-02	7.4583e-09
1.5124e-02	7.4498e-09
1.5164e-02	7.4412e-09
1.5204e-02	7.4327e-09
1.5245e-02	7.4242e-09
1.5285e-02	7.4156e-09
1.5326e-02	7.4071e-09
1.5366e-02	7.3986e-09
1.5407e-02	7.3901e-09
1.5448e-02	7.3817e-09
1.5489e-02	7.3732e-09
1.5530e-02	7.3647e-09
1.5571e-02	7.3563e-09
1.5613e-02	7.3478e-09
1.5654e-02	7.3394e-09
1.5696e-02	7.3310e-09
1.5737e-02	7.3226e-09
1.5779e-02	7.3142e-09
1.5821e-02	7.3058e-09
1.5863e-02	7.2974e-09
1.5905e-02	7.2890e-09
1.5947e-02	7.2807e-09
1.5989e-02	7.2724e-09
1.6032e-02	7.2642e-09
1.6074e-02	7.2560e-09
1.6117e-02	7.2478e-09
1.6160e-02	7.2396e-09
1.6203e-02	7.2315e-09
1.6246e-02	7.2234e-09
1.6289e-02	7.2153e-09
1.6332e-02	7.2073e-09
1.6375e-02	7.1993e-09
1.6419e-02	7.1913e-09
1.6462e-02	7.1833e-09
1.6506e-02	7.1754e-09
1.6550e-02	7.1674e-09
1.6594e-02	7.1595e-09
1.6638e-02	7.1516e-09
1.6682e-02	7.1438e-09
1.6726e-02	7.1359e-09
1.6771e-02	7.1281e-09
1.6815e-02	7.1203e-09
1.6860e-02	7.1124e-09
1.6904e-02	7.1047e-09
1.6949e-02	7.0969e-09
1.6994e-02	7.0891e-09
1.7039e-02	7.0814e-09
1.7085e-02	7.0736e-09
1.7130e-02	7.0659e-09
1.7175e-02	7.0581e-09
1.7221e-02	7.0504e-09
1.7267e-02	7.0427e-09
1.7312e-02	7.0350e-09
1.7358e-02	7.0273e-09
1.7404e-02	7.0196e-09
1.7451e-02	7.0119e-09
1.7497e-02	7.0042e-09
1.7543e-02	6.9965e-09
1.7590e-02	6.9888e-09
1.7637e-02	6.9811e-09
1.7683e-02	6.9734e-09
1.7730e-02	6.9657e-09
1.7777e-02	6.9580e-09
1.7825e-02	6.9503e-09
1.7872e-02	6.9426e-09
1.7919e-02	6.9348e-09
1.7967e-02	6.9271e-09
1.8014e-02	6.9194e-09
1.8062e-02	6.9116e-09
1.8110e-02	6.9039e-09
1.8158e-02	6.8961e-09
1.8206e-02	6.8883e-09
1.8255e-02	6.8806e-09
1.8303e-02	6.8728e-09
1.8352e-02	6.8649e-09
1.8400e-02	6.8571e-09
1.8449e-02	6.8493e-09
1.8498e-02	6.8414e-09
1.8547e-02	6.8335e-09
1.8596e-02	6.8256e-09
1.8646e-02	6.8177e-09
1.8695e-02	6.8098e-09
1.8745e-02	6.8019e-09
1.8795e-02	6.7939e-09
1.8844e-02	6.7859e-09
1.8894e-02	6.7779e-09
1.8945e-02	6.7698e-09
1.8995e-02	6.7618e-09
1.9045e-02	6.7537e-09
1.9096e-02	6.7456e-09
1.9146e-02	6.7375e-09
1.9197e-02	6.7293e-09
1.9248e-02	6.7211e-09
1.9299e-02	6.7129e-09
1.9351e-02	6.7046e-09
1.9402e-02	6.6964e-09
1.9453e-02	6.6881e-09
1.9505e-02	6.6797e-09
1.9557e-02	6.6713e-09
1.9609e-02	6.6629e-09
1.9661e-02	6.6545e-09
1.9713e-02	6.6460e-09
1.9765e-02	6.6375e-09
1.9818e-02	6.6290e-09
1.9870e-02	6.6204e-09
1.9923e-02	6.6118e-09
1.9976e-02	6.6032e-09
2.0029e-02	6.5945e-09
2.0082e-02	6.5857e-09
2.0135e-02	6.5769e-09
2.0189e-02	6.5680e-09
2.0242e-02	6.5591e-09
2.0296e-02	6.5502e-09
2.0350e-02	6.5412e-09
2.0404e-02	6.5322e-09
2.0458e-02	6.5231e-09
2.0512e-02	6.5140e-09
2.0567e-02	6.5048e-09
2.0621e-02	6.4956e-09
2.0676e-02	6.4864e-09
2.0731e-02	6.4771e-09
2.0786e-02	6.4678e-09
2.0841e-02	6.4585e-09
2.0896e-02	6.4491e-09
2.0952e-02	6.4397e-09
2.1007e-02	6.4302e-09
2.1063e-02	6.4208e-09
2.1119e-02	6.4113e-09
2.1175e-02	6.4018e-09
2.1231e-02	6.3923e-09
2.1287e-02	6.3827e-09
2.1344e-02	6.3731e-09
2.1400e-02	6.3635e-09
2.1457e-02	6.3539e-09
2.1514e-02	6.3442e-09
2.1571e-02	6.3346e-09
2.1628e-02	6.3249e-09
2.1686e-02	6.3152e-09
2.1743e-02	6.3055e-09
2.1801e-02	6.2958e-09
2.1859e-02	6.2861e-09
2.1917e-02	6.2763e-09
2.1975e-02	6.2666e-09
2.2033e-02	6.2568e-09
2.2092e-02	6.2471e-09
2.2150e-02	6.2373e-09
2.2209e-02	6.2276e-09
2.2268e-02	6.2178e-09
2.2327e-02	6.2080e-09
2.2387e-02	6.1982e-09
2.2446e-02	6.1885e-09
2.2505e-02	6.1787e-09
2.2565e-02	6.1689e-09
2.2625e-02	6.1591e-09
2.2685e-02	6.1494e-09
2.2745e-02	6.1396e-09
2.2806e-02	6.1299e-09
2.2866e-02	6.1201e-09
2.2927e-02	6.1104e-09
2.2988e-02	6.1007e-09
2.3049e-02	6.0909e-09
2.3110e-02	6.0812e-09
2.3171e-02	6.0716e-09
2.3233e-02	6.0619e-09
2.3294e-02	6.0522e-09
2.3356e-02	6.0426e-09
2.3418e-02	6.0329e-09
2.3480e-02	6.0233e-09
2.3542e-02	6.0137e-09
2.3605e-02	6.0042e-09
2.3668e-02	5.9946e-09
2.3730e-02	5.9851e-09
2.3793e-02	5.9756e-09
2.3856e-02	5.9661e-09
2.3920e-02	5.9566e-09
2.3983e-02	5.9472e-09
2.4047e-02	5.9378e-09
2.4111e-02	5.9284e-09
2.4175e-02	5.9191e-09
2.4239e-02	5.9098e-09
2.4303e-02	5.9005e-09
2.4368e-02	5.8912e-09
2.4432e-02	5.8820e-09
2.4497e-02	5.8728e-09
2.4562e-02	5.8636e-09
2.4627e-02	5.8545e-09
2.4693e-02	5.8454e-09
2.4758e-02	5.8364e-09
2.4824e-02	5.8274e-09
2.4890e-02	5.8184e-09
2.4956e-02	5.8094e-09
2.5022e-02	5.8005e-09
2.5088e-02	5.7917e-09
2.5155e-02	5.7829e-09
2.5222e-02	5.7741e-09
2.5289e-02	5.7653e-09
2.5356e-02	5.7565e-09
2.5423e-02	5.7477e-09
2.5490e-02	5.7390e-09
2.5558e-02	5.7302e-09
2.5626e-02	5.7215e-09
2.5694e-02	5.7128e-09
2.5762e-02	5.7041e-09
2.5830e-02	5.6954e-09
2.5899e-02	5.6867e-09
2.5968e-02	5.6781e-09
2.6036e-02	5.6694e-09
2.6106e-02	5.6608e-09
2.6175e-02	5.6522e-09
2.6244e-02	5.6436e-09
2.6314e-02	5.6350e-09
2.6384e-02	5.6264e-09
2.6454e-02	5.6178e-09
2.6524e-02	5.6093e-09
2.6594e-02	5.6008e-09
2.6665e-02	5.5922e-09
2.6736e-02	5.5837e-09
2.6807e-02	5.5752e-09
2.6878e-02	5.5667e-09
2.6949e-02	5.5582e-09
2.7021e-02	5.5498e-09
2.7092e-02	5.5413e-09
2.7164e-02	5.5329e-09
2.7236e-02	5.5245e-09
2.7308e-02	5.5161e-09
2.7381e-02	5.5077e-09
2.7454e-02	5.4993e-09
2.7526e-02	5.4909e-09
2.7599e-02	5.4825e-09
2.7673e-02	5.4742e-09
2.7746e-02	5.4659e-09
2.7820e-02	5.4575e-09
2.7894e-02	5.4492e-09
2.7968e-02	5.4409e-09
2.8042e-02	5.4327e-09
2.8116e-02	5.4244e-09
2.8191e-02	5.4161e-09
2.8266e-02	5.4079e-09
2.8341e-02	5.3996e-09
2.8416e-02	5.3914e-09
2.8491e-02	5.3832e-09
2.8567e-02	5.3750e-09
2.8643e-02	5.3668e-09
2.8719e-02	5.3587e-09
2.8795e-02	5.3505e-09
2.8871e-02	5.3424e-09
2.8948e-02	5.3342e-09
2.9025e-02	5.3261e-09
2.9102e-02	5.3180e-09
2.9179e-02	5.3099e-09
2.9256e-02	5.3018e-09
2.9334e-02	5.2937e-09
2.9412e-02	5.2857e-09
2.9490e-02	5.2776e-09
2.9568e-02	5.2696e-09
2.9646e-02	5.2616e-09
2.9725e-02	5.2536e-09
2.9804e-02	5.2456e-09
2.9883e-02	5.2376e-09
2.9962e-02	5.2296e-09
3.0042e-02	5.2216e-09
3.0121e-02	5.2137e-09
3.0201e-02	5.2058e-09
3.0282e-02	5.1978e-09
3.0362e-02	5.1899e-09
3.0442e-02	5.1820e-09
3.0523e-02	5.1741e-09
3.0604e-02	5.1663e-09
3.0685e-02	5.1584e-09
3.0767e-02	5.1505e-09
3.0848e-02	5.1427e-09
3.0930e-02	5.1349e-09
3.1012e-02	5.1270e-09
3.1095e-02	5.1192e-09
3.1177e-02	5.1114e-09
3.1260e-02	5.1037e-09
3.1343e-02	5.0959e-09
3.1426e-02	5.0881e-09
3.1509e-02	5.0804e-09
3.1593e-02	5.0727e-09
3.1677e-02	5.0649e-09
3.1761e-02	5.0572e-09
3.1845e-02	5.0495e-09
3.1930e-02	5.0418e-09
3.2014e-02	5.0342e-09
3.2099e-02	5.0265e-09
3.2184e-02	5.0188e-09
3.2270e-02	5.0112e-09
3.2356e-02	5.0036e-09
3.2441e-02	4.9959e-09
3.2527e-02	4.9883e-09
3.2614e-02	4.9807e-09
3.2700e-02	4.9732e-09
3.2787e-02	4.9656e-09
3.2874e-02	4.9580e-09
3.2961e-02	4.9505e-09
3.3049e-02	4.9429e-09
3.3136e-02	4.9354e-09
3.3224e-02	4.9279e-09
3.3312e-02	4.9204e-09
3.3401e-02	4.9129e-09
3.3490e-02	4.9054e-09
3.3578e-02	4.8980e-09
3.3667e-02	4.8905e-09
3.3757e-02	4.8831e-09
3.3846e-02	4.8756e-09
3.3936e-02	4.8682e-09
3.4026e-02	4.8608e-09
3.4116e-02	4.8534e-09
3.4207e-02	4.8460e-09
3.4298e-02	4.8386e-09
3.4389e-02	4.8313e-09
3.4480e-02	4.8239e-09
3.4572e-02	4.8166e-09
3.4663e-02	4.8092e-09
3.4755e-02	4.8019e-09
3.4847e-02	4.7946e-09
3.4940e-02	4.7873e-09
3.5033e-02	4.7800e-09
3.5126e-02	4.7727e-09
3.5219e-02	4.7655e-09
3.5312e-02	4.7582e-09
3.5406e-02	4.7510e-09
3.5500e-02	4.7437e-09
3.5594e-02	4.7365e-09
3.5688e-02	4.7293e-09
3.5783e-02	4.7221e-09
3.5878e-02	4.7149e-09
3.5973e-02	4.7077e-09
3.6069e-02	4.7006e-09
3.6164e-02	4.6934e-09
3.6260e-02	4.6863e-09
3.6357e-02	4.6791e-09
3.6453e-02	4.6720e-09
3.6550e-02	4.6649e-09
3.6647e-02	4.6578e-09
3.6744e-02	4.6507e-09
3.6842e-02	4.6436e-09
3.6939e-02	4.6365e-09
3.7037e-02	4.6295e-09
3.7136e-02	4.6224e-09
3.7234e-02	4.6154e-09
3.7333e-02	4.6084e-09
3.7432e-02	4.6014e-09
3.7531e-02	4.5943e-09
3.7631e-02	4.5874e-09
3.7731e-02	4.5804e-09
3.7831e-02	4.5734e-09
3.7931e-02	4.5664e-09
3.8032e-02	4.5595e-09
3.8133e-02	4.5525e-09
3.8234e-02	4.5456e-09
3.8335e-02	4.5387e-09
3.8437e-02	4.5318e-09
3.8539e-02	4.5249e-09
3.8641e-02	4.5180e-09
3.8744e-02	4.5111e-09
3.8847e-02	4.5042e-09
3.8950e-02	4.4974e-09
3.9053e-02	4.4905e-09
3.9157e-02	4.4837e-09
3.9261e-02	4.4769e-09
3.9365e-02	4.4701e-09
3.9469e-02	4.4633e-09
3.9574e-02	4.4565e-09
3.9679e-02	4.4497e-09
3.9784e-02	4.4429e-09
3.9890e-02	4.4361e-09
3.9996e-02	4.4294e-09
4.0102e-02	4.4227e-09
4.0208e-02	4.4160e-09
4.0315e-02	4.4093e-09
4.0422e-02	4.4026e-09
4.0529e-02	4.3960e-09
4.0637e-02	4.3894e-09
4.0744e-02	4.3828e-09
4.0853e-02	4.3762e-09
4.0961e-02	4.3696e-09
4.1070e-02	4.3631e-09
4.1179e-02	4.3565e-09
4.1288e-02	4.3500e-09
4.1397e-02	4.3435e-09
4.1507e-02	4.3370e-09
4.1617e-02	4.3306e-09
4.1728e-02	4.3241e-09
4.1838e-02	4.3177e-09
4.1950e-02	4.3112e-09
4.2061e-02	4.3048e-09
4.2172e-02	4.2984e-09
4.2284e-02	4.2920e-09
4.2397e-02	4.2856e-09
4.2509e-02	4.2793e-09
4.2622e-02	4.2729e-09
4.2735e-02	4.2666e-09
4.2848e-02	4.2602e-09
4.2962e-02	4.2539e-09
4.3076e-02	4.2476e-09
4.3190e-02	4.2413e-09
4.3305e-02	4.2350e-09
4.3420e-02	4.2287e-09
4.3535e-02	4.2224e-09
4.3650e-02	4.2161e-09
4.3766e-02	4.2099e-09
4.3882e-02	4.2036e-09
4.3999e-02	4.1973e-09
4.4116e-02	4.1911e-09
4.4233e-02	4.1848e-09
4.4350e-02	4.1786e-09
4.4468e-02	4.1724e-09
4.4586e-02	4.1661e-09
4.4704e-02	4.1599e-09
4.4823e-02	4.1537e-09
4.4942e-02	4.1475e-09
4.5061e-02	4.1413e-09
4.5180e-02	4.1351e-09
4.5300e-02	4.1288e-09
4.5420e-02	4.1226e-09
4.5541e-02	4.1164e-09
4.5662e-02	4.1102e-09
4.5783e-02	4.1040e-09
4.5904e-02	4.0978e-09
4.6026e-02	4.0916e-09
4.6148e-02	4.0854e-09
4.6271e-02	4.0792e-09
4.6394e-02	4.0730e-09
4.6517e-02	4.0668e-09
4.6640e-02	4.0606e-09
4.6764e-02	4.0544e-09
4.6888e-02	4.0482e-09
4.7012e-02	4.0420e-09
4.7137e-02	4.0358e-09
4.7262e-02	4.0295e-09
4.7388e-02	4.0233e-09
4.7513e-02	4.0171e-09
4.7639e-02	4.0109e-09
4.7766e-02	4.0046e-09
4.7892e-02	3.9984e-09
4.8020e-02	3.9922e-09
4.8147e-02	3.9859e-09
4.8275e-02	3.9797e-09
4.8403e-02	3.9734e-09
4.8531e-02	3.9671e-09
4.8660e-02	3.9609e-09
4.8789e-02	3.9546e-09
4.8919e-02	3.9483e-09
4.9048e-02	3.9420e-09
4.9178e-02	3.9357e-09
4.9309e-02	3.9294e-09
4.9440e-02	3.9231e-09
4.9571e-02	3.9168e-09
4.9703e-02	3.9104e-09
4.9834e-02	3.9041e-09
4.9967e-02	3.8977e-09
5.0099e-02	3.8914e-09
5.0232e-02	3.8850e-09
5.0365e-02	3.8786e-09
5.0499e-02	3.8722e-09
5.0633e-02	3.8658e-09
5.0767e-02	3.8594e-09
5.0902e-02	3.8530e-09
5.1037e-02	3.8466e-09
5.1173e-02	3.8401e-09
5.1308e-02	3.8337e-09
5.1444e-02	3.8272e-09
5.1581e-02	3.8207e-09
5.1718e-02	3.8142e-09
5.1855e-02	3.8077e-09
5.1993e-02	3.8013e-09
5.2131e-02	3.7947e-09
5.2269e-02	3.7882e-09
5.2408e-02	3.7817e-09
5.2547e-02	3.7752e-09
5.2686e-02	3.7687e-09
5.2826e-02	3.7622e-09
5.2966e-02	3.7556e-09
5.3107e-02	3.7491e-09
5.3247e-02	3.7426e-09
5.3389e-02	3.7360e-09
5.3530e-02	3.7295e-09
5.3672e-02	3.7230e-09
5.3815e-02	3.7164e-09
5.3958e-02	3.7099e-09
5.4101e-02	3.7033e-09
5.4244e-02	3.6968e-09
5.4388e-02	3.6903e-09
5.4533e-02	3.6837e-09
5.4677e-02	3.6772e-09
5.4822e-02	3.6706e-09
5.4968e-02	3.6641e-09
5.5114e-02	3.6576e-09
5.5260e-02	3.6511e-09
5.5407e-02	3.6445e-09
5.5554e-02	3.6380e-09
5.5701e-02	3.6315e-09
5.5849e-02	3.6250e-09
5.5997e-02	3.6185e-09
5.6146e-02	3.6120e-09
5.6295e-02	3.6055e-09
5.6444e-02	3.5990e-09
5.6594e-02	3.5925e-09
5.6744e-02	3.5861e-09
5.6894e-02	3.5796e-09
5.7045e-02	3.5731e-09
5.7197e-02	3.5667e-09
5.7348e-02	3.5603e-09
5.7501e-02	3.5538e-09
5.7653e-02	3.5474e-09
5.7806e-02	3.5410e-09
5.7960e-02	3.5346e-09
5.8113e-02	3.5282e-09
5.8268e-02	3.5218e-09
5.8422e-02	3.5155e-09
5.8577e-02	3.5091e-09
5.8733e-02	3.5027e-09
5.8888e-02	3.4964e-09
5.9045e-02	3.4901e-09
5.9201e-02	3.4838e-09
5.9358e-02	3.4775e-09
5.9516e-02	3.4712e-09
5.9674e-02	3.4649e-09
5.9832e-02	3.4587e-09
5.9991e-02	3.4525e-09
6.0150e-02	3.4462e-09
6.0310e-02	3.4400e-09
6.0470e-02	3.4338e-09
6.0630e-02	3.4276e-09
6.0791e-02	3.4215e-09
6.0952e-02	3.4153e-09
6.1114e-02	3.4092e-09
6.1276e-02	3.4031e-09
6.1439e-02	3.3970e-09
6.1602e-02	3.3909e-09
6.1765e-02	3.3849e-09
6.1929e-02	3.3788e-09
6.2093e-02	3.3728e-09
6.2258e-02	3.3668e-09
6.2423e-02	3.3608e-09
6.2589e-02	3.3549e-09
6.2755e-02	3.3489e-09
6.2922e-02	3.3430e-09
6.3089e-02	3.3371e-09
6.3256e-02	3.3312e-09
6.3424e-02	3.3253e-09
6.3592e-02	3.3194e-09
6.3761e-02	3.3136e-09
6.3930e-02	3.3077e-09
6.4100e-02	3.3019e-09
6.4270e-02	3.2961e-09
6.4440e-02	3.2902e-09
6.4611e-02	3.2844e-09
6.4783e-02	3.2786e-09
6.4955e-02	3.2729e-09
6.5127e-02	3.2671e-09
6.5300e-02	3.2613e-09
6.5473e-02	3.2556e-09
6.5647e-02	3.2498e-09
6.5821e-02	3.2441e-09
6.5995e-02	3.2384e-09
6.6171e-02	3.2326e-09
6.6346e-02	3.2269e-09
6.6522e-02	3.2212e-09
6.6699e-02	3.2155e-09
6.6876e-02	3.2099e-09
6.7053e-02	3.2042e-09
6.7231e-02	3.1986e-09
6.7409e-02	3.1929e-09
6.7588e-02	3.1873e-09
6.7768e-02	3.1816e-09
6.7947e-02	3.1760e-09
6.8128e-02	3.1704e-09
6.8308e-02	3.1648e-09
6.8490e-02	3.1592e-09
6.8671e-02	3.1537e-09
6.8854e-02	3.1481e-09
6.9036e-02	3.1425e-09
6.9220e-02	3.1370e-09
6.9403e-02	3.1315e-09
6.9587e-02	3.1259e-09
6.9772e-02	3.1204e-09
6.9957e-02	3.1149e-09
7.0143e-02	3.1094e-09
7.0329e-02	3.1039e-09
7.0515e-02	3.0984e-09
7.0703e-02	3.0930e-09
7.0890e-02	3.0875e-09
7.1078e-02	3.0821e-09
7.1267e-02	3.0766e-09
7.1456e-02	3.0712e-09
7.1646e-02	3.0658e-09
7.1836e-02	3.0604e-09
7.2026e-02	3.0550e-09
7.2217e-02	3.0496e-09
7.2409e-02	3.0442e-09
7.2601e-02	3.0388e-09
7.2794e-02	3.0335e-09
7.2987e-02	3.0281e-09
7.3181e-02	3.0228e-09
7.3375e-02	3.0174e-09
7.3569e-02	3.0121e-09
7.3765e-02	3.0068e-09
7.3960e-02	3.0015e-09
7.4157e-02	2.9962e-09
7.4353e-02	2.9909e-09
7.4551e-02	2.9856e-09
7.4748e-02	2.9803e-09
7.4947e-02	2.9751e-09
7.5146e-02	2.9698e-09
7.5345e-02	2.9646e-09
7.5545e-02	2.9594e-09
7.5745e-02	2.9541e-09
7.5946e-02	2.9489e-09
7.6148e-02	2.9437e-09
7.6350e-02	2.9385e-09
7.6552e-02	2.9333e-09
7.6756e-02	2.9282e-09
7.6959e-02	2.9230e-09
7.7163e-02	2.9178e-09
7.7368e-02	2.9127e-09
7.7573e-02	2.9075e-09
7.7779e-02	2.9024e-09
7.7986e-02	2.8973e-09
7.8193e-02	2.8922e-09
7.8400e-02	2.8871e-09
7.8608e-02	2.8820e-09
7.8817e-02	2.8769e-09
7.9026e-02	2.8718e-09
7.9235e-02	2.8667e-09
7.9446e-02	2.8617e-09
7.9656e-02	2.8566e-09
7.9868e-02	2.8516e-09
8.0080e-02	2.8466e-09
8.0292e-02	2.8417e-09
8.0505e-02	2.8367e-09
8.0719e-02	2.8318e-09
8.0933e-02	2.8269e-09
8.1148e-02	2.8220e-09
8.1363e-02	2.8172e-09
8.1579e-02	2.8123e-09
8.1795e-02	2.8075e-09
8.2012e-02	2.8027e-09
8.2230e-02	2.7979e-09
8.2448e-02	2.7932e-09
8.2667e-02	2.7884e-09
8.2886e-02	2.7837e-09
8.3106e-02	2.7790e-09
8.3327e-02	2.7743e-09
8.3548e-02	2.7696e-09
8.3770e-02	2.7649e-09
8.3992e-02	2.7603e-09
8.4215e-02	2.7556e-09
8.4438e-02	2.7510e-09
8.4662e-02	2.7464e-09
8.4887e-02	2.7417e-09
8.5112e-02	2.7371e-09
8.5338e-02	2.7326e-09
8.5564e-02	2.7280e-09
8.5791e-02	2.7234e-09
8.6019e-02	2.7188e-09
8.6247e-02	2.7143e-09
8.6476e-02	2.7097e-09
8.6706e-02	2.7052e-09
8.6936e-02	2.7006e-09
8.7166e-02	2.6961e-09
8.7398e-02	2.6915e-09
8.7629e-02	2.6870e-09
8.7862e-02	2.6825e-09
8.8095e-02	2.6780e-09
8.8329e-02	2.6734e-09
8.8563e-02	2.6689e-09
8.8798e-02	2.6644e-09
8.9034e-02	2.6599e-09
8.9270e-02	2.6553e-09
8.9507e-02	2.6508e-09
8.9744e-02	2.6463e-09
8.9983e-02	2.6418e-09
9.0221e-02	2.6373e-09
9.0461e-02	2.6327e-09
9.0701e-02	2.6282e-09
9.0941e-02	2.6237e-09
9.1183e-02	2.6191e-09
9.1425e-02	2.6146e-09
9.1667e-02	2.6100e-09
9.1910e-02	2.6055e-09
9.2154e-02	2.6009e-09
9.2399e-02	2.5963e-09
9.2644e-02	2.5917e-09
9.2890e-02	2.5872e-09
9.3136e-02	2.5826e-09
9.3383e-02	2.5780e-09
9.3631e-02	2.5734e-09
9.3880e-02	2.5687e-09
9.4129e-02	2.5641e-09
9.4378e-02	2.5595e-09
9.4629e-02	2.5548e-09
9.4880e-02	2.5502e-09
9.5132e-02	2.5455e-09
9.5384e-02	2.5408e-09
9.5637e-02	2.5361e-09
9.5891e-02	2.5314e-09
9.6145e-02	2.5267e-09
9.6400e-02	2.5219e-09
9.6656e-02	2.5172e-09
9.6913e-02	2.5124e-09
9.7170e-02	2.5076e-09
9.7428e-02	2.5028e-09
9.7686e-02	2.4980e-09
9.7945e-02	2.4932e-09
9.8205e-02	2.4883e-09
9.8466e-02	2.4835e-09
9.8727e-02	2.4786e-09
9.8989e-02	2.4737e-09
9.9252e-02	2.4688e-09
9.9515e-02	2.4638e-09
9.9779e-02	2.4589e-09
1.0004e-01	2.4539e-09
1.0031e-01	2.4489e-09
1.0058e-01	2.4439e-09
1.0084e-01	2.4389e-09
1.0111e-01	2.4338e-09
1.0138e-01	2.4288e-09
1.0165e-01	2.4237e-09
1.0192e-01	2.4186e-09
1.0219e-01	2.4135e-09
1.0246e-01	2.4084e-09
1.0273e-01	2.4033e-09
1.0300e-01	2.3981e-09
1.0328e-01	2.3930e-09
1.0355e-01	2.3878e-09
1.0382e-01	2.3826e-09
1.0410e-01	2.3775e-09
1.0438e-01	2.3723e-09
1.0465e-01	2.3671e-09
1.0493e-01	2.3618e-09
1.0521e-01	2.3566e-09
1.0549e-01	2.3514e-09
1.0577e-01	2.3461e-09
1.0605e-01	2.3409e-09
1.0633e-01	2.3356e-09
1.0661e-01	2.3303e-09
1.0690e-01	2.3250e-09
1.0718e-01	2.3198e-09
1.0746e-01	2.3145e-09
1.0775e-01	2.3092e-09
1.0803e-01	2.3038e-09
1.0832e-01	2.2985e-09
1.0861e-01	2.2932e-09
1.0890e-01	2.2879e-09
1.0919e-01	2.2825e-09
1.0948e-01	2.2772e-09
1.0977e-01	2.2718e-09
1.1006e-01	2.2665e-09
1.1035e-01	2.2611e-09
1.1064e-01	2.2558e-09
1.1094e-01	2.2504e-09
1.1123e-01	2.2450e-09
1.1153e-01	2.2397e-09
1.1182e-01	2.2343e-09
1.1212e-01	2.2289e-09
1.1242e-01	2.2236e-09
1.1271e-01	2.2182e-09
1.1301e-01	2.2128e-09
1.1331e-01	2.2074e-09
1.1361e-01	2.2020e-09
1.1391e-01	2.1966e-09
1.1422e-01	2.1913e-09
1.1452e-01	2.1859e-09
1.1482e-01	2.1805e-09
1.1513e-01	2.1751e-09
1.1543e-01	2.1697e-09
1.1574e-01	2.1643e-09
1.1605e-01	2.1589e-09
1.1636e-01	2.1536e-09
1.1666e-01	2.1482e-09
1.1697e-01	2.1428e-09
1.1728e-01	2.1374e-09
1.1760e-01	2.1321e-09
1.1791e-01	2.1267e-09
1.1822e-01	2.1213e-09
1.1853e-01	2.1159e-09
1.1885e-01	2.1106e-09
1.1916e-01	2.1052e-09
1.1948e-01	2.0999e-09
1.1980e-01	2.0945e-09
1.2011e-01	2.0892e-09
1.2043e-01	2.0838e-09
1.2075e-01	2.0785e-09
1.2107e-01	2.0731e-09
1.2139e-01	2.0678e-09
1.2172e-01	2.0625e-09
1.2204e-01	2.0572e-09
1.2236e-01	2.0519e-09
1.2269e-01	2.0465e-09
1.2301e-01	2.0412e-09
1.2334e-01	2.0360e-09
1.2367e-01	2.0307e-09
1.2400e-01	2.0254e-09
1.2432e-01	2.0201e-09
1.2465e-01	2.0148e-09
1.2498e-01	2.0096e-09
1.2532e-01	2.0043e-09
1.2565e-01	1.9991e-09
1.2598e-01	1.9939e-09
1.2632e-01	1.9886e-09
1.2665e-01	1.9834e-09
1.2699e-01	1.9781e-09
1.2732e-01	1.9729e-09
1.2766e-01	1.9676e-09
1.2800e-01	1.9623e-09
1.2834e-01	1.9570e-09
1.2868e-01	1.9518e-09
1.2902e-01	1.9465e-09
1.2937e-01	1.9412e-09
1.2971e-01	1.9359e-09
1.3005e-01	1.9306e-09
1.3040e-01	1.9253e-09
1.3074e-01	1.9200e-09
1.3109e-01	1.9147e-09
1.3144e-01	1.9094e-09
1.3179e-01	1.9041e-09
1.3214e-01	1.8988e-09
1.3249e-01	1.8935e-09
1.3284e-01	1.8882e-09
1.3319e-01	1.8829e-09
1.3355e-01	1.8776e-09
1.3390e-01	1.8723e-09
1.3425e-01	1.8670e-09
1.3461e-01	1.8617e-09
1.3497e-01	1.8564e-09
1.3533e-01	1.8511e-09
1.3569e-01	1.8458e-09
1.3605e-01	1.8405e-09
1.3641e-01	1.8352e-09
1.3677e-01	1.8299e-09
1.3713e-01	1.8247e-09
1.3749e-01	1.8194e-09
1.3786e-01	1.8141e-09
1.3823e-01	1.8088e-09
1.3859e-01	1.8036e-09
1.3896e-01	1.7983e-09
1.3933e-01	1.7930e-09
1.3970e-01	1.7878e-09
1.4007e-01	1.7826e-09
1.4044e-01	1.7773e-09
1.4081e-01	1.7721e-09
1.4119e-01	1.7669e-09
1.4156e-01	1.7616e-09
1.4194e-01	1.7564e-09
1.4231e-01	1.7512e-09
1.4269e-01	1.7460e-09
1.4307e-01	1.7408e-09
1.4345e-01	1.7357e-09
1.4383e-01	1.7305e-09
1.4421e-01	1.7253e-09
1.4459e-01	1.7202e-09
1.4498e-01	1.7150e-09
1.4536e-01	1.7099e-09
1.4575e-01	1.7048e-09
1.4614e-01	1.6997e-09
1.4652e-01	1.6946e-09
1.4691e-01	1.6895e-09
1.4730e-01	1.6844e-09
1.4769e-01	1.6793e-09
1.4808e-01	1.6742e-09
1.4848e-01	1.6692e-09
1.4887e-01	1.6641e-09
1.4927e-01	1.6591e-09
1.4966e-01	1.6541e-09
1.5006e-01	1.6491e-09
1.5046e-01	1.6441e-09
1.5086e-01	1.6391e-09
1.5126e-01	1.6341e-09
1.5166e-01	1.6292e-09
1.5206e-01	1.6242e-09
1.5246e-01	1.6193e-09
1.5287e-01	1.6144e-09
1.5327e-01	1.6095e-09
1.5368e-01	1.6046e-09
1.5409e-01	1.5997e-09
1.5450e-01	1.5949e-09
1.5491e-01	1.5900e-09
1.5532e-01	1.5852e-09
1.5573e-01	1.5804e-09
1.5614e-01	1.5756e-09
1.5656e-01	1.5708e-09
1.5697e-01	1.5660e-09
1.5739e-01	1.5612e-09
1.5781e-01	1.5565e-09
1.5823e-01	1.5518e-09
1.5865e-01	1.5471e-09
1.5907e-01	1.5425e-09
1.5949e-01	1.5379e-09
1.5991e-01	1.5335e-09
1.6034e-01	1.5292e-09
1.6076e-01	1.5250e-09
1.6119e-01	1.5209e-09
1.6162e-01	1.5168e-09
1.6205e-01	1.5129e-09
1.6248e-01	1.5090e-09
1.6291e-01	1.5052e-09
1.6334e-01	1.5015e-09
1.6377e-01	1.4978e-09
1.6421e-01	1.4942e-09
1.6464e-01	1.4906e-09
1.6508e-01	1.4871e-09
1.6552e-01	1.4837e-09
1.6596e-01	1.4803e-09
1.6640e-01	1.4769e-09
1.6684e-01	1.4736e-09
1.6728e-01	1.4703e-09
1.6772e-01	1.4670e-09
1.6817e-01	1.4638e-09
1.6862e-01	1.4606e-09
1.6906e-01	1.4574e-09
1.6951e-01	1.4542e-09
1.6996e-01	1.4511e-09
1.7041e-01	1.4479e-09
1.7086e-01	1.4448e-09
1.7132e-01	1.4417e-09
1.7177e-01	1.4385e-09
1.7223e-01	1.4354e-09
1.7269e-01	1.4323e-09
1.7314e-01	1.4291e-09
1.7360e-01	1.4260e-09
1.7406e-01	1.4228e-09
1.7453e-01	1.4196e-09
1.7499e-01	1.4164e-09
1.7545e-01	1.4132e-09
1.7592e-01	1.4099e-09
1.7639e-01	1.4066e-09
1.7685e-01	1.4033e-09
1.7732e-01	1.3999e-09
1.7779e-01	1.3965e-09
1.7826e-01	1.3930e-09
1.7874e-01	1.3895e-09
1.7921e-01	1.3860e-09
1.7969e-01	1.3824e-09
1.8016e-01	1.3788e-09
1.8064e-01	1.3751e-09
1.8112e-01	1.3713e-09
1.8160e-01	1.3675e-09
1.8208e-01	1.3636e-09
1.8257e-01	1.3597e-09
1.8305e-01	1.3556e-09
1.8354e-01	1.3515e-09
1.8402e-01	1.3474e-09
1.8451e-01	1.3431e-09
1.8500e-01	1.3388e-09
1.8549e-01	1.3344e-09
1.8599e-01	1.3299e-09
1.8648e-01	1.3254e-09
1.8697e-01	1.3207e-09
1.8747e-01	1.3160e-09
1.8797e-01	1.3111e-09
1.8847e-01	1.3062e-09
1.8897e-01	1.3012e-09
1.8947e-01	1.2960e-09
1.8997e-01	1.2908e-09
1.9047e-01	1.2855e-09
1.9098e-01	1.2801e-09
1.9149e-01	1.2746e-09
1.9199e-01	1.2690e-09
1.9250e-01	1.2632e-09
1.9301e-01	1.2574e-09
1.9353e-01	1.2514e-09
1.9404e-01	1.2454e-09
1.9455e-01	1.2392e-09
1.9507e-01	1.2329e-09
1.9559e-01	1.2266e-09
1.9611e-01	1.2201e-09
1.9663e-01	1.2135e-09
1.9715e-01	1.2067e-09
1.9767e-01	1.1999e-09
1.9820e-01	1.1929e-09
1.9872e-01	1.1859e-09
1.9925e-01	1.1787e-09
1.9978e-01	1.1707e-09
2.0031e-01	1.1576e-09
2.0084e-01	1.1388e-09
2.0137e-01	1.1148e-09
2.0191e-01	1.0858e-09
2.0244e-01	1.0525e-09
2.0298e-01	1.0154e-09
2.0352e-01	9.7495e-10
