1.0000e-08	1.3148e-11
1.0532e-08	1.3147e-11
1.1092e-08	1.3147e-11
1.1681e-08	1.3147e-11
1.2302e-08	1.3147e-11
1.2957e-08	1.3146e-11
1.3645e-08	1.3146e-11
1.4371e-08	1.3146e-11
1.5135e-08	1.3145e-11
1.5940e-08	1.3145e-11
1.6787e-08	1.3144e-11
1.7680e-08	1.3144e-11
1.8620e-08	1.3143e-11
1.9610e-08	1.3143e-11
2.0653e-08	1.3142e-11
2.1751e-08	1.3141e-11
2.2907e-08	1.3141e-11
2.4125e-08	1.3140e-11
2.5408e-08	1.3139e-11
2.6759e-08	1.3138e-11
2.8181e-08	1.3137e-11
2.9680e-08	1.3136e-11
3.1258e-08	1.3135e-11
3.2920e-08	1.3134e-11
3.4670e-08	1.3133e-11
3.6513e-08	1.3131e-11
3.8455e-08	1.3130e-11
4.0499e-08	1.3128e-11
4.2653e-08	1.3126e-11
4.4921e-08	1.3124e-11
4.7309e-08	1.3122e-11
4.9824e-08	1.3119e-11
5.2473e-08	1.3117e-11
5.5263e-08	1.3114e-11
5.8202e-08	1.3111e-11
6.1296e-08	1.3107e-11
6.4555e-08	1.3103e-11
6.7988e-08	1.3099e-11
7.1602e-08	1.3094e-11
7.5409e-08	1.3089e-11
7.9419e-08	1.3083e-11
8.3642e-08	1.3077e-11
8.8089e-08	1.3070e-11
9.2772e-08	1.3063e-11
9.7705e-08	1.3054e-11
1.0290e-07	1.3044e-11
1.0837e-07	1.3033e-11
1.1413e-07	1.3020e-11
1.2020e-07	1.3006e-11
1.2659e-07	1.2991e-11
1.3332e-07	1.2974e-11
1.4041e-07	1.2957e-11
1.4788e-07	1.2938e-11
1.5574e-07	1.2918e-11
1.6402e-07	1.2896e-11
1.7274e-07	1.2873e-11
1.8193e-07	1.2849e-11
1.9160e-07	1.2824e-11
2.0179e-07	1.2797e-11
2.1251e-07	1.2766e-11
2.2381e-07	1.2730e-11
2.3571e-07	1.2689e-11
2.4825e-07	1.2644e-11
2.6144e-07	1.2595e-11
2.7535e-07	1.2545e-11
2.8999e-07	1.2492e-11
3.0540e-07	1.2439e-11
3.2164e-07	1.2380e-11
3.3874e-07	1.2315e-11
3.5675e-07	1.2247e-11
3.7572e-07	1.2176e-11
3.9570e-07	1.2106e-11
4.1674e-07	1.2033e-11
4.3890e-07	1.1955e-11
4.6223e-07	1.1877e-11
4.8681e-07	1.1805e-11
5.1269e-07	1.1741e-11
5.3995e-07	1.1671e-11
5.6866e-07	1.1614e-11
5.9889e-07	1.1589e-11
6.3074e-07	1.1596e-11
6.6427e-07	1.1618e-11
6.9959e-07	1.1655e-11
7.3679e-07	1.1706e-11
7.7596e-07	1.1770e-11
8.1722e-07	1.1864e-11
8.6067e-07	1.2138e-11
9.0643e-07	1.2592e-11
9.5462e-07	1.3193e-11
1.0054e-06	1.3903e-11
1.0588e-06	1.5107e-11
1.1151e-06	1.7138e-11
1.1744e-06	2.0129e-11
1.2369e-06	2.4275e-11
1.3026e-06	2.9808e-11
1.3719e-06	3.6959e-11
1.4448e-06	4.5888e-11
1.5217e-06	5.6575e-11
1.6026e-06	6.8690e-11
1.6878e-06	8.1445e-11
1.7775e-06	9.3524e-11
1.8720e-06	1.0314e-10
1.9715e-06	1.0834e-10
2.0764e-06	1.0918e-10
2.1868e-06	1.0964e-10
2.3030e-06	1.1000e-10
2.4255e-06	1.1028e-10
2.5544e-06	1.1054e-10
2.6903e-06	1.1081e-10
2.8333e-06	1.1111e-10
2.9839e-06	1.1151e-10
3.1426e-06	1.1199e-10
3.3097e-06	1.1254e-10
3.4857e-06	1.1314e-10
3.6710e-06	1.1379e-10
3.8662e-06	1.1449e-10
4.0717e-06	1.1522e-10
4.2882e-06	1.1603e-10
4.5162e-06	1.1691e-10
4.7563e-06	1.1787e-10
5.0092e-06	1.1888e-10
5.2756e-06	1.1998e-10
5.5561e-06	1.2118e-10
5.8515e-06	1.2248e-10
6.1626e-06	1.2391e-10
6.4903e-06	1.2546e-10
6.8353e-06	1.2714e-10
7.1988e-06	1.2895e-10
7.5815e-06	1.3090e-10
7.9846e-06	1.3301e-10
8.4092e-06	1.3528e-10
8.8563e-06	1.3776e-10
9.3271e-06	1.4054e-10
9.8231e-06	1.4373e-10
1.0345e-05	1.4739e-10
1.0895e-05	1.5145e-10
1.1475e-05	1.5593e-10
1.2085e-05	1.6088e-10
1.2727e-05	1.6633e-10
1.3404e-05	1.7234e-10
1.4117e-05	1.7895e-10
1.4867e-05	1.8623e-10
1.5658e-05	1.9424e-10
1.6490e-05	2.0306e-10
1.7367e-05	2.1278e-10
1.8290e-05	2.2349e-10
1.9263e-05	2.3532e-10
2.0287e-05	2.4843e-10
2.1366e-05	2.6412e-10
2.2502e-05	2.8303e-10
2.3698e-05	3.0547e-10
2.4958e-05	3.3180e-10
2.6285e-05	3.6244e-10
2.7683e-05	3.9782e-10
2.9155e-05	4.3843e-10
3.0705e-05	4.8519e-10
3.2337e-05	5.4215e-10
3.4057e-05	6.1188e-10
3.5867e-05	6.9680e-10
3.7774e-05	7.9988e-10
3.9783e-05	9.2463e-10
4.1898e-05	1.0790e-09
4.4126e-05	1.2761e-09
4.6472e-05	1.5274e-09
4.8943e-05	1.8478e-09
5.1545e-05	2.2595e-09
5.4286e-05	2.8062e-09
5.7172e-05	3.5390e-09
6.0212e-05	4.5277e-09
6.3413e-05	5.8625e-09
6.6785e-05	7.6831e-09
7.0335e-05	1.0214e-08
7.4075e-05	1.3802e-08
7.8014e-05	1.8999e-08
8.2162e-05	2.6696e-08
8.6530e-05	3.8409e-08
9.1131e-05	5.6921e-08
9.5976e-05	8.7425e-08
1.0108e-04	1.3993e-07
1.0645e-04	2.2972e-07
1.1211e-04	3.8427e-07
1.1807e-04	6.5707e-07
1.2435e-04	1.1521e-06
1.3096e-04	2.0782e-06
1.3793e-04	3.8686e-06
1.4526e-04	7.4554e-06
1.5298e-04	1.4922e-05
1.6112e-04	3.1116e-05
1.6968e-04	6.7819e-05
1.7871e-04	1.5498e-04
1.8821e-04	3.7255e-04
1.9821e-04	9.4495e-04
2.0875e-04	2.6554e-03
2.1985e-04	8.9042e-03
2.3154e-04	3.4898e-02
2.4385e-04	1.5623e-01
2.5682e-04	7.8085e-01
2.7047e-04	4.2584e+00
2.8485e-04	2.4765e+01
3.0000e-04	1.5011e+02
