1.0000e-08	3.9693e-10
1.0411e-08	3.9684e-10
1.0838e-08	3.9669e-10
1.1283e-08	3.9648e-10
1.1746e-08	3.9621e-10
1.2228e-08	3.9589e-10
1.2730e-08	3.9552e-10
1.3253e-08	3.9510e-10
1.3797e-08	3.9465e-10
1.4363e-08	3.9416e-10
1.4953e-08	3.9363e-10
1.5567e-08	3.9308e-10
1.6206e-08	3.9250e-10
1.6871e-08	3.9190e-10
1.7564e-08	3.9129e-10
1.8285e-08	3.9066e-10
1.9036e-08	3.9002e-10
1.9817e-08	3.8937e-10
2.0631e-08	3.8869e-10
2.1478e-08	3.8790e-10
2.2359e-08	3.8700e-10
2.3277e-08	3.8602e-10
2.4233e-08	3.8497e-10
2.5228e-08	3.8386e-10
2.6263e-08	3.8270e-10
2.7342e-08	3.8151e-10
2.8464e-08	3.8029e-10
2.9633e-08	3.7907e-10
3.0849e-08	3.7782e-10
3.2116e-08	3.7649e-10
3.3434e-08	3.7507e-10
3.4807e-08	3.7360e-10
3.6236e-08	3.7210e-10
3.7723e-08	3.7057e-10
3.9272e-08	3.6905e-10
4.0884e-08	3.6752e-10
4.2562e-08	3.6586e-10
4.4310e-08	3.6415e-10
4.6129e-08	3.6249e-10
4.8023e-08	3.6097e-10
4.9994e-08	3.5968e-10
5.2047e-08	3.5847e-10
5.4183e-08	3.5727e-10
5.6408e-08	3.5626e-10
5.8723e-08	3.5565e-10
6.1134e-08	3.5561e-10
6.3644e-08	3.5609e-10
6.6257e-08	3.5703e-10
6.8977e-08	3.5839e-10
7.1808e-08	3.6015e-10
7.4756e-08	3.6226e-10
7.7825e-08	3.6470e-10
8.1020e-08	3.6758e-10
8.4347e-08	3.7306e-10
8.7809e-08	3.8152e-10
9.1414e-08	3.9263e-10
9.5167e-08	4.0602e-10
9.9074e-08	4.2132e-10
1.0314e-07	4.4134e-10
1.0738e-07	4.7349e-10
1.1178e-07	5.1888e-10
1.1637e-07	5.7883e-10
1.2115e-07	6.5510e-10
1.2612e-07	7.4965e-10
1.3130e-07	8.6444e-10
1.3669e-07	1.0011e-09
1.4230e-07	1.1603e-09
1.4815e-07	1.3415e-09
1.5423e-07	1.5418e-09
1.6056e-07	1.7557e-09
1.6715e-07	1.9740e-09
1.7401e-07	2.1842e-09
1.8116e-07	2.3701e-09
1.8859e-07	2.5139e-09
1.9634e-07	2.5972e-09
2.0440e-07	2.6168e-09
2.1279e-07	2.6260e-09
2.2152e-07	2.6333e-09
2.3062e-07	2.6392e-09
2.4008e-07	2.6441e-09
2.4994e-07	2.6486e-09
2.6020e-07	2.6531e-09
2.7088e-07	2.6581e-09
2.8200e-07	2.6641e-09
2.9358e-07	2.6715e-09
3.0563e-07	2.6809e-09
3.1818e-07	2.6925e-09
3.3124e-07	2.7062e-09
3.4484e-07	2.7216e-09
3.5900e-07	2.7386e-09
3.7374e-07	2.7567e-09
3.8908e-07	2.7757e-09
4.0505e-07	2.7953e-09
4.2168e-07	2.8168e-09
4.3899e-07	2.8405e-09
4.5702e-07	2.8660e-09
4.7578e-07	2.8934e-09
4.9531e-07	2.9225e-09
5.1565e-07	2.9535e-09
5.3681e-07	2.9873e-09
5.5885e-07	3.0240e-09
5.8180e-07	3.0633e-09
6.0568e-07	3.1052e-09
6.3054e-07	3.1497e-09
6.5643e-07	3.1970e-09
6.8338e-07	3.2473e-09
7.1143e-07	3.3008e-09
7.4064e-07	3.3576e-09
7.7105e-07	3.4179e-09
8.0270e-07	3.4820e-09
8.3565e-07	3.5504e-09
8.6996e-07	3.6240e-09
9.0568e-07	3.7038e-09
9.4286e-07	3.7907e-09
9.8156e-07	3.8859e-09
1.0219e-06	3.9902e-09
1.0638e-06	4.1023e-09
1.1075e-06	4.2223e-09
1.1530e-06	4.3508e-09
1.2003e-06	4.4884e-09
1.2496e-06	4.6355e-09
1.3009e-06	4.7930e-09
1.3543e-06	4.9615e-09
1.4099e-06	5.1419e-09
1.4677e-06	5.3350e-09
1.5280e-06	5.5417e-09
1.5907e-06	5.7631e-09
1.6560e-06	6.0004e-09
1.7240e-06	6.2546e-09
1.7948e-06	6.5272e-09
1.8685e-06	6.8197e-09
1.9452e-06	7.1336e-09
2.0250e-06	7.4715e-09
2.1082e-06	7.8473e-09
2.1947e-06	8.2680e-09
2.2848e-06	8.7370e-09
2.3786e-06	9.2582e-09
2.4763e-06	9.8358e-09
2.5779e-06	1.0474e-08
2.6838e-06	1.1179e-08
2.7939e-06	1.1955e-08
2.9086e-06	1.2809e-08
3.0280e-06	1.3746e-08
3.1524e-06	1.4798e-08
3.2818e-06	1.5991e-08
3.4165e-06	1.7345e-08
3.5568e-06	1.8883e-08
3.7028e-06	2.0634e-08
3.8548e-06	2.2631e-08
4.0130e-06	2.4911e-08
4.1778e-06	2.7594e-08
4.3493e-06	3.0781e-08
4.5278e-06	3.4528e-08
4.7137e-06	3.8886e-08
4.9072e-06	4.3906e-08
5.1087e-06	4.9633e-08
5.3184e-06	5.6225e-08
5.5368e-06	6.3957e-08
5.7641e-06	7.3206e-08
6.0007e-06	8.4485e-08
6.2471e-06	9.8309e-08
6.5035e-06	1.1519e-07
6.7705e-06	1.3591e-07
7.0485e-06	1.6148e-07
7.3378e-06	1.9320e-07
7.6391e-06	2.3278e-07
7.9527e-06	2.8246e-07
8.2792e-06	3.4468e-07
8.6190e-06	4.2320e-07
8.9729e-06	5.2536e-07
9.3413e-06	6.6264e-07
9.7247e-06	8.5341e-07
1.0124e-05	1.1269e-06
1.0540e-05	1.5122e-06
1.0972e-05	2.0560e-06
1.1423e-05	2.8349e-06
1.1892e-05	3.9681e-06
1.2380e-05	5.6437e-06
1.2888e-05	8.1639e-06
1.3417e-05	1.2023e-05
1.3968e-05	1.8042e-05
1.4541e-05	2.7617e-05
1.5138e-05	4.3160e-05
1.5760e-05	6.8931e-05
1.6407e-05	1.1262e-04
1.7080e-05	1.8838e-04
1.7782e-05	3.2297e-04
1.8512e-05	5.6805e-04
1.9272e-05	1.0259e-03
2.0063e-05	1.9049e-03
2.0886e-05	3.8075e-03
2.1744e-05	8.4126e-03
2.2637e-05	2.0338e-02
2.3566e-05	5.3257e-02
2.4533e-05	1.4952e-01
2.5540e-05	4.4552e-01
2.6589e-05	1.3947e+00
2.7681e-05	4.5404e+00
2.8817e-05	1.5216e+01
3.0000e-05	5.1964e+01
