0.01    1
0.01	0.000012319498287578281
0.0101856681452356	0.000012319499974982466
0.010374783556486723	0.000012319501693583143
0.010567410238502098	0.000012319503443954575
0.010763613384394735	0.000012319505226681472
0.010963459397706099	0.000012319507042359242
0.01116701591487989	0.00001231950889159415
0.011374351828153112	0.000012319510775003454
0.011585537308872147	0.000012319512693215761
0.01180064383124176	0.00001231951464687103
0.012019744196515018	0.000012319516636620937
0.012242912557632355	0.000012319518663128956
0.012470224444318079	0.000012319520727070718
0.012701756788642897	0.000012319522829134077
0.012937587951060998	0.000012319524970019402
0.013177797746930599	0.000012319527150439809
0.013422467473526847	0.00001231952937112137
0.013671679937556335	0.000012319531632803305
0.01392551948318242	0.000012319533936238307
0.014184072020570896	0.000012319536282192677
0.014447425054965653	0.000012319538671446638
0.014715667716304235	0.000012319541104794574
0.014988890789383195	0.000012319543583045223
0.015267186744583569	0.000012319546107021985
0.015550649769166815	0.000012319548677563184
0.015839375799151775	0.000012319551295522281
0.016133462551783592	0.00001231955396176822
0.01643300955860536	0.000012319556677185615
0.01673811819914388	0.000012319559442675079
0.017048891735220808	0.000012319562259153483
0.017365435345900907	0.000012319565127554228
0.017687856163089124	0.000012319568048827616
0.018016263307788615	0.000012319571024896516
0.018350767927031948	0.000012319574054834769
0.01869148323149804	0.00001231957714060043
0.019038524533827497	0.000012319580283214124
0.01939200928764933	0.000012319583483714815
0.019752057127332266	0.000012319586743160162
0.020118789908474207	0.000012319590062626815
0.02049233174914332	0.0000123195934432108
0.02087280907188493	0.000012319596886027737
0.0212603506465083	0.00001231960039221333
0.021655087633667868	0.000012319603962923602
0.022057153629253617	0.000012319607599335272
0.02246668470960564	0.000012319611302646134
0.0228838194775682	0.000012319615074075441
0.023308699109398836	0.000012319618914864158
0.023741467402548514	0.00001231962282627553
0.024182270824328788	0.000012319626809595239
0.0246312585614826	0.00001231963086613196
0.025088582570675495	0.000012319634997217684
0.025554397629924248	0.000012319639204208117
0.026028861390980353	0.000012319643488483051
0.026512134432686147	0.000012319647851446907
0.02700438031532152	0.00001231965229452897
0.02750576563595977	0.00001231965681918393
0.028016460084851143	0.000012319661426892278
0.02853663650285331	0.000012319666119160719
0.029066470939928042	0.000012319670897522682
0.029606142714724133	0.000012319675763538668
0.03015583447526646	0.000012319680718796804
0.030715732260771927	0.000012319685764913236
0.031286025564613004	0.000012319690904488043
0.03186690739845053	0.00001231969613728399
0.03245857435755702	0.00001231970146595963
0.033061226687352965	0.000012319706892248011
0.033675068351178436	0.000012319712417912673
0.034300307099322976	0.000012319718044748057
0.03493715453933725	0.0000123197237745801
0.03558582620765009	0.00001231972960926671
0.03624654164251516	0.000012319735550698283
0.036919524458312244	0.000012319741600798288
0.03760500242122779	0.000012319747761523731
0.03830320752634073	0.000012319754034865742
0.039014376076139744	0.000012319760422850136
0.03973874876049785	0.000012319766927537971
0.04047657073813236	0.000012319773551588893
0.04122809171957702	0.00001231978029601051
0.04199356605169473	0.000012319787163535794
0.042773252803759425	0.000012319794156372498
0.04356741585513617	0.000012319801276766497
0.044376323984589294	0.00001231980852700244
0.04520025096124859	0.000012319815909404297
0.04603947563726446	0.000012319823426336117
0.04689428204218351	0.000012319831080202461
0.04776495947907626	0.000012319838873449222
0.04865180262244961	0.00001231984680856417
0.0495551116179775	0.000012319854888640403
0.0504751921840828	0.000012319863115125843
0.051412355715405714	0.00001231987149120068
0.05236691938819297	0.000012319880019526878
0.053339206267643734	0.000012319888702811604
0.05432954541724901	0.000012319897543807967
0.0553382720101604	0.000012319906545315663
0.05636572744262736	0.000012319915710181739
0.05741225944954019	0.00001231992504130127
0.058478222222118306	0.000012319934545900622
0.059563976527783905	0.000012319944218407912
0.06066988983226098	0.000012319954070431663
0.061796336423941355	0.000012319964096501483
0.06294369754056021	0.000012319974304134447
0.06411236149822286	0.000012319984696352307
0.0653027238228278	0.000012319995276495339
0.06651518738392953	0.000012320006047869329
0.06775016253108676	0.000012320017013834866
0.06900806723274253	0.000012320028177896469
0.07028932721768222	0.000012320039543349715
0.07159437611911873	0.00001232005105576125
0.07292365562145245	0.000012320062833258918
0.07427761560975592	0.000012320074822873421
0.07565671432203454	0.000012320087028398496
0.07706141850431375	0.000012320099453599745
0.07849220356860574	0.000012320112051943257
0.0799495537538096	0.000012320124926634903
0.08143396228959801	0.000012320138031791669
0.08294593156334752	0.000012320151373129535
0.08448597329016813	0.00001232016495512623
0.08605460868608912	0.000012320178779424118
0.08765236864446128	0.000012320192852737026
0.08927979391563369	0.000012320207176840657
0.09093743528996692	0.000012320221756600317
0.09262585378424402	0.000012320236597895336
0.09434562083154248	0.000012320251703745968
0.09609731847463185	0.000012320267079643566
0.09788153956296186	0.000012320282730522463
0.09969888795330782	0.000012320298594129239
0.10154997871414212	0.00001232031480642299
0.10343543833379906	0.000012320331306829079
0.10535590493250584	0.000012320348045035833
0.1073120284783495	0.00001232036513635847
0.10930447100725406	0.000012320382531401802
0.11133390684704159	0.000012320400164441367
0.11340102284565391	0.000012320418180966518
0.11550651860361122	0.000012320436516501167
0.1176511067107866	0.000012320455177154724
0.11983551298757733	0.000012320474104889917
0.12206047673055334	0.000012320493409310597
0.1243267509626669	0.000012320513056606616
0.12663510268810757	0.00001232053307222416
0.12898631315188963	0.000012320553418946075
0.1313811781042586	0.000012320574124117184
0.13382050807000725	0.000012320595152935913
0.13630512862279162	0.000012320616594091093
0.138835880664541	0.000012320638411908859
0.1414136207100547	0.000012320660628930303
0.14403922117688336	0.000012320683184269318
0.14671357068059257	0.000012320706171292244
0.14943757433550836	0.000012320729579042092
0.15221215406104652	0.000012320753395101256
0.1550382488937295	0.000012320777626949584
0.1579168153049969	0.000012320802281182424
0.16084882752491608	0.000012320827294482113
0.16383527787190336	0.000012320852814956341
0.1668771770885668	0.000012320878778741974
0.16997555468378553	0.00001232090516452943
0.17313145928113868	0.00001232093203677162
0.17634595897380487	0.000012320959343556034
0.1796201416860508	0.00001232098712988226
0.1829551155414313	0.000012321015419946384
0.18635200923782563	0.000012321044197761654
0.18981197242943706	0.000012321073441331253
0.19333617611588552	0.000012321103218455492
0.1969258130385235	0.000012321133504750996
0.2005820980841111	0.000012321164310708212
0.2043062686959853	0.000012321195642290968
0.2080995852928643	0.000012321227513674175
0.21196333169542675	0.000012321259928971474
0.21589881556081156	0.000012321292880428376
0.21990736882518544	0.000012321326408872014
0.22399034815452676	0.000012321360504119805
0.2281491354037796	0.000012321395188324347
0.23238513808453215	0.000012321430451682116
0.23669978984137954	0.000012321466310553863
0.24109455093713006	0.000012321502774338067
0.24557090874702087	0.000012321539851683174
0.2501303782621089	0.000012321577551789645
0.25477450260200935	0.000012321615883700567
0.25950485353715325	0.000012321654841659658
0.2643230320207412	0.000012321694449994005
0.2692306687305753	0.00001232173477573724
0.2742294246209499	0.000012321775713469422
0.27932099148478967	0.000012321817330242838
0.28450709252622464	0.000012321859651355718
0.28978948294379636	0.000012321902671159444
0.29516995052449235	0.000012321946399509057
0.30065031624880895	0.000012321990846331205
0.30623243490705027	0.000012322036021621604
0.3119181957270676	0.00001232208193544209
0.31770952301365574	0.000012322128593299105
0.32360837679981896	0.00001232217601448601
0.32961675351013153	0.000012322224204751578
0.33573668663641215	0.000012322273174389947
0.3419702474259452	0.000012322322933744207
0.3483195455824786	0.000012322373493202125
0.3547867299802392	0.000012322424863191867
0.3613739893912028	0.000012322477054254894
0.3680835532258682	0.000012322530076730388
0.3749176922877858	0.000012322583941215907
0.3818787195420943	0.000012322638658251328
0.38896899089832715	0.000012322694257519595
0.3961909060077527	0.000012322750711929918
0.4035469090755198	0.00001232280805057937
0.4110394896878809	0.00001232286628402541
0.41867118365477474	0.000012322925422812667
0.4264445738680523	0.000012322985477465189
0.434362291175639	0.0000123230464584785
0.44242701527192585	0.000012323108375656718
0.450641475604692	0.000012323171241013352
0.45900845229886744	0.000012323235063813321
0.46753077709744684	0.000012323299853819255
0.4762113343198712	0.000012323365622746563
0.4850530618382053	0.000012323432377949764
0.4940589520714401	0.000012323500133364048
0.503232052998255	0.00001232356889500806
0.5125754691885842	0.000012323638678536206
0.5220923628543354	0.000012323709487758064
0.531785954919619	0.000012323781334140249
0.541659526110846	0.000012323854228985616
0.5517164180670655	0.000012323928177564222
0.5619600344709196	0.000012324003190805866
0.5723938422005945	0.000012324079277962102
0.5830213725031611	0.000012324156447295712
0.5938462221896987	0.000012324234706199165
0.6048720548526116	0.000012324314063472434
0.6161026021055447	0.000012324394526697958
0.6275416648463213	0.000012324476056738424
0.639193114543329	0.000012324558753491418
0.6510608945457916	0.000012324642577586802
0.6631490214183667	0.00001232472753541159
0.6754615863005219	0.000012324813632955028
0.6880027562911533	0.00001232490087578309
0.7007767758589092	0.000012324989269011621
0.7137879682787003	0.000012325078817278582
0.7270407370948797	0.000012325169524619104
0.7405395676115927	0.000012325261394818334
0.7542890284107948	0.000012325354429975147
0.7682937728984539	0.000012325448634304955
0.7825585408794656	0.000012325544008633681
0.7970881601618024	0.000012325640554075483
0.8118875481904526	0.000012325738271035124
0.8269617137116927	0.000012325837159169235
0.842315758468263	0.000012325937217345664
0.857954878926015	0.000012326038443601447
0.873884368032618	0.000012326140835098851
0.8901096170089181	0.000012326244388079765
0.9066361171735597	0.000012326349097818063
0.9234694618014823	0.00001232645496826181
0.9406153480169223	0.000012326561973043038
0.9580795787215662	0.000012326670114082866
0.9758680645585001	0.000012326779381967484
0.9939868259126232	0.00001232688976694924
1.012441994948205	0.000012327001257081262
1.0312398176842719	0.000012327113839358222
1.050386656108525	0.000012327227499350253
1.0698889903305149	0.00001232734222113511
1.089753420774781	0.000012327457987227694
1.109986670414721	0.00001232757477850671
1.1305955870479354	0.000012327692574138642
1.1515871456138094	0.00001232781135149856
1.1729684505541373	0.000012327931086087857
1.1947467382175643	0.000012328051751448934
1.2169293793086775	0.000012328173319076365
1.2395238813825733	0.000012328295758324796
1.2625378913857273	0.000012328419036313137
1.285979198244052	0.000012328543117825312
1.3098557354990064	0.000012328667965206836
1.3341755839926384	0.000012328793538257834
1.3589469746024914	0.00001232891979412168
1.3841782910272895	0.000012329046687169532
1.4098780726243307	0.000012329174168880527
1.4360550172995816	0.000012329302187717303
1.4627179844514113	0.00001232943068899702
1.4898759979689955	0.000012329559614757346
1.5175382492863905	0.000012329688922095327
1.5457141004932995	0.000012329818508293602
1.5744130875036093	0.00001232994832415395
1.603644923282755	0.000012330078296975425
1.6334195011349955	0.000012330208350209048
1.6637468980517338	0.000012330338403111172
1.6946373781220094	0.000012330468371979385
1.726101396006292	0.000012330598164517217
1.7581496004747996	0.000012330727687559355
1.7907928380114873	0.000012330856841790075
1.8240421564849654	0.000012330985524186951
1.857908808887577	0.000012331113622303428
1.892404257143882	0.00001233124102207344
1.9275401759898667	0.000012331367600470252
1.9633284569241818	0.000012331493232410026
1.9997812122327212	0.000012331617790446124
2.036910779087945	0.000012331741124972726
2.074729723724312	0.000012331863093314776
2.1132508456912174	0.000012331983542350412
2.1524871821849234	0.000012332102310415302
2.192452012460892	0.000012332219236237307
2.2331588623280583	0.000012332334130987228
2.2746215087265487	0.000012332446815542913
2.316853984390376	0.000012332557098300739
2.359870582596722	0.000012332664776337637
2.403685862003402	0.000012332769638248027
2.4483146515761236	0.000012332871464489947
2.4937720556072507	0.000012332970026096094
2.5400734588277487	0.00001233306508331629
2.58723453161402	0.000012333156383977108
2.6352712352914485	0.00001233324366520567
2.684199827536379	0.00001233332665554652
2.734036867878414	0.000012333405067942447
2.7847992233048893	0.00001233347860682963
2.8365040739693463	0.000012333546961092241
2.889168919006056	0.000012333609807359928
2.942811582452477	0.000012333666808490318
2.997450219281658	0.000012333717613434447
3.053103321546663	0.00001233376185617205
3.1097897246390866	0.000012333799155543946
3.1675286136637317	0.000012333829114610466
3.226339529931697	0.000012333851319991932
3.28624237757397	0.000012333865342122415
3.347257430277847	0.000012333870732181414
3.4094053381484257	0.000012333867024744948
3.4727071346974645	0.000012333853735088416
3.537184243962034	0.000012333830359021714
3.602858487755338	0.000012333796372206848
3.669752093052127	0.000012333751241211298
3.73788769951127	0.000012333694376201803
3.807288367137994	0.00001233362519929609
3.8779775840883506	0.000012333543098548408
3.949979274618644	0.000012333447437645213
4.023317807182397	0.000012333337556073583
4.098018002677686	0.000012333212767477665
4.174105142847615	0.000012333072359209448
4.251604978836706	0.00001233291559135333
4.33054373990621	0.000012332741695726053
4.410948142311215	0.000012332549863114256
4.492845398342551	0.000012332339290584345
4.5762632255366045	0.000012332109118441503
4.661229856056133	0.000012331858422530195
4.747774046245206	0.000012331586314641389
4.835925086361614	0.000012331291825549434
4.925712810489924	0.0000123309739618254
5.017167606638611	0.000012330631693707131
5.1103204270246865	0.000012330263955204435
5.205202798549216	0.00001232986964107438
5.301846833467392	0.000012329447606162221
5.400285240256708	0.000012328996664565417
5.500551334686875	0.000012328515477818716
5.602679051095324	0.000012328002994259435
5.706702953872049	0.000012327457787064906
5.81265824915764	0.000012326878493330371
5.920580796758594	0.00001232626370165665
6.030507122283765	0.0000123256119543345
6.142474429506212	0.000012324921742742971
6.256520612954567	0.000012324191507730033
6.3726842707381275	0.000012323419630046357
6.491004717610127	0.000012322604444257367
6.611521998273551	0.000012321744225273111
6.734276900933936	0.000012320837192653519
6.859310971103867	0.000012319881505878502
6.986666525663777	0.000012318875265074177
7.116386667183745	0.000012317816506958094
7.248515298511277	0.00001231670320778081
7.383097137629926	0.00001231553327340562
7.520177732793725	0.000012314304546953224
7.659803477942708	0.000012313014807888913
7.802021628404593	0.00001231166176114043
7.946880316887981	0.000012310243040465173
8.094428569772575	0.000012308756210861472
8.24471632370175	0.000012307198763306198
8.397794442483285	0.000012305568107207185
8.553714734303858	0.000012303861587291593
8.712529969263125	0.0000123020764616164
8.874293897233386	0.000012300209913206398
9.039061266050885	0.000012298258847795826
9.206887840044741	0.000012296220679701393
9.377830418910076	0.00001229409214711026
9.551946856931384	0.000012291870105103714
9.729296082562925	0.00001228955152540144
9.909938118372676	0.000012287132699262555
10.093934101356464	0.00001228461042327201
10.28134630362938	0.000012281981211703596
10.472238153501362	0.000012279241491127887
10.666674256943976	0.000012276387605093708
10.86472041945588	0.000012273415806658056
11.066443668334259	0.000012270322263560199
11.27191227535964	0.00001226710315707114
11.481195779902087	0.000012263754283084501
11.694365012456215	0.000012260271653140984
11.911492118613292	0.000012256651094516012
12.132650583478439	0.000012252888352676696
12.35791525654105	0.000012248979103432081
12.587362377007114	0.000012244918898189566
12.821069599601849	0.000012240703288110301
13.059116020851317	0.000012236327690358261
13.301582205852107	0.000012231787479840517
13.548550215538055	0.000012227077959057707
13.800103634453084	0.0000122221943643191
14.056327599039887	0.000012217131882215855
14.317308826453665	0.00001221188564871261
14.583135643910952	0.000012206450741368835
14.85389801858337	0.000012200822223210155
15.12968758804629	0.0000121949951079785
15.410597691292946	0.000012188964392488531
15.696723400324391	0.000012182725060077541
15.988161552325847	0.00001217627210266397
16.285010782440587	0.000012169600482615463
16.58737155715234	0.000012162705217912629
16.895346208287357	0.000012155581318986142
17.20903896764797	0.000012148223930746468
17.528556002289015	0.000012140628164857682
17.85400545044934	0.000012132789255079124
18.185497458150472	0.000012124702520103124
18.52314421647463	0.00001211636339623067
18.86705999953506	0.000012107767468404464
19.217361203151313	0.000012098910447045581
19.574166384242492	0.000012089788259395605
19.937596300952016	0.000012080397030805071
20.30777395351742	0.000012070733124421005
20.68482462589875	0.000012060793170442391
21.068875928180166	0.000012050574127627804
21.460057839758594	0.000012040073202813521
21.85850275333425	0.000012029288059577373
22.264345519718145	0.000012018216744072903
22.677723493471216	0.00001200685775564068
23.098776579391064	0.00001199521008877823
23.52764727986178	0.000011983273289075208
23.964480743082728	0.000011971047498078536
24.40942481219296	0.00001195853350735964
24.86263007530774	0.00001194573282408471
25.32424991648385	0.000011932647726310115
25.7944405676315	0.000011919281332984253
26.27336116138972	0.000011905637677967632
26.761173784983733	0.000011891721780370552
27.258043535082294	0.000011877539728683386
27.764138573673307	0.000011863098770103234
28.2796301849771	0.000011848407396906997
28.804692833416453	0.000011833475451820413
29.33950422266263	0.000011818314212337899
29.884245355778	0.000011802936576748698
30.439100596475303	0.00001178735707649278
31.004257731514027	0.000011771592082977374
31.579908034255716	0.000011755659924625239
32.16624632939884	0.00001173958103950461
32.76347105891591	0.000011723378138185202
33.37178434921485	0.000011707076377526289
33.991392079546976	0.00001169070357076803
34.622503951685516	0.000011674290316391384
35.2653335608977	0.00001165787033374226
35.920098468234386	0.000011641480627654896
36.587020274162086	0.000011625161783035227
37.2663246935622	0.000011608958220617387
37.958241632122316	0.000011592915394109228
38.66300526414642	0.000011577095958640283
39.38085411180927	0.000011561548417327188
40.11203112588259	0.000011546339451696928
40.85678376796014	0.000011531538041482954
41.61536409420907	0.000011517219786277077
42.38802884067665	0.00001150346710567992
43.175039510180824	0.000011490369893720303
43.97666246081375	0.000011478026623699975
44.79316899608886	0.000011466544625312293
45.62483545676174	0.000011456041390473644
46.4719433143554	0.000011446645543182062
47.33477926642241	0.00001143849813412989
48.21363533357575	0.000011431753831359625
49.108808958320786	0.000011426582852719199
50.0206031057229	0.000011423172494400722
50.949326365943485	0.000011421729405066967
51.89529305868026	0.000011422504462753734
52.85882333954659	0.000011425684146137743
53.840243308425606	0.000011431616897343819
54.83988511983646	0.000011440597769598556
55.85808709534982	0.00001145296749950729
56.89519383809007	0.000011469130263161353
57.951556349363855	0.000011489526384607184
59.0275321474541	0.000011514657833607181
60.12348538861932	0.000011545094978108383
61.23978699033982	0.000011581489286913675
62.376814756851815	0.000011624587805282917
63.53495350701271	0.000011675254362836894
64.71459520454046	0.000011734491611408423
65.91613909067046	0.000011803472826192653
67.13999181927608	0.00001188358086793598
68.38656759449795	0.000011976459038617817
69.65628831092793	0.000012084077932007105
70.94958369639652	0.000012208824332969534
72.26689145741133	0.000012353621264507934
73.6086574272953	0.000012522093137226892
74.97533571707619	0.000012718797156474454
76.36738886917684	0.000012949554502613821
77.78528801395937	0.000013221936378669553
79.22951302917629	0.000013545997889848571
80.70055270238103	0.000013935421982800163
82.19890489635488	0.000014409375659005226
83.72507671760529	0.000014995660062265748
85.27958468799194	0.000015736371141157957
86.86295491954007	0.000016698806354864477
88.47572329249957	0.000017998469112404663
90.11843563670918	0.0000198538343407273
91.79164791632938	0.00002274120062774263
93.49592641800383	0.000027717022220886663
95.23184794251529	0.00003816939958090331
97.	0.0000785177748138777
97.  1
