1.000000000e-03 1
1.000000000e-03	8.038195582e-06
1.043729092e-03	8.051029223e-06
1.089370418e-03	8.062881597e-06
1.137007598e-03	8.073788973e-06
1.186727908e-03	8.083788183e-06
1.238622443e-03	8.092916573e-06
1.292786278e-03	8.101211968e-06
1.349318649e-03	8.108712622e-06
1.408323129e-03	8.115457184e-06
1.469907821e-03	8.121484657e-06
1.534185556e-03	8.126834363e-06
1.601274098e-03	8.131545911e-06
1.671296361e-03	8.135659159e-06
1.744380634e-03	8.139214186e-06
1.820660816e-03	8.142251266e-06
1.900276661e-03	8.144810836e-06
1.983374035e-03	8.146933474e-06
2.070105182e-03	8.148659876e-06
2.160629002e-03	8.150030836e-06
2.255111348e-03	8.151087224e-06
2.353725320e-03	8.151869972e-06
2.456651593e-03	8.152420059e-06
2.564078737e-03	8.152778495e-06
2.676203573e-03	8.152986316e-06
2.793231527e-03	8.153084571e-06
2.915377006e-03	8.153114315e-06
3.042863797e-03	8.152778353e-06
3.175925469e-03	8.147960435e-06
3.314805808e-03	8.138224849e-06
3.459759257e-03	8.124588860e-06
3.611051390e-03	8.108069714e-06
3.768959390e-03	8.089680436e-06
3.933772563e-03	8.070426875e-06
4.105792867e-03	8.051306021e-06
4.285335463e-03	8.033305546e-06
4.472729294e-03	8.017404574e-06
4.668317686e-03	8.004575654e-06
4.872458982e-03	7.995787909e-06
5.085527191e-03	7.991573329e-06
5.307912680e-03	7.988467134e-06
5.540022884e-03	7.985517950e-06
5.782283057e-03	7.982732194e-06
6.035137047e-03	7.980116284e-06
6.299048113e-03	7.977676640e-06
6.574499770e-03	7.975419685e-06
6.861996678e-03	7.973351848e-06
7.162065565e-03	7.971479563e-06
7.475256193e-03	7.969809272e-06
7.802142362e-03	7.968347428e-06
8.143322966e-03	7.967100492e-06
8.499423089e-03	7.966074942e-06
8.871095147e-03	7.965277267e-06
9.259020087e-03	7.964713975e-06
9.663908632e-03	7.964391592e-06
1.008650259e-02	7.964336269e-06
1.052757619e-02	7.965184194e-06
1.098793754e-02	7.967213349e-06
1.146843008e-02	7.970388819e-06
1.196993412e-02	7.974676138e-06
1.249336847e-02	7.980041240e-06
1.303969214e-02	7.986450407e-06
1.360990604e-02	7.993870226e-06
1.420505488e-02	8.002267545e-06
1.482622904e-02	8.011609427e-06
1.547456658e-02	8.021863110e-06
1.615125533e-02	8.032995968e-06
1.685753507e-02	8.044975472e-06
1.759469978e-02	8.057769153e-06
1.836410003e-02	8.071344566e-06
1.916714546e-02	8.085669257e-06
2.000530733e-02	8.100710731e-06
2.088012127e-02	8.116436417e-06
2.179319002e-02	8.132813643e-06
2.274618644e-02	8.149809605e-06
2.374085653e-02	8.167391339e-06
2.477902264e-02	8.185525698e-06
2.586258681e-02	8.204179324e-06
2.699353426e-02	8.223318629e-06
2.817393702e-02	8.242909769e-06
2.940595771e-02	8.262918629e-06
3.069185356e-02	8.284996510e-06
3.203398046e-02	8.317191164e-06
3.343479735e-02	8.358762920e-06
3.489687069e-02	8.407591343e-06
3.642287918e-02	8.461526845e-06
3.801561863e-02	8.518374454e-06
3.967800713e-02	8.575883213e-06
4.141309037e-02	8.631741436e-06
4.322404723e-02	8.683578065e-06
4.511419558e-02	8.728970420e-06
4.708699841e-02	8.765458578e-06
4.914607012e-02	8.790566538e-06
5.129518316e-02	8.804473221e-06
5.353827497e-02	8.816724458e-06
5.587945514e-02	8.828418758e-06
5.832301300e-02	8.839519878e-06
6.087342543e-02	8.849991517e-06
6.353536508e-02	8.859797345e-06
6.631370893e-02	8.868901024e-06
6.921354724e-02	8.877266240e-06
7.224019284e-02	8.884856729e-06
7.539919092e-02	8.891636305e-06
7.869632910e-02	8.897568896e-06
8.213764815e-02	8.902618575e-06
8.572945296e-02	8.906749590e-06
8.947832414e-02	8.909926407e-06
9.339113004e-02	8.912113740e-06
9.747503940e-02	8.913276592e-06
1.017375344e-01	8.912762566e-06
1.061864245e-01	8.905129432e-06
1.108298604e-01	8.889678889e-06
1.156763496e-01	8.867133992e-06
1.207347714e-01	8.838228983e-06
1.260143934e-01	8.803703932e-06
1.315248885e-01	8.764299922e-06
1.372763525e-01	8.720754823e-06
1.432793228e-01	8.673799662e-06
1.495447975e-01	8.624155583e-06
1.560842558e-01	8.572531406e-06
1.629096787e-01	8.519621765e-06
1.700335711e-01	8.466105813e-06
1.774689848e-01	8.412646482e-06
1.852295424e-01	8.359890262e-06
1.933294622e-01	8.308467496e-06
2.017835841e-01	8.258993150e-06
2.106073971e-01	8.212068054e-06
2.198170675e-01	8.168280587e-06
2.294294684e-01	8.128208787e-06
2.394622108e-01	8.092422887e-06
2.499336759e-01	8.061488256e-06
2.608630488e-01	8.035968756e-06
2.722703531e-01	8.016430510e-06
2.841764886e-01	8.003446108e-06
2.966032685e-01	7.997599249e-06
3.095734602e-01	8.034095659e-06
3.231108267e-01	8.194271629e-06
3.372401699e-01	8.469005810e-06
3.519873765e-01	8.847002421e-06
3.673794650e-01	9.317393256e-06
3.834446356e-01	9.867796716e-06
4.002123215e-01	1.048253628e-05
4.177132431e-01	1.114104402e-05
4.359794641e-01	1.181657637e-05
4.550444504e-01	1.247546164e-05
4.749431313e-01	1.307716765e-05
4.957119633e-01	1.357549859e-05
5.173889976e-01	1.396687779e-05
5.400139489e-01	1.432456745e-05
5.636282688e-01	1.465437679e-05
5.882752215e-01	1.496029699e-05
6.139999630e-01	1.524696736e-05
6.408496241e-01	1.551959881e-05
6.688733966e-01	1.578391176e-05
6.981226232e-01	1.604609292e-05
7.286508919e-01	1.631277461e-05
7.605141341e-01	1.659104011e-05
7.937707270e-01	1.688845829e-05
8.284816005e-01	1.721315116e-05
8.647103490e-01	1.757389854e-05
9.025233478e-01	1.798028502e-05
9.419898747e-01	1.844289629e-05
9.831822370e-01	1.897357383e-05
1.026175904e+00	1.958875137e-05
1.071049645e+00	2.031187431e-05
1.117885674e+00	2.115192457e-05
1.166769800e+00	2.211781307e-05
1.217791584e+00	2.322002304e-05
1.271044505e+00	2.447073656e-05
1.326626128e+00	2.588398460e-05
1.384638284e+00	2.747582130e-05
1.445187260e+00	2.926452341e-05
1.508383987e+00	3.127081603e-05
1.574344250e+00	3.351812550e-05
1.643188895e+00	3.603286077e-05
1.715044054e+00	3.884472405e-05
1.790041374e+00	4.198705145e-05
1.868318259e+00	4.549718397e-05
1.950018121e+00	4.941686872e-05
2.035290643e+00	5.379268956e-05
2.124292056e+00	5.867652531e-05
2.217185420e+00	6.412603294e-05
2.314140926e+00	7.020515129e-05
2.415336208e+00	7.698461971e-05
2.520956669e+00	8.454250365e-05
2.631195816e+00	9.296471694e-05
2.746255621e+00	1.023455281e-04
2.866346887e+00	1.127880345e-04
2.991689635e+00	1.244045848e-04
3.122513507e+00	1.378077787e-04
3.259058189e+00	1.539364233e-04
3.401573846e+00	1.732741964e-04
3.550321583e+00	1.963984947e-04
3.705573924e+00	2.239964277e-04
3.867615308e+00	2.568796032e-04
4.036742616e+00	2.959992836e-04
4.213265707e+00	3.424610022e-04
4.397507992e+00	3.975373405e-04
4.589807026e+00	4.626770848e-04
4.790515121e+00	5.395084205e-04
5.000000000e+00	6.298332076e-04
1e1 1
