1.0000e-05	1.1869e-10
1.0027e-05	1.1869e-10
1.0053e-05	1.1869e-10
1.0080e-05	1.1869e-10
1.0107e-05	1.1869e-10
1.0133e-05	1.1869e-10
1.0160e-05	1.1869e-10
1.0187e-05	1.1869e-10
1.0214e-05	1.1869e-10
1.0241e-05	1.1869e-10
1.0269e-05	1.1869e-10
1.0296e-05	1.1869e-10
1.0323e-05	1.1869e-10
1.0350e-05	1.1869e-10
1.0378e-05	1.1869e-10
1.0405e-05	1.1869e-10
1.0433e-05	1.1869e-10
1.0461e-05	1.1869e-10
1.0489e-05	1.1869e-10
1.0516e-05	1.1869e-10
1.0544e-05	1.1869e-10
1.0572e-05	1.1869e-10
1.0600e-05	1.1869e-10
1.0628e-05	1.1869e-10
1.0657e-05	1.1869e-10
1.0685e-05	1.1869e-10
1.0713e-05	1.1869e-10
1.0742e-05	1.1869e-10
1.0770e-05	1.1869e-10
1.0799e-05	1.1869e-10
1.0827e-05	1.1869e-10
1.0856e-05	1.1869e-10
1.0885e-05	1.1869e-10
1.0914e-05	1.1869e-10
1.0943e-05	1.1869e-10
1.0972e-05	1.1869e-10
1.1001e-05	1.1869e-10
1.1030e-05	1.1869e-10
1.1059e-05	1.1869e-10
1.1089e-05	1.1869e-10
1.1118e-05	1.1869e-10
1.1148e-05	1.1869e-10
1.1177e-05	1.1869e-10
1.1207e-05	1.1869e-10
1.1237e-05	1.1869e-10
1.1266e-05	1.1869e-10
1.1296e-05	1.1869e-10
1.1326e-05	1.1869e-10
1.1356e-05	1.1869e-10
1.1386e-05	1.1869e-10
1.1417e-05	1.1869e-10
1.1447e-05	1.1869e-10
1.1477e-05	1.1869e-10
1.1508e-05	1.1869e-10
1.1538e-05	1.1869e-10
1.1569e-05	1.1869e-10
1.1600e-05	1.1869e-10
1.1630e-05	1.1869e-10
1.1661e-05	1.1869e-10
1.1692e-05	1.1869e-10
1.1723e-05	1.1869e-10
1.1754e-05	1.1869e-10
1.1786e-05	1.1869e-10
1.1817e-05	1.1869e-10
1.1848e-05	1.1869e-10
1.1880e-05	1.1869e-10
1.1911e-05	1.1869e-10
1.1943e-05	1.1869e-10
1.1974e-05	1.1869e-10
1.2006e-05	1.1869e-10
1.2038e-05	1.1869e-10
1.2070e-05	1.1869e-10
1.2102e-05	1.1869e-10
1.2134e-05	1.1869e-10
1.2166e-05	1.1869e-10
1.2199e-05	1.1869e-10
1.2231e-05	1.1869e-10
1.2263e-05	1.1869e-10
1.2296e-05	1.1869e-10
1.2329e-05	1.1869e-10
1.2361e-05	1.1869e-10
1.2394e-05	1.1869e-10
1.2427e-05	1.1869e-10
1.2460e-05	1.1869e-10
1.2493e-05	1.1869e-10
1.2526e-05	1.1869e-10
1.2559e-05	1.1869e-10
1.2593e-05	1.1869e-10
1.2626e-05	1.1869e-10
1.2660e-05	1.1869e-10
1.2693e-05	1.1869e-10
1.2727e-05	1.1869e-10
1.2761e-05	1.1869e-10
1.2795e-05	1.1869e-10
1.2828e-05	1.1869e-10
1.2863e-05	1.1869e-10
1.2897e-05	1.1869e-10
1.2931e-05	1.1869e-10
1.2965e-05	1.1869e-10
1.3000e-05	1.1869e-10
1.3034e-05	1.1869e-10
1.3069e-05	1.1869e-10
1.3103e-05	1.1869e-10
1.3138e-05	1.1869e-10
1.3173e-05	1.1869e-10
1.3208e-05	1.1869e-10
1.3243e-05	1.1869e-10
1.3278e-05	1.1869e-10
1.3313e-05	1.1869e-10
1.3349e-05	1.1869e-10
1.3384e-05	1.1869e-10
1.3420e-05	1.1869e-10
1.3455e-05	1.1869e-10
1.3491e-05	1.1869e-10
1.3527e-05	1.1869e-10
1.3563e-05	1.1869e-10
1.3599e-05	1.1869e-10
1.3635e-05	1.1869e-10
1.3671e-05	1.1869e-10
1.3707e-05	1.1869e-10
1.3743e-05	1.1869e-10
1.3780e-05	1.1869e-10
1.3816e-05	1.1869e-10
1.3853e-05	1.1869e-10
1.3890e-05	1.1869e-10
1.3927e-05	1.1869e-10
1.3964e-05	1.1869e-10
1.4001e-05	1.1869e-10
1.4038e-05	1.1869e-10
1.4075e-05	1.1869e-10
1.4113e-05	1.1869e-10
1.4150e-05	1.1869e-10
1.4188e-05	1.1869e-10
1.4225e-05	1.1869e-10
1.4263e-05	1.1869e-10
1.4301e-05	1.1869e-10
1.4339e-05	1.1869e-10
1.4377e-05	1.1869e-10
1.4415e-05	1.1869e-10
1.4453e-05	1.1869e-10
1.4491e-05	1.1869e-10
1.4530e-05	1.1869e-10
1.4568e-05	1.1869e-10
1.4607e-05	1.1869e-10
1.4646e-05	1.1869e-10
1.4685e-05	1.1869e-10
1.4724e-05	1.1869e-10
1.4763e-05	1.1869e-10
1.4802e-05	1.1869e-10
1.4841e-05	1.1869e-10
1.4881e-05	1.1869e-10
1.4920e-05	1.1869e-10
1.4960e-05	1.1869e-10
1.4999e-05	1.1869e-10
1.5039e-05	1.1869e-10
1.5079e-05	1.1869e-10
1.5119e-05	1.1869e-10
1.5159e-05	1.1869e-10
1.5199e-05	1.1869e-10
1.5240e-05	1.1869e-10
1.5280e-05	1.1869e-10
1.5321e-05	1.1869e-10
1.5361e-05	1.1869e-10
1.5402e-05	1.1869e-10
1.5443e-05	1.1869e-10
1.5484e-05	1.1869e-10
1.5525e-05	1.1869e-10
1.5566e-05	1.1869e-10
1.5608e-05	1.1869e-10
1.5649e-05	1.1869e-10
1.5690e-05	1.1869e-10
1.5732e-05	1.1869e-10
1.5774e-05	1.1869e-10
1.5816e-05	1.1869e-10
1.5858e-05	1.1869e-10
1.5900e-05	1.1869e-10
1.5942e-05	1.1869e-10
1.5984e-05	1.1869e-10
1.6027e-05	1.1869e-10
1.6069e-05	1.1869e-10
1.6112e-05	1.1869e-10
1.6155e-05	1.1869e-10
1.6197e-05	1.1869e-10
1.6240e-05	1.1869e-10
1.6283e-05	1.1869e-10
1.6327e-05	1.1869e-10
1.6370e-05	1.1869e-10
1.6413e-05	1.1869e-10
1.6457e-05	1.1869e-10
1.6501e-05	1.1869e-10
1.6544e-05	1.1869e-10
1.6588e-05	1.1869e-10
1.6632e-05	1.1869e-10
1.6677e-05	1.1869e-10
1.6721e-05	1.1869e-10
1.6765e-05	1.1869e-10
1.6810e-05	1.1869e-10
1.6854e-05	1.1869e-10
1.6899e-05	1.1869e-10
1.6944e-05	1.1869e-10
1.6989e-05	1.1869e-10
1.7034e-05	1.1869e-10
1.7079e-05	1.1869e-10
1.7124e-05	1.1869e-10
1.7170e-05	1.1869e-10
1.7215e-05	1.1869e-10
1.7261e-05	1.1869e-10
1.7307e-05	1.1869e-10
1.7353e-05	1.1869e-10
1.7399e-05	1.1869e-10
1.7445e-05	1.1869e-10
1.7491e-05	1.1869e-10
1.7538e-05	1.1869e-10
1.7584e-05	1.1869e-10
1.7631e-05	1.1869e-10
1.7678e-05	1.1869e-10
1.7724e-05	1.1869e-10
1.7772e-05	1.1869e-10
1.7819e-05	1.1869e-10
1.7866e-05	1.1869e-10
1.7913e-05	1.1869e-10
1.7961e-05	1.1869e-10
1.8009e-05	1.1869e-10
1.8056e-05	1.1869e-10
1.8104e-05	1.1869e-10
1.8152e-05	1.1869e-10
1.8200e-05	1.1869e-10
1.8249e-05	1.1869e-10
1.8297e-05	1.1869e-10
1.8346e-05	1.1869e-10
1.8394e-05	1.1869e-10
1.8443e-05	1.1869e-10
1.8492e-05	1.1869e-10
1.8541e-05	1.1869e-10
1.8590e-05	1.1869e-10
1.8640e-05	1.1869e-10
1.8689e-05	1.1869e-10
1.8739e-05	1.1869e-10
1.8788e-05	1.1869e-10
1.8838e-05	1.1869e-10
1.8888e-05	1.1869e-10
1.8938e-05	1.1869e-10
1.8989e-05	1.1869e-10
1.9039e-05	1.1869e-10
1.9090e-05	1.1869e-10
1.9140e-05	1.1869e-10
1.9191e-05	1.1869e-10
1.9242e-05	1.1869e-10
1.9293e-05	1.1869e-10
1.9344e-05	1.1869e-10
1.9395e-05	1.1869e-10
1.9447e-05	1.1869e-10
1.9499e-05	1.1869e-10
1.9550e-05	1.1869e-10
1.9602e-05	1.1869e-10
1.9654e-05	1.1869e-10
1.9706e-05	1.1869e-10
1.9759e-05	1.1869e-10
1.9811e-05	1.1869e-10
1.9864e-05	1.1869e-10
1.9916e-05	1.1869e-10
1.9969e-05	1.1869e-10
2.0022e-05	1.1869e-10
2.0075e-05	1.1869e-10
2.0129e-05	1.1869e-10
2.0182e-05	1.1869e-10
2.0235e-05	1.1869e-10
2.0289e-05	1.1869e-10
2.0343e-05	1.1869e-10
2.0397e-05	1.1869e-10
2.0451e-05	1.1869e-10
2.0505e-05	1.1869e-10
2.0560e-05	1.1869e-10
2.0614e-05	1.1869e-10
2.0669e-05	1.1869e-10
2.0724e-05	1.1869e-10
2.0779e-05	1.1869e-10
2.0834e-05	1.1869e-10
2.0889e-05	1.1869e-10
2.0945e-05	1.1869e-10
2.1000e-05	1.1869e-10
2.1056e-05	1.1869e-10
2.1112e-05	1.1869e-10
2.1168e-05	1.1869e-10
2.1224e-05	1.1869e-10
2.1280e-05	1.1869e-10
2.1337e-05	1.1869e-10
2.1393e-05	1.1869e-10
2.1450e-05	1.1869e-10
2.1507e-05	1.1869e-10
2.1564e-05	1.1869e-10
2.1621e-05	1.1869e-10
2.1679e-05	1.1869e-10
2.1736e-05	1.1869e-10
2.1794e-05	1.1869e-10
2.1852e-05	1.1869e-10
2.1910e-05	1.1869e-10
2.1968e-05	1.1869e-10
2.2026e-05	1.1869e-10
2.2085e-05	1.1869e-10
2.2143e-05	1.1869e-10
2.2202e-05	1.1869e-10
2.2261e-05	1.1869e-10
2.2320e-05	1.1869e-10
2.2379e-05	1.1869e-10
2.2439e-05	1.1869e-10
2.2498e-05	1.1869e-10
2.2558e-05	1.1869e-10
2.2618e-05	1.1869e-10
2.2678e-05	1.1869e-10
2.2738e-05	1.1869e-10
2.2798e-05	1.1869e-10
2.2859e-05	1.1869e-10
2.2919e-05	1.1869e-10
2.2980e-05	1.1869e-10
2.3041e-05	1.1869e-10
2.3102e-05	1.1869e-10
2.3164e-05	1.1869e-10
2.3225e-05	1.1869e-10
2.3287e-05	1.1869e-10
2.3348e-05	1.1869e-10
2.3410e-05	1.1869e-10
2.3472e-05	1.1869e-10
2.3535e-05	1.1869e-10
2.3597e-05	1.1869e-10
2.3660e-05	1.1869e-10
2.3723e-05	1.1869e-10
2.3786e-05	1.1869e-10
2.3849e-05	1.1869e-10
2.3912e-05	1.1869e-10
2.3975e-05	1.1869e-10
2.4039e-05	1.1869e-10
2.4103e-05	1.1869e-10
2.4167e-05	1.1869e-10
2.4231e-05	1.1869e-10
2.4295e-05	1.1869e-10
2.4360e-05	1.1869e-10
2.4424e-05	1.1869e-10
2.4489e-05	1.1869e-10
2.4554e-05	1.1869e-10
2.4619e-05	1.1869e-10
2.4684e-05	1.1869e-10
2.4750e-05	1.1869e-10
2.4816e-05	1.1869e-10
2.4881e-05	1.1869e-10
2.4947e-05	1.1869e-10
2.5014e-05	1.1869e-10
2.5080e-05	1.1869e-10
2.5147e-05	1.1869e-10
2.5213e-05	1.1869e-10
2.5280e-05	1.1869e-10
2.5347e-05	1.1869e-10
2.5415e-05	1.1869e-10
2.5482e-05	1.1869e-10
2.5550e-05	1.1869e-10
2.5617e-05	1.1869e-10
2.5685e-05	1.1869e-10
2.5754e-05	1.1869e-10
2.5822e-05	1.1869e-10
2.5890e-05	1.1869e-10
2.5959e-05	1.1869e-10
2.6028e-05	1.1869e-10
2.6097e-05	1.1869e-10
2.6166e-05	1.1869e-10
2.6236e-05	1.1869e-10
2.6305e-05	1.1869e-10
2.6375e-05	1.1869e-10
2.6445e-05	1.1869e-10
2.6515e-05	1.1869e-10
2.6586e-05	1.1869e-10
2.6656e-05	1.1869e-10
2.6727e-05	1.1869e-10
2.6798e-05	1.1869e-10
2.6869e-05	1.1869e-10
2.6940e-05	1.1869e-10
2.7012e-05	1.1869e-10
2.7083e-05	1.1869e-10
2.7155e-05	1.1869e-10
2.7227e-05	1.1869e-10
2.7299e-05	1.1869e-10
2.7372e-05	1.1869e-10
2.7445e-05	1.1869e-10
2.7517e-05	1.1869e-10
2.7590e-05	1.1869e-10
2.7664e-05	1.1869e-10
2.7737e-05	1.1869e-10
2.7811e-05	1.1869e-10
2.7884e-05	1.1869e-10
2.7958e-05	1.1869e-10
2.8033e-05	1.1869e-10
2.8107e-05	1.1869e-10
2.8181e-05	1.1869e-10
2.8256e-05	1.1869e-10
2.8331e-05	1.1869e-10
2.8406e-05	1.1869e-10
2.8482e-05	1.1869e-10
2.8557e-05	1.1869e-10
2.8633e-05	1.1869e-10
2.8709e-05	1.1869e-10
2.8785e-05	1.1869e-10
2.8862e-05	1.1869e-10
2.8938e-05	1.1869e-10
2.9015e-05	1.1869e-10
2.9092e-05	1.1869e-10
2.9169e-05	1.1869e-10
2.9247e-05	1.1869e-10
2.9324e-05	1.1869e-10
2.9402e-05	1.1869e-10
2.9480e-05	1.1869e-10
2.9558e-05	1.1869e-10
2.9637e-05	1.1869e-10
2.9715e-05	1.1869e-10
2.9794e-05	1.1869e-10
2.9873e-05	1.1869e-10
2.9952e-05	1.1869e-10
3.0032e-05	1.1869e-10
3.0112e-05	1.1869e-10
3.0192e-05	1.1869e-10
3.0272e-05	1.1869e-10
3.0352e-05	1.1869e-10
3.0432e-05	1.1869e-10
3.0513e-05	1.1869e-10
3.0594e-05	1.1869e-10
3.0675e-05	1.1869e-10
3.0757e-05	1.1869e-10
3.0838e-05	1.1869e-10
3.0920e-05	1.1869e-10
3.1002e-05	1.1869e-10
3.1084e-05	1.1869e-10
3.1167e-05	1.1869e-10
3.1250e-05	1.1869e-10
3.1333e-05	1.1869e-10
3.1416e-05	1.1869e-10
3.1499e-05	1.1869e-10
3.1583e-05	1.1869e-10
3.1666e-05	1.1869e-10
3.1750e-05	1.1869e-10
3.1835e-05	1.1869e-10
3.1919e-05	1.1869e-10
3.2004e-05	1.1869e-10
3.2089e-05	1.1869e-10
3.2174e-05	1.1869e-10
3.2259e-05	1.1869e-10
3.2345e-05	1.1869e-10
3.2431e-05	1.1869e-10
3.2517e-05	1.1869e-10
3.2603e-05	1.1869e-10
3.2690e-05	1.1869e-10
3.2776e-05	1.1869e-10
3.2863e-05	1.1869e-10
3.2950e-05	1.1869e-10
3.3038e-05	1.1869e-10
3.3126e-05	1.1869e-10
3.3213e-05	1.1869e-10
3.3302e-05	1.1869e-10
3.3390e-05	1.1869e-10
3.3479e-05	1.1869e-10
3.3567e-05	1.1869e-10
3.3656e-05	1.1869e-10
3.3746e-05	1.1869e-10
3.3835e-05	1.1869e-10
3.3925e-05	1.1869e-10
3.4015e-05	1.1869e-10
3.4105e-05	1.1869e-10
3.4196e-05	1.1869e-10
3.4287e-05	1.1869e-10
3.4377e-05	1.1869e-10
3.4469e-05	1.1869e-10
3.4560e-05	1.1869e-10
3.4652e-05	1.1869e-10
3.4744e-05	1.1869e-10
3.4836e-05	1.1869e-10
3.4928e-05	1.1869e-10
3.5021e-05	1.1869e-10
3.5114e-05	1.1869e-10
3.5207e-05	1.1869e-10
3.5301e-05	1.1869e-10
3.5394e-05	1.1869e-10
3.5488e-05	1.1869e-10
3.5582e-05	1.1869e-10
3.5677e-05	1.1869e-10
3.5771e-05	1.1869e-10
3.5866e-05	1.1869e-10
3.5961e-05	1.1869e-10
3.6057e-05	1.1869e-10
3.6153e-05	1.1869e-10
3.6249e-05	1.1869e-10
3.6345e-05	1.1869e-10
3.6441e-05	1.1869e-10
3.6538e-05	1.1869e-10
3.6635e-05	1.1869e-10
3.6732e-05	1.1869e-10
3.6829e-05	1.1869e-10
3.6927e-05	1.1869e-10
3.7025e-05	1.1869e-10
3.7123e-05	1.1869e-10
3.7222e-05	1.1869e-10
3.7321e-05	1.1869e-10
3.7420e-05	1.1869e-10
3.7519e-05	1.1869e-10
3.7618e-05	1.1869e-10
3.7718e-05	1.1869e-10
3.7818e-05	1.1869e-10
3.7919e-05	1.1869e-10
3.8019e-05	1.1869e-10
3.8120e-05	1.1869e-10
3.8221e-05	1.1869e-10
3.8323e-05	1.1869e-10
3.8424e-05	1.1869e-10
3.8526e-05	1.1869e-10
3.8629e-05	1.1869e-10
3.8731e-05	1.1869e-10
3.8834e-05	1.1869e-10
3.8937e-05	1.1869e-10
3.9040e-05	1.1869e-10
3.9144e-05	1.1869e-10
3.9248e-05	1.1869e-10
3.9352e-05	1.1869e-10
3.9456e-05	1.1869e-10
3.9561e-05	1.1869e-10
3.9666e-05	1.1869e-10
3.9771e-05	1.1869e-10
3.9877e-05	1.1869e-10
3.9982e-05	1.1869e-10
4.0089e-05	1.1869e-10
4.0195e-05	1.1869e-10
4.0302e-05	1.1869e-10
4.0409e-05	1.1869e-10
4.0516e-05	1.1869e-10
4.0623e-05	1.1869e-10
4.0731e-05	1.1869e-10
4.0839e-05	1.1869e-10
4.0947e-05	1.1869e-10
4.1056e-05	1.1869e-10
4.1165e-05	1.1869e-10
4.1274e-05	1.1869e-10
4.1384e-05	1.1869e-10
4.1494e-05	1.1869e-10
4.1604e-05	1.1869e-10
4.1714e-05	1.1869e-10
4.1825e-05	1.1869e-10
4.1936e-05	1.1869e-10
4.2047e-05	1.1869e-10
4.2159e-05	1.1869e-10
4.2270e-05	1.1869e-10
4.2383e-05	1.1869e-10
4.2495e-05	1.1869e-10
4.2608e-05	1.1869e-10
4.2721e-05	1.1869e-10
4.2834e-05	1.1869e-10
4.2948e-05	1.1869e-10
4.3062e-05	1.1869e-10
4.3176e-05	1.1869e-10
4.3291e-05	1.1869e-10
4.3405e-05	1.1869e-10
4.3521e-05	1.1869e-10
4.3636e-05	1.1869e-10
4.3752e-05	1.1869e-10
4.3868e-05	1.1869e-10
4.3984e-05	1.1869e-10
4.4101e-05	1.1869e-10
4.4218e-05	1.1869e-10
4.4335e-05	1.1869e-10
4.4453e-05	1.1869e-10
4.4571e-05	1.1869e-10
4.4689e-05	1.1869e-10
4.4808e-05	1.1869e-10
4.4927e-05	1.1869e-10
4.5046e-05	1.1869e-10
4.5165e-05	1.1869e-10
4.5285e-05	1.1869e-10
4.5405e-05	1.1869e-10
4.5526e-05	1.1869e-10
4.5647e-05	1.1869e-10
4.5768e-05	1.1869e-10
4.5889e-05	1.1869e-10
4.6011e-05	1.1869e-10
4.6133e-05	1.1869e-10
4.6256e-05	1.1869e-10
4.6378e-05	1.1869e-10
4.6501e-05	1.1869e-10
4.6625e-05	1.1869e-10
4.6748e-05	1.1869e-10
4.6872e-05	1.1869e-10
4.6997e-05	1.1869e-10
4.7122e-05	1.1869e-10
4.7247e-05	1.1869e-10
4.7372e-05	1.1869e-10
4.7498e-05	1.1869e-10
4.7624e-05	1.1869e-10
4.7750e-05	1.1869e-10
4.7877e-05	1.1869e-10
4.8004e-05	1.1869e-10
4.8131e-05	1.1869e-10
4.8259e-05	1.1869e-10
4.8387e-05	1.1869e-10
4.8515e-05	1.1869e-10
4.8644e-05	1.1869e-10
4.8773e-05	1.1869e-10
4.8902e-05	1.1869e-10
4.9032e-05	1.1869e-10
4.9162e-05	1.1869e-10
4.9293e-05	1.1869e-10
4.9424e-05	1.1869e-10
4.9555e-05	1.1869e-10
4.9686e-05	1.1869e-10
4.9818e-05	1.1869e-10
4.9950e-05	1.1869e-10
5.0083e-05	1.1869e-10
5.0216e-05	1.1869e-10
5.0349e-05	1.1869e-10
5.0482e-05	1.1869e-10
5.0616e-05	1.1869e-10
5.0751e-05	1.1869e-10
5.0885e-05	1.1869e-10
5.1020e-05	1.1869e-10
5.1156e-05	1.1869e-10
5.1291e-05	1.1869e-10
5.1428e-05	1.1869e-10
5.1564e-05	1.1869e-10
5.1701e-05	1.1869e-10
5.1838e-05	1.1869e-10
5.1976e-05	1.1869e-10
5.2113e-05	1.1869e-10
5.2252e-05	1.1869e-10
5.2390e-05	1.1869e-10
5.2529e-05	1.1869e-10
5.2669e-05	1.1869e-10
5.2809e-05	1.1869e-10
5.2949e-05	1.1869e-10
5.3089e-05	1.1869e-10
5.3230e-05	1.1869e-10
5.3371e-05	1.1869e-10
5.3513e-05	1.1869e-10
5.3655e-05	1.1869e-10
5.3797e-05	1.1869e-10
5.3940e-05	1.1869e-10
5.4083e-05	1.1869e-10
5.4227e-05	1.1869e-10
5.4370e-05	1.1869e-10
5.4515e-05	1.1869e-10
5.4659e-05	1.1869e-10
5.4804e-05	1.1869e-10
5.4950e-05	1.1869e-10
5.5096e-05	1.1869e-10
5.5242e-05	1.1869e-10
5.5388e-05	1.1869e-10
5.5535e-05	1.1869e-10
5.5683e-05	1.1869e-10
5.5830e-05	1.1869e-10
5.5979e-05	1.1869e-10
5.6127e-05	1.1869e-10
5.6276e-05	1.1869e-10
5.6425e-05	1.1869e-10
5.6575e-05	1.1869e-10
5.6725e-05	1.1869e-10
5.6876e-05	1.1869e-10
5.7027e-05	1.1869e-10
5.7178e-05	1.1869e-10
5.7330e-05	1.1869e-10
5.7482e-05	1.1869e-10
5.7634e-05	1.1869e-10
5.7787e-05	1.1869e-10
5.7940e-05	1.1869e-10
5.8094e-05	1.1869e-10
5.8248e-05	1.1869e-10
5.8403e-05	1.1869e-10
5.8558e-05	1.1869e-10
5.8713e-05	1.1869e-10
5.8869e-05	1.1869e-10
5.9025e-05	1.1869e-10
5.9182e-05	1.1869e-10
5.9339e-05	1.1869e-10
5.9496e-05	1.1869e-10
5.9654e-05	1.1869e-10
5.9812e-05	1.1869e-10
5.9971e-05	1.1869e-10
6.0130e-05	1.1869e-10
6.0290e-05	1.1869e-10
6.0450e-05	1.1869e-10
6.0610e-05	1.1869e-10
6.0771e-05	1.1869e-10
6.0932e-05	1.1869e-10
6.1094e-05	1.1869e-10
6.1256e-05	1.1869e-10
6.1419e-05	1.1869e-10
6.1582e-05	1.1869e-10
6.1745e-05	1.1869e-10
6.1909e-05	1.1869e-10
6.2073e-05	1.1869e-10
6.2238e-05	1.1869e-10
6.2403e-05	1.1869e-10
6.2568e-05	1.1869e-10
6.2734e-05	1.1869e-10
6.2901e-05	1.1869e-10
6.3068e-05	1.1869e-10
6.3235e-05	1.1869e-10
6.3403e-05	1.1869e-10
6.3571e-05	1.1869e-10
6.3740e-05	1.1869e-10
6.3909e-05	1.1869e-10
6.4079e-05	1.1869e-10
6.4249e-05	1.1869e-10
6.4419e-05	1.1869e-10
6.4590e-05	1.1869e-10
6.4761e-05	1.1869e-10
6.4933e-05	1.1869e-10
6.5105e-05	1.1869e-10
6.5278e-05	1.1869e-10
6.5451e-05	1.1869e-10
6.5625e-05	1.1869e-10
6.5799e-05	1.1869e-10
6.5974e-05	1.1869e-10
6.6149e-05	1.1869e-10
6.6324e-05	1.1869e-10
6.6500e-05	1.1869e-10
6.6677e-05	1.1869e-10
6.6854e-05	1.1869e-10
6.7031e-05	1.1869e-10
6.7209e-05	1.1869e-10
6.7387e-05	1.1869e-10
6.7566e-05	1.1869e-10
6.7745e-05	1.1869e-10
6.7925e-05	1.1869e-10
6.8105e-05	1.1869e-10
6.8286e-05	1.1869e-10
6.8467e-05	1.1869e-10
6.8649e-05	1.1869e-10
6.8831e-05	1.1869e-10
6.9014e-05	1.1869e-10
6.9197e-05	1.1869e-10
6.9380e-05	1.1869e-10
6.9564e-05	1.1869e-10
6.9749e-05	1.1869e-10
6.9934e-05	1.1869e-10
7.0120e-05	1.1869e-10
7.0306e-05	1.1869e-10
7.0492e-05	1.1869e-10
7.0679e-05	1.1869e-10
7.0867e-05	1.1869e-10
7.1055e-05	1.1869e-10
7.1243e-05	1.1869e-10
7.1432e-05	1.1869e-10
7.1622e-05	1.1869e-10
7.1812e-05	1.1869e-10
7.2003e-05	1.1869e-10
7.2194e-05	1.1869e-10
7.2385e-05	1.1869e-10
7.2577e-05	1.1869e-10
7.2770e-05	1.1869e-10
7.2963e-05	1.1869e-10
7.3156e-05	1.1869e-10
7.3351e-05	1.1869e-10
7.3545e-05	1.1869e-10
7.3740e-05	1.1869e-10
7.3936e-05	1.1869e-10
7.4132e-05	1.1869e-10
7.4329e-05	1.1869e-10
7.4526e-05	1.1869e-10
7.4724e-05	1.1869e-10
7.4922e-05	1.1869e-10
7.5121e-05	1.1869e-10
7.5320e-05	1.1869e-10
7.5520e-05	1.1869e-10
7.5720e-05	1.1869e-10
7.5921e-05	1.1869e-10
7.6123e-05	1.1869e-10
7.6325e-05	1.1869e-10
7.6527e-05	1.1869e-10
7.6730e-05	1.1869e-10
7.6934e-05	1.1869e-10
7.7138e-05	1.1869e-10
7.7343e-05	1.1869e-10
7.7548e-05	1.1869e-10
7.7754e-05	1.1869e-10
7.7960e-05	1.1869e-10
7.8167e-05	1.1869e-10
7.8374e-05	1.1869e-10
7.8582e-05	1.1869e-10
7.8791e-05	1.1869e-10
7.9000e-05	1.1869e-10
7.9209e-05	1.1869e-10
7.9420e-05	1.1869e-10
7.9630e-05	1.1869e-10
7.9842e-05	1.1869e-10
8.0053e-05	1.1869e-10
8.0266e-05	1.1869e-10
8.0479e-05	1.1869e-10
8.0692e-05	1.1869e-10
8.0906e-05	1.1869e-10
8.1121e-05	1.1869e-10
8.1336e-05	1.1869e-10
8.1552e-05	1.1869e-10
8.1769e-05	1.1869e-10
8.1986e-05	1.1869e-10
8.2203e-05	1.1869e-10
8.2421e-05	1.1869e-10
8.2640e-05	1.1869e-10
8.2859e-05	1.1869e-10
8.3079e-05	1.1869e-10
8.3299e-05	1.1869e-10
8.3520e-05	1.1869e-10
8.3742e-05	1.1869e-10
8.3964e-05	1.1869e-10
8.4187e-05	1.1869e-10
8.4410e-05	1.1869e-10
8.4634e-05	1.1869e-10
8.4859e-05	1.1869e-10
8.5084e-05	1.1869e-10
8.5310e-05	1.1869e-10
8.5536e-05	1.1869e-10
8.5763e-05	1.1869e-10
8.5991e-05	1.1869e-10
8.6219e-05	1.1869e-10
8.6448e-05	1.1869e-10
8.6677e-05	1.1869e-10
8.6907e-05	1.1869e-10
8.7138e-05	1.1869e-10
8.7369e-05	1.1869e-10
8.7601e-05	1.1869e-10
8.7833e-05	1.1869e-10
8.8066e-05	1.1869e-10
8.8300e-05	1.1869e-10
8.8534e-05	1.1869e-10
8.8769e-05	1.1869e-10
8.9005e-05	1.1869e-10
8.9241e-05	1.1869e-10
8.9477e-05	1.1869e-10
8.9715e-05	1.1869e-10
8.9953e-05	1.1869e-10
9.0192e-05	1.1869e-10
9.0431e-05	1.1869e-10
9.0671e-05	1.1869e-10
9.0911e-05	1.1869e-10
9.1153e-05	1.1869e-10
9.1395e-05	1.1869e-10
9.1637e-05	1.1869e-10
9.1880e-05	1.1869e-10
9.2124e-05	1.1869e-10
9.2368e-05	1.1869e-10
9.2613e-05	1.1869e-10
9.2859e-05	1.1869e-10
9.3106e-05	1.1869e-10
9.3353e-05	1.1869e-10
9.3600e-05	1.1869e-10
9.3849e-05	1.1869e-10
9.4098e-05	1.1869e-10
9.4347e-05	1.1869e-10
9.4598e-05	1.1869e-10
9.4849e-05	1.1869e-10
9.5100e-05	1.1869e-10
9.5353e-05	1.1869e-10
9.5606e-05	1.1869e-10
9.5859e-05	1.1869e-10
9.6114e-05	1.1869e-10
9.6369e-05	1.1869e-10
9.6624e-05	1.1869e-10
9.6881e-05	1.1869e-10
9.7138e-05	1.1869e-10
9.7396e-05	1.1869e-10
9.7654e-05	1.1869e-10
9.7913e-05	1.1869e-10
9.8173e-05	1.1869e-10
9.8433e-05	1.1869e-10
9.8695e-05	1.1869e-10
9.8957e-05	1.1869e-10
9.9219e-05	1.1869e-10
9.9482e-05	1.1869e-10
9.9746e-05	1.1869e-10
1.0001e-04	1.1869e-10
1.0028e-04	1.1869e-10
1.0054e-04	1.1869e-10
1.0081e-04	1.1869e-10
1.0108e-04	1.1869e-10
1.0134e-04	1.1869e-10
1.0161e-04	1.1869e-10
1.0188e-04	1.1869e-10
1.0215e-04	1.1869e-10
1.0242e-04	1.1869e-10
1.0270e-04	1.1869e-10
1.0297e-04	1.1869e-10
1.0324e-04	1.1869e-10
1.0352e-04	1.1869e-10
1.0379e-04	1.1869e-10
1.0407e-04	1.1869e-10
1.0434e-04	1.1869e-10
1.0462e-04	1.1869e-10
1.0490e-04	1.1869e-10
1.0518e-04	1.1869e-10
1.0545e-04	1.1869e-10
1.0573e-04	1.1869e-10
1.0601e-04	1.1869e-10
1.0630e-04	1.1869e-10
1.0658e-04	1.1869e-10
1.0686e-04	1.1869e-10
1.0714e-04	1.1869e-10
1.0743e-04	1.1869e-10
1.0771e-04	1.1869e-10
1.0800e-04	1.1869e-10
1.0829e-04	1.1869e-10
1.0857e-04	1.1869e-10
1.0886e-04	1.1869e-10
1.0915e-04	1.1869e-10
1.0944e-04	1.1869e-10
1.0973e-04	1.1869e-10
1.1002e-04	1.1869e-10
1.1031e-04	1.1869e-10
1.1061e-04	1.1869e-10
1.1090e-04	1.1869e-10
1.1119e-04	1.1869e-10
1.1149e-04	1.1869e-10
1.1178e-04	1.1869e-10
1.1208e-04	1.1869e-10
1.1238e-04	1.1869e-10
1.1268e-04	1.1869e-10
1.1298e-04	1.1869e-10
1.1328e-04	1.1869e-10
1.1358e-04	1.1869e-10
1.1388e-04	1.1869e-10
1.1418e-04	1.1869e-10
1.1448e-04	1.1869e-10
1.1479e-04	1.1869e-10
1.1509e-04	1.1869e-10
1.1540e-04	1.1869e-10
1.1570e-04	1.1869e-10
1.1601e-04	1.1869e-10
1.1632e-04	1.1869e-10
1.1663e-04	1.1869e-10
1.1694e-04	1.1869e-10
1.1725e-04	1.1869e-10
1.1756e-04	1.1869e-10
1.1787e-04	1.1869e-10
1.1818e-04	1.1869e-10
1.1849e-04	1.1869e-10
1.1881e-04	1.1869e-10
1.1912e-04	1.1869e-10
1.1944e-04	1.1869e-10
1.1976e-04	1.1869e-10
1.2008e-04	1.1869e-10
1.2039e-04	1.1869e-10
1.2071e-04	1.1869e-10
1.2103e-04	1.1869e-10
1.2135e-04	1.1869e-10
1.2168e-04	1.1869e-10
1.2200e-04	1.1869e-10
1.2232e-04	1.1869e-10
1.2265e-04	1.1869e-10
1.2297e-04	1.1869e-10
1.2330e-04	1.1869e-10
1.2363e-04	1.1869e-10
1.2395e-04	1.1869e-10
1.2428e-04	1.1869e-10
1.2461e-04	1.1869e-10
1.2494e-04	1.1869e-10
1.2528e-04	1.1869e-10
1.2561e-04	1.1869e-10
1.2594e-04	1.1869e-10
1.2628e-04	1.1869e-10
1.2661e-04	1.1869e-10
1.2695e-04	1.1869e-10
1.2728e-04	1.1869e-10
1.2762e-04	1.1869e-10
1.2796e-04	1.1869e-10
1.2830e-04	1.1869e-10
1.2864e-04	1.1869e-10
1.2898e-04	1.1869e-10
1.2932e-04	1.1868e-10
1.2967e-04	1.1868e-10
1.3001e-04	1.1868e-10
1.3036e-04	1.1868e-10
1.3070e-04	1.1868e-10
1.3105e-04	1.1868e-10
1.3140e-04	1.1868e-10
1.3174e-04	1.1868e-10
1.3209e-04	1.1868e-10
1.3244e-04	1.1868e-10
1.3280e-04	1.1868e-10
1.3315e-04	1.1868e-10
1.3350e-04	1.1868e-10
1.3386e-04	1.1868e-10
1.3421e-04	1.1868e-10
1.3457e-04	1.1868e-10
1.3492e-04	1.1868e-10
1.3528e-04	1.1868e-10
1.3564e-04	1.1868e-10
1.3600e-04	1.1868e-10
1.3636e-04	1.1868e-10
1.3672e-04	1.1868e-10
1.3709e-04	1.1868e-10
1.3745e-04	1.1868e-10
1.3781e-04	1.1868e-10
1.3818e-04	1.1868e-10
1.3855e-04	1.1868e-10
1.3891e-04	1.1868e-10
1.3928e-04	1.1868e-10
1.3965e-04	1.1868e-10
1.4002e-04	1.1868e-10
1.4039e-04	1.1868e-10
1.4077e-04	1.1868e-10
1.4114e-04	1.1868e-10
1.4152e-04	1.1868e-10
1.4189e-04	1.1868e-10
1.4227e-04	1.1868e-10
1.4264e-04	1.1868e-10
1.4302e-04	1.1868e-10
1.4340e-04	1.1868e-10
1.4378e-04	1.1868e-10
1.4416e-04	1.1868e-10
1.4455e-04	1.1868e-10
1.4493e-04	1.1868e-10
1.4532e-04	1.1868e-10
1.4570e-04	1.1868e-10
1.4609e-04	1.1868e-10
1.4647e-04	1.1868e-10
1.4686e-04	1.1868e-10
1.4725e-04	1.1868e-10
1.4764e-04	1.1868e-10
1.4804e-04	1.1868e-10
1.4843e-04	1.1868e-10
1.4882e-04	1.1868e-10
1.4922e-04	1.1868e-10
1.4961e-04	1.1868e-10
1.5001e-04	1.1868e-10
1.5041e-04	1.1868e-10
1.5081e-04	1.1868e-10
1.5121e-04	1.1868e-10
1.5161e-04	1.1868e-10
1.5201e-04	1.1867e-10
1.5241e-04	1.1867e-10
1.5282e-04	1.1867e-10
1.5322e-04	1.1867e-10
1.5363e-04	1.1867e-10
1.5404e-04	1.1867e-10
1.5445e-04	1.1867e-10
1.5486e-04	1.1867e-10
1.5527e-04	1.1867e-10
1.5568e-04	1.1867e-10
1.5609e-04	1.1867e-10
1.5651e-04	1.1867e-10
1.5692e-04	1.1867e-10
1.5734e-04	1.1867e-10
1.5776e-04	1.1867e-10
1.5817e-04	1.1867e-10
1.5859e-04	1.1867e-10
1.5901e-04	1.1867e-10
1.5944e-04	1.1867e-10
1.5986e-04	1.1867e-10
1.6028e-04	1.1867e-10
1.6071e-04	1.1867e-10
1.6114e-04	1.1867e-10
1.6156e-04	1.1867e-10
1.6199e-04	1.1867e-10
1.6242e-04	1.1867e-10
1.6285e-04	1.1867e-10
1.6328e-04	1.1867e-10
1.6372e-04	1.1867e-10
1.6415e-04	1.1867e-10
1.6459e-04	1.1867e-10
1.6502e-04	1.1867e-10
1.6546e-04	1.1867e-10
1.6590e-04	1.1867e-10
1.6634e-04	1.1867e-10
1.6678e-04	1.1867e-10
1.6723e-04	1.1867e-10
1.6767e-04	1.1867e-10
1.6811e-04	1.1867e-10
1.6856e-04	1.1867e-10
1.6901e-04	1.1867e-10
1.6946e-04	1.1867e-10
1.6991e-04	1.1866e-10
1.7036e-04	1.1866e-10
1.7081e-04	1.1866e-10
1.7126e-04	1.1866e-10
1.7172e-04	1.1866e-10
1.7217e-04	1.1866e-10
1.7263e-04	1.1866e-10
1.7309e-04	1.1866e-10
1.7355e-04	1.1866e-10
1.7401e-04	1.1866e-10
1.7447e-04	1.1866e-10
1.7493e-04	1.1866e-10
1.7540e-04	1.1866e-10
1.7586e-04	1.1866e-10
1.7633e-04	1.1866e-10
1.7680e-04	1.1866e-10
1.7726e-04	1.1866e-10
1.7773e-04	1.1866e-10
1.7821e-04	1.1866e-10
1.7868e-04	1.1866e-10
1.7915e-04	1.1866e-10
1.7963e-04	1.1866e-10
1.8010e-04	1.1866e-10
1.8058e-04	1.1866e-10
1.8106e-04	1.1866e-10
1.8154e-04	1.1866e-10
1.8202e-04	1.1866e-10
1.8251e-04	1.1866e-10
1.8299e-04	1.1866e-10
1.8348e-04	1.1866e-10
1.8396e-04	1.1866e-10
1.8445e-04	1.1866e-10
1.8494e-04	1.1866e-10
1.8543e-04	1.1866e-10
1.8592e-04	1.1866e-10
1.8642e-04	1.1865e-10
1.8691e-04	1.1865e-10
1.8741e-04	1.1865e-10
1.8791e-04	1.1865e-10
1.8840e-04	1.1865e-10
1.8890e-04	1.1865e-10
1.8940e-04	1.1865e-10
1.8991e-04	1.1865e-10
1.9041e-04	1.1865e-10
1.9092e-04	1.1865e-10
1.9142e-04	1.1865e-10
1.9193e-04	1.1865e-10
1.9244e-04	1.1865e-10
1.9295e-04	1.1865e-10
1.9346e-04	1.1865e-10
1.9398e-04	1.1865e-10
1.9449e-04	1.1865e-10
1.9501e-04	1.1865e-10
1.9552e-04	1.1865e-10
1.9604e-04	1.1865e-10
1.9656e-04	1.1865e-10
1.9708e-04	1.1865e-10
1.9761e-04	1.1865e-10
1.9813e-04	1.1865e-10
1.9866e-04	1.1865e-10
1.9918e-04	1.1865e-10
1.9971e-04	1.1865e-10
2.0024e-04	1.1865e-10
2.0077e-04	1.1865e-10
2.0131e-04	1.1865e-10
2.0184e-04	1.1864e-10
2.0238e-04	1.1864e-10
2.0291e-04	1.1864e-10
2.0345e-04	1.1864e-10
2.0399e-04	1.1864e-10
2.0453e-04	1.1864e-10
2.0508e-04	1.1864e-10
2.0562e-04	1.1864e-10
2.0617e-04	1.1864e-10
2.0671e-04	1.1864e-10
2.0726e-04	1.1864e-10
2.0781e-04	1.1864e-10
2.0836e-04	1.1864e-10
2.0892e-04	1.1864e-10
2.0947e-04	1.1864e-10
2.1003e-04	1.1864e-10
2.1058e-04	1.1864e-10
2.1114e-04	1.1864e-10
2.1170e-04	1.1864e-10
2.1226e-04	1.1864e-10
2.1283e-04	1.1864e-10
2.1339e-04	1.1864e-10
2.1396e-04	1.1864e-10
2.1453e-04	1.1864e-10
2.1509e-04	1.1864e-10
2.1567e-04	1.1864e-10
2.1624e-04	1.1864e-10
2.1681e-04	1.1863e-10
2.1739e-04	1.1863e-10
2.1796e-04	1.1863e-10
2.1854e-04	1.1863e-10
2.1912e-04	1.1863e-10
2.1970e-04	1.1863e-10
2.2029e-04	1.1863e-10
2.2087e-04	1.1863e-10
2.2146e-04	1.1863e-10
2.2204e-04	1.1863e-10
2.2263e-04	1.1863e-10
2.2322e-04	1.1863e-10
2.2382e-04	1.1863e-10
2.2441e-04	1.1863e-10
2.2501e-04	1.1863e-10
2.2560e-04	1.1863e-10
2.2620e-04	1.1863e-10
2.2680e-04	1.1863e-10
2.2740e-04	1.1863e-10
2.2801e-04	1.1863e-10
2.2861e-04	1.1863e-10
2.2922e-04	1.1863e-10
2.2983e-04	1.1863e-10
2.3044e-04	1.1863e-10
2.3105e-04	1.1862e-10
2.3166e-04	1.1862e-10
2.3228e-04	1.1862e-10
2.3289e-04	1.1862e-10
2.3351e-04	1.1862e-10
2.3413e-04	1.1862e-10
2.3475e-04	1.1862e-10
2.3537e-04	1.1862e-10
2.3600e-04	1.1862e-10
2.3662e-04	1.1862e-10
2.3725e-04	1.1862e-10
2.3788e-04	1.1862e-10
2.3851e-04	1.1862e-10
2.3915e-04	1.1862e-10
2.3978e-04	1.1862e-10
2.4042e-04	1.1862e-10
2.4105e-04	1.1862e-10
2.4169e-04	1.1862e-10
2.4233e-04	1.1862e-10
2.4298e-04	1.1862e-10
2.4362e-04	1.1862e-10
2.4427e-04	1.1862e-10
2.4492e-04	1.1862e-10
2.4557e-04	1.1861e-10
2.4622e-04	1.1861e-10
2.4687e-04	1.1861e-10
2.4753e-04	1.1861e-10
2.4818e-04	1.1861e-10
2.4884e-04	1.1861e-10
2.4950e-04	1.1861e-10
2.5016e-04	1.1861e-10
2.5083e-04	1.1861e-10
2.5149e-04	1.1861e-10
2.5216e-04	1.1861e-10
2.5283e-04	1.1861e-10
2.5350e-04	1.1861e-10
2.5417e-04	1.1861e-10
2.5485e-04	1.1861e-10
2.5552e-04	1.1861e-10
2.5620e-04	1.1861e-10
2.5688e-04	1.1861e-10
2.5756e-04	1.1861e-10
2.5825e-04	1.1861e-10
2.5893e-04	1.1861e-10
2.5962e-04	1.1860e-10
2.6031e-04	1.1860e-10
2.6100e-04	1.1860e-10
2.6169e-04	1.1860e-10
2.6239e-04	1.1860e-10
2.6308e-04	1.1860e-10
2.6378e-04	1.1860e-10
2.6448e-04	1.1860e-10
2.6518e-04	1.1860e-10
2.6588e-04	1.1860e-10
2.6659e-04	1.1860e-10
2.6730e-04	1.1860e-10
2.6801e-04	1.1860e-10
2.6872e-04	1.1860e-10
2.6943e-04	1.1860e-10
2.7015e-04	1.1860e-10
2.7086e-04	1.1860e-10
2.7158e-04	1.1860e-10
2.7230e-04	1.1860e-10
2.7302e-04	1.1859e-10
2.7375e-04	1.1859e-10
2.7448e-04	1.1859e-10
2.7520e-04	1.1859e-10
2.7593e-04	1.1859e-10
2.7667e-04	1.1859e-10
2.7740e-04	1.1859e-10
2.7814e-04	1.1859e-10
2.7887e-04	1.1859e-10
2.7961e-04	1.1859e-10
2.8036e-04	1.1859e-10
2.8110e-04	1.1859e-10
2.8185e-04	1.1859e-10
2.8259e-04	1.1859e-10
2.8334e-04	1.1859e-10
2.8410e-04	1.1859e-10
2.8485e-04	1.1859e-10
2.8560e-04	1.1859e-10
2.8636e-04	1.1859e-10
2.8712e-04	1.1858e-10
2.8788e-04	1.1858e-10
2.8865e-04	1.1858e-10
2.8941e-04	1.1858e-10
2.9018e-04	1.1858e-10
2.9095e-04	1.1858e-10
2.9172e-04	1.1858e-10
2.9250e-04	1.1858e-10
2.9327e-04	1.1858e-10
2.9405e-04	1.1858e-10
2.9483e-04	1.1858e-10
2.9561e-04	1.1858e-10
2.9640e-04	1.1858e-10
2.9719e-04	1.1858e-10
2.9797e-04	1.1858e-10
2.9876e-04	1.1858e-10
2.9956e-04	1.1858e-10
3.0035e-04	1.1857e-10
3.0115e-04	1.1857e-10
3.0195e-04	1.1857e-10
3.0275e-04	1.1857e-10
3.0355e-04	1.1857e-10
3.0436e-04	1.1857e-10
3.0517e-04	1.1857e-10
3.0598e-04	1.1857e-10
3.0679e-04	1.1857e-10
3.0760e-04	1.1857e-10
3.0842e-04	1.1857e-10
3.0924e-04	1.1857e-10
3.1006e-04	1.1857e-10
3.1088e-04	1.1857e-10
3.1170e-04	1.1857e-10
3.1253e-04	1.1857e-10
3.1336e-04	1.1857e-10
3.1419e-04	1.1856e-10
3.1503e-04	1.1856e-10
3.1586e-04	1.1856e-10
3.1670e-04	1.1856e-10
3.1754e-04	1.1856e-10
3.1838e-04	1.1856e-10
3.1923e-04	1.1856e-10
3.2007e-04	1.1856e-10
3.2092e-04	1.1856e-10
3.2177e-04	1.1856e-10
3.2263e-04	1.1856e-10
3.2348e-04	1.1856e-10
3.2434e-04	1.1856e-10
3.2520e-04	1.1856e-10
3.2607e-04	1.1856e-10
3.2693e-04	1.1856e-10
3.2780e-04	1.1855e-10
3.2867e-04	1.1855e-10
3.2954e-04	1.1855e-10
3.3041e-04	1.1855e-10
3.3129e-04	1.1855e-10
3.3217e-04	1.1855e-10
3.3305e-04	1.1855e-10
3.3394e-04	1.1855e-10
3.3482e-04	1.1855e-10
3.3571e-04	1.1855e-10
3.3660e-04	1.1855e-10
3.3749e-04	1.1855e-10
3.3839e-04	1.1855e-10
3.3929e-04	1.1855e-10
3.4019e-04	1.1855e-10
3.4109e-04	1.1855e-10
3.4200e-04	1.1854e-10
3.4290e-04	1.1854e-10
3.4381e-04	1.1854e-10
3.4472e-04	1.1854e-10
3.4564e-04	1.1854e-10
3.4656e-04	1.1854e-10
3.4748e-04	1.1854e-10
3.4840e-04	1.1854e-10
3.4932e-04	1.1854e-10
3.5025e-04	1.1854e-10
3.5118e-04	1.1854e-10
3.5211e-04	1.1854e-10
3.5304e-04	1.1854e-10
3.5398e-04	1.1854e-10
3.5492e-04	1.1854e-10
3.5586e-04	1.1853e-10
3.5681e-04	1.1853e-10
3.5775e-04	1.1853e-10
3.5870e-04	1.1853e-10
3.5965e-04	1.1853e-10
3.6061e-04	1.1853e-10
3.6157e-04	1.1853e-10
3.6252e-04	1.1853e-10
3.6349e-04	1.1853e-10
3.6445e-04	1.1853e-10
3.6542e-04	1.1853e-10
3.6639e-04	1.1853e-10
3.6736e-04	1.1853e-10
3.6833e-04	1.1853e-10
3.6931e-04	1.1852e-10
3.7029e-04	1.1852e-10
3.7127e-04	1.1852e-10
3.7226e-04	1.1852e-10
3.7325e-04	1.1852e-10
3.7424e-04	1.1852e-10
3.7523e-04	1.1852e-10
3.7623e-04	1.1852e-10
3.7722e-04	1.1852e-10
3.7823e-04	1.1852e-10
3.7923e-04	1.1852e-10
3.8024e-04	1.1852e-10
3.8124e-04	1.1852e-10
3.8226e-04	1.1852e-10
3.8327e-04	1.1851e-10
3.8429e-04	1.1851e-10
3.8531e-04	1.1851e-10
3.8633e-04	1.1851e-10
3.8735e-04	1.1851e-10
3.8838e-04	1.1851e-10
3.8941e-04	1.1851e-10
3.9045e-04	1.1851e-10
3.9148e-04	1.1851e-10
3.9252e-04	1.1851e-10
3.9356e-04	1.1851e-10
3.9461e-04	1.1851e-10
3.9565e-04	1.1851e-10
3.9670e-04	1.1851e-10
3.9776e-04	1.1850e-10
3.9881e-04	1.1850e-10
3.9987e-04	1.1850e-10
4.0093e-04	1.1850e-10
4.0199e-04	1.1850e-10
4.0306e-04	1.1850e-10
4.0413e-04	1.1850e-10
4.0520e-04	1.1850e-10
4.0628e-04	1.1850e-10
4.0735e-04	1.1850e-10
4.0844e-04	1.1850e-10
4.0952e-04	1.1850e-10
4.1061e-04	1.1850e-10
4.1170e-04	1.1849e-10
4.1279e-04	1.1849e-10
4.1388e-04	1.1849e-10
4.1498e-04	1.1849e-10
4.1608e-04	1.1849e-10
4.1719e-04	1.1849e-10
4.1829e-04	1.1849e-10
4.1940e-04	1.1849e-10
4.2052e-04	1.1849e-10
4.2163e-04	1.1849e-10
4.2275e-04	1.1849e-10
4.2387e-04	1.1849e-10
4.2500e-04	1.1849e-10
4.2612e-04	1.1848e-10
4.2726e-04	1.1848e-10
4.2839e-04	1.1848e-10
4.2953e-04	1.1848e-10
4.3067e-04	1.1848e-10
4.3181e-04	1.1848e-10
4.3295e-04	1.1848e-10
4.3410e-04	1.1848e-10
4.3525e-04	1.1848e-10
4.3641e-04	1.1848e-10
4.3757e-04	1.1848e-10
4.3873e-04	1.1848e-10
4.3989e-04	1.1847e-10
4.4106e-04	1.1847e-10
4.4223e-04	1.1847e-10
4.4340e-04	1.1847e-10
4.4458e-04	1.1847e-10
4.4576e-04	1.1847e-10
4.4694e-04	1.1847e-10
4.4813e-04	1.1847e-10
4.4932e-04	1.1847e-10
4.5051e-04	1.1847e-10
4.5170e-04	1.1847e-10
4.5290e-04	1.1847e-10
4.5410e-04	1.1846e-10
4.5531e-04	1.1846e-10
4.5652e-04	1.1846e-10
4.5773e-04	1.1846e-10
4.5894e-04	1.1846e-10
4.6016e-04	1.1846e-10
4.6138e-04	1.1846e-10
4.6261e-04	1.1846e-10
4.6383e-04	1.1846e-10
4.6506e-04	1.1846e-10
4.6630e-04	1.1846e-10
4.6754e-04	1.1846e-10
4.6878e-04	1.1845e-10
4.7002e-04	1.1845e-10
4.7127e-04	1.1845e-10
4.7252e-04	1.1845e-10
4.7377e-04	1.1845e-10
4.7503e-04	1.1845e-10
4.7629e-04	1.1845e-10
4.7755e-04	1.1845e-10
4.7882e-04	1.1845e-10
4.8009e-04	1.1845e-10
4.8136e-04	1.1845e-10
4.8264e-04	1.1845e-10
4.8392e-04	1.1844e-10
4.8521e-04	1.1844e-10
4.8649e-04	1.1844e-10
4.8778e-04	1.1844e-10
4.8908e-04	1.1844e-10
4.9038e-04	1.1844e-10
4.9168e-04	1.1844e-10
4.9298e-04	1.1844e-10
4.9429e-04	1.1844e-10
4.9560e-04	1.1844e-10
4.9692e-04	1.1844e-10
4.9823e-04	1.1843e-10
4.9956e-04	1.1843e-10
5.0088e-04	1.1843e-10
5.0221e-04	1.1843e-10
5.0354e-04	1.1843e-10
5.0488e-04	1.1843e-10
5.0622e-04	1.1843e-10
5.0756e-04	1.1843e-10
5.0891e-04	1.1843e-10
5.1026e-04	1.1843e-10
5.1161e-04	1.1843e-10
5.1297e-04	1.1842e-10
5.1433e-04	1.1842e-10
5.1570e-04	1.1842e-10
5.1707e-04	1.1842e-10
5.1844e-04	1.1842e-10
5.1981e-04	1.1842e-10
5.2119e-04	1.1842e-10
5.2257e-04	1.1842e-10
5.2396e-04	1.1842e-10
5.2535e-04	1.1842e-10
5.2675e-04	1.1842e-10
5.2814e-04	1.1841e-10
5.2954e-04	1.1841e-10
5.3095e-04	1.1841e-10
5.3236e-04	1.1841e-10
5.3377e-04	1.1841e-10
5.3519e-04	1.1841e-10
5.3661e-04	1.1841e-10
5.3803e-04	1.1841e-10
5.3946e-04	1.1841e-10
5.4089e-04	1.1841e-10
5.4233e-04	1.1841e-10
5.4376e-04	1.1840e-10
5.4521e-04	1.1840e-10
5.4665e-04	1.1840e-10
5.4810e-04	1.1840e-10
5.4956e-04	1.1840e-10
5.5102e-04	1.1840e-10
5.5248e-04	1.1840e-10
5.5394e-04	1.1840e-10
5.5541e-04	1.1840e-10
5.5689e-04	1.1840e-10
5.5837e-04	1.1839e-10
5.5985e-04	1.1839e-10
5.6133e-04	1.1839e-10
5.6282e-04	1.1839e-10
5.6432e-04	1.1839e-10
5.6581e-04	1.1839e-10
5.6731e-04	1.1839e-10
5.6882e-04	1.1839e-10
5.7033e-04	1.1839e-10
5.7184e-04	1.1839e-10
5.7336e-04	1.1838e-10
5.7488e-04	1.1838e-10
5.7641e-04	1.1838e-10
5.7793e-04	1.1838e-10
5.7947e-04	1.1838e-10
5.8101e-04	1.1838e-10
5.8255e-04	1.1838e-10
5.8409e-04	1.1838e-10
5.8564e-04	1.1838e-10
5.8720e-04	1.1838e-10
5.8875e-04	1.1838e-10
5.9032e-04	1.1837e-10
5.9188e-04	1.1837e-10
5.9345e-04	1.1837e-10
5.9503e-04	1.1837e-10
5.9661e-04	1.1837e-10
5.9819e-04	1.1837e-10
5.9978e-04	1.1837e-10
6.0137e-04	1.1837e-10
6.0296e-04	1.1837e-10
6.0456e-04	1.1836e-10
6.0617e-04	1.1836e-10
6.0778e-04	1.1836e-10
6.0939e-04	1.1836e-10
6.1101e-04	1.1836e-10
6.1263e-04	1.1836e-10
6.1425e-04	1.1836e-10
6.1588e-04	1.1836e-10
6.1752e-04	1.1836e-10
6.1916e-04	1.1836e-10
6.2080e-04	1.1835e-10
6.2245e-04	1.1835e-10
6.2410e-04	1.1835e-10
6.2575e-04	1.1835e-10
6.2741e-04	1.1835e-10
6.2908e-04	1.1835e-10
6.3075e-04	1.1835e-10
6.3242e-04	1.1835e-10
6.3410e-04	1.1835e-10
6.3578e-04	1.1835e-10
6.3747e-04	1.1834e-10
6.3916e-04	1.1834e-10
6.4086e-04	1.1834e-10
6.4256e-04	1.1834e-10
6.4426e-04	1.1834e-10
6.4597e-04	1.1834e-10
6.4768e-04	1.1834e-10
6.4940e-04	1.1834e-10
6.5113e-04	1.1834e-10
6.5285e-04	1.1833e-10
6.5459e-04	1.1833e-10
6.5632e-04	1.1833e-10
6.5806e-04	1.1833e-10
6.5981e-04	1.1833e-10
6.6156e-04	1.1833e-10
6.6332e-04	1.1833e-10
6.6508e-04	1.1833e-10
6.6684e-04	1.1833e-10
6.6861e-04	1.1832e-10
6.7038e-04	1.1832e-10
6.7216e-04	1.1832e-10
6.7395e-04	1.1832e-10
6.7573e-04	1.1832e-10
6.7753e-04	1.1832e-10
6.7933e-04	1.1832e-10
6.8113e-04	1.1832e-10
6.8294e-04	1.1832e-10
6.8475e-04	1.1831e-10
6.8656e-04	1.1831e-10
6.8839e-04	1.1831e-10
6.9021e-04	1.1831e-10
6.9204e-04	1.1831e-10
6.9388e-04	1.1831e-10
6.9572e-04	1.1831e-10
6.9757e-04	1.1831e-10
6.9942e-04	1.1831e-10
7.0127e-04	1.1830e-10
7.0313e-04	1.1830e-10
7.0500e-04	1.1830e-10
7.0687e-04	1.1830e-10
7.0875e-04	1.1830e-10
7.1063e-04	1.1830e-10
7.1251e-04	1.1830e-10
7.1440e-04	1.1830e-10
7.1630e-04	1.1830e-10
7.1820e-04	1.1829e-10
7.2010e-04	1.1829e-10
7.2202e-04	1.1829e-10
7.2393e-04	1.1829e-10
7.2585e-04	1.1829e-10
7.2778e-04	1.1829e-10
7.2971e-04	1.1829e-10
7.3164e-04	1.1829e-10
7.3359e-04	1.1829e-10
7.3553e-04	1.1828e-10
7.3748e-04	1.1828e-10
7.3944e-04	1.1828e-10
7.4140e-04	1.1828e-10
7.4337e-04	1.1828e-10
7.4534e-04	1.1828e-10
7.4732e-04	1.1828e-10
7.4930e-04	1.1828e-10
7.5129e-04	1.1828e-10
7.5328e-04	1.1827e-10
7.5528e-04	1.1827e-10
7.5729e-04	1.1827e-10
7.5930e-04	1.1827e-10
7.6131e-04	1.1827e-10
7.6333e-04	1.1827e-10
7.6536e-04	1.1827e-10
7.6739e-04	1.1827e-10
7.6942e-04	1.1826e-10
7.7147e-04	1.1826e-10
7.7351e-04	1.1826e-10
7.7556e-04	1.1826e-10
7.7762e-04	1.1826e-10
7.7969e-04	1.1826e-10
7.8175e-04	1.1826e-10
7.8383e-04	1.1826e-10
7.8591e-04	1.1825e-10
7.8799e-04	1.1825e-10
7.9008e-04	1.1825e-10
7.9218e-04	1.1825e-10
7.9428e-04	1.1825e-10
7.9639e-04	1.1825e-10
7.9850e-04	1.1825e-10
8.0062e-04	1.1825e-10
8.0275e-04	1.1825e-10
8.0488e-04	1.1824e-10
8.0701e-04	1.1824e-10
8.0915e-04	1.1824e-10
8.1130e-04	1.1824e-10
8.1345e-04	1.1824e-10
8.1561e-04	1.1824e-10
8.1778e-04	1.1824e-10
8.1995e-04	1.1824e-10
8.2212e-04	1.1823e-10
8.2430e-04	1.1823e-10
8.2649e-04	1.1823e-10
8.2868e-04	1.1823e-10
8.3088e-04	1.1823e-10
8.3309e-04	1.1823e-10
8.3530e-04	1.1823e-10
8.3751e-04	1.1823e-10
8.3973e-04	1.1822e-10
8.4196e-04	1.1822e-10
8.4420e-04	1.1822e-10
8.4644e-04	1.1822e-10
8.4868e-04	1.1822e-10
8.5093e-04	1.1822e-10
8.5319e-04	1.1822e-10
8.5546e-04	1.1822e-10
8.5773e-04	1.1821e-10
8.6000e-04	1.1821e-10
8.6228e-04	1.1821e-10
8.6457e-04	1.1821e-10
8.6687e-04	1.1821e-10
8.6917e-04	1.1821e-10
8.7147e-04	1.1821e-10
8.7378e-04	1.1821e-10
8.7610e-04	1.1820e-10
8.7843e-04	1.1820e-10
8.8076e-04	1.1820e-10
8.8309e-04	1.1820e-10
8.8544e-04	1.1820e-10
8.8779e-04	1.1820e-10
8.9014e-04	1.1820e-10
8.9250e-04	1.1820e-10
8.9487e-04	1.1819e-10
8.9725e-04	1.1819e-10
8.9963e-04	1.1819e-10
9.0202e-04	1.1819e-10
9.0441e-04	1.1819e-10
9.0681e-04	1.1819e-10
9.0921e-04	1.1819e-10
9.1163e-04	1.1818e-10
9.1405e-04	1.1818e-10
9.1647e-04	1.1818e-10
9.1890e-04	1.1818e-10
9.2134e-04	1.1818e-10
9.2379e-04	1.1818e-10
9.2624e-04	1.1818e-10
9.2869e-04	1.1818e-10
9.3116e-04	1.1817e-10
9.3363e-04	1.1817e-10
9.3611e-04	1.1817e-10
9.3859e-04	1.1817e-10
9.4108e-04	1.1817e-10
9.4358e-04	1.1817e-10
9.4608e-04	1.1817e-10
9.4859e-04	1.1816e-10
9.5111e-04	1.1816e-10
9.5363e-04	1.1816e-10
9.5616e-04	1.1816e-10
9.5870e-04	1.1816e-10
9.6124e-04	1.1816e-10
9.6379e-04	1.1816e-10
9.6635e-04	1.1816e-10
9.6891e-04	1.1815e-10
9.7149e-04	1.1815e-10
9.7406e-04	1.1815e-10
9.7665e-04	1.1815e-10
9.7924e-04	1.1815e-10
9.8184e-04	1.1815e-10
9.8444e-04	1.1815e-10
9.8705e-04	1.1814e-10
9.8967e-04	1.1814e-10
9.9230e-04	1.1814e-10
9.9493e-04	1.1814e-10
9.9757e-04	1.1814e-10
1.0002e-03	1.1814e-10
1.0029e-03	1.1814e-10
1.0055e-03	1.1814e-10
1.0082e-03	1.1813e-10
1.0109e-03	1.1813e-10
1.0136e-03	1.1813e-10
1.0162e-03	1.1813e-10
1.0189e-03	1.1813e-10
1.0216e-03	1.1812e-10
1.0244e-03	1.1812e-10
1.0271e-03	1.1812e-10
1.0298e-03	1.1812e-10
1.0325e-03	1.1812e-10
1.0353e-03	1.1811e-10
1.0380e-03	1.1811e-10
1.0408e-03	1.1811e-10
1.0435e-03	1.1811e-10
1.0463e-03	1.1810e-10
1.0491e-03	1.1810e-10
1.0519e-03	1.1810e-10
1.0547e-03	1.1810e-10
1.0575e-03	1.1809e-10
1.0603e-03	1.1809e-10
1.0631e-03	1.1809e-10
1.0659e-03	1.1808e-10
1.0687e-03	1.1808e-10
1.0716e-03	1.1808e-10
1.0744e-03	1.1808e-10
1.0773e-03	1.1807e-10
1.0801e-03	1.1807e-10
1.0830e-03	1.1807e-10
1.0859e-03	1.1806e-10
1.0887e-03	1.1806e-10
1.0916e-03	1.1806e-10
1.0945e-03	1.1805e-10
1.0974e-03	1.1805e-10
1.1003e-03	1.1804e-10
1.1033e-03	1.1804e-10
1.1062e-03	1.1804e-10
1.1091e-03	1.1803e-10
1.1121e-03	1.1803e-10
1.1150e-03	1.1803e-10
1.1180e-03	1.1802e-10
1.1209e-03	1.1802e-10
1.1239e-03	1.1801e-10
1.1269e-03	1.1801e-10
1.1299e-03	1.1801e-10
1.1329e-03	1.1800e-10
1.1359e-03	1.1800e-10
1.1389e-03	1.1799e-10
1.1419e-03	1.1799e-10
1.1449e-03	1.1798e-10
1.1480e-03	1.1798e-10
1.1510e-03	1.1798e-10
1.1541e-03	1.1797e-10
1.1571e-03	1.1797e-10
1.1602e-03	1.1796e-10
1.1633e-03	1.1796e-10
1.1664e-03	1.1795e-10
1.1695e-03	1.1795e-10
1.1726e-03	1.1794e-10
1.1757e-03	1.1794e-10
1.1788e-03	1.1793e-10
1.1819e-03	1.1793e-10
1.1851e-03	1.1792e-10
1.1882e-03	1.1792e-10
1.1914e-03	1.1791e-10
1.1945e-03	1.1791e-10
1.1977e-03	1.1790e-10
1.2009e-03	1.1790e-10
1.2041e-03	1.1789e-10
1.2073e-03	1.1789e-10
1.2105e-03	1.1788e-10
1.2137e-03	1.1788e-10
1.2169e-03	1.1787e-10
1.2201e-03	1.1787e-10
1.2234e-03	1.1786e-10
1.2266e-03	1.1785e-10
1.2299e-03	1.1785e-10
1.2331e-03	1.1784e-10
1.2364e-03	1.1784e-10
1.2397e-03	1.1783e-10
1.2430e-03	1.1783e-10
1.2463e-03	1.1782e-10
1.2496e-03	1.1782e-10
1.2529e-03	1.1781e-10
1.2562e-03	1.1780e-10
1.2595e-03	1.1780e-10
1.2629e-03	1.1779e-10
1.2662e-03	1.1779e-10
1.2696e-03	1.1778e-10
1.2730e-03	1.1778e-10
1.2763e-03	1.1777e-10
1.2797e-03	1.1776e-10
1.2831e-03	1.1776e-10
1.2865e-03	1.1775e-10
1.2899e-03	1.1775e-10
1.2934e-03	1.1774e-10
1.2968e-03	1.1773e-10
1.3002e-03	1.1773e-10
1.3037e-03	1.1772e-10
1.3072e-03	1.1772e-10
1.3106e-03	1.1771e-10
1.3141e-03	1.1770e-10
1.3176e-03	1.1770e-10
1.3211e-03	1.1769e-10
1.3246e-03	1.1769e-10
1.3281e-03	1.1768e-10
1.3316e-03	1.1767e-10
1.3352e-03	1.1767e-10
1.3387e-03	1.1766e-10
1.3423e-03	1.1765e-10
1.3458e-03	1.1765e-10
1.3494e-03	1.1764e-10
1.3530e-03	1.1764e-10
1.3566e-03	1.1763e-10
1.3602e-03	1.1762e-10
1.3638e-03	1.1762e-10
1.3674e-03	1.1761e-10
1.3710e-03	1.1760e-10
1.3746e-03	1.1760e-10
1.3783e-03	1.1759e-10
1.3820e-03	1.1758e-10
1.3856e-03	1.1758e-10
1.3893e-03	1.1757e-10
1.3930e-03	1.1757e-10
1.3967e-03	1.1756e-10
1.4004e-03	1.1755e-10
1.4041e-03	1.1755e-10
1.4078e-03	1.1754e-10
1.4116e-03	1.1753e-10
1.4153e-03	1.1753e-10
1.4191e-03	1.1752e-10
1.4228e-03	1.1751e-10
1.4266e-03	1.1751e-10
1.4304e-03	1.1750e-10
1.4342e-03	1.1749e-10
1.4380e-03	1.1749e-10
1.4418e-03	1.1748e-10
1.4456e-03	1.1748e-10
1.4495e-03	1.1747e-10
1.4533e-03	1.1746e-10
1.4572e-03	1.1746e-10
1.4610e-03	1.1745e-10
1.4649e-03	1.1744e-10
1.4688e-03	1.1744e-10
1.4727e-03	1.1743e-10
1.4766e-03	1.1742e-10
1.4805e-03	1.1742e-10
1.4844e-03	1.1741e-10
1.4884e-03	1.1740e-10
1.4923e-03	1.1740e-10
1.4963e-03	1.1739e-10
1.5003e-03	1.1738e-10
1.5042e-03	1.1738e-10
1.5082e-03	1.1737e-10
1.5122e-03	1.1737e-10
1.5163e-03	1.1736e-10
1.5203e-03	1.1735e-10
1.5243e-03	1.1735e-10
1.5284e-03	1.1734e-10
1.5324e-03	1.1733e-10
1.5365e-03	1.1732e-10
1.5406e-03	1.1732e-10
1.5446e-03	1.1731e-10
1.5487e-03	1.1730e-10
1.5528e-03	1.1730e-10
1.5570e-03	1.1729e-10
1.5611e-03	1.1728e-10
1.5652e-03	1.1727e-10
1.5694e-03	1.1727e-10
1.5736e-03	1.1726e-10
1.5777e-03	1.1725e-10
1.5819e-03	1.1724e-10
1.5861e-03	1.1724e-10
1.5903e-03	1.1723e-10
1.5945e-03	1.1722e-10
1.5988e-03	1.1721e-10
1.6030e-03	1.1721e-10
1.6073e-03	1.1720e-10
1.6115e-03	1.1719e-10
1.6158e-03	1.1718e-10
1.6201e-03	1.1717e-10
1.6244e-03	1.1717e-10
1.6287e-03	1.1716e-10
1.6330e-03	1.1715e-10
1.6374e-03	1.1714e-10
1.6417e-03	1.1713e-10
1.6461e-03	1.1712e-10
1.6504e-03	1.1712e-10
1.6548e-03	1.1711e-10
1.6592e-03	1.1710e-10
1.6636e-03	1.1709e-10
1.6680e-03	1.1708e-10
1.6724e-03	1.1707e-10
1.6769e-03	1.1707e-10
1.6813e-03	1.1706e-10
1.6858e-03	1.1705e-10
1.6903e-03	1.1704e-10
1.6947e-03	1.1703e-10
1.6992e-03	1.1702e-10
1.7038e-03	1.1701e-10
1.7083e-03	1.1700e-10
1.7128e-03	1.1700e-10
1.7174e-03	1.1699e-10
1.7219e-03	1.1698e-10
1.7265e-03	1.1697e-10
1.7311e-03	1.1696e-10
1.7356e-03	1.1695e-10
1.7403e-03	1.1694e-10
1.7449e-03	1.1693e-10
1.7495e-03	1.1692e-10
1.7541e-03	1.1691e-10
1.7588e-03	1.1690e-10
1.7635e-03	1.1689e-10
1.7681e-03	1.1689e-10
1.7728e-03	1.1688e-10
1.7775e-03	1.1687e-10
1.7823e-03	1.1686e-10
1.7870e-03	1.1685e-10
1.7917e-03	1.1684e-10
1.7965e-03	1.1683e-10
1.8012e-03	1.1682e-10
1.8060e-03	1.1681e-10
1.8108e-03	1.1680e-10
1.8156e-03	1.1679e-10
1.8204e-03	1.1678e-10
1.8253e-03	1.1677e-10
1.8301e-03	1.1676e-10
1.8350e-03	1.1675e-10
1.8398e-03	1.1674e-10
1.8447e-03	1.1673e-10
1.8496e-03	1.1672e-10
1.8545e-03	1.1671e-10
1.8594e-03	1.1670e-10
1.8644e-03	1.1669e-10
1.8693e-03	1.1668e-10
1.8743e-03	1.1667e-10
1.8793e-03	1.1667e-10
1.8842e-03	1.1666e-10
1.8892e-03	1.1665e-10
1.8943e-03	1.1664e-10
1.8993e-03	1.1663e-10
1.9043e-03	1.1662e-10
1.9094e-03	1.1661e-10
1.9144e-03	1.1660e-10
1.9195e-03	1.1659e-10
1.9246e-03	1.1658e-10
1.9297e-03	1.1657e-10
1.9348e-03	1.1656e-10
1.9400e-03	1.1655e-10
1.9451e-03	1.1654e-10
1.9503e-03	1.1653e-10
1.9555e-03	1.1652e-10
1.9606e-03	1.1651e-10
1.9658e-03	1.1650e-10
1.9711e-03	1.1649e-10
1.9763e-03	1.1648e-10
1.9815e-03	1.1647e-10
1.9868e-03	1.1646e-10
1.9921e-03	1.1645e-10
1.9974e-03	1.1644e-10
2.0027e-03	1.1643e-10
2.0080e-03	1.1642e-10
2.0133e-03	1.1641e-10
2.0186e-03	1.1640e-10
2.0240e-03	1.1639e-10
2.0294e-03	1.1638e-10
2.0347e-03	1.1637e-10
2.0401e-03	1.1635e-10
2.0456e-03	1.1634e-10
2.0510e-03	1.1633e-10
2.0564e-03	1.1632e-10
2.0619e-03	1.1631e-10
2.0674e-03	1.1630e-10
2.0728e-03	1.1629e-10
2.0783e-03	1.1628e-10
2.0839e-03	1.1627e-10
2.0894e-03	1.1626e-10
2.0949e-03	1.1625e-10
2.1005e-03	1.1624e-10
2.1061e-03	1.1623e-10
2.1116e-03	1.1621e-10
2.1173e-03	1.1620e-10
2.1229e-03	1.1619e-10
2.1285e-03	1.1618e-10
2.1341e-03	1.1617e-10
2.1398e-03	1.1616e-10
2.1455e-03	1.1615e-10
2.1512e-03	1.1614e-10
2.1569e-03	1.1612e-10
2.1626e-03	1.1611e-10
2.1684e-03	1.1610e-10
2.1741e-03	1.1609e-10
2.1799e-03	1.1608e-10
2.1857e-03	1.1607e-10
2.1915e-03	1.1605e-10
2.1973e-03	1.1604e-10
2.2031e-03	1.1603e-10
2.2089e-03	1.1602e-10
2.2148e-03	1.1601e-10
2.2207e-03	1.1600e-10
2.2266e-03	1.1598e-10
2.2325e-03	1.1597e-10
2.2384e-03	1.1596e-10
2.2443e-03	1.1595e-10
2.2503e-03	1.1594e-10
2.2563e-03	1.1593e-10
2.2623e-03	1.1591e-10
2.2683e-03	1.1590e-10
2.2743e-03	1.1589e-10
2.2803e-03	1.1588e-10
2.2864e-03	1.1587e-10
2.2924e-03	1.1585e-10
2.2985e-03	1.1584e-10
2.3046e-03	1.1583e-10
2.3107e-03	1.1582e-10
2.3169e-03	1.1581e-10
2.3230e-03	1.1579e-10
2.3292e-03	1.1578e-10
2.3353e-03	1.1577e-10
2.3415e-03	1.1576e-10
2.3478e-03	1.1575e-10
2.3540e-03	1.1574e-10
2.3602e-03	1.1572e-10
2.3665e-03	1.1571e-10
2.3728e-03	1.1570e-10
2.3791e-03	1.1569e-10
2.3854e-03	1.1568e-10
2.3917e-03	1.1566e-10
2.3981e-03	1.1565e-10
2.4044e-03	1.1564e-10
2.4108e-03	1.1563e-10
2.4172e-03	1.1562e-10
2.4236e-03	1.1560e-10
2.4300e-03	1.1559e-10
2.4365e-03	1.1558e-10
2.4430e-03	1.1557e-10
2.4494e-03	1.1556e-10
2.4559e-03	1.1555e-10
2.4625e-03	1.1553e-10
2.4690e-03	1.1552e-10
2.4755e-03	1.1551e-10
2.4821e-03	1.1550e-10
2.4887e-03	1.1549e-10
2.4953e-03	1.1548e-10
2.5019e-03	1.1546e-10
2.5086e-03	1.1545e-10
2.5152e-03	1.1544e-10
2.5219e-03	1.1543e-10
2.5286e-03	1.1542e-10
2.5353e-03	1.1540e-10
2.5420e-03	1.1539e-10
2.5488e-03	1.1538e-10
2.5555e-03	1.1536e-10
2.5623e-03	1.1535e-10
2.5691e-03	1.1533e-10
2.5759e-03	1.1532e-10
2.5828e-03	1.1530e-10
2.5896e-03	1.1529e-10
2.5965e-03	1.1527e-10
2.6034e-03	1.1526e-10
2.6103e-03	1.1524e-10
2.6172e-03	1.1523e-10
2.6241e-03	1.1521e-10
2.6311e-03	1.1520e-10
2.6381e-03	1.1518e-10
2.6451e-03	1.1517e-10
2.6521e-03	1.1515e-10
2.6591e-03	1.1514e-10
2.6662e-03	1.1512e-10
2.6733e-03	1.1511e-10
2.6804e-03	1.1509e-10
2.6875e-03	1.1508e-10
2.6946e-03	1.1506e-10
2.7018e-03	1.1504e-10
2.7089e-03	1.1503e-10
2.7161e-03	1.1501e-10
2.7233e-03	1.1500e-10
2.7305e-03	1.1498e-10
2.7378e-03	1.1497e-10
2.7451e-03	1.1496e-10
2.7523e-03	1.1494e-10
2.7596e-03	1.1493e-10
2.7670e-03	1.1491e-10
2.7743e-03	1.1490e-10
2.7817e-03	1.1489e-10
2.7890e-03	1.1487e-10
2.7964e-03	1.1486e-10
2.8039e-03	1.1485e-10
2.8113e-03	1.1484e-10
2.8188e-03	1.1482e-10
2.8262e-03	1.1481e-10
2.8337e-03	1.1480e-10
2.8413e-03	1.1479e-10
2.8488e-03	1.1478e-10
2.8564e-03	1.1477e-10
2.8639e-03	1.1476e-10
2.8715e-03	1.1475e-10
2.8792e-03	1.1474e-10
2.8868e-03	1.1473e-10
2.8945e-03	1.1472e-10
2.9021e-03	1.1472e-10
2.9098e-03	1.1471e-10
2.9176e-03	1.1470e-10
2.9253e-03	1.1470e-10
2.9331e-03	1.1469e-10
2.9408e-03	1.1469e-10
2.9486e-03	1.1468e-10
2.9565e-03	1.1468e-10
2.9643e-03	1.1467e-10
2.9722e-03	1.1467e-10
2.9801e-03	1.1467e-10
2.9880e-03	1.1467e-10
2.9959e-03	1.1467e-10
3.0038e-03	1.1467e-10
3.0118e-03	1.1467e-10
3.0198e-03	1.1467e-10
3.0278e-03	1.1467e-10
3.0359e-03	1.1467e-10
3.0439e-03	1.1467e-10
3.0520e-03	1.1467e-10
3.0601e-03	1.1467e-10
3.0682e-03	1.1467e-10
3.0763e-03	1.1467e-10
3.0845e-03	1.1467e-10
3.0927e-03	1.1467e-10
3.1009e-03	1.1468e-10
3.1091e-03	1.1468e-10
3.1174e-03	1.1468e-10
3.1256e-03	1.1468e-10
3.1339e-03	1.1468e-10
3.1423e-03	1.1468e-10
3.1506e-03	1.1469e-10
3.1590e-03	1.1469e-10
3.1673e-03	1.1469e-10
3.1757e-03	1.1469e-10
3.1842e-03	1.1469e-10
3.1926e-03	1.1470e-10
3.2011e-03	1.1470e-10
3.2096e-03	1.1470e-10
3.2181e-03	1.1470e-10
3.2266e-03	1.1471e-10
3.2352e-03	1.1471e-10
3.2438e-03	1.1471e-10
3.2524e-03	1.1472e-10
3.2610e-03	1.1472e-10
3.2697e-03	1.1472e-10
3.2783e-03	1.1473e-10
3.2870e-03	1.1473e-10
3.2958e-03	1.1473e-10
3.3045e-03	1.1474e-10
3.3133e-03	1.1474e-10
3.3221e-03	1.1475e-10
3.3309e-03	1.1475e-10
3.3397e-03	1.1475e-10
3.3486e-03	1.1476e-10
3.3575e-03	1.1476e-10
3.3664e-03	1.1477e-10
3.3753e-03	1.1477e-10
3.3843e-03	1.1478e-10
3.3932e-03	1.1478e-10
3.4022e-03	1.1479e-10
3.4113e-03	1.1479e-10
3.4203e-03	1.1480e-10
3.4294e-03	1.1480e-10
3.4385e-03	1.1481e-10
3.4476e-03	1.1481e-10
3.4568e-03	1.1482e-10
3.4659e-03	1.1482e-10
3.4751e-03	1.1483e-10
3.4844e-03	1.1484e-10
3.4936e-03	1.1484e-10
3.5029e-03	1.1485e-10
3.5122e-03	1.1485e-10
3.5215e-03	1.1486e-10
3.5308e-03	1.1487e-10
3.5402e-03	1.1487e-10
3.5496e-03	1.1488e-10
3.5590e-03	1.1489e-10
3.5685e-03	1.1489e-10
3.5779e-03	1.1490e-10
3.5874e-03	1.1491e-10
3.5969e-03	1.1491e-10
3.6065e-03	1.1492e-10
3.6160e-03	1.1493e-10
3.6256e-03	1.1494e-10
3.6353e-03	1.1494e-10
3.6449e-03	1.1495e-10
3.6546e-03	1.1496e-10
3.6643e-03	1.1497e-10
3.6740e-03	1.1497e-10
3.6837e-03	1.1498e-10
3.6935e-03	1.1499e-10
3.7033e-03	1.1500e-10
3.7131e-03	1.1501e-10
3.7230e-03	1.1502e-10
3.7329e-03	1.1502e-10
3.7428e-03	1.1503e-10
3.7527e-03	1.1504e-10
3.7627e-03	1.1505e-10
3.7727e-03	1.1506e-10
3.7827e-03	1.1507e-10
3.7927e-03	1.1508e-10
3.8028e-03	1.1509e-10
3.8129e-03	1.1510e-10
3.8230e-03	1.1511e-10
3.8331e-03	1.1512e-10
3.8433e-03	1.1513e-10
3.8535e-03	1.1514e-10
3.8637e-03	1.1515e-10
3.8740e-03	1.1516e-10
3.8842e-03	1.1517e-10
3.8945e-03	1.1518e-10
3.9049e-03	1.1519e-10
3.9152e-03	1.1520e-10
3.9256e-03	1.1521e-10
3.9360e-03	1.1522e-10
3.9465e-03	1.1523e-10
3.9570e-03	1.1524e-10
3.9675e-03	1.1525e-10
3.9780e-03	1.1526e-10
3.9885e-03	1.1527e-10
3.9991e-03	1.1529e-10
4.0097e-03	1.1530e-10
4.0204e-03	1.1531e-10
4.0310e-03	1.1533e-10
4.0417e-03	1.1534e-10
4.0525e-03	1.1536e-10
4.0632e-03	1.1538e-10
4.0740e-03	1.1540e-10
4.0848e-03	1.1542e-10
4.0956e-03	1.1545e-10
4.1065e-03	1.1547e-10
4.1174e-03	1.1550e-10
4.1283e-03	1.1553e-10
4.1393e-03	1.1556e-10
4.1503e-03	1.1559e-10
4.1613e-03	1.1562e-10
4.1723e-03	1.1566e-10
4.1834e-03	1.1569e-10
4.1945e-03	1.1573e-10
4.2056e-03	1.1577e-10
4.2168e-03	1.1581e-10
4.2280e-03	1.1586e-10
4.2392e-03	1.1590e-10
4.2504e-03	1.1595e-10
4.2617e-03	1.1599e-10
4.2730e-03	1.1604e-10
4.2844e-03	1.1610e-10
4.2957e-03	1.1615e-10
4.3071e-03	1.1620e-10
4.3186e-03	1.1626e-10
4.3300e-03	1.1632e-10
4.3415e-03	1.1638e-10
4.3530e-03	1.1644e-10
4.3646e-03	1.1650e-10
4.3761e-03	1.1657e-10
4.3878e-03	1.1663e-10
4.3994e-03	1.1670e-10
4.4111e-03	1.1677e-10
4.4228e-03	1.1685e-10
4.4345e-03	1.1692e-10
4.4463e-03	1.1700e-10
4.4581e-03	1.1707e-10
4.4699e-03	1.1715e-10
4.4818e-03	1.1724e-10
4.4937e-03	1.1732e-10
4.5056e-03	1.1741e-10
4.5175e-03	1.1754e-10
4.5295e-03	1.1772e-10
4.5415e-03	1.1795e-10
4.5536e-03	1.1822e-10
4.5657e-03	1.1853e-10
4.5778e-03	1.1887e-10
4.5899e-03	1.1925e-10
4.6021e-03	1.1967e-10
4.6143e-03	1.2011e-10
4.6266e-03	1.2058e-10
4.6388e-03	1.2108e-10
4.6512e-03	1.2160e-10
4.6635e-03	1.2214e-10
4.6759e-03	1.2270e-10
4.6883e-03	1.2328e-10
4.7007e-03	1.2387e-10
4.7132e-03	1.2446e-10
4.7257e-03	1.2507e-10
4.7382e-03	1.2568e-10
4.7508e-03	1.2629e-10
4.7634e-03	1.2690e-10
4.7760e-03	1.2751e-10
4.7887e-03	1.2811e-10
4.8014e-03	1.2870e-10
4.8142e-03	1.2928e-10
4.8269e-03	1.2984e-10
4.8397e-03	1.3038e-10
4.8526e-03	1.3090e-10
4.8655e-03	1.3139e-10
4.8784e-03	1.3185e-10
4.8913e-03	1.3228e-10
4.9043e-03	1.3268e-10
4.9173e-03	1.3303e-10
4.9304e-03	1.3334e-10
4.9434e-03	1.3361e-10
4.9566e-03	1.3383e-10
4.9697e-03	1.3399e-10
4.9829e-03	1.3410e-10
4.9961e-03	1.3415e-10
5.0094e-03	1.3415e-10
5.0227e-03	1.3414e-10
5.0360e-03	1.3411e-10
5.0494e-03	1.3408e-10
5.0627e-03	1.3404e-10
5.0762e-03	1.3399e-10
5.0897e-03	1.3393e-10
5.1032e-03	1.3386e-10
5.1167e-03	1.3379e-10
5.1303e-03	1.3371e-10
5.1439e-03	1.3361e-10
5.1575e-03	1.3352e-10
5.1712e-03	1.3341e-10
5.1849e-03	1.3330e-10
5.1987e-03	1.3318e-10
5.2125e-03	1.3306e-10
5.2263e-03	1.3293e-10
5.2402e-03	1.3280e-10
5.2541e-03	1.3266e-10
5.2680e-03	1.3252e-10
5.2820e-03	1.3237e-10
5.2960e-03	1.3222e-10
5.3101e-03	1.3206e-10
5.3242e-03	1.3190e-10
5.3383e-03	1.3174e-10
5.3525e-03	1.3158e-10
5.3667e-03	1.3141e-10
5.3809e-03	1.3124e-10
5.3952e-03	1.3107e-10
5.4095e-03	1.3090e-10
5.4238e-03	1.3073e-10
5.4382e-03	1.3055e-10
5.4527e-03	1.3038e-10
5.4671e-03	1.3020e-10
5.4816e-03	1.3003e-10
5.4962e-03	1.2985e-10
5.5108e-03	1.2968e-10
5.5254e-03	1.2951e-10
5.5400e-03	1.2933e-10
5.5547e-03	1.2916e-10
5.5695e-03	1.2900e-10
5.5843e-03	1.2883e-10
5.5991e-03	1.2867e-10
5.6139e-03	1.2850e-10
5.6288e-03	1.2835e-10
5.6438e-03	1.2819e-10
5.6587e-03	1.2804e-10
5.6738e-03	1.2789e-10
5.6888e-03	1.2775e-10
5.7039e-03	1.2761e-10
5.7190e-03	1.2747e-10
5.7342e-03	1.2734e-10
5.7494e-03	1.2722e-10
5.7647e-03	1.2710e-10
5.7800e-03	1.2698e-10
5.7953e-03	1.2687e-10
5.8107e-03	1.2677e-10
5.8261e-03	1.2668e-10
5.8416e-03	1.2659e-10
5.8571e-03	1.2651e-10
5.8726e-03	1.2643e-10
5.8882e-03	1.2636e-10
5.9038e-03	1.2631e-10
5.9195e-03	1.2626e-10
5.9352e-03	1.2621e-10
5.9509e-03	1.2618e-10
5.9667e-03	1.2615e-10
5.9826e-03	1.2614e-10
5.9984e-03	1.2613e-10
6.0143e-03	1.2614e-10
6.0303e-03	1.2614e-10
6.0463e-03	1.2615e-10
6.0623e-03	1.2617e-10
6.0784e-03	1.2619e-10
6.0946e-03	1.2621e-10
6.1107e-03	1.2624e-10
6.1269e-03	1.2627e-10
6.1432e-03	1.2631e-10
6.1595e-03	1.2635e-10
6.1758e-03	1.2639e-10
6.1922e-03	1.2644e-10
6.2087e-03	1.2648e-10
6.2251e-03	1.2654e-10
6.2417e-03	1.2659e-10
6.2582e-03	1.2665e-10
6.2748e-03	1.2671e-10
6.2915e-03	1.2677e-10
6.3082e-03	1.2683e-10
6.3249e-03	1.2690e-10
6.3417e-03	1.2697e-10
6.3585e-03	1.2703e-10
6.3754e-03	1.2711e-10
6.3923e-03	1.2718e-10
6.4093e-03	1.2725e-10
6.4263e-03	1.2733e-10
6.4433e-03	1.2740e-10
6.4604e-03	1.2748e-10
6.4776e-03	1.2755e-10
6.4947e-03	1.2763e-10
6.5120e-03	1.2771e-10
6.5293e-03	1.2778e-10
6.5466e-03	1.2786e-10
6.5639e-03	1.2794e-10
6.5814e-03	1.2802e-10
6.5988e-03	1.2809e-10
6.6163e-03	1.2817e-10
6.6339e-03	1.2824e-10
6.6515e-03	1.2832e-10
6.6691e-03	1.2839e-10
6.6868e-03	1.2846e-10
6.7046e-03	1.2853e-10
6.7224e-03	1.2860e-10
6.7402e-03	1.2866e-10
6.7581e-03	1.2873e-10
6.7760e-03	1.2879e-10
6.7940e-03	1.2885e-10
6.8120e-03	1.2891e-10
6.8301e-03	1.2896e-10
6.8482e-03	1.2902e-10
6.8664e-03	1.2906e-10
6.8846e-03	1.2911e-10
6.9029e-03	1.2915e-10
6.9212e-03	1.2919e-10
6.9396e-03	1.2923e-10
6.9580e-03	1.2926e-10
6.9764e-03	1.2929e-10
6.9949e-03	1.2931e-10
7.0135e-03	1.2933e-10
7.0321e-03	1.2935e-10
7.0508e-03	1.2937e-10
7.0695e-03	1.2939e-10
7.0882e-03	1.2941e-10
7.1070e-03	1.2943e-10
7.1259e-03	1.2945e-10
7.1448e-03	1.2947e-10
7.1638e-03	1.2949e-10
7.1828e-03	1.2951e-10
7.2018e-03	1.2953e-10
7.2209e-03	1.2955e-10
7.2401e-03	1.2957e-10
7.2593e-03	1.2959e-10
7.2786e-03	1.2960e-10
7.2979e-03	1.2962e-10
7.3173e-03	1.2964e-10
7.3367e-03	1.2966e-10
7.3561e-03	1.2967e-10
7.3757e-03	1.2969e-10
7.3952e-03	1.2971e-10
7.4148e-03	1.2972e-10
7.4345e-03	1.2974e-10
7.4542e-03	1.2975e-10
7.4740e-03	1.2977e-10
7.4939e-03	1.2978e-10
7.5137e-03	1.2980e-10
7.5337e-03	1.2981e-10
7.5537e-03	1.2982e-10
7.5737e-03	1.2983e-10
7.5938e-03	1.2985e-10
7.6139e-03	1.2986e-10
7.6342e-03	1.2987e-10
7.6544e-03	1.2988e-10
7.6747e-03	1.2989e-10
7.6951e-03	1.2990e-10
7.7155e-03	1.2991e-10
7.7360e-03	1.2992e-10
7.7565e-03	1.2992e-10
7.7771e-03	1.2993e-10
7.7977e-03	1.2994e-10
7.8184e-03	1.2994e-10
7.8391e-03	1.2995e-10
7.8599e-03	1.2996e-10
7.8808e-03	1.2996e-10
7.9017e-03	1.2996e-10
7.9227e-03	1.2997e-10
7.9437e-03	1.2997e-10
7.9648e-03	1.2997e-10
7.9859e-03	1.2997e-10
8.0071e-03	1.2997e-10
8.0283e-03	1.2997e-10
8.0496e-03	1.2997e-10
8.0710e-03	1.2997e-10
8.0924e-03	1.2997e-10
8.1139e-03	1.2997e-10
8.1354e-03	1.2997e-10
8.1570e-03	1.2996e-10
8.1787e-03	1.2996e-10
8.2004e-03	1.2996e-10
8.2221e-03	1.2996e-10
8.2439e-03	1.2996e-10
8.2658e-03	1.2995e-10
8.2877e-03	1.2995e-10
8.3097e-03	1.2995e-10
8.3318e-03	1.2994e-10
8.3539e-03	1.2994e-10
8.3760e-03	1.2994e-10
8.3983e-03	1.2993e-10
8.4206e-03	1.2993e-10
8.4429e-03	1.2993e-10
8.4653e-03	1.2992e-10
8.4878e-03	1.2992e-10
8.5103e-03	1.2991e-10
8.5329e-03	1.2991e-10
8.5555e-03	1.2990e-10
8.5782e-03	1.2990e-10
8.6010e-03	1.2989e-10
8.6238e-03	1.2989e-10
8.6467e-03	1.2988e-10
8.6696e-03	1.2988e-10
8.6926e-03	1.2987e-10
8.7157e-03	1.2986e-10
8.7388e-03	1.2986e-10
8.7620e-03	1.2985e-10
8.7852e-03	1.2985e-10
8.8085e-03	1.2984e-10
8.8319e-03	1.2983e-10
8.8553e-03	1.2983e-10
8.8788e-03	1.2982e-10
8.9024e-03	1.2981e-10
8.9260e-03	1.2981e-10
8.9497e-03	1.2980e-10
8.9735e-03	1.2979e-10
8.9973e-03	1.2979e-10
9.0211e-03	1.2978e-10
9.0451e-03	1.2977e-10
9.0691e-03	1.2976e-10
9.0931e-03	1.2976e-10
9.1173e-03	1.2975e-10
9.1415e-03	1.2974e-10
9.1657e-03	1.2973e-10
9.1900e-03	1.2973e-10
9.2144e-03	1.2972e-10
9.2389e-03	1.2971e-10
9.2634e-03	1.2970e-10
9.2880e-03	1.2970e-10
9.3126e-03	1.2969e-10
9.3373e-03	1.2968e-10
9.3621e-03	1.2967e-10
9.3869e-03	1.2966e-10
9.4118e-03	1.2966e-10
9.4368e-03	1.2965e-10
9.4618e-03	1.2964e-10
9.4869e-03	1.2963e-10
9.5121e-03	1.2962e-10
9.5374e-03	1.2961e-10
9.5627e-03	1.2961e-10
9.5880e-03	1.2960e-10
9.6135e-03	1.2959e-10
9.6390e-03	1.2958e-10
9.6646e-03	1.2957e-10
9.6902e-03	1.2957e-10
9.7159e-03	1.2956e-10
9.7417e-03	1.2955e-10
9.7675e-03	1.2954e-10
9.7935e-03	1.2953e-10
9.8194e-03	1.2953e-10
9.8455e-03	1.2952e-10
9.8716e-03	1.2951e-10
9.8978e-03	1.2950e-10
9.9241e-03	1.2949e-10
9.9504e-03	1.2949e-10
9.9768e-03	1.2948e-10
1.0003e-02	1.2947e-10
1.0030e-02	1.2946e-10
1.0056e-02	1.2946e-10
1.0083e-02	1.2945e-10
1.0110e-02	1.2944e-10
1.0137e-02	1.2943e-10
1.0164e-02	1.2942e-10
1.0191e-02	1.2942e-10
1.0218e-02	1.2941e-10
1.0245e-02	1.2940e-10
1.0272e-02	1.2939e-10
1.0299e-02	1.2938e-10
1.0326e-02	1.2937e-10
1.0354e-02	1.2937e-10
1.0381e-02	1.2936e-10
1.0409e-02	1.2935e-10
1.0437e-02	1.2934e-10
1.0464e-02	1.2933e-10
1.0492e-02	1.2932e-10
1.0520e-02	1.2931e-10
1.0548e-02	1.2931e-10
1.0576e-02	1.2930e-10
1.0604e-02	1.2929e-10
1.0632e-02	1.2928e-10
1.0660e-02	1.2927e-10
1.0688e-02	1.2926e-10
1.0717e-02	1.2925e-10
1.0745e-02	1.2924e-10
1.0774e-02	1.2923e-10
1.0802e-02	1.2922e-10
1.0831e-02	1.2921e-10
1.0860e-02	1.2921e-10
1.0889e-02	1.2920e-10
1.0917e-02	1.2919e-10
1.0946e-02	1.2918e-10
1.0975e-02	1.2917e-10
1.1005e-02	1.2916e-10
1.1034e-02	1.2915e-10
1.1063e-02	1.2914e-10
1.1092e-02	1.2913e-10
1.1122e-02	1.2912e-10
1.1151e-02	1.2911e-10
1.1181e-02	1.2910e-10
1.1211e-02	1.2909e-10
1.1240e-02	1.2908e-10
1.1270e-02	1.2907e-10
1.1300e-02	1.2906e-10
1.1330e-02	1.2905e-10
1.1360e-02	1.2904e-10
1.1390e-02	1.2903e-10
1.1420e-02	1.2902e-10
1.1451e-02	1.2901e-10
1.1481e-02	1.2899e-10
1.1512e-02	1.2898e-10
1.1542e-02	1.2897e-10
1.1573e-02	1.2896e-10
1.1603e-02	1.2895e-10
1.1634e-02	1.2894e-10
1.1665e-02	1.2893e-10
1.1696e-02	1.2892e-10
1.1727e-02	1.2891e-10
1.1758e-02	1.2890e-10
1.1789e-02	1.2889e-10
1.1821e-02	1.2888e-10
1.1852e-02	1.2886e-10
1.1884e-02	1.2885e-10
1.1915e-02	1.2884e-10
1.1947e-02	1.2883e-10
1.1978e-02	1.2882e-10
1.2010e-02	1.2881e-10
1.2042e-02	1.2880e-10
1.2074e-02	1.2879e-10
1.2106e-02	1.2877e-10
1.2138e-02	1.2876e-10
1.2170e-02	1.2875e-10
1.2203e-02	1.2874e-10
1.2235e-02	1.2873e-10
1.2267e-02	1.2872e-10
1.2300e-02	1.2870e-10
1.2333e-02	1.2869e-10
1.2365e-02	1.2868e-10
1.2398e-02	1.2867e-10
1.2431e-02	1.2866e-10
1.2464e-02	1.2865e-10
1.2497e-02	1.2863e-10
1.2530e-02	1.2862e-10
1.2564e-02	1.2861e-10
1.2597e-02	1.2860e-10
1.2630e-02	1.2859e-10
1.2664e-02	1.2857e-10
1.2697e-02	1.2856e-10
1.2731e-02	1.2855e-10
1.2765e-02	1.2854e-10
1.2799e-02	1.2852e-10
1.2833e-02	1.2851e-10
1.2867e-02	1.2850e-10
1.2901e-02	1.2849e-10
1.2935e-02	1.2847e-10
1.2969e-02	1.2846e-10
1.3004e-02	1.2845e-10
1.3038e-02	1.2844e-10
1.3073e-02	1.2842e-10
1.3108e-02	1.2841e-10
1.3142e-02	1.2840e-10
1.3177e-02	1.2839e-10
1.3212e-02	1.2837e-10
1.3247e-02	1.2836e-10
1.3282e-02	1.2835e-10
1.3318e-02	1.2833e-10
1.3353e-02	1.2832e-10
1.3388e-02	1.2831e-10
1.3424e-02	1.2830e-10
1.3460e-02	1.2828e-10
1.3495e-02	1.2827e-10
1.3531e-02	1.2826e-10
1.3567e-02	1.2824e-10
1.3603e-02	1.2823e-10
1.3639e-02	1.2822e-10
1.3675e-02	1.2820e-10
1.3712e-02	1.2819e-10
1.3748e-02	1.2818e-10
1.3784e-02	1.2816e-10
1.3821e-02	1.2815e-10
1.3858e-02	1.2814e-10
1.3894e-02	1.2812e-10
1.3931e-02	1.2811e-10
1.3968e-02	1.2810e-10
1.4005e-02	1.2808e-10
1.4043e-02	1.2807e-10
1.4080e-02	1.2806e-10
1.4117e-02	1.2804e-10
1.4155e-02	1.2803e-10
1.4192e-02	1.2802e-10
1.4230e-02	1.2800e-10
1.4268e-02	1.2799e-10
1.4305e-02	1.2797e-10
1.4343e-02	1.2796e-10
1.4381e-02	1.2795e-10
1.4420e-02	1.2793e-10
1.4458e-02	1.2792e-10
1.4496e-02	1.2791e-10
1.4535e-02	1.2789e-10
1.4573e-02	1.2788e-10
1.4612e-02	1.2786e-10
1.4651e-02	1.2785e-10
1.4690e-02	1.2784e-10
1.4729e-02	1.2782e-10
1.4768e-02	1.2781e-10
1.4807e-02	1.2779e-10
1.4846e-02	1.2778e-10
1.4885e-02	1.2777e-10
1.4925e-02	1.2775e-10
1.4965e-02	1.2774e-10
1.5004e-02	1.2772e-10
1.5044e-02	1.2771e-10
1.5084e-02	1.2770e-10
1.5124e-02	1.2768e-10
1.5164e-02	1.2767e-10
1.5204e-02	1.2765e-10
1.5245e-02	1.2764e-10
1.5285e-02	1.2762e-10
1.5326e-02	1.2761e-10
1.5366e-02	1.2760e-10
1.5407e-02	1.2758e-10
1.5448e-02	1.2757e-10
1.5489e-02	1.2755e-10
1.5530e-02	1.2754e-10
1.5571e-02	1.2752e-10
1.5613e-02	1.2751e-10
1.5654e-02	1.2749e-10
1.5696e-02	1.2748e-10
1.5737e-02	1.2747e-10
1.5779e-02	1.2745e-10
1.5821e-02	1.2744e-10
1.5863e-02	1.2742e-10
1.5905e-02	1.2741e-10
1.5947e-02	1.2739e-10
1.5989e-02	1.2738e-10
1.6032e-02	1.2736e-10
1.6074e-02	1.2735e-10
1.6117e-02	1.2733e-10
1.6160e-02	1.2732e-10
1.6203e-02	1.2731e-10
1.6246e-02	1.2729e-10
1.6289e-02	1.2728e-10
1.6332e-02	1.2726e-10
1.6375e-02	1.2725e-10
1.6419e-02	1.2723e-10
1.6462e-02	1.2722e-10
1.6506e-02	1.2720e-10
1.6550e-02	1.2719e-10
1.6594e-02	1.2717e-10
1.6638e-02	1.2716e-10
1.6682e-02	1.2714e-10
1.6726e-02	1.2713e-10
1.6771e-02	1.2711e-10
1.6815e-02	1.2710e-10
1.6860e-02	1.2708e-10
1.6904e-02	1.2707e-10
1.6949e-02	1.2705e-10
1.6994e-02	1.2704e-10
1.7039e-02	1.2702e-10
1.7085e-02	1.2701e-10
1.7130e-02	1.2699e-10
1.7175e-02	1.2698e-10
1.7221e-02	1.2696e-10
1.7267e-02	1.2695e-10
1.7312e-02	1.2693e-10
1.7358e-02	1.2692e-10
1.7404e-02	1.2690e-10
1.7451e-02	1.2689e-10
1.7497e-02	1.2687e-10
1.7543e-02	1.2686e-10
1.7590e-02	1.2684e-10
1.7637e-02	1.2683e-10
1.7683e-02	1.2681e-10
1.7730e-02	1.2680e-10
1.7777e-02	1.2678e-10
1.7825e-02	1.2677e-10
1.7872e-02	1.2675e-10
1.7919e-02	1.2674e-10
1.7967e-02	1.2672e-10
1.8014e-02	1.2671e-10
1.8062e-02	1.2669e-10
1.8110e-02	1.2668e-10
1.8158e-02	1.2666e-10
1.8206e-02	1.2665e-10
1.8255e-02	1.2663e-10
1.8303e-02	1.2662e-10
1.8352e-02	1.2660e-10
1.8400e-02	1.2659e-10
1.8449e-02	1.2657e-10
1.8498e-02	1.2656e-10
1.8547e-02	1.2654e-10
1.8596e-02	1.2653e-10
1.8646e-02	1.2651e-10
1.8695e-02	1.2650e-10
1.8745e-02	1.2648e-10
1.8795e-02	1.2647e-10
1.8844e-02	1.2645e-10
1.8894e-02	1.2644e-10
1.8945e-02	1.2642e-10
1.8995e-02	1.2641e-10
1.9045e-02	1.2639e-10
1.9096e-02	1.2638e-10
1.9146e-02	1.2636e-10
1.9197e-02	1.2635e-10
1.9248e-02	1.2633e-10
1.9299e-02	1.2631e-10
1.9351e-02	1.2630e-10
1.9402e-02	1.2628e-10
1.9453e-02	1.2627e-10
1.9505e-02	1.2625e-10
1.9557e-02	1.2624e-10
1.9609e-02	1.2622e-10
1.9661e-02	1.2621e-10
1.9713e-02	1.2619e-10
1.9765e-02	1.2618e-10
1.9818e-02	1.2616e-10
1.9870e-02	1.2615e-10
1.9923e-02	1.2613e-10
1.9976e-02	1.2612e-10
2.0029e-02	1.2610e-10
2.0082e-02	1.2609e-10
2.0135e-02	1.2607e-10
2.0189e-02	1.2606e-10
2.0242e-02	1.2604e-10
2.0296e-02	1.2603e-10
2.0350e-02	1.2601e-10
2.0404e-02	1.2599e-10
2.0458e-02	1.2598e-10
2.0512e-02	1.2596e-10
2.0567e-02	1.2594e-10
2.0621e-02	1.2593e-10
2.0676e-02	1.2591e-10
2.0731e-02	1.2589e-10
2.0786e-02	1.2588e-10
2.0841e-02	1.2586e-10
2.0896e-02	1.2584e-10
2.0952e-02	1.2582e-10
2.1007e-02	1.2581e-10
2.1063e-02	1.2579e-10
2.1119e-02	1.2577e-10
2.1175e-02	1.2575e-10
2.1231e-02	1.2574e-10
2.1287e-02	1.2572e-10
2.1344e-02	1.2570e-10
2.1400e-02	1.2568e-10
2.1457e-02	1.2566e-10
2.1514e-02	1.2564e-10
2.1571e-02	1.2563e-10
2.1628e-02	1.2561e-10
2.1686e-02	1.2559e-10
2.1743e-02	1.2557e-10
2.1801e-02	1.2555e-10
2.1859e-02	1.2553e-10
2.1917e-02	1.2551e-10
2.1975e-02	1.2549e-10
2.2033e-02	1.2547e-10
2.2092e-02	1.2546e-10
2.2150e-02	1.2544e-10
2.2209e-02	1.2542e-10
2.2268e-02	1.2540e-10
2.2327e-02	1.2538e-10
2.2387e-02	1.2536e-10
2.2446e-02	1.2534e-10
2.2505e-02	1.2532e-10
2.2565e-02	1.2530e-10
2.2625e-02	1.2528e-10
2.2685e-02	1.2526e-10
2.2745e-02	1.2524e-10
2.2806e-02	1.2522e-10
2.2866e-02	1.2520e-10
2.2927e-02	1.2518e-10
2.2988e-02	1.2516e-10
2.3049e-02	1.2514e-10
2.3110e-02	1.2512e-10
2.3171e-02	1.2510e-10
2.3233e-02	1.2508e-10
2.3294e-02	1.2506e-10
2.3356e-02	1.2504e-10
2.3418e-02	1.2502e-10
2.3480e-02	1.2500e-10
2.3542e-02	1.2498e-10
2.3605e-02	1.2496e-10
2.3668e-02	1.2494e-10
2.3730e-02	1.2492e-10
2.3793e-02	1.2490e-10
2.3856e-02	1.2488e-10
2.3920e-02	1.2486e-10
2.3983e-02	1.2484e-10
2.4047e-02	1.2482e-10
2.4111e-02	1.2480e-10
2.4175e-02	1.2478e-10
2.4239e-02	1.2476e-10
2.4303e-02	1.2474e-10
2.4368e-02	1.2472e-10
2.4432e-02	1.2470e-10
2.4497e-02	1.2468e-10
2.4562e-02	1.2466e-10
2.4627e-02	1.2464e-10
2.4693e-02	1.2462e-10
2.4758e-02	1.2460e-10
2.4824e-02	1.2458e-10
2.4890e-02	1.2456e-10
2.4956e-02	1.2454e-10
2.5022e-02	1.2452e-10
2.5088e-02	1.2450e-10
2.5155e-02	1.2448e-10
2.5222e-02	1.2446e-10
2.5289e-02	1.2444e-10
2.5356e-02	1.2442e-10
2.5423e-02	1.2440e-10
2.5490e-02	1.2438e-10
2.5558e-02	1.2436e-10
2.5626e-02	1.2434e-10
2.5694e-02	1.2432e-10
2.5762e-02	1.2430e-10
2.5830e-02	1.2428e-10
2.5899e-02	1.2426e-10
2.5968e-02	1.2424e-10
2.6036e-02	1.2423e-10
2.6106e-02	1.2421e-10
2.6175e-02	1.2419e-10
2.6244e-02	1.2417e-10
2.6314e-02	1.2415e-10
2.6384e-02	1.2413e-10
2.6454e-02	1.2411e-10
2.6524e-02	1.2410e-10
2.6594e-02	1.2408e-10
2.6665e-02	1.2406e-10
2.6736e-02	1.2404e-10
2.6807e-02	1.2402e-10
2.6878e-02	1.2401e-10
2.6949e-02	1.2399e-10
2.7021e-02	1.2397e-10
2.7092e-02	1.2395e-10
2.7164e-02	1.2394e-10
2.7236e-02	1.2392e-10
2.7308e-02	1.2390e-10
2.7381e-02	1.2389e-10
2.7454e-02	1.2387e-10
2.7526e-02	1.2385e-10
2.7599e-02	1.2384e-10
2.7673e-02	1.2382e-10
2.7746e-02	1.2380e-10
2.7820e-02	1.2379e-10
2.7894e-02	1.2377e-10
2.7968e-02	1.2376e-10
2.8042e-02	1.2374e-10
2.8116e-02	1.2372e-10
2.8191e-02	1.2371e-10
2.8266e-02	1.2369e-10
2.8341e-02	1.2368e-10
2.8416e-02	1.2366e-10
2.8491e-02	1.2365e-10
2.8567e-02	1.2363e-10
2.8643e-02	1.2362e-10
2.8719e-02	1.2361e-10
2.8795e-02	1.2359e-10
2.8871e-02	1.2358e-10
2.8948e-02	1.2356e-10
2.9025e-02	1.2355e-10
2.9102e-02	1.2354e-10
2.9179e-02	1.2352e-10
2.9256e-02	1.2351e-10
2.9334e-02	1.2350e-10
2.9412e-02	1.2349e-10
2.9490e-02	1.2347e-10
2.9568e-02	1.2346e-10
2.9646e-02	1.2345e-10
2.9725e-02	1.2344e-10
2.9804e-02	1.2343e-10
2.9883e-02	1.2341e-10
2.9962e-02	1.2340e-10
3.0042e-02	1.2339e-10
3.0121e-02	1.2338e-10
3.0201e-02	1.2337e-10
3.0282e-02	1.2336e-10
3.0362e-02	1.2335e-10
3.0442e-02	1.2334e-10
3.0523e-02	1.2332e-10
3.0604e-02	1.2331e-10
3.0685e-02	1.2330e-10
3.0767e-02	1.2329e-10
3.0848e-02	1.2328e-10
3.0930e-02	1.2327e-10
3.1012e-02	1.2326e-10
3.1095e-02	1.2324e-10
3.1177e-02	1.2323e-10
3.1260e-02	1.2322e-10
3.1343e-02	1.2321e-10
3.1426e-02	1.2320e-10
3.1509e-02	1.2319e-10
3.1593e-02	1.2317e-10
3.1677e-02	1.2316e-10
3.1761e-02	1.2315e-10
3.1845e-02	1.2314e-10
3.1930e-02	1.2313e-10
3.2014e-02	1.2312e-10
3.2099e-02	1.2311e-10
3.2184e-02	1.2309e-10
3.2270e-02	1.2308e-10
3.2356e-02	1.2307e-10
3.2441e-02	1.2306e-10
3.2527e-02	1.2305e-10
3.2614e-02	1.2304e-10
3.2700e-02	1.2303e-10
3.2787e-02	1.2301e-10
3.2874e-02	1.2300e-10
3.2961e-02	1.2299e-10
3.3049e-02	1.2298e-10
3.3136e-02	1.2297e-10
3.3224e-02	1.2296e-10
3.3312e-02	1.2295e-10
3.3401e-02	1.2294e-10
3.3490e-02	1.2293e-10
3.3578e-02	1.2292e-10
3.3667e-02	1.2291e-10
3.3757e-02	1.2289e-10
3.3846e-02	1.2288e-10
3.3936e-02	1.2287e-10
3.4026e-02	1.2286e-10
3.4116e-02	1.2285e-10
3.4207e-02	1.2284e-10
3.4298e-02	1.2283e-10
3.4389e-02	1.2282e-10
3.4480e-02	1.2281e-10
3.4572e-02	1.2280e-10
3.4663e-02	1.2279e-10
3.4755e-02	1.2278e-10
3.4847e-02	1.2277e-10
3.4940e-02	1.2276e-10
3.5033e-02	1.2276e-10
3.5126e-02	1.2275e-10
3.5219e-02	1.2274e-10
3.5312e-02	1.2273e-10
3.5406e-02	1.2272e-10
3.5500e-02	1.2271e-10
3.5594e-02	1.2270e-10
3.5688e-02	1.2269e-10
3.5783e-02	1.2269e-10
3.5878e-02	1.2268e-10
3.5973e-02	1.2267e-10
3.6069e-02	1.2266e-10
3.6164e-02	1.2265e-10
3.6260e-02	1.2265e-10
3.6357e-02	1.2264e-10
3.6453e-02	1.2263e-10
3.6550e-02	1.2262e-10
3.6647e-02	1.2262e-10
3.6744e-02	1.2261e-10
3.6842e-02	1.2260e-10
3.6939e-02	1.2260e-10
3.7037e-02	1.2259e-10
3.7136e-02	1.2259e-10
3.7234e-02	1.2258e-10
3.7333e-02	1.2257e-10
3.7432e-02	1.2257e-10
3.7531e-02	1.2256e-10
3.7631e-02	1.2256e-10
3.7731e-02	1.2255e-10
3.7831e-02	1.2255e-10
3.7931e-02	1.2254e-10
3.8032e-02	1.2254e-10
3.8133e-02	1.2253e-10
3.8234e-02	1.2253e-10
3.8335e-02	1.2253e-10
3.8437e-02	1.2252e-10
3.8539e-02	1.2252e-10
3.8641e-02	1.2252e-10
3.8744e-02	1.2251e-10
3.8847e-02	1.2251e-10
3.8950e-02	1.2251e-10
3.9053e-02	1.2251e-10
3.9157e-02	1.2250e-10
3.9261e-02	1.2250e-10
3.9365e-02	1.2250e-10
3.9469e-02	1.2250e-10
3.9574e-02	1.2250e-10
3.9679e-02	1.2250e-10
3.9784e-02	1.2250e-10
3.9890e-02	1.2250e-10
3.9996e-02	1.2250e-10
4.0102e-02	1.2250e-10
4.0208e-02	1.2250e-10
4.0315e-02	1.2250e-10
4.0422e-02	1.2250e-10
4.0529e-02	1.2250e-10
4.0637e-02	1.2251e-10
4.0744e-02	1.2251e-10
4.0853e-02	1.2251e-10
4.0961e-02	1.2252e-10
4.1070e-02	1.2252e-10
4.1179e-02	1.2253e-10
4.1288e-02	1.2253e-10
4.1397e-02	1.2254e-10
4.1507e-02	1.2255e-10
4.1617e-02	1.2256e-10
4.1728e-02	1.2256e-10
4.1838e-02	1.2257e-10
4.1950e-02	1.2258e-10
4.2061e-02	1.2259e-10
4.2172e-02	1.2260e-10
4.2284e-02	1.2261e-10
4.2397e-02	1.2262e-10
4.2509e-02	1.2264e-10
4.2622e-02	1.2265e-10
4.2735e-02	1.2266e-10
4.2848e-02	1.2267e-10
4.2962e-02	1.2269e-10
4.3076e-02	1.2270e-10
4.3190e-02	1.2271e-10
4.3305e-02	1.2273e-10
4.3420e-02	1.2274e-10
4.3535e-02	1.2276e-10
4.3650e-02	1.2277e-10
4.3766e-02	1.2279e-10
4.3882e-02	1.2280e-10
4.3999e-02	1.2282e-10
4.4116e-02	1.2284e-10
4.4233e-02	1.2285e-10
4.4350e-02	1.2287e-10
4.4468e-02	1.2289e-10
4.4586e-02	1.2291e-10
4.4704e-02	1.2293e-10
4.4823e-02	1.2295e-10
4.4942e-02	1.2297e-10
4.5061e-02	1.2298e-10
4.5180e-02	1.2300e-10
4.5300e-02	1.2302e-10
4.5420e-02	1.2304e-10
4.5541e-02	1.2307e-10
4.5662e-02	1.2309e-10
4.5783e-02	1.2311e-10
4.5904e-02	1.2313e-10
4.6026e-02	1.2315e-10
4.6148e-02	1.2317e-10
4.6271e-02	1.2319e-10
4.6394e-02	1.2322e-10
4.6517e-02	1.2324e-10
4.6640e-02	1.2326e-10
4.6764e-02	1.2329e-10
4.6888e-02	1.2331e-10
4.7012e-02	1.2333e-10
4.7137e-02	1.2336e-10
4.7262e-02	1.2338e-10
4.7388e-02	1.2340e-10
4.7513e-02	1.2343e-10
4.7639e-02	1.2345e-10
4.7766e-02	1.2348e-10
4.7892e-02	1.2350e-10
4.8020e-02	1.2353e-10
4.8147e-02	1.2355e-10
4.8275e-02	1.2357e-10
4.8403e-02	1.2360e-10
4.8531e-02	1.2363e-10
4.8660e-02	1.2365e-10
4.8789e-02	1.2368e-10
4.8919e-02	1.2370e-10
4.9048e-02	1.2373e-10
4.9178e-02	1.2375e-10
4.9309e-02	1.2378e-10
4.9440e-02	1.2380e-10
4.9571e-02	1.2383e-10
4.9703e-02	1.2386e-10
4.9834e-02	1.2388e-10
4.9967e-02	1.2391e-10
5.0099e-02	1.2394e-10
5.0232e-02	1.2397e-10
5.0365e-02	1.2400e-10
5.0499e-02	1.2403e-10
5.0633e-02	1.2407e-10
5.0767e-02	1.2410e-10
5.0902e-02	1.2414e-10
5.1037e-02	1.2418e-10
5.1173e-02	1.2422e-10
5.1308e-02	1.2427e-10
5.1444e-02	1.2431e-10
5.1581e-02	1.2436e-10
5.1718e-02	1.2440e-10
5.1855e-02	1.2445e-10
5.1993e-02	1.2449e-10
5.2131e-02	1.2454e-10
5.2269e-02	1.2459e-10
5.2408e-02	1.2463e-10
5.2547e-02	1.2468e-10
5.2686e-02	1.2472e-10
5.2826e-02	1.2477e-10
5.2966e-02	1.2482e-10
5.3107e-02	1.2486e-10
5.3247e-02	1.2491e-10
5.3389e-02	1.2496e-10
5.3530e-02	1.2501e-10
5.3672e-02	1.2506e-10
5.3815e-02	1.2512e-10
5.3958e-02	1.2517e-10
5.4101e-02	1.2522e-10
5.4244e-02	1.2527e-10
5.4388e-02	1.2533e-10
5.4533e-02	1.2538e-10
5.4677e-02	1.2544e-10
5.4822e-02	1.2550e-10
5.4968e-02	1.2556e-10
5.5114e-02	1.2561e-10
5.5260e-02	1.2567e-10
5.5407e-02	1.2573e-10
5.5554e-02	1.2579e-10
5.5701e-02	1.2586e-10
5.5849e-02	1.2592e-10
5.5997e-02	1.2598e-10
5.6146e-02	1.2605e-10
5.6295e-02	1.2611e-10
5.6444e-02	1.2617e-10
5.6594e-02	1.2624e-10
5.6744e-02	1.2631e-10
5.6894e-02	1.2637e-10
5.7045e-02	1.2644e-10
5.7197e-02	1.2651e-10
5.7348e-02	1.2658e-10
5.7501e-02	1.2665e-10
5.7653e-02	1.2672e-10
5.7806e-02	1.2679e-10
5.7960e-02	1.2686e-10
5.8113e-02	1.2694e-10
5.8268e-02	1.2701e-10
5.8422e-02	1.2708e-10
5.8577e-02	1.2716e-10
5.8733e-02	1.2724e-10
5.8888e-02	1.2731e-10
5.9045e-02	1.2739e-10
5.9201e-02	1.2747e-10
5.9358e-02	1.2755e-10
5.9516e-02	1.2763e-10
5.9674e-02	1.2771e-10
5.9832e-02	1.2779e-10
5.9991e-02	1.2787e-10
6.0150e-02	1.2795e-10
6.0310e-02	1.2804e-10
6.0470e-02	1.2812e-10
6.0630e-02	1.2821e-10
6.0791e-02	1.2830e-10
6.0952e-02	1.2838e-10
6.1114e-02	1.2847e-10
6.1276e-02	1.2856e-10
6.1439e-02	1.2866e-10
6.1602e-02	1.2875e-10
6.1765e-02	1.2884e-10
6.1929e-02	1.2894e-10
6.2093e-02	1.2904e-10
6.2258e-02	1.2913e-10
6.2423e-02	1.2923e-10
6.2589e-02	1.2933e-10
6.2755e-02	1.2943e-10
6.2922e-02	1.2953e-10
6.3089e-02	1.2964e-10
6.3256e-02	1.2974e-10
6.3424e-02	1.2984e-10
6.3592e-02	1.2995e-10
6.3761e-02	1.3005e-10
6.3930e-02	1.3016e-10
6.4100e-02	1.3027e-10
6.4270e-02	1.3038e-10
6.4440e-02	1.3049e-10
6.4611e-02	1.3060e-10
6.4783e-02	1.3071e-10
6.4955e-02	1.3082e-10
6.5127e-02	1.3094e-10
6.5300e-02	1.3105e-10
6.5473e-02	1.3117e-10
6.5647e-02	1.3128e-10
6.5821e-02	1.3140e-10
6.5995e-02	1.3152e-10
6.6171e-02	1.3164e-10
6.6346e-02	1.3176e-10
6.6522e-02	1.3189e-10
6.6699e-02	1.3201e-10
6.6876e-02	1.3214e-10
6.7053e-02	1.3226e-10
6.7231e-02	1.3239e-10
6.7409e-02	1.3252e-10
6.7588e-02	1.3265e-10
6.7768e-02	1.3279e-10
6.7947e-02	1.3292e-10
6.8128e-02	1.3305e-10
6.8308e-02	1.3319e-10
6.8490e-02	1.3333e-10
6.8671e-02	1.3347e-10
6.8854e-02	1.3361e-10
6.9036e-02	1.3375e-10
6.9220e-02	1.3390e-10
6.9403e-02	1.3404e-10
6.9587e-02	1.3419e-10
6.9772e-02	1.3434e-10
6.9957e-02	1.3449e-10
7.0143e-02	1.3464e-10
7.0329e-02	1.3480e-10
7.0515e-02	1.3495e-10
7.0703e-02	1.3511e-10
7.0890e-02	1.3527e-10
7.1078e-02	1.3543e-10
7.1267e-02	1.3559e-10
7.1456e-02	1.3575e-10
7.1646e-02	1.3591e-10
7.1836e-02	1.3608e-10
7.2026e-02	1.3625e-10
7.2217e-02	1.3641e-10
7.2409e-02	1.3658e-10
7.2601e-02	1.3676e-10
7.2794e-02	1.3693e-10
7.2987e-02	1.3710e-10
7.3181e-02	1.3728e-10
7.3375e-02	1.3745e-10
7.3569e-02	1.3763e-10
7.3765e-02	1.3781e-10
7.3960e-02	1.3799e-10
7.4157e-02	1.3818e-10
7.4353e-02	1.3836e-10
7.4551e-02	1.3855e-10
7.4748e-02	1.3874e-10
7.4947e-02	1.3892e-10
7.5146e-02	1.3912e-10
7.5345e-02	1.3931e-10
7.5545e-02	1.3950e-10
7.5745e-02	1.3970e-10
7.5946e-02	1.3989e-10
7.6148e-02	1.4009e-10
7.6350e-02	1.4029e-10
7.6552e-02	1.4049e-10
7.6756e-02	1.4070e-10
7.6959e-02	1.4090e-10
7.7163e-02	1.4111e-10
7.7368e-02	1.4132e-10
7.7573e-02	1.4153e-10
7.7779e-02	1.4174e-10
7.7986e-02	1.4195e-10
7.8193e-02	1.4217e-10
7.8400e-02	1.4238e-10
7.8608e-02	1.4260e-10
7.8817e-02	1.4282e-10
7.9026e-02	1.4304e-10
7.9235e-02	1.4327e-10
7.9446e-02	1.4349e-10
7.9656e-02	1.4372e-10
7.9868e-02	1.4394e-10
8.0080e-02	1.4417e-10
8.0292e-02	1.4441e-10
8.0505e-02	1.4464e-10
8.0719e-02	1.4488e-10
8.0933e-02	1.4512e-10
8.1148e-02	1.4536e-10
8.1363e-02	1.4561e-10
8.1579e-02	1.4586e-10
8.1795e-02	1.4611e-10
8.2012e-02	1.4637e-10
8.2230e-02	1.4662e-10
8.2448e-02	1.4688e-10
8.2667e-02	1.4714e-10
8.2886e-02	1.4741e-10
8.3106e-02	1.4768e-10
8.3327e-02	1.4795e-10
8.3548e-02	1.4822e-10
8.3770e-02	1.4849e-10
8.3992e-02	1.4877e-10
8.4215e-02	1.4905e-10
8.4438e-02	1.4933e-10
8.4662e-02	1.4962e-10
8.4887e-02	1.4991e-10
8.5112e-02	1.5020e-10
8.5338e-02	1.5049e-10
8.5564e-02	1.5078e-10
8.5791e-02	1.5108e-10
8.6019e-02	1.5138e-10
8.6247e-02	1.5169e-10
8.6476e-02	1.5199e-10
8.6706e-02	1.5230e-10
8.6936e-02	1.5261e-10
8.7166e-02	1.5292e-10
8.7398e-02	1.5324e-10
8.7629e-02	1.5355e-10
8.7862e-02	1.5387e-10
8.8095e-02	1.5419e-10
8.8329e-02	1.5452e-10
8.8563e-02	1.5484e-10
8.8798e-02	1.5517e-10
8.9034e-02	1.5551e-10
8.9270e-02	1.5584e-10
8.9507e-02	1.5617e-10
8.9744e-02	1.5651e-10
8.9983e-02	1.5685e-10
9.0221e-02	1.5720e-10
9.0461e-02	1.5754e-10
9.0701e-02	1.5789e-10
9.0941e-02	1.5824e-10
9.1183e-02	1.5860e-10
9.1425e-02	1.5896e-10
9.1667e-02	1.5932e-10
9.1910e-02	1.5968e-10
9.2154e-02	1.6005e-10
9.2399e-02	1.6042e-10
9.2644e-02	1.6080e-10
9.2890e-02	1.6117e-10
9.3136e-02	1.6156e-10
9.3383e-02	1.6194e-10
9.3631e-02	1.6233e-10
9.3880e-02	1.6272e-10
9.4129e-02	1.6312e-10
9.4378e-02	1.6352e-10
9.4629e-02	1.6393e-10
9.4880e-02	1.6434e-10
9.5132e-02	1.6475e-10
9.5384e-02	1.6516e-10
9.5637e-02	1.6559e-10
9.5891e-02	1.6601e-10
9.6145e-02	1.6644e-10
9.6400e-02	1.6687e-10
9.6656e-02	1.6731e-10
9.6913e-02	1.6775e-10
9.7170e-02	1.6820e-10
9.7428e-02	1.6865e-10
9.7686e-02	1.6911e-10
9.7945e-02	1.6957e-10
9.8205e-02	1.7004e-10
9.8466e-02	1.7051e-10
9.8727e-02	1.7099e-10
9.8989e-02	1.7147e-10
9.9252e-02	1.7195e-10
9.9515e-02	1.7244e-10
9.9779e-02	1.7294e-10
1.0004e-01	1.7344e-10
1.0031e-01	1.7395e-10
1.0058e-01	1.7446e-10
1.0084e-01	1.7498e-10
1.0111e-01	1.7550e-10
1.0138e-01	1.7602e-10
1.0165e-01	1.7655e-10
1.0192e-01	1.7708e-10
1.0219e-01	1.7762e-10
1.0246e-01	1.7816e-10
1.0273e-01	1.7871e-10
1.0300e-01	1.7926e-10
1.0328e-01	1.7982e-10
1.0355e-01	1.8038e-10
1.0382e-01	1.8095e-10
1.0410e-01	1.8152e-10
1.0438e-01	1.8210e-10
1.0465e-01	1.8268e-10
1.0493e-01	1.8327e-10
1.0521e-01	1.8386e-10
1.0549e-01	1.8445e-10
1.0577e-01	1.8506e-10
1.0605e-01	1.8566e-10
1.0633e-01	1.8628e-10
1.0661e-01	1.8689e-10
1.0690e-01	1.8751e-10
1.0718e-01	1.8814e-10
1.0746e-01	1.8878e-10
1.0775e-01	1.8941e-10
1.0803e-01	1.9006e-10
1.0832e-01	1.9071e-10
1.0861e-01	1.9136e-10
1.0890e-01	1.9202e-10
1.0919e-01	1.9269e-10
1.0948e-01	1.9336e-10
1.0977e-01	1.9404e-10
1.1006e-01	1.9472e-10
1.1035e-01	1.9541e-10
1.1064e-01	1.9610e-10
1.1094e-01	1.9680e-10
1.1123e-01	1.9751e-10
1.1153e-01	1.9822e-10
1.1182e-01	1.9894e-10
1.1212e-01	1.9967e-10
1.1242e-01	2.0040e-10
1.1271e-01	2.0113e-10
1.1301e-01	2.0188e-10
1.1331e-01	2.0263e-10
1.1361e-01	2.0338e-10
1.1391e-01	2.0414e-10
1.1422e-01	2.0491e-10
1.1452e-01	2.0569e-10
1.1482e-01	2.0647e-10
1.1513e-01	2.0726e-10
1.1543e-01	2.0805e-10
1.1574e-01	2.0885e-10
1.1605e-01	2.0966e-10
1.1636e-01	2.1048e-10
1.1666e-01	2.1130e-10
1.1697e-01	2.1213e-10
1.1728e-01	2.1296e-10
1.1760e-01	2.1381e-10
1.1791e-01	2.1466e-10
1.1822e-01	2.1551e-10
1.1853e-01	2.1638e-10
1.1885e-01	2.1725e-10
1.1916e-01	2.1813e-10
1.1948e-01	2.1902e-10
1.1980e-01	2.1991e-10
1.2011e-01	2.2081e-10
1.2043e-01	2.2172e-10
1.2075e-01	2.2264e-10
1.2107e-01	2.2356e-10
1.2139e-01	2.2450e-10
1.2172e-01	2.2544e-10
1.2204e-01	2.2639e-10
1.2236e-01	2.2734e-10
1.2269e-01	2.2831e-10
1.2301e-01	2.2928e-10
1.2334e-01	2.3026e-10
1.2367e-01	2.3125e-10
1.2400e-01	2.3225e-10
1.2432e-01	2.3325e-10
1.2465e-01	2.3427e-10
1.2498e-01	2.3529e-10
1.2532e-01	2.3633e-10
1.2565e-01	2.3738e-10
1.2598e-01	2.3844e-10
1.2632e-01	2.3951e-10
1.2665e-01	2.4060e-10
1.2699e-01	2.4170e-10
1.2732e-01	2.4281e-10
1.2766e-01	2.4394e-10
1.2800e-01	2.4508e-10
1.2834e-01	2.4623e-10
1.2868e-01	2.4740e-10
1.2902e-01	2.4858e-10
1.2937e-01	2.4978e-10
1.2971e-01	2.5099e-10
1.3005e-01	2.5221e-10
1.3040e-01	2.5345e-10
1.3074e-01	2.5470e-10
1.3109e-01	2.5597e-10
1.3144e-01	2.5725e-10
1.3179e-01	2.5854e-10
1.3214e-01	2.5985e-10
1.3249e-01	2.6118e-10
1.3284e-01	2.6252e-10
1.3319e-01	2.6387e-10
1.3355e-01	2.6524e-10
1.3390e-01	2.6662e-10
1.3425e-01	2.6802e-10
1.3461e-01	2.6943e-10
1.3497e-01	2.7086e-10
1.3533e-01	2.7231e-10
1.3569e-01	2.7377e-10
1.3605e-01	2.7524e-10
1.3641e-01	2.7673e-10
1.3677e-01	2.7824e-10
1.3713e-01	2.7976e-10
1.3749e-01	2.8130e-10
1.3786e-01	2.8285e-10
1.3823e-01	2.8442e-10
1.3859e-01	2.8601e-10
1.3896e-01	2.8761e-10
1.3933e-01	2.8923e-10
1.3970e-01	2.9086e-10
1.4007e-01	2.9251e-10
1.4044e-01	2.9418e-10
1.4081e-01	2.9586e-10
1.4119e-01	2.9756e-10
1.4156e-01	2.9928e-10
1.4194e-01	3.0102e-10
1.4231e-01	3.0277e-10
1.4269e-01	3.0454e-10
1.4307e-01	3.0632e-10
1.4345e-01	3.0813e-10
1.4383e-01	3.0995e-10
1.4421e-01	3.1179e-10
1.4459e-01	3.1364e-10
1.4498e-01	3.1552e-10
1.4536e-01	3.1741e-10
1.4575e-01	3.1932e-10
1.4614e-01	3.2125e-10
1.4652e-01	3.2319e-10
1.4691e-01	3.2516e-10
1.4730e-01	3.2714e-10
1.4769e-01	3.2914e-10
1.4808e-01	3.3116e-10
1.4848e-01	3.3320e-10
1.4887e-01	3.3525e-10
1.4927e-01	3.3733e-10
1.4966e-01	3.3942e-10
1.5006e-01	3.4154e-10
1.5046e-01	3.4368e-10
1.5086e-01	3.4584e-10
1.5126e-01	3.4804e-10
1.5166e-01	3.5026e-10
1.5206e-01	3.5251e-10
1.5246e-01	3.5479e-10
1.5287e-01	3.5709e-10
1.5327e-01	3.5943e-10
1.5368e-01	3.6180e-10
1.5409e-01	3.6419e-10
1.5450e-01	3.6662e-10
1.5491e-01	3.6907e-10
1.5532e-01	3.7156e-10
1.5573e-01	3.7407e-10
1.5614e-01	3.7662e-10
1.5656e-01	3.7920e-10
1.5697e-01	3.8181e-10
1.5739e-01	3.8445e-10
1.5781e-01	3.8713e-10
1.5823e-01	3.8983e-10
1.5865e-01	3.9257e-10
1.5907e-01	3.9535e-10
1.5949e-01	3.9815e-10
1.5991e-01	4.0099e-10
1.6034e-01	4.0387e-10
1.6076e-01	4.0678e-10
1.6119e-01	4.0972e-10
1.6162e-01	4.1270e-10
1.6205e-01	4.1571e-10
1.6248e-01	4.1876e-10
1.6291e-01	4.2185e-10
1.6334e-01	4.2497e-10
1.6377e-01	4.2813e-10
1.6421e-01	4.3132e-10
1.6464e-01	4.3456e-10
1.6508e-01	4.3783e-10
1.6552e-01	4.4114e-10
1.6596e-01	4.4449e-10
1.6640e-01	4.4787e-10
1.6684e-01	4.5130e-10
1.6728e-01	4.5477e-10
1.6772e-01	4.5827e-10
1.6817e-01	4.6182e-10
1.6862e-01	4.6541e-10
1.6906e-01	4.6904e-10
1.6951e-01	4.7271e-10
1.6996e-01	4.7642e-10
1.7041e-01	4.8017e-10
1.7086e-01	4.8397e-10
1.7132e-01	4.8781e-10
1.7177e-01	4.9170e-10
1.7223e-01	4.9563e-10
1.7269e-01	4.9960e-10
1.7314e-01	5.0362e-10
1.7360e-01	5.0768e-10
1.7406e-01	5.1179e-10
1.7453e-01	5.1595e-10
1.7499e-01	5.2015e-10
1.7545e-01	5.2440e-10
1.7592e-01	5.2871e-10
1.7639e-01	5.3308e-10
1.7685e-01	5.3750e-10
1.7732e-01	5.4198e-10
1.7779e-01	5.4652e-10
1.7826e-01	5.5112e-10
1.7874e-01	5.5579e-10
1.7921e-01	5.6051e-10
1.7969e-01	5.6530e-10
1.8016e-01	5.7015e-10
1.8064e-01	5.7507e-10
1.8112e-01	5.8005e-10
1.8160e-01	5.8510e-10
1.8208e-01	5.9022e-10
1.8257e-01	5.9541e-10
1.8305e-01	6.0067e-10
1.8354e-01	6.0601e-10
1.8402e-01	6.1141e-10
1.8451e-01	6.1689e-10
1.8500e-01	6.2245e-10
1.8549e-01	6.2808e-10
1.8599e-01	6.3379e-10
1.8648e-01	6.3958e-10
1.8697e-01	6.4545e-10
1.8747e-01	6.5140e-10
1.8797e-01	6.5743e-10
1.8847e-01	6.6355e-10
1.8897e-01	6.6975e-10
1.8947e-01	6.7605e-10
1.8997e-01	6.8243e-10
1.9047e-01	6.8890e-10
1.9098e-01	6.9546e-10
1.9149e-01	7.0212e-10
1.9199e-01	7.0887e-10
1.9250e-01	7.1572e-10
1.9301e-01	7.2267e-10
1.9353e-01	7.2971e-10
1.9404e-01	7.3686e-10
1.9455e-01	7.4411e-10
1.9507e-01	7.5147e-10
1.9559e-01	7.5893e-10
1.9611e-01	7.6651e-10
1.9663e-01	7.7419e-10
1.9715e-01	7.8199e-10
1.9767e-01	7.8990e-10
1.9820e-01	7.9792e-10
1.9872e-01	8.0607e-10
1.9925e-01	8.1434e-10
1.9978e-01	8.2273e-10
2.0031e-01	8.3124e-10
2.0084e-01	8.3987e-10
2.0137e-01	8.4864e-10
2.0191e-01	8.5752e-10
2.0244e-01	8.6654e-10
2.0298e-01	8.7568e-10
2.0352e-01	8.8496e-10
