0.001	0.00009110357154015568
0.001174897554939529	0.00009112851220846065
0.0013803842646028853	0.00009107396149399633
0.0016218100973589297	0.00009108056307647694
0.0019054607179632482	0.00009105631433552243
0.00223872113856834	0.00009107885502772985
0.0026302679918953813	0.00009126298670533915
0.003090295432513592	0.00009100434899633222
0.003630780547701014	0.00009096754345632122
0.004265795188015926	0.0000908513243281515
0.005011872336272725	0.00009068540878021288
0.00588843655355589	0.00009073809746883256
0.006918309709189363	0.00009049665886977339
0.008128305161640995	0.00009047423242583898
0.009549925860214359	0.00009019713995340183
0.011220184543019636	0.0000900752265479308
0.013182567385564075	0.00009003444644863818
0.01548816618912482	0.00008981794552373748
0.018197008586099843	0.00008978271694032238
0.021379620895022326	0.0000899560785478752
0.025118864315095808	0.00009037400625756048
0.02951209226666387	0.00009050983145274756
0.034673685045253165	0.00009107277142850887
0.04073802778041128	0.00009176238949526051
0.04786300923226385	0.00009293317475258427
0.05623413251903494	0.00009454242701603335
0.06606934480075964	0.00009654202862741276
0.07762471166286919	0.00009922803861654645
0.09120108393559101	0.00010251098907380576
0.10715193052376071	0.00010669401370449527
0.12589254117941676	0.00011164635474468483
0.14791083881682088	0.00011815980731119307
0.17378008287493762	0.00012666009622634838
0.20417379446695297	0.00013682541411426301
0.2818382931264455	0.00016546383139500967
0.33113112148259144	0.00018694972420977752
0.3890451449942809	0.00021443155724500956
0.4570881896148752	0.0002520060772793287
0.5370317963702532	0.0003039886279740804
0.6309573444801936	0.000377889573985825
0.7413102413009177	0.0004868844017206205
0.8709635899560815	0.0006541115993479889
1.0232929922807548	0.0009261838657272166
1.2022644346174132	0.0013746088464980219
1.4125375446227555	0.002175998450593407
1.6595869074375613	0.003647524127881634
1.9498445997580476	0.00645229593249641
2.290867652767775	0.011939410716136885
2.691534803926917	0.023882808515321357
3.98107	0.12442541075353714
6.30957	1.0648264775696799