1.0000e-08	2.8121e-08
1.0471e-08	2.8120e-08
1.0965e-08	2.8120e-08
1.1482e-08	2.8120e-08
1.2023e-08	2.8120e-08
1.2589e-08	2.8119e-08
1.3183e-08	2.8119e-08
1.3804e-08	2.8119e-08
1.4454e-08	2.8118e-08
1.5136e-08	2.8118e-08
1.5849e-08	2.8117e-08
1.6596e-08	2.8117e-08
1.7378e-08	2.8116e-08
1.8197e-08	2.8116e-08
1.9055e-08	2.8115e-08
1.9953e-08	2.8114e-08
2.0893e-08	2.8113e-08
2.1878e-08	2.8112e-08
2.2909e-08	2.8111e-08
2.3988e-08	2.8110e-08
2.5119e-08	2.8109e-08
2.6303e-08	2.8108e-08
2.7542e-08	2.8106e-08
2.8840e-08	2.8105e-08
3.0200e-08	2.8103e-08
3.1623e-08	2.8101e-08
3.3113e-08	2.8099e-08
3.4674e-08	2.8097e-08
3.6308e-08	2.8094e-08
3.8019e-08	2.8091e-08
3.9811e-08	2.8088e-08
4.1687e-08	2.8085e-08
4.3652e-08	2.8081e-08
4.5709e-08	2.8077e-08
4.7863e-08	2.8073e-08
5.0119e-08	2.8068e-08
5.2481e-08	2.8063e-08
5.4954e-08	2.8057e-08
5.7544e-08	2.8051e-08
6.0256e-08	2.8044e-08
6.3096e-08	2.8037e-08
6.6069e-08	2.8028e-08
6.9183e-08	2.8019e-08
7.2444e-08	2.8009e-08
7.5858e-08	2.7999e-08
7.9433e-08	2.7987e-08
8.3176e-08	2.7974e-08
8.7096e-08	2.7960e-08
9.1201e-08	2.7944e-08
9.5499e-08	2.7927e-08
1.0000e-07	2.7909e-08
1.0471e-07	2.7889e-08
1.0965e-07	2.7866e-08
1.1482e-07	2.7842e-08
1.2023e-07	2.7816e-08
1.2589e-07	2.7788e-08
1.3183e-07	2.7756e-08
1.3804e-07	2.7722e-08
1.4454e-07	2.7685e-08
1.5136e-07	2.7645e-08
1.5849e-07	2.7601e-08
1.6596e-07	2.7554e-08
1.7378e-07	2.7502e-08
1.8197e-07	2.7446e-08
1.9055e-07	2.7386e-08
1.9953e-07	2.7321e-08
2.0893e-07	2.7250e-08
2.1878e-07	2.7174e-08
2.2909e-07	2.7092e-08
2.3988e-07	2.7003e-08
2.5119e-07	2.6909e-08
2.6303e-07	2.6807e-08
2.7542e-07	2.6699e-08
2.8840e-07	2.6584e-08
3.0200e-07	2.6461e-08
3.1623e-07	2.6332e-08
3.3113e-07	2.6195e-08
3.4674e-07	2.6051e-08
3.6308e-07	2.5901e-08
3.8019e-07	2.5745e-08
3.9811e-07	2.5583e-08
4.1687e-07	2.5418e-08
4.3652e-07	2.5249e-08
4.5709e-07	2.5080e-08
4.7863e-07	2.4912e-08
5.0119e-07	2.4749e-08
5.2481e-07	2.4595e-08
5.4954e-07	2.4454e-08
5.7544e-07	2.4335e-08
6.0256e-07	2.4246e-08
6.3096e-07	2.4200e-08
6.6069e-07	2.4217e-08
6.9183e-07	2.4324e-08
7.2444e-07	2.4567e-08
7.5858e-07	2.5030e-08
7.9433e-07	2.5875e-08
8.3176e-07	2.7510e-08
8.7096e-07	3.1542e-08
9.1201e-07	5.5468e-08
9.5499e-07	7.2002e-08
1.0000e-06	7.2002e-08
1.0471e-06	7.2002e-08
1.0965e-06	7.2002e-08
1.1482e-06	7.2002e-08
1.2023e-06	7.2002e-08
1.2589e-06	7.2002e-08
1.3183e-06	7.2002e-08
1.3804e-06	7.2002e-08
1.4454e-06	7.2002e-08
1.5136e-06	7.2002e-08
1.5849e-06	7.2002e-08
1.6596e-06	7.2002e-08
1.7378e-06	7.2002e-08
1.8197e-06	7.2002e-08
1.9055e-06	7.2002e-08
1.9953e-06	7.2002e-08
2.0893e-06	7.2002e-08
2.1878e-06	7.2002e-08
2.2909e-06	7.2002e-08
2.3988e-06	7.2002e-08
2.5119e-06	7.2001e-08
2.6303e-06	7.2001e-08
2.7542e-06	7.2001e-08
2.8840e-06	7.2001e-08
3.0200e-06	7.2001e-08
3.1623e-06	7.2001e-08
3.3113e-06	7.2001e-08
3.4674e-06	7.2001e-08
3.6308e-06	7.2000e-08
3.8019e-06	7.2000e-08
3.9811e-06	7.2000e-08
4.1687e-06	7.2000e-08
4.3652e-06	7.2000e-08
4.5709e-06	7.1999e-08
4.7863e-06	7.1999e-08
5.0119e-06	7.1999e-08
5.2481e-06	7.1998e-08
5.4954e-06	7.1998e-08
5.7544e-06	7.1997e-08
6.0256e-06	7.1997e-08
6.3096e-06	7.1996e-08
6.6069e-06	7.1996e-08
6.9183e-06	7.1995e-08
7.2444e-06	7.1994e-08
7.5858e-06	7.1994e-08
7.9433e-06	7.1993e-08
8.3176e-06	7.1992e-08
8.7096e-06	7.1991e-08
9.1201e-06	7.1990e-08
9.5499e-06	7.1989e-08
1.0000e-05	7.1987e-08
1.0471e-05	7.1986e-08
1.0965e-05	7.1984e-08
1.1482e-05	7.1982e-08
1.2023e-05	7.1981e-08
1.2589e-05	7.1978e-08
1.3183e-05	7.1976e-08
1.3804e-05	7.1974e-08
1.4454e-05	7.1971e-08
1.5136e-05	7.1968e-08
1.5849e-05	7.1964e-08
1.6596e-05	7.1961e-08
1.7378e-05	7.1957e-08
1.8197e-05	7.1952e-08
1.9055e-05	7.1948e-08
1.9953e-05	7.1942e-08
2.0893e-05	7.1936e-08
2.1878e-05	7.1930e-08
2.2909e-05	7.1923e-08
2.3988e-05	7.1916e-08
2.5119e-05	7.1907e-08
2.6303e-05	7.1898e-08
2.7542e-05	7.1888e-08
2.8840e-05	7.1877e-08
3.0200e-05	7.1865e-08
3.1623e-05	7.1852e-08
3.3113e-05	7.1837e-08
3.4674e-05	7.1822e-08
3.6308e-05	7.1804e-08
3.8019e-05	7.1785e-08
3.9811e-05	7.1764e-08
4.1687e-05	7.1742e-08
4.3652e-05	7.1717e-08
4.5709e-05	7.1690e-08
4.7863e-05	7.1660e-08
5.0119e-05	7.1627e-08
5.2481e-05	7.1592e-08
5.4954e-05	7.1553e-08
5.7544e-05	7.1510e-08
6.0256e-05	7.1463e-08
6.3096e-05	7.1412e-08
6.6069e-05	7.1357e-08
6.9183e-05	7.1296e-08
7.2444e-05	7.1230e-08
7.5858e-05	7.1157e-08
7.9433e-05	7.1079e-08
8.3176e-05	7.0993e-08
8.7096e-05	7.0899e-08
9.1201e-05	7.0797e-08
9.5499e-05	7.0687e-08
1.0000e-04	7.0566e-08
1.0471e-04	7.0436e-08
1.0965e-04	7.0294e-08
1.1482e-04	7.0140e-08
1.2023e-04	6.9974e-08
1.2589e-04	6.9794e-08
1.3183e-04	6.9599e-08
1.3804e-04	6.9390e-08
1.4454e-04	6.9164e-08
1.5136e-04	6.8922e-08
1.5849e-04	6.8662e-08
1.6596e-04	6.8384e-08
1.7378e-04	6.8087e-08
1.8197e-04	6.7770e-08
1.9055e-04	6.7434e-08
1.9953e-04	6.7078e-08
2.0893e-04	6.6702e-08
2.1878e-04	6.6307e-08
2.2909e-04	6.5894e-08
2.3988e-04	6.5465e-08
2.5119e-04	6.5020e-08
2.6303e-04	6.4563e-08
2.7542e-04	6.4097e-08
2.8840e-04	6.3628e-08
3.0200e-04	6.3161e-08
3.1623e-04	6.2703e-08
