0.0013002 2.5338e-05
0.0013032 2.5338e-05
0.0014258 2.5494e-05
0.0015649 2.5626e-05
0.0017206 2.5772e-05
0.0018953 2.5894e-05
0.0020896 2.6028e-05
0.0022412 2.6114e-05
0.0023059 2.6151e-05
0.0024911 2.6247e-05
0.0025457 2.6275e-05
0.002789 2.639e-05
0.0028093 2.6399e-05
0.0030987 2.6536e-05
0.0031099 2.6541e-05
0.0034163 2.6674e-05
0.0034536 2.6691e-05
0.0037632 2.6826e-05
0.0038197 2.6849e-05
0.0041396 2.6978e-05
0.0042094 2.7009e-05
0.0045475 2.7157e-05
0.0046221 2.7187e-05
0.0049889 2.7337e-05
0.005057 2.7367e-05
0.0054607 2.7544e-05
0.0055178 2.757e-05
0.0059637 2.7778e-05
0.0059988 2.7795e-05
0.0065012 2.8027e-05
0.0065042 2.8029e-05
0.0070266 2.8284e-05
0.0070744 2.8307e-05
0.0075739 2.8554e-05
0.0076738 2.8603e-05
0.0081381 2.8851e-05
0.008309 2.8942e-05
0.0087245 2.9176e-05
0.0089683 2.9313e-05
0.0093279 2.9524e-05
0.0096581 2.9717e-05
0.0099505 2.9902e-05
0.010373 3.0168e-05
0.010591 3.0312e-05
0.01111 3.0655e-05
0.011242 3.0752e-05
0.011863 3.1197e-05
0.011906 3.123e-05
0.01258 3.1745e-05
0.012637 3.179e-05
0.013263 3.2299e-05
0.01342 3.2426e-05
0.013952 3.2899e-05
0.014206 3.312e-05
0.014649 3.3544e-05
0.015004 3.388e-05
0.015347 3.4237e-05
0.015798 3.4703e-05
0.016042 3.4985e-05
0.01658 3.56e-05
0.016731 3.5788e-05
0.017362 3.6569e-05
0.017417 3.6644e-05
0.018091 3.7574e-05
0.018124 3.762e-05
0.018757 3.8598e-05
0.018859 3.8752e-05
0.019403 3.9694e-05
0.019571 3.9979e-05
0.020027 4.0866e-05
0.020254 4.1302e-05
0.020624 4.2104e-05
0.020905 4.2707e-05
0.0212 4.3452e-05
0.021518 4.4245e-05
0.021743 4.4915e-05
0.02208 4.5902e-05
0.02225 4.6483e-05
0.022605 4.7667e-05
0.022717 4.8137e-05
0.023069 4.9569e-05
0.023153 4.9984e-05
0.02349 5.1622e-05
0.023532 5.1889e-05
0.023843 5.3808e-05
0.023864 5.3981e-05
0.024146 5.6167e-05
0.024157 5.6286e-05
0.024388 5.8714e-05
0.024564 6.1276e-05
0.024576 6.1434e-05
0.024687 6.4341e-05
0.024687 7.4434e-05
0.024576 7.794e-05
0.024564 7.8286e-05
0.024388 8.2416e-05
0.024157 8.6886e-05
0.024146 8.7064e-05
0.023864 9.164e-05
0.023843 9.1982e-05
0.023532 9.6749e-05
0.02349 9.7378e-05
0.023153 0.00010224
0.023069 0.0001034
0.022717 0.00010814
0.022605 0.0001097
0.02225 0.00011449
0.02208 0.00011683
0.021743 0.00012133
0.021518 0.00012443
0.0212 0.00012869
0.020905 0.00013278
0.020624 0.00013657
0.020254 0.00014194
0.020027 0.00014514
0.019571 0.00015196
0.019403 0.00015439
0.018859 0.00016285
0.018757 0.00016438
0.018124 0.00017475
0.018091 0.00017527
0.017417 0.00018706
0.017362 0.00018811
0.016731 0.00019982
0.01658 0.00020295
0.016042 0.00021377
0.015798 0.00021929
0.015347 0.00022911
0.015004 0.00023745
0.014649 0.00024579
0.014206 0.00025762
0.013952 0.00026418
0.01342 0.00027988
0.013263 0.00028434
0.012637 0.00030497
0.01258 0.00030679
0.011906 0.00033159
0.011863 0.00033344
0.011242 0.00035912
0.01111 0.00036551
0.010591 0.00038982
0.010373 0.00040184
0.0099505 0.00042416
0.0096581 0.00044273
0.0093279 0.00046283
0.0089683 0.00048915
0.0087245 0.00050623
0.008309 0.0005416
0.0081381 0.0005555
0.0076738 0.0006018
0.0075739 0.00061131
0.0070744 0.00066993
0.0070266 0.00067526
0.0065042 0.000748
0.0065012 0.00074839
0.0059988 0.00083255
0.0059637 0.00084003
0.0055178 0.00092969
0.0054607 0.00094441
0.005057 0.0010426
0.0049889 0.0010641
0.0046221 0.0011736
0.0045475 0.001203
0.0042094 0.0013279
0.0041396 0.001362
0.0038197 0.0015082
0.0037632 0.0015432
0.0034536 0.001722
0.0034163 0.0017513
0.0031099 0.0019762
0.0030987 0.0019875
0.0028093 0.0022598
0.002789 0.0022776
0.0025457 0.0025773
0.0024911 0.0026399
0.0023059 0.0029326
0.0022412 0.0030282
0.0020896 0.0032411
0.0018953 0.0034952
0.0017206 0.0037087
0.0015649 0.0038891
0.0014258 0.0040436
0.0013032 0.004175
