1.024e-2 8.212e-6
1.065e-2 7.996e-6
1.108e-2 7.901e-6
1.153e-2 7.781e-6
1.199e-2 7.672e-6
1.248e-2 7.614e-6
1.298e-2 7.458e-6
1.350e-2 7.289e-6
1.405e-2 7.148e-6
1.461e-2 7.063e-6
1.520e-2 6.953e-6
1.582e-2 6.799e-6
1.646e-2 6.726e-6
1.712e-2 6.646e-6
1.781e-2 6.474e-6
1.853e-2 6.335e-6
1.928e-2 6.232e-6
2.005e-2 6.189e-6
2.086e-2 6.115e-6
2.170e-2 6.032e-6
2.258e-2 5.935e-6
2.349e-2 5.785e-6
2.444e-2 5.732e-6
2.542e-2 5.713e-6
2.645e-2 5.596e-6
2.752e-2 5.497e-6
2.863e-2 5.422e-6
2.978e-2 5.346e-6
3.098e-2 5.335e-6
3.223e-2 5.288e-6
3.353e-2 5.243e-6
3.489e-2 5.169e-6
3.630e-2 5.102e-6
3.776e-2 5.069e-6
3.928e-2 5.017e-6
4.087e-2 4.965e-6
4.252e-2 4.965e-6
4.423e-2 5.000e-6
4.602e-2 5.052e-6
4.787e-2 5.060e-6
4.980e-2 4.987e-6
5.181e-2 5.124e-6
5.390e-2 5.323e-6
5.608e-2 5.476e-6
5.782e-2 6.006e-6
5.803e-2 6.419e-6
5.669e-2 7.248e-6
5.468e-2 8.088e-6
5.256e-2 8.915e-6
5.052e-2 9.694e-6
4.857e-2 1.039e-5
4.668e-2 1.110e-5
4.487e-2 1.193e-5
4.313e-2 1.282e-5
4.146e-2 1.369e-5
3.985e-2 1.451e-5
3.831e-2 1.542e-5
3.682e-2 1.639e-5
3.539e-2 1.741e-5
3.402e-2 1.844e-5
3.270e-2 1.948e-5
3.143e-2 2.058e-5
3.021e-2 2.175e-5
2.904e-2 2.297e-5
2.792e-2 2.420e-5
2.683e-2 2.539e-5
2.579e-2 2.672e-5
2.479e-2 2.817e-5
2.383e-2 2.974e-5
2.291e-2 3.128e-5
2.202e-2 3.289e-5
2.117e-2 3.465e-5
2.034e-2 3.635e-5
1.956e-2 3.822e-5
1.880e-2 4.042e-5
1.807e-2 4.249e-5
1.737e-2 4.465e-5
1.646e-2 4.766e-5
1.582e-2 5.003e-5
1.520e-2 5.245e-5
1.461e-2 5.514e-5
1.405e-2 5.797e-5
1.350e-2 6.055e-5
1.298e-2 6.348e-5
1.248e-2 6.663e-5
1.199e-2 6.998e-5
1.153e-2 7.345e-5
1.108e-2 7.713e-5
1.065e-2 8.078e-5
1.024e-2 8.460e-5
