0.01625458709221987 0.0010015483516483516
0.016270450844047202 0.0008993505494505493
0.01629883217440122 0.0007411087912087912
0.01632104365033045 0.0005977021978021978
0.016339775550701197 0.0005202296703296703
0.01636762327202388 0.00044110879120879114
0.016373815360158306 0.00042297692307692304
0.01639512637084716 0.0004130868131868132
0.016416103875891434 0.0004526472527472527
0.016437470470854386 0.0004345153846153846
0.016455524243081148 0.0004575923076923076
0.016476835253770004 0.00044770219780219776
0.016494900142851585 0.0004691307692307692
0.016543514148976972 0.000460889010989011
0.016562134880799526 0.00039989999999999996
0.016598887202832577 0.0003504494505494505
0.016614017242241826 0.0003570428571428571
0.016632460104387268 0.0003224274725274725
0.016686799290744663 0.0003652846153846154
0.016738036874607436 0.0004180318681318681
0.01678338252541591 0.00044440549450549453
0.016786206206540047 0.0004757241758241758
0.016822558321799595 0.0004856142857142857
0.01687082770542558 0.0005284714285714286
0.016888837010233065 0.0005581417582417582
0.01692238767807812 0.0005334164835164835
0.016977416109434318 0.0004740758241758241
0.01698645411240252 0.000483965934065934
0.01701982691057046 0.0004856142857142857
0.01703179976321099 0.0005103395604395604
0.017068507617824764 0.0004674824175824175
0.0170989010989011 0.000460889010989011
0.017126470898853295 0.00042297692307692304
0.017153962880821758 0.00039660329670329674
0.01717239462611238 0.0003636362637362637
0.017193594468253044 0.0003702296703296703
0.01726356395248656 0.0003455043956043956
0.017281962347212725 0.0003174824175824176
0.017300071703713584 0.00033231758241758237
0.01731201120578966 0.00036198791208791217
0.017336423818973136 0.0003422076923076923
0.017354555409183632 0.00035374615384615386
0.01737288710278088 0.00033561428571428576
0.01738801714219013 0.0003422076923076923
0.01742698171833225 0.00041473516483516473
0.017468158548583433 0.0006092406593406593
0.01752088579099201 0.0008911087912087911
0.017526199647595702 0.0010031967032967032