0.2235 9.1876e-06
0.2266 8.5699e-06
0.2274 8.155e-06
0.2283 7.8734e-06
0.2292 7.4918e-06
0.2301 6.3895e-06
0.231 5.6416e-06
0.2319 5.7839e-06
0.2329 5.9898e-06
0.2476 9.4208e-06
0.2488 8.8303e-06
0.2501 9.3269e-06
0.2996 6.7166e-06
0.3014 5.7839e-06
0.3033 5.4508e-06
0.3052 5.369e-06
0.3071 5.4235e-06
0.3091 5.8414e-06
0.311 7.0921e-06
0.311 1.0826e-05
0.3091 1.2952e-05
0.3071 1.3748e-05
0.3052 1.4024e-05
0.3033 1.3748e-05
0.3014 1.2758e-05
0.2996 1.0774e-05
0.2501 1.2634e-05
0.2488 1.2952e-05
0.2476 1.257e-05
0.2329 1.0099e-05
0.2319 1.0562e-05
0.231 1.0989e-05
0.2301 1.088e-05
0.2292 1.0668e-05
0.2283 1.088e-05
0.2274 1.0989e-05
0.2266 1.0456e-05
0.2235 1.1156e-05
