0.0010219978922 	 0
0.0020219978922 	 0.0
0.0030219978922 	 0.0
0.0040219978922 	 0.0
0.0050219978922 	 0.0
0.0060219978922 	 0.0
0.0070219978922 	 0.0
0.0080219978922 	 0.0
0.009021997892200002 	 0.0
0.010021997892200003 	 0.0
0.011021997892200004 	 0.0
0.012021997892200004 	 0.0
0.013021997892200005 	 0.0
0.014021997892200006 	 0.0
0.015021997892200007 	 0.0
0.016021997892200008 	 0.0
0.01702199789220001 	 0.0
0.01802199789220001 	 0.0
0.01902199789220001 	 0.0
0.02002199789220001 	 0.0
0.021021997892200012 	 0.0
0.022021997892200013 	 0.0
0.023021997892200014 	 0.0
0.024021997892200015 	 0.0
0.025021997892200016 	 0.0
0.026021997892200017 	 0.0
0.027021997892200018 	 0.0
0.02802199789220002 	 0.0
0.02902199789220002 	 0.0
0.03002199789220002 	 0.0
0.03102199789220002 	 0.0
0.03202199789220002 	 0.0
0.03302199789220002 	 0.0
0.03402199789220002 	 0.0
0.03502199789220002 	 0.0
0.03602199789220002 	 0.0
0.03702199789220002 	 0.0
0.038021997892200024 	 0.0
0.039021997892200025 	 0.0
0.040021997892200026 	 0.0
0.04102199789220003 	 0.0
0.04202199789220003 	 0.0
0.04302199789220003 	 0.0
0.04402199789220003 	 0.0
0.04502199789220003 	 0.0
0.04602199789220003 	 0.0
0.04702199789220003 	 0.0
0.04802199789220003 	 0.0
0.049021997892200034 	 0.0
0.050021997892200035 	 0.0
0.051021997892200036 	 0.0
0.052021997892200036 	 0.0
0.05302199789220004 	 0.0
0.05402199789220004 	 0.0
0.05502199789220004 	 0.0
0.05602199789220004 	 0.0
0.05702199789220004 	 0.0
0.05802199789220004 	 0.0
0.05902199789220004 	 0.0
0.060021997892200044 	 0.0
0.061021997892200044 	 0.0
0.062021997892200045 	 0.0
0.06302199789220005 	 0.0
0.06402199789220005 	 0.0
0.06502199789220005 	 0.0
0.06602199789220005 	 0.0
0.06702199789220005 	 0.0
0.06802199789220005 	 0.0
0.06902199789220005 	 0.0
0.07002199789220005 	 0.0
0.07102199789220005 	 0.0
0.07202199789220005 	 0.0
0.07302199789220006 	 0.0
0.07402199789220006 	 0.0
0.07502199789220006 	 0.0
0.07602199789220006 	 0.0
0.07702199789220006 	 0.0
0.07802199789220006 	 0.0
0.07902199789220006 	 0.0
0.08002199789220006 	 0.0
0.08102199789220006 	 0.0
0.08202199789220006 	 0.0
0.08302199789220006 	 0.0
0.08402199789220006 	 0.0
0.08502199789220007 	 0.0
0.08602199789220007 	 0.0
0.08702199789220007 	 0.0
0.08802199789220007 	 0.0
0.08902199789220007 	 0.0
0.09002199789220007 	 0.0
0.09102199789220007 	 0.0
0.09202199789220007 	 0.0
0.09302199789220007 	 0.0
0.09402199789220007 	 0.0
0.09502199789220007 	 0.0
0.09602199789220008 	 0.0
0.09702199789220008 	 0.0
0.09802199789220008 	 0.0
0.09902199789220008 	 0.0
0.10002199789220008 	 0.0
0.10102199789220008 	 0.0
0.10202199789220008 	 0.0
0.10302199789220008 	 0.0
0.10402199789220008 	 0.0
0.10502199789220008 	 0.0
0.10602199789220008 	 0.0
0.10702199789220009 	 0.0
0.10802199789220009 	 0.0
0.10902199789220009 	 0.0
0.11002199789220009 	 0.0
0.11102199789220009 	 0.0
0.11202199789220009 	 0.0
0.11302199789220009 	 0.0
0.11402199789220009 	 0.0
0.11502199789220009 	 0.0
0.1160219978922001 	 0.0
0.1170219978922001 	 0.0
0.1180219978922001 	 0.0
0.1190219978922001 	 0.0
0.1200219978922001 	 0.0
0.1210219978922001 	 0.0
0.1220219978922001 	 0.0
0.1230219978922001 	 0.0
0.1240219978922001 	 0.0
0.1250219978922001 	 0.0
0.1260219978922001 	 0.0
0.1270219978922001 	 0.0
0.1280219978922001 	 0.0
0.1290219978922001 	 0.0
0.1300219978922001 	 0.0
0.1310219978922001 	 0.0
0.1320219978922001 	 0.0
0.1330219978922001 	 0.0
0.1340219978922001 	 0.0
0.1350219978922001 	 0.0
0.1360219978922001 	 0.0
0.1370219978922001 	 0.0
0.1380219978922001 	 0.0
0.1390219978922001 	 0.0
0.1400219978922001 	 0.0
0.1410219978922001 	 0.0
0.1420219978922001 	 0.0
0.1430219978922001 	 0.0
0.1440219978922001 	 0.0
0.1450219978922001 	 0.0
0.1460219978922001 	 0.0
0.1470219978922001 	 0.0
0.1480219978922001 	 0.0
0.1490219978922001 	 0.0
0.1500219978922001 	 0.0
0.1510219978922001 	 0.0
0.1520219978922001 	 0.0
0.1530219978922001 	 0.0
0.1540219978922001 	 0.0
0.15502199789220011 	 0.0
0.15602199789220011 	 0.0
0.15702199789220012 	 0.0
0.15802199789220012 	 0.0
0.15902199789220012 	 0.0
0.16002199789220012 	 0.0
0.16102199789220012 	 0.0
0.16202199789220012 	 0.0
0.16302199789220012 	 0.0
0.16402199789220012 	 0.0
0.16502199789220012 	 0.0
0.16602199789220012 	 0.0
0.16702199789220012 	 0.0
0.16802199789220013 	 0.0
0.16902199789220013 	 0.0
0.17002199789220013 	 0.0
0.17102199789220013 	 0.0
0.17202199789220013 	 0.0
0.17302199789220013 	 0.0
0.17402199789220013 	 0.0
0.17502199789220013 	 0.0
0.17602199789220013 	 0.0
0.17702199789220013 	 0.0
0.17802199789220013 	 0.0
0.17902199789220014 	 0.0
0.18002199789220014 	 0.0
0.18102199789220014 	 0.0
0.18202199789220014 	 0.0
0.18302199789220014 	 0.0
0.18402199789220014 	 0.0
0.18502199789220014 	 0.0
0.18602199789220014 	 0.0
0.18702199789220014 	 0.0
0.18802199789220014 	 0.0
0.18902199789220014 	 0.0
0.19002199789220015 	 0.0
0.19102199789220015 	 0.0
0.19202199789220015 	 0.0
0.19302199789220015 	 0.0
0.19402199789220015 	 0.0
0.19502199789220015 	 0.0
0.19602199789220015 	 0.0
0.19702199789220015 	 0.0
0.19802199789220015 	 0.0
0.19902199789220015 	 0.0
0.20002199789220015 	 0.0
0.20102199789220015 	 0.0
0.20202199789220016 	 0.0
0.20302199789220016 	 0.0
0.20402199789220016 	 0.0
0.20502199789220016 	 0.0
0.20602199789220016 	 0.0
0.20702199789220016 	 0.0
0.20802199789220016 	 0.0
0.20902199789220016 	 0.0
0.21002199789220016 	 0.0
0.21102199789220016 	 0.0
0.21202199789220016 	 0.0
0.21302199789220017 	 0.0
0.21402199789220017 	 0.0
0.21502199789220017 	 0.0
0.21602199789220017 	 0.0
0.21702199789220017 	 0.0
0.21802199789220017 	 0.0
0.21902199789220017 	 0.0
0.22002199789220017 	 0.0
0.22102199789220017 	 0.0
0.22202199789220017 	 0.0
0.22302199789220017 	 0.0
0.22402199789220018 	 0.0
0.22502199789220018 	 0.0
0.22602199789220018 	 0.0
0.22702199789220018 	 0.0
0.22802199789220018 	 0.0
0.22902199789220018 	 0.0
0.23002199789220018 	 0.0
0.23102199789220018 	 0.0
0.23202199789220018 	 0.0
0.23302199789220018 	 0.0
0.23402199789220018 	 0.0
0.23502199789220019 	 0.0
0.23602199789220019 	 0.0
0.2370219978922002 	 0.0
0.2380219978922002 	 0.0
0.2390219978922002 	 0.0
0.2400219978922002 	 0.0
0.2410219978922002 	 0.0
0.2420219978922002 	 0.0
0.2430219978922002 	 0.0
0.2440219978922002 	 0.0
0.2450219978922002 	 0.0
0.2460219978922002 	 0.0
0.2470219978922002 	 0.0
0.2480219978922002 	 0.0
0.2490219978922002 	 0.0
0.2500219978922002 	 0.0
0.2510219978922002 	 0.0
0.2520219978922002 	 0.0
0.2530219978922002 	 0.0
0.2540219978922002 	 0.0
0.2550219978922002 	 0.0
0.2560219978922002 	 0.0
0.2570219978922002 	 0.0
0.2580219978922002 	 0.0
0.2590219978922002 	 0.0
0.2600219978922002 	 0.0
0.2610219978922002 	 0.0
0.2620219978922002 	 0.0
0.2630219978922002 	 0.0
0.2640219978922002 	 0.0
0.2650219978922002 	 0.0
0.2660219978922002 	 0.0
0.2670219978922002 	 0.0
0.2680219978922002 	 0.0
0.2690219978922002 	 0.0
0.2700219978922002 	 0.0
0.2710219978922002 	 0.0
0.2720219978922002 	 0.0
0.2730219978922002 	 0.0
0.2740219978922002 	 0.0
0.2750219978922002 	 0.0
0.2760219978922002 	 0.0
0.2770219978922002 	 0.0
0.2780219978922002 	 0.0
0.2790219978922002 	 0.0
0.2800219978922002 	 0.0
0.2810219978922002 	 0.0
0.2820219978922002 	 0.0
0.2830219978922002 	 0.0
0.28402199789220023 	 0.0
0.28502199789220023 	 0.0
0.28602199789220023 	 0.0
0.28702199789220023 	 0.0
0.28802199789220023 	 0.0
0.28902199789220023 	 0.0
0.29002199789220023 	 0.0
0.29102199789220023 	 0.0
0.29202199789220024 	 0.0
0.29302199789220024 	 0.0
0.29402199789220024 	 0.0
0.29502199789220024 	 0.0
0.29602199789220024 	 0.0
0.29702199789220024 	 0.0
0.29802199789220024 	 0.0
0.29902199789220024 	 0.0
0.30002199789220024 	 0.0
0.30102199789220024 	 0.0
0.30202199789220024 	 0.0
0.30302199789220025 	 0.0
0.30402199789220025 	 0.0
0.30502199789220025 	 0.0
0.30602199789220025 	 0.0
0.30702199789220025 	 0.0
0.30802199789220025 	 0.0
0.30902199789220025 	 0.0
0.31002199789220025 	 0.0
0.31102199789220025 	 0.0
0.31202199789220025 	 0.0
0.31302199789220025 	 0.0
0.31402199789220026 	 0.0
0.31502199789220026 	 0.0
0.31602199789220026 	 0.0
0.31702199789220026 	 0.0
0.31802199789220026 	 0.0
0.31902199789220026 	 0.0
0.32002199789220026 	 0.0
0.32102199789220026 	 0.0
0.32202199789220026 	 0.0
0.32302199789220026 	 0.0
0.32402199789220026 	 0.0
0.32502199789220027 	 0.0
0.32602199789220027 	 0.0
0.32702199789220027 	 0.0
0.32802199789220027 	 0.0
0.32902199789220027 	 0.0
0.33002199789220027 	 0.0
0.33102199789220027 	 0.0
0.33202199789220027 	 0.0
0.33302199789220027 	 0.0
0.3340219978922003 	 0.0
0.3350219978922003 	 0.0
0.3360219978922003 	 0.0
0.3370219978922003 	 0.0
0.3380219978922003 	 0.0
0.3390219978922003 	 0.0
0.3400219978922003 	 0.0
0.3410219978922003 	 0.0
0.3420219978922003 	 0.0
0.3430219978922003 	 0.0
0.3440219978922003 	 0.0
0.3450219978922003 	 0.0
0.3460219978922003 	 0.0
0.3470219978922003 	 0.0
0.3480219978922003 	 0.0
0.3490219978922003 	 0.0
0.3500219978922003 	 0.0
0.3510219978922003 	 0.0
0.3520219978922003 	 0.0
0.3530219978922003 	 0.0
0.3540219978922003 	 0.0
0.3550219978922003 	 0.0
0.3560219978922003 	 0.0
0.3570219978922003 	 0.0
0.3580219978922003 	 0.0
0.3590219978922003 	 0.0
0.3600219978922003 	 0.0
0.3610219978922003 	 0.0
0.3620219978922003 	 0.0
0.3630219978922003 	 0.0
0.3640219978922003 	 0.0
0.3650219978922003 	 0.0
0.3660219978922003 	 0.0
0.3670219978922003 	 0.0
0.3680219978922003 	 0.0
0.3690219978922003 	 0.0
0.3700219978922003 	 0.0
0.3710219978922003 	 0.0
0.3720219978922003 	 0.0
0.3730219978922003 	 0.0
0.3740219978922003 	 0.0
0.3750219978922003 	 0.0
0.3760219978922003 	 0.0
0.3770219978922003 	 0.0
0.3780219978922003 	 0.0
0.3790219978922003 	 0.0
0.3800219978922003 	 0.0
0.3810219978922003 	 0.0
0.3820219978922003 	 0.0
0.3830219978922003 	 0.0
0.3840219978922003 	 0.0
0.3850219978922003 	 0.0
0.3860219978922003 	 0.0
0.3870219978922003 	 0.0
0.3880219978922003 	 0.0
0.3890219978922003 	 0.0
0.3900219978922003 	 0.0
0.3910219978922003 	 0.0
0.3920219978922003 	 0.0
0.3930219978922003 	 0.0
0.3940219978922003 	 0.0
0.3950219978922003 	 0.0
0.39602199789220033 	 0.0
0.39702199789220033 	 0.0
0.39802199789220033 	 0.0
0.39902199789220033 	 0.0
0.40002199789220033 	 0.0
0.40102199789220033 	 0.0
0.40202199789220033 	 0.0
0.40302199789220033 	 0.0
0.40402199789220034 	 0.0
0.40502199789220034 	 0.0
0.40602199789220034 	 0.0
0.40702199789220034 	 0.0
0.40802199789220034 	 0.0
0.40902199789220034 	 0.0
0.41002199789220034 	 0.0
0.41102199789220034 	 0.0
0.41202199789220034 	 0.0
0.41302199789220034 	 0.0
0.41402199789220034 	 0.0
0.41502199789220034 	 0.0
0.41602199789220035 	 0.0
0.41702199789220035 	 0.0
0.41802199789220035 	 0.0
0.41902199789220035 	 0.0
0.42002199789220035 	 0.0
0.42102199789220035 	 0.0
0.42202199789220035 	 0.0
0.42302199789220035 	 0.0
0.42402199789220035 	 0.0
0.42502199789220035 	 0.0
0.42602199789220035 	 0.0
0.42702199789220036 	 0.0
0.42802199789220036 	 0.0
0.42902199789220036 	 0.0
0.43002199789220036 	 0.0
0.43102199789220036 	 0.0
0.43202199789220036 	 0.0
0.43302199789220036 	 0.0
0.43402199789220036 	 0.0
0.43502199789220036 	 0.0
0.43602199789220036 	 0.0
0.43702199789220036 	 0.0
0.43802199789220037 	 0.0
0.43902199789220037 	 0.0
0.44002199789220037 	 0.0
0.44102199789220037 	 0.0
0.44202199789220037 	 0.0
0.44302199789220037 	 0.0
0.44402199789220037 	 0.0
0.44502199789220037 	 0.0
0.4460219978922004 	 0.0
0.4470219978922004 	 0.0
0.4480219978922004 	 0.0
0.4490219978922004 	 0.0
0.4500219978922004 	 0.0
0.4510219978922004 	 0.0
0.4520219978922004 	 0.0
0.4530219978922004 	 0.0
0.4540219978922004 	 0.0
0.4550219978922004 	 0.0
0.4560219978922004 	 0.0
0.4570219978922004 	 0.0
0.4580219978922004 	 0.0
0.4590219978922004 	 0.0
0.4600219978922004 	 0.0
0.4610219978922004 	 0.0
0.4620219978922004 	 0.0
0.4630219978922004 	 0.0
0.4640219978922004 	 0.0
0.4650219978922004 	 0.0
0.4660219978922004 	 0.0
0.4670219978922004 	 0.0
0.4680219978922004 	 0.0
0.4690219978922004 	 0.0
0.4700219978922004 	 0.0
0.4710219978922004 	 0.0
0.4720219978922004 	 0.0
0.4730219978922004 	 0.0
0.4740219978922004 	 0.0
0.4750219978922004 	 0.0
0.4760219978922004 	 0.0
0.4770219978922004 	 0.0
0.4780219978922004 	 0.0
0.4790219978922004 	 0.0
0.4800219978922004 	 0.0
0.4810219978922004 	 0.0
0.4820219978922004 	 0.0
0.4830219978922004 	 0.0
0.4840219978922004 	 0.0
0.4850219978922004 	 0.0
0.4860219978922004 	 0.0
0.4870219978922004 	 0.0
0.4880219978922004 	 0.0
0.4890219978922004 	 0.0
0.4900219978922004 	 0.0
0.4910219978922004 	 0.0
0.4920219978922004 	 0.0
0.4930219978922004 	 0.0
0.4940219978922004 	 0.0
0.4950219978922004 	 0.0
0.4960219978922004 	 0.0
0.4970219978922004 	 0.0
0.4980219978922004 	 0.0
0.4990219978922004 	 0.0
0.5000219978922004 	 0.0
0.5010219978922004 	 0.0
0.5020219978922004 	 0.0
0.5030219978922004 	 0.0
0.5040219978922004 	 0.0
0.5050219978922004 	 0.0
0.5060219978922004 	 0.0
0.5070219978922004 	 0.0
0.5080219978922004 	 0.0
0.5090219978922004 	 0.0
0.5100219978922004 	 0.0
0.5110219978922004 	 0.0
0.5120219978922004 	 0.0
0.5130219978922004 	 0.0
0.5140219978922004 	 0.0
0.5150219978922004 	 0.0
0.5160219978922004 	 0.0
0.5170219978922004 	 0.0
0.5180219978922004 	 0.0
0.5190219978922004 	 0.0
0.5200219978922004 	 0.0
0.5210219978922004 	 0.0
0.5220219978922004 	 0.0
0.5230219978922004 	 0.0
0.5240219978922004 	 0.0
0.5250219978922004 	 0.0
0.5260219978922004 	 0.0
0.5270219978922004 	 0.0
0.5280219978922004 	 0.0
0.5290219978922004 	 0.0
0.5300219978922004 	 0.0
0.5310219978922004 	 0.0
0.5320219978922004 	 0.0
0.5330219978922004 	 0.0
0.5340219978922004 	 0.0
0.5350219978922004 	 0.0
0.5360219978922004 	 0.0
0.5370219978922004 	 0.0
0.5380219978922004 	 0.0
0.5390219978922004 	 0.0
0.5400219978922004 	 0.0
0.5410219978922004 	 0.0
0.5420219978922004 	 0.0
0.5430219978922004 	 0.0
0.5440219978922004 	 0.0
0.5450219978922004 	 0.0
0.5460219978922004 	 0.0
0.5470219978922004 	 0.0
0.5480219978922004 	 0.0
0.5490219978922004 	 0.0
0.5500219978922004 	 0.0
0.5510219978922004 	 0.0
0.5520219978922004 	 0.0
0.5530219978922004 	 0.0
0.5540219978922004 	 0.0
0.5550219978922004 	 0.0
0.5560219978922004 	 0.0
0.5570219978922004 	 0.0
0.5580219978922004 	 0.0
0.5590219978922004 	 0.0
0.5600219978922004 	 0.0
0.5610219978922004 	 0.0
0.5620219978922004 	 0.0
0.5630219978922004 	 0.0
0.5640219978922004 	 0.0
0.5650219978922004 	 0.0
0.5660219978922004 	 0.0
0.5670219978922004 	 0.0
0.5680219978922004 	 0.0
0.5690219978922004 	 0.0
0.5700219978922004 	 0.0
0.5710219978922004 	 0.0
0.5720219978922004 	 0.0
0.5730219978922004 	 0.0
0.5740219978922004 	 0.0
0.5750219978922004 	 0.0
0.5760219978922004 	 0.0
0.5770219978922004 	 0.0
0.5780219978922004 	 0.0
0.5790219978922004 	 0.0
0.5800219978922004 	 0.0
0.5810219978922004 	 0.0
0.5820219978922004 	 0.0
0.5830219978922004 	 0.0
0.5840219978922004 	 0.0
0.5850219978922004 	 0.0
0.5860219978922004 	 0.0
0.5870219978922004 	 0.0
0.5880219978922004 	 0.0
0.5890219978922004 	 0.0
0.5900219978922004 	 0.0
0.5910219978922004 	 0.0
0.5920219978922004 	 0.0
0.5930219978922004 	 0.0
0.5940219978922004 	 0.0
0.5950219978922004 	 0.0
0.5960219978922005 	 0.0
0.5970219978922005 	 0.0
0.5980219978922005 	 0.0
0.5990219978922005 	 0.0
0.6000219978922005 	 0.0
0.6010219978922005 	 0.0
0.6020219978922005 	 0.0
0.6030219978922005 	 0.0
0.6040219978922005 	 0.0
0.6050219978922005 	 0.0
0.6060219978922005 	 0.0
0.6070219978922005 	 0.0
0.6080219978922005 	 0.0
0.6090219978922005 	 0.0
0.6100219978922005 	 0.0
0.6110219978922005 	 0.0
0.6120219978922005 	 0.0
0.6130219978922005 	 0.0
0.6140219978922005 	 0.0
0.6150219978922005 	 0.0
0.6160219978922005 	 0.0
0.6170219978922005 	 0.0
0.6180219978922005 	 0.0
0.6190219978922005 	 0.0
0.6200219978922005 	 0.0
0.6210219978922005 	 0.0
0.6220219978922005 	 0.0
0.6230219978922005 	 0.0
0.6240219978922005 	 0.0
0.6250219978922005 	 0.0
0.6260219978922005 	 0.0
0.6270219978922005 	 0.0
0.6280219978922005 	 0.0
0.6290219978922005 	 0.0
0.6300219978922005 	 0.0
0.6310219978922005 	 0.0
0.6320219978922005 	 0.0
0.6330219978922005 	 0.0
0.6340219978922005 	 0.0
0.6350219978922005 	 0.0
0.6360219978922005 	 0.0
0.6370219978922005 	 0.0
0.6380219978922005 	 0.0
0.6390219978922005 	 0.0
0.6400219978922005 	 0.0
0.6410219978922005 	 0.0
0.6420219978922005 	 0.0
0.6430219978922005 	 0.0
0.6440219978922005 	 0.0
0.6450219978922005 	 0.0
0.6460219978922005 	 0.0
0.6470219978922005 	 0.0
0.6480219978922005 	 0.0
0.6490219978922005 	 0.0
0.6500219978922005 	 0.0
0.6510219978922005 	 0.0
0.6520219978922005 	 0.0
0.6530219978922005 	 0.0
0.6540219978922005 	 0.0
0.6550219978922005 	 0.0
0.6560219978922005 	 0.0
0.6570219978922005 	 0.0
0.6580219978922005 	 0.0
0.6590219978922005 	 0.0
0.6600219978922005 	 0.0
0.6610219978922005 	 0.0
0.6620219978922005 	 0.0
0.6630219978922005 	 0.0
0.6640219978922005 	 0.0
0.6650219978922005 	 0.0
0.6660219978922005 	 0.0
0.6670219978922005 	 0.0
0.6680219978922005 	 0.0
0.6690219978922005 	 0.0
0.6700219978922005 	 0.0
0.6710219978922005 	 0.0
0.6720219978922005 	 0.0
0.6730219978922005 	 0.0
0.6740219978922005 	 0.0
0.6750219978922005 	 0.0
0.6760219978922005 	 0.0
0.6770219978922005 	 0.0
0.6780219978922005 	 0.0
0.6790219978922005 	 0.0
0.6800219978922005 	 0.0
0.6810219978922005 	 0.0
0.6820219978922005 	 0.0
0.6830219978922005 	 0.0
0.6840219978922005 	 0.0
0.6850219978922005 	 0.0
0.6860219978922005 	 0.0
0.6870219978922005 	 0.0
0.6880219978922005 	 0.0
0.6890219978922005 	 0.0
0.6900219978922005 	 0.0
0.6910219978922005 	 0.0
0.6920219978922005 	 0.0
0.6930219978922005 	 0.0
0.6940219978922005 	 0.0
0.6950219978922005 	 0.0
0.6960219978922005 	 0.0
0.6970219978922005 	 0.0
0.6980219978922005 	 0.0
0.6990219978922005 	 0.0
0.7000219978922005 	 0.0
0.7010219978922005 	 0.0
0.7020219978922005 	 0.0
0.7030219978922005 	 0.0
0.7040219978922005 	 0.0
0.7050219978922005 	 0.0
0.7060219978922005 	 0.0
0.7070219978922005 	 0.0
0.7080219978922005 	 0.0
0.7090219978922006 	 0.0
0.7100219978922006 	 0.0
0.7110219978922006 	 0.0
0.7120219978922006 	 0.0
0.7130219978922006 	 0.0
0.7140219978922006 	 0.0
0.7150219978922006 	 0.0
0.7160219978922006 	 0.0
0.7170219978922006 	 0.0
0.7180219978922006 	 0.0
0.7190219978922006 	 0.0
0.7200219978922006 	 0.0
0.7210219978922006 	 0.0
0.7220219978922006 	 0.0
0.7230219978922006 	 0.0
0.7240219978922006 	 0.0
0.7250219978922006 	 0.0
0.7260219978922006 	 0.0
0.7270219978922006 	 0.0
0.7280219978922006 	 0.0
0.7290219978922006 	 0.0
0.7300219978922006 	 0.0
0.7310219978922006 	 0.0
0.7320219978922006 	 0.0
0.7330219978922006 	 0.0
0.7340219978922006 	 0.0
0.7350219978922006 	 0.0
0.7360219978922006 	 0.0
0.7370219978922006 	 0.0
0.7380219978922006 	 0.0
0.7390219978922006 	 0.0
0.7400219978922006 	 0.0
0.7410219978922006 	 0.0
0.7420219978922006 	 0.0
0.7430219978922006 	 0.0
0.7440219978922006 	 0.0
0.7450219978922006 	 0.0
0.7460219978922006 	 0.0
0.7470219978922006 	 0.0
0.7480219978922006 	 0.0
0.7490219978922006 	 0.0
0.7500219978922006 	 0.0
0.7510219978922006 	 0.0
0.7520219978922006 	 0.0
0.7530219978922006 	 0.0
0.7540219978922006 	 0.0
0.7550219978922006 	 0.0
0.7560219978922006 	 0.0
0.7570219978922006 	 0.0
0.7580219978922006 	 0.0
0.7590219978922006 	 0.0
0.7600219978922006 	 0.0
0.7610219978922006 	 0.0
0.7620219978922006 	 0.0
0.7630219978922006 	 0.0
0.7640219978922006 	 0.0
0.7650219978922006 	 0.0
0.7660219978922006 	 0.0
0.7670219978922006 	 0.0
0.7680219978922006 	 0.0
0.7690219978922006 	 0.0
0.7700219978922006 	 0.0
0.7710219978922006 	 0.0
0.7720219978922006 	 0.0
0.7730219978922006 	 0.0
0.7740219978922006 	 0.0
0.7750219978922006 	 0.0
0.7760219978922006 	 0.0
0.7770219978922006 	 0.0
0.7780219978922006 	 0.0
0.7790219978922006 	 0.0
0.7800219978922006 	 0.0
0.7810219978922006 	 0.0
0.7820219978922006 	 0.0
0.7830219978922006 	 0.0
0.7840219978922006 	 0.0
0.7850219978922006 	 0.0
0.7860219978922006 	 0.0
0.7870219978922006 	 0.0
0.7880219978922006 	 0.0
0.7890219978922006 	 0.0
0.7900219978922006 	 0.0
0.7910219978922006 	 0.0
0.7920219978922006 	 0.0
0.7930219978922006 	 0.0
0.7940219978922006 	 0.0
0.7950219978922006 	 0.0
0.7960219978922006 	 0.0
0.7970219978922006 	 0.0
0.7980219978922006 	 0.0
0.7990219978922006 	 0.0
0.8000219978922006 	 0.0
0.8010219978922006 	 0.0
0.8020219978922006 	 0.0
0.8030219978922006 	 0.0
0.8040219978922006 	 0.0
0.8050219978922006 	 0.0
0.8060219978922006 	 0.0
0.8070219978922006 	 0.0
0.8080219978922006 	 0.0
0.8090219978922006 	 0.0
0.8100219978922006 	 0.0
0.8110219978922006 	 0.0
0.8120219978922006 	 0.0
0.8130219978922006 	 0.0
0.8140219978922006 	 0.0
0.8150219978922006 	 0.0
0.8160219978922006 	 0.0
0.8170219978922006 	 0.0
0.8180219978922006 	 0.0
0.8190219978922006 	 0.0
0.8200219978922006 	 0.0
0.8210219978922007 	 0.0
0.8220219978922007 	 0.0
0.8230219978922007 	 0.0
0.8240219978922007 	 0.0
0.8250219978922007 	 0.0
0.8260219978922007 	 0.0
0.8270219978922007 	 0.0
0.8280219978922007 	 0.0
0.8290219978922007 	 0.0
0.8300219978922007 	 0.0
0.8310219978922007 	 0.0
0.8320219978922007 	 0.0
0.8330219978922007 	 0.0
0.8340219978922007 	 0.0
0.8350219978922007 	 0.0
0.8360219978922007 	 0.0
0.8370219978922007 	 0.0
0.8380219978922007 	 0.0
0.8390219978922007 	 0.0
0.8400219978922007 	 0.0
0.8410219978922007 	 0.0
0.8420219978922007 	 0.0
0.8430219978922007 	 0.0
0.8440219978922007 	 0.0
0.8450219978922007 	 0.0
0.8460219978922007 	 0.0
0.8470219978922007 	 0.0
0.8480219978922007 	 0.0
0.8490219978922007 	 0.0
0.8500219978922007 	 0.0
0.8510219978922007 	 0.0
0.8520219978922007 	 0.0
0.8530219978922007 	 0.0
0.8540219978922007 	 0.0
0.8550219978922007 	 0.0
0.8560219978922007 	 0.0
0.8570219978922007 	 0.0
0.8580219978922007 	 0.0
0.8590219978922007 	 0.0
0.8600219978922007 	 0.0
0.8610219978922007 	 0.0
0.8620219978922007 	 0.0
0.8630219978922007 	 0.0
0.8640219978922007 	 0.0
0.8650219978922007 	 0.0
0.8660219978922007 	 0.0
0.8670219978922007 	 0.0
0.8680219978922007 	 0.0
0.8690219978922007 	 0.0
0.8700219978922007 	 0.0
0.8710219978922007 	 0.0
0.8720219978922007 	 0.0
0.8730219978922007 	 0.0
0.8740219978922007 	 0.0
0.8750219978922007 	 0.0
0.8760219978922007 	 0.0
0.8770219978922007 	 0.0
0.8780219978922007 	 0.0
0.8790219978922007 	 0.0
0.8800219978922007 	 0.0
0.8810219978922007 	 0.0
0.8820219978922007 	 0.0
0.8830219978922007 	 0.0
0.8840219978922007 	 0.0
0.8850219978922007 	 0.0
0.8860219978922007 	 0.0
0.8870219978922007 	 0.0
0.8880219978922007 	 0.0
0.8890219978922007 	 0.0
0.8900219978922007 	 0.0
0.8910219978922007 	 0.0
0.8920219978922007 	 0.0
0.8930219978922007 	 0.0
0.8940219978922007 	 0.0
0.8950219978922007 	 0.0
0.8960219978922007 	 0.0
0.8970219978922007 	 0.0
0.8980219978922007 	 0.0
0.8990219978922007 	 0.0
0.9000219978922007 	 0.0
0.9010219978922007 	 0.0
0.9020219978922007 	 0.0
0.9030219978922007 	 0.0
0.9040219978922007 	 0.0
0.9050219978922007 	 0.0
0.9060219978922007 	 0.0
0.9070219978922007 	 0.0
0.9080219978922007 	 0.0
0.9090219978922007 	 0.0
0.9100219978922007 	 0.0
0.9110219978922007 	 0.0
0.9120219978922007 	 0.0
0.9130219978922007 	 0.0
0.9140219978922007 	 0.0
0.9150219978922007 	 0.0
0.9160219978922007 	 0.0
0.9170219978922007 	 0.0
0.9180219978922007 	 0.0
0.9190219978922007 	 0.0
0.9200219978922007 	 0.0
0.9210219978922007 	 0.0
0.9220219978922007 	 0.0
0.9230219978922007 	 0.0
0.9240219978922007 	 0.0
0.9250219978922007 	 0.0
0.9260219978922007 	 0.0
0.9270219978922007 	 0.0
0.9280219978922007 	 0.0
0.9290219978922007 	 0.0
0.9300219978922007 	 0.0
0.9310219978922007 	 0.0
0.9320219978922007 	 0.0
0.9330219978922007 	 0.0
0.9340219978922008 	 0.0
0.9350219978922008 	 0.0
0.9360219978922008 	 0.0
0.9370219978922008 	 0.0
0.9380219978922008 	 0.0
0.9390219978922008 	 0.0
0.9400219978922008 	 0.0
0.9410219978922008 	 0.0
0.9420219978922008 	 0.0
0.9430219978922008 	 0.0
0.9440219978922008 	 0.0
0.9450219978922008 	 0.0
0.9460219978922008 	 0.0
0.9470219978922008 	 0.0
0.9480219978922008 	 0.0
0.9490219978922008 	 0.0
0.9500219978922008 	 0.0
0.9510219978922008 	 0.0
0.9520219978922008 	 0.0
0.9530219978922008 	 0.0
0.9540219978922008 	 0.0
0.9550219978922008 	 0.0
0.9560219978922008 	 0.0
0.9570219978922008 	 0.0
0.9580219978922008 	 0.0
0.9590219978922008 	 0.0
0.9600219978922008 	 0.0
0.9610219978922008 	 0.0
0.9620219978922008 	 0.0
0.9630219978922008 	 0.0
0.9640219978922008 	 0.0
0.9650219978922008 	 0.0
0.9660219978922008 	 0.0
0.9670219978922008 	 0.0
0.9680219978922008 	 0.0
0.9690219978922008 	 0.0
0.9700219978922008 	 0.0
0.9710219978922008 	 0.0
0.9720219978922008 	 0.0
0.9730219978922008 	 0.0
0.9740219978922008 	 0.0
0.9750219978922008 	 0.0
0.9760219978922008 	 0.0
0.9770219978922008 	 0.0
0.9780219978922008 	 0.0
0.9790219978922008 	 0.0
0.9800219978922008 	 0.0
0.9810219978922008 	 0.0
0.9820219978922008 	 0.0
0.9830219978922008 	 0.0
0.9840219978922008 	 0.0
0.9850219978922008 	 0.0
0.9860219978922008 	 0.0
0.9870219978922008 	 0.0
0.9880219978922008 	 0.0
0.9890219978922008 	 0.0
0.9900219978922008 	 0.0
0.9910219978922008 	 0.0
0.9920219978922008 	 0.0
0.9930219978922008 	 0.0
0.9940219978922008 	 0.0
0.9950219978922008 	 0.0
0.9960219978922008 	 0.0
0.9970219978922008 	 0.0
0.9980219978922008 	 0.0
0.9990219978922008 	 0.0
1.0000219978922007 	 0.0
1.0010219978922006 	 0.0
1.0020219978922005 	 0.0
1.0030219978922004 	 0.0
1.0040219978922003 	 0.0
1.0050219978922001 	 0.0
1.0060219978922 	 0.0
1.0070219978922 	 0.0
1.0080219978921998 	 0.0
1.0090219978921997 	 0.0
1.0100219978921996 	 0.0
1.0110219978921995 	 0.0
1.0120219978921994 	 0.0
1.0130219978921993 	 0.0
1.0140219978921992 	 0.0
1.015021997892199 	 0.0
1.016021997892199 	 0.0
1.0170219978921988 	 0.0
1.0180219978921987 	 0.0
1.0190219978921986 	 0.0
1.0200219978921985 	 0.0
1.0210219978921984 	 0.0
1.0220219978921983 	 0.0
1.0230219978921982 	 0.0
1.024021997892198 	 0.0
1.025021997892198 	 0.0
1.0260219978921978 	 0.0
1.0270219978921977 	 0.0
1.0280219978921976 	 0.0
1.0290219978921975 	 0.0
1.0300219978921974 	 0.0
1.0310219978921973 	 0.0
1.0320219978921972 	 0.0
1.033021997892197 	 0.0
1.034021997892197 	 0.0
1.0350219978921968 	 0.0
1.0360219978921967 	 0.0
1.0370219978921966 	 0.0
1.0380219978921965 	 0.0
1.0390219978921964 	 0.0
1.0400219978921963 	 0.0
1.0410219978921962 	 0.0
1.042021997892196 	 0.0
1.043021997892196 	 0.0
1.0440219978921959 	 0.0
1.0450219978921957 	 0.0
1.0460219978921956 	 0.0
1.0470219978921955 	 0.0
1.0480219978921954 	 0.0
1.0490219978921953 	 0.0
1.0500219978921952 	 0.0
1.051021997892195 	 0.0
1.052021997892195 	 0.0
1.0530219978921949 	 0.0
1.0540219978921948 	 0.0
1.0550219978921946 	 0.0
1.0560219978921945 	 0.0
1.0570219978921944 	 0.0
1.0580219978921943 	 0.0
1.0590219978921942 	 0.0
1.060021997892194 	 0.0
1.061021997892194 	 0.0
1.0620219978921939 	 0.0
1.0630219978921938 	 0.0
1.0640219978921936 	 0.0
1.0650219978921935 	 0.0
1.0660219978921934 	 0.0
1.0670219978921933 	 0.0
1.0680219978921932 	 0.0
1.069021997892193 	 0.0
1.070021997892193 	 0.0
1.0710219978921929 	 0.0
1.0720219978921928 	 0.0
1.0730219978921927 	 0.0
1.0740219978921925 	 0.0
1.0750219978921924 	 0.0
1.0760219978921923 	 0.0
1.0770219978921922 	 0.0
1.078021997892192 	 0.0
1.079021997892192 	 0.0
1.0800219978921919 	 0.0
1.0810219978921918 	 0.0
1.0820219978921917 	 0.0
1.0830219978921916 	 0.0
1.0840219978921914 	 0.0
1.0850219978921913 	 0.0
1.0860219978921912 	 0.0
1.0870219978921911 	 0.0
1.088021997892191 	 0.0
1.089021997892191 	 0.0
1.0900219978921908 	 0.0
1.0910219978921907 	 0.0
1.0920219978921906 	 0.0
1.0930219978921905 	 0.0
1.0940219978921903 	 0.0
1.0950219978921902 	 0.0
1.0960219978921901 	 0.0
1.09702199789219 	 0.0
1.09802199789219 	 0.0
1.0990219978921898 	 0.0
1.1000219978921897 	 0.0
1.1010219978921896 	 0.0
1.1020219978921895 	 0.0
1.1030219978921894 	 0.0
1.1040219978921892 	 0.0
1.1050219978921891 	 0.0
1.106021997892189 	 0.0
1.107021997892189 	 0.0
1.1080219978921888 	 0.0
1.1090219978921887 	 0.0
1.1100219978921886 	 0.0
1.1110219978921885 	 0.0
1.1120219978921884 	 0.0
1.1130219978921883 	 0.0
1.1140219978921881 	 0.0
1.115021997892188 	 0.0
1.116021997892188 	 0.0
1.1170219978921878 	 0.0
1.1180219978921877 	 0.0
1.1190219978921876 	 0.0
1.1200219978921875 	 0.0
1.1210219978921874 	 0.0
1.1220219978921873 	 0.0
1.1230219978921872 	 0.0
1.124021997892187 	 0.0
1.125021997892187 	 0.0
1.1260219978921868 	 0.0
1.1270219978921867 	 0.0
1.1280219978921866 	 0.0
1.1290219978921865 	 0.0
1.1300219978921864 	 0.0
1.1310219978921863 	 0.0
1.1320219978921862 	 0.0
1.133021997892186 	 0.0
1.134021997892186 	 0.0
1.1350219978921858 	 2.466568498757752e-06
1.1360219978921857 	 2.358849612628866e-06
1.1370219978921856 	 2.254338512872096e-06
1.1380219978921855 	 2.152995876779963e-06
1.1390219978921854 	 2.054780785556952e-06
1.1400219978921853 	 1.9596508004465675e-06
1.1410219978921852 	 1.8675620294997492e-06
1.142021997892185 	 1.7784691594150644e-06
1.143021997892185 	 1.6923254166729625e-06
1.1440219978921848 	 1.6090827849881183e-06
1.1450219978921847 	 1.5286921054703596e-06
1.1460219978921846 	 1.4511031382222497e-06
1.1470219978921845 	 1.3762646163860514e-06
1.1480219978921844 	 1.3041243057029028e-06
1.1490219978921843 	 1.234629057292458e-06
1.1500219978921842 	 1.167724859347083e-06
1.151021997892184 	 1.103356891681169e-06
1.152021997892184 	 1.0414695565799404e-06
1.1530219978921838 	 9.820064914387896e-07
1.1540219978921837 	 9.249106731139838e-07
1.1550219978921836 	 8.701244793680481e-07
1.1560219978921835 	 8.175897305432157e-07
1.1570219978921834 	 7.672477311651069e-07
1.1580219978921833 	 7.190393113483603e-07
1.1590219978921832 	 6.729048641835839e-07
1.160021997892183 	 6.287843857437258e-07
1.161021997892183 	 5.866175103568781e-07
1.1620219978921829 	 5.463435418302982e-07
1.1630219978921827 	 5.079014759725981e-07
1.1640219978921826 	 4.712300540210584e-07
1.1650219978921825 	 4.362678008798382e-07
1.1660219978921824 	 4.0295305466145926e-07
1.1670219978921823 	 3.712239975863574e-07
1.1680219978921822 	 3.4101868430052576e-07
1.169021997892182 	 3.1227506949384503e-07
1.170021997892182 	 2.8493103583172314e-07
1.1710219978921819 	 2.5892441938619936e-07
1.1720219978921818 	 2.341930340672247e-07
1.1730219978921816 	 2.1067469300043953e-07
1.1740219978921815 	 1.883072383635419e-07
1.1750219978921814 	 1.6702856531350912e-07
1.1760219978921813 	 1.4677664359522246e-07
1.1770219978921812 	 1.274895390327247e-07
1.178021997892181 	 1.091054335060376e-07
1.179021997892181 	 9.156264482221594e-08
1.1800219978921809 	 7.479964565578701e-08
1.1810219978921808 	 5.8755081749725486e-08
1.1820219978921807 	 4.336778956537439e-08
1.1830219978921805 	 2.8576813164995568e-08
1.1840219978921804 	 1.432142103159931e-08
1.1850219978921803 	 5.411245530398879e-10
1.1860219978921802 	 1.2824309932274161e-08
1.18702199789218 	 2.5834845031998026e-08
1.18802199789218 	 3.855016049363627e-08
1.1890219978921799 	 5.10296382885894e-08
1.1900219978921798 	 6.333234979292095e-08
1.1910219978921797 	 7.55170434151381e-08
1.1920219978921796 	 8.764213280630211e-08
1.1930219978921794 	 9.976568533095759e-08
1.1940219978921793 	 1.1194541119951364e-07
1.1950219978921792 	 1.2423865339055447e-07
1.1960219978921791 	 1.36702377702402e-07
1.197021997892179 	 1.4939316328036804e-07
1.198021997892179 	 1.6236719383588668e-07
1.1990219978921788 	 1.7568024896845337e-07
1.2000219978921787 	 1.8938769630550523e-07
1.2010219978921786 	 2.0354448367904735e-07
1.2020219978921785 	 2.1820513219194287e-07
1.2030219978921783 	 2.334237306843694e-07
1.2040219978921782 	 2.492539285650789e-07
1.2050219978921781 	 2.657489292277368e-07
1.206021997892178 	 2.8296148501722407e-07
1.207021997892178 	 3.0094389135528344e-07
1.2080219978921778 	 3.1974798236760915e-07
1.2090219978921777 	 3.394251260147974e-07
1.2100219978921776 	 3.60026219859292e-07
1.2110219978921775 	 3.8160168754222227e-07
1.2120219978921773 	 4.042014766143045e-07
1.2130219978921772 	 4.278750595740346e-07
1.2140219978921771 	 4.5267142876464886e-07
1.215021997892177 	 4.786390923993839e-07
1.216021997892177 	 5.058260722441946e-07
1.2170219978921768 	 5.342799024402216e-07
1.2180219978921767 	 5.640476274453989e-07
1.2190219978921766 	 5.951758014969058e-07
1.2200219978921765 	 6.27710487536675e-07
1.2210219978921764 	 6.616995885182798e-07
1.2220219978921762 	 6.971992179050926e-07
1.2230219978921761 	 7.342669579518896e-07
1.224021997892176 	 7.72959797064752e-07
1.225021997892176 	 8.133341272831365e-07
1.2260219978921758 	 8.554478315980593e-07
1.2270219978921757 	 8.993659774031578e-07
1.2280219978921756 	 9.451547752663609e-07
1.2290219978921755 	 9.928797424240247e-07
1.2300219978921754 	 1.042605703067923e-06
1.2310219978921753 	 1.09439937724961e-06
1.2320219978921751 	 1.1483364440465577e-06
1.233021997892175 	 1.2044940842915703e-06
1.234021997892175 	 1.2629486848905999e-06
1.2350219978921748 	 1.323775834854637e-06
1.2360219978921747 	 1.3870532881760323e-06
1.2370219978921746 	 1.4528690396410846e-06
1.2380219978921745 	 1.5213127561266683e-06
1.2390219978921744 	 1.592473176199288e-06
1.2400219978921743 	 1.666438115075828e-06
1.2410219978921742 	 1.7432979212297006e-06
1.242021997892174 	 1.8231549138380745e-06
1.243021997892174 	 1.9061134475888478e-06
1.2440219978921738 	 1.992276838427183e-06
1.2450219978921737 	 2.0817473571938258e-06
1.2460219978921736 	 2.174630252232538e-06
1.2470219978921735 	 2.271044703966847e-06
1.2480219978921734 	 2.3711122058944644e-06
1.2490219978921733 	 2.474953042758036e-06
1.2500219978921732 	 2.582686302468991e-06
1.251021997892173 	 2.6944345665398406e-06
1.252021997892173 	 2.8103367150142576e-06
1.2530219978921728 	 2.930534490712293e-06
1.2540219978921727 	 3.0551683168155143e-06
1.2550219978921726 	 3.1843772841907685e-06
1.2560219978921725 	 3.3183046335467477e-06
1.2570219978921724 	 3.4571126666448346e-06
1.2580219978921723 	 3.6009669405454048e-06
1.2590219978921722 	 3.7500314825753913e-06
1.260021997892172 	 3.904468814220931e-06
1.261021997892172 	 4.064446364090965e-06
1.2620219978921718 	 4.23015397363478e-06
1.2630219978921717 	 4.40178559288334e-06
1.2640219978921716 	 4.579533545214217e-06
1.2650219978921715 	 4.763588513407467e-06
1.2660219978921714 	 4.954147065810419e-06
1.2670219978921713 	 5.151432118646924e-06
1.2680219978921712 	 5.355671267847638e-06
1.269021997892171 	 5.567090237179405e-06
1.270021997892171 	 5.78591292228086e-06
1.2710219978921709 	 6.012370241165936e-06
1.2720219978921707 	 6.246724286812861e-06
1.2730219978921706 	 6.4892431434558765e-06
1.2740219978921705 	 6.74019296778783e-06
1.2750219978921704 	 6.99983797451415e-06
1.2760219978921703 	 7.268450881837748e-06
1.2770219978921702 	 7.5463412912905976e-06
1.27802199789217 	 7.833825674358599e-06
1.27902199789217 	 8.131218307860034e-06
1.2800219978921699 	 8.438831351310927e-06
1.2810219978921698 	 8.756987208194585e-06
1.2820219978921696 	 9.086052238831197e-06
1.2830219978921695 	 9.426401635844143e-06
1.2840219978921694 	 9.778408425942831e-06
1.2850219978921693 	 1.0142443456086585e-05
1.2860219978921692 	 1.0518890088961586e-05
1.287021997892169 	 1.0908184098272752e-05
1.288021997892169 	 1.1310771544711756e-05
1.2890219978921689 	 1.1727096067140504e-05
1.2900219978921688 	 1.2157598974193909e-05
1.2910219978921686 	 1.2602736677773625e-05
1.2920219978921685 	 1.306302867361143e-05
1.2930219978921684 	 1.3539007633701107e-05
1.2940219978921683 	 1.4031203918452714e-05
1.2950219978921682 	 1.4540145638392496e-05
1.296021997892168 	 1.506637966236694e-05
1.297021997892168 	 1.5610528648606032e-05
1.2980219978921679 	 1.6173230939054368e-05
1.2990219978921678 	 1.6755122385038706e-05
1.3000219978921677 	 1.7356836188872052e-05
1.3010219978921675 	 1.797902894995444e-05
1.3020219978921674 	 1.8622449204560805e-05
1.3030219978921673 	 1.9287865176995706e-05
1.3040219978921672 	 1.9976042830207056e-05
1.305021997892167 	 2.06877460918731e-05
1.306021997892167 	 2.1423767510114953e-05
1.3070219978921669 	 2.2185011472601825e-05
1.3080219978921668 	 2.2972406672359826e-05
1.3090219978921667 	 2.3786879729839996e-05
1.3100219978921666 	 2.462935554089493e-05
1.3110219978921664 	 2.550079464218315e-05
1.3120219978921663 	 2.640229444104605e-05
1.3130219978921662 	 2.733498196346715e-05
1.3140219978921661 	 2.8299982256560456e-05
1.315021997892166 	 2.9298418992512973e-05
1.316021997892166 	 3.0331460308078077e-05
1.3170219978921658 	 3.140044331213477e-05
1.3180219978921657 	 3.250674337065191e-05
1.3190219978921656 	 3.3651734708282115e-05
1.3200219978921655 	 3.4836790945873775e-05
1.3210219978921653 	 3.606334177739426e-05
1.3220219978921652 	 3.733302605353392e-05
1.3230219978921651 	 3.8647527604002904e-05
1.324021997892165 	 4.00085287105593e-05
1.325021997892165 	 4.141771146375772e-05
1.3260219978921648 	 4.28768283432431e-05
1.3270219978921647 	 4.438789413834152e-05
1.3280219978921646 	 4.595298476254479e-05
1.3290219978921645 	 4.757417661076626e-05
1.3300219978921644 	 4.92535472497561e-05
1.3310219978921642 	 5.099311414603661e-05
1.3320219978921641 	 5.279502197854577e-05
1.333021997892164 	 5.466198944727547e-05
1.334021997892164 	 5.659660639396308e-05
1.3350219978921638 	 5.8601435921853285e-05
1.3360219978921637 	 6.067914375487387e-05
1.3370219978921636 	 6.283280921675789e-05
1.3380219978921635 	 6.50656061778753e-05
1.3390219978921634 	 6.738070688957207e-05
1.3400219978921633 	 6.978128336946959e-05
1.3410219978921631 	 7.227065143387563e-05
1.342021997892163 	 7.48526583098221e-05
1.343021997892163 	 7.753125866583974e-05
1.3440219978921628 	 8.031040104184232e-05
1.3450219978921627 	 8.319403235176065e-05
1.3460219978921626 	 8.618628314363647e-05
1.3470219978921625 	 8.929197355449372e-05
1.3480219978921624 	 9.251608305100289e-05
1.3490219978921623 	 9.586358942358558e-05
1.3500219978921622 	 9.933946971464877e-05
1.351021997892162 	 0.00010294894103238292
1.352021997892162 	 0.00010669811100660304
1.3530219978921618 	 0.00011059326527457764
1.3540219978921617 	 0.00011464067614873832
1.3550219978921616 	 0.00011884660937915276
1.3560219978921615 	 0.0001232176374575119
1.3570219978921614 	 0.00012776149739186204
1.3580219978921613 	 0.0001324861913686934
1.3590219978921612 	 0.00013739971283983633
1.360021997892161 	 0.00014251004706182554
1.361021997892161 	 0.00014782557736958555
1.3620219978921608 	 0.00015335618665519003
1.3630219978921607 	 0.0001591120578250337
1.3640219978921606 	 0.00016510334456163462
1.3650219978921605 	 0.0001713401801202984
1.3660219978921604 	 0.00017783319138658154
1.3670219978921603 	 0.00018459490876305277
1.3680219978921602 	 0.00019163828736386772
1.36902199789216 	 0.0001989762555472454
1.37002199789216 	 0.00020662171459804145
1.3710219978921598 	 0.00021458815514497379
1.3720219978921597 	 0.00022289133451360935
1.3730219978921596 	 0.00023154746437733064
1.3740219978921595 	 0.0002405727002841444
1.3750219978921594 	 0.00024998315107971743
1.3760219978921593 	 0.00025979553088403275
1.3770219978921592 	 0.00027002894898333854
1.378021997892159 	 0.00028070303168068833
1.379021997892159 	 0.0002918373482359716
1.3800219978921588 	 0.0003034514099088297
1.3810219978921587 	 0.00031556519294433723
1.3820219978921586 	 0.000328200563294999
1.3830219978921585 	 0.0003413797374165844
1.3840219978921584 	 0.0003551248478992739
1.3850219978921583 	 0.00036945794938704436
1.3860219978921582 	 0.0003844011868636487
1.387021997892158 	 0.00039997725129322894
1.388021997892158 	 0.0004162088985677446
1.3890219978921579 	 0.00043311880163072976
1.3900219978921577 	 0.0004507295490585545
1.3910219978921576 	 0.00046906336775673075
1.3920219978921575 	 0.0004881413648266376
1.3930219978921574 	 0.0005079843152702378
1.3940219978921573 	 0.0005286129015097605
1.3950219978921572 	 0.0005500477089347101
1.396021997892157 	 0.0005723087028437889
1.397021997892157 	 0.0005954138047166073
1.3980219978921569 	 0.0006193803666945881
1.3990219978921568 	 0.0006442256113705801
1.4000219978921566 	 0.0006699666153863475
1.4010219978921565 	 0.0006966198467912533
1.4020219978921564 	 0.000724199949387519
1.4030219978921563 	 0.000752721050832214
1.4040219978921562 	 0.0007821970707290313
1.405021997892156 	 0.0008126416686457745
1.406021997892156 	 0.000844067941502595
1.4070219978921559 	 0.0008764876598261477
1.4080219978921558 	 0.0009099119750461579
1.4090219978921557 	 0.0009443515978884513
1.4100219978921555 	 0.0009798167430558591
1.4110219978921554 	 0.001016317115237901
1.4120219978921553 	 0.0010538620272144879
1.4130219978921552 	 0.0010924603629785328
1.414021997892155 	 0.00113212035758472
1.415021997892155 	 0.0011728494976228178
1.4160219978921549 	 0.0012146545456404422
1.4170219978921548 	 0.0012575417050520192
1.4180219978921547 	 0.001301516345611677
1.4190219978921546 	 0.0013465828920125732
1.4200219978921544 	 0.0013927447875410697
1.4210219978921543 	 0.001440004587443479
1.4220219978921542 	 0.0014883643601854612
1.4230219978921541 	 0.0015378255720942212
1.424021997892154 	 0.0015883887582196132
1.425021997892154 	 0.0016400534507598084
1.4260219978921538 	 0.0016928186685042001
1.4270219978921537 	 0.0017466842520755448
1.4280219978921536 	 0.0018016494802185897
1.4290219978921535 	 0.001857712662539276
1.4300219978921533 	 0.0019148711618949383
1.4310219978921532 	 0.001973121562600904
1.4320219978921531 	 0.002032460205595876
1.433021997892153 	 0.0020928831258477006
1.434021997892153 	 0.0021543856922922942
1.4350219978921528 	 0.002216962532035251
1.4360219978921527 	 0.0022806079815546965
1.4370219978921526 	 0.002345317253406649
1.4380219978921525 	 0.0024110852570098933
1.4390219978921523 	 0.0024779062575256347
1.4400219978921522 	 0.002545773900552124
1.4410219978921521 	 0.002614681582297257
1.442021997892152 	 0.0026846235418922833
1.443021997892152 	 0.002755594240818059
1.4440219978921518 	 0.0028275877528257587
1.4450219978921517 	 0.002900597674880014
1.4460219978921516 	 0.002974617532948773
1.4470219978921515 	 0.0030496418579913386
1.4480219978921514 	 0.00312566505908782
1.4490219978921512 	 0.0032026810882439766
1.4500219978921511 	 0.0032806834481079175
1.451021997892151 	 0.003359665600342585
1.452021997892151 	 0.0034396221817298714
1.4530219978921508 	 0.003520548192287764
1.4540219978921507 	 0.0036024383321737368
1.4550219978921506 	 0.003685286904855836
1.4560219978921505 	 0.00376908823849503
1.4570219978921504 	 0.003853837822752437
1.4580219978921503 	 0.003939531093360073
1.4590219978921501 	 0.004026163066463149
1.46002199789215 	 0.004113728342692392
1.46102199789215 	 0.004202221539492648
1.4620219978921498 	 0.0042916385638241406
1.4630219978921497 	 0.004381975661795278
1.4640219978921496 	 0.00447322876559457
1.4650219978921495 	 0.004565393409207062
1.4660219978921494 	 0.004658465169390103
1.4670219978921493 	 0.004752440851990728
1.4680219978921492 	 0.004847317215535098
1.469021997892149 	 0.004943090588884909
1.470021997892149 	 0.005039756876376066
1.4710219978921488 	 0.005137311991983406
1.4720219978921487 	 0.005235753112417147
1.4730219978921486 	 0.00533507767522684
1.4740219978921485 	 0.005435282771993189
1.4750219978921484 	 0.0055363650804976985
1.4760219978921483 	 0.005638321369756579
1.4770219978921482 	 0.005741149852973883
1.478021997892148 	 0.005844848728758519
1.479021997892148 	 0.005949415759762202
1.4800219978921478 	 0.006054848228077397
1.4810219978921477 	 0.00616114322166429
1.4820219978921476 	 0.0062682982104492095
1.4830219978921475 	 0.006376310697799004
1.4840219978921474 	 0.00648517784014754
1.4850219978921473 	 0.006594896389206898
1.4860219978921472 	 0.006705463655205922
1.487021997892147 	 0.006816880091511557
1.488021997892147 	 0.0069291464938669315
1.4890219978921468 	 0.007042263163472159
1.4900219978921467 	 0.007156229916426148
1.4910219978921466 	 0.007271045775591416
1.4920219978921465 	 0.00738670820688911
1.4930219978921464 	 0.007503214304846249
1.4940219978921463 	 0.007620560852078041
1.4950219978921462 	 0.007738744256672382
1.496021997892146 	 0.007857761418385576
1.497021997892146 	 0.007977612045969116
1.4980219978921459 	 0.008098296143257244
1.4990219978921457 	 0.008219813260624747
1.5000219978921456 	 0.008342162505969912
1.5010219978921455 	 0.008465342638332998
1.5020219978921454 	 0.008589352414551077
1.5030219978921453 	 0.008714190676128573
1.5040219978921452 	 0.008839855962918556
1.505021997892145 	 0.008966346468027048
1.506021997892145 	 0.009093660264449993
1.5070219978921449 	 0.009221796106360978
1.5080219978921447 	 0.009350752607841507
1.5090219978921446 	 0.009480528006654936
1.5100219978921445 	 0.009611120176493477
1.5110219978921444 	 0.009742526744428732
1.5120219978921443 	 0.00987474555537577
1.5130219978921442 	 0.010007774833948126
1.514021997892144 	 0.010141612640342336
1.515021997892144 	 0.010276256737768245
1.5160219978921439 	 0.010411704623283549
1.5170219978921438 	 0.0105479535923586
1.5180219978921436 	 0.01068500069076662
1.5190219978921435 	 0.010822842707739986
1.5200219978921434 	 0.010961476186840659
1.5210219978921433 	 0.011100897247811662
1.5220219978921432 	 0.011241101426886889
1.523021997892143 	 0.011382084999343355
1.524021997892143 	 0.011523844311402416
1.5250219978921429 	 0.011666375544128246
1.5260219978921428 	 0.011809669235527438
1.5270219978921427 	 0.011953716258728287
1.5280219978921425 	 0.012098510372745981
1.5290219978921424 	 0.012244045275122056
1.5300219978921423 	 0.012390314452903374
1.5310219978921422 	 0.012537310915118787
1.532021997892142 	 0.012685026185757939
1.533021997892142 	 0.012833452635362508
1.5340219978921419 	 0.01298258303087552
1.5350219978921418 	 0.013132410248698826
1.5360219978921417 	 0.013282926563395272
1.5370219978921416 	 0.013434121682145089
1.5380219978921414 	 0.013585984931287178
1.5390219978921413 	 0.013738505909340056
1.5400219978921412 	 0.013891674497000938
1.5410219978921411 	 0.014045479867075192
1.542021997892141 	 0.014199908223510081
1.543021997892141 	 0.01435494692437196
1.5440219978921408 	 0.014510584220825054
1.5450219978921407 	 0.014666808908511495
1.5460219978921406 	 0.014823609061717575
1.5470219978921405 	 0.014980968617870292
1.5480219978921403 	 0.01513887117857141
1.5490219978921402 	 0.0152973011579336
1.5500219978921401 	 0.015456243796871938
1.55102199789214 	 0.015615683571835102
1.55202199789214 	 0.015775600361993495
1.5530219978921398 	 0.015935975534025704
1.5540219978921397 	 0.016096792083395817
1.5550219978921396 	 0.016258034237674517
1.5560219978921395 	 0.016419685569081376
1.5570219978921394 	 0.01658172386430258
1.5580219978921392 	 0.016744126853457227
1.5590219978921391 	 0.016906873930418616
1.560021997892139 	 0.017069946189338207
1.561021997892139 	 0.017233324192686184
1.5620219978921388 	 0.017396982404960327
1.5630219978921387 	 0.017560897136396716
1.5640219978921386 	 0.01772504730033743
1.5650219978921385 	 0.01788941402164189
1.5660219978921384 	 0.018053978071000773
1.5670219978921383 	 0.018218712925764283
1.5680219978921381 	 0.018383409839352546
1.569021997892138 	 0.01854788928442722
1.570021997892138 	 0.018712260143969792
1.5710219978921378 	 0.01887653208191534
1.5720219978921377 	 0.019040688859794336
1.5730219978921376 	 0.01920470749768498
1.5740219978921375 	 0.019368562539147323
1.5750219978921374 	 0.019532226169229117
1.5760219978921373 	 0.019695664549711302
1.5770219978921372 	 0.019858828269122695
1.578021997892137 	 0.02002165929549338
1.579021997892137 	 0.020184090933523434
1.5800219978921368 	 0.020346044283949104
1.5810219978921367 	 0.020507420792243665
1.5820219978921366 	 0.020668088781106878
1.5830219978921365 	 0.02082788736264669
1.5840219978921364 	 0.02098662368005766
1.5850219978921363 	 0.021144068093489607
1.5860219978921362 	 0.021299948222485002
1.587021997892136 	 0.021453941222217762
1.588021997892136 	 0.021605689266668428
1.5890219978921358 	 0.021754815732688868
1.5900219978921357 	 0.021900946686613403
1.5910219978921356 	 0.022043737001551024
1.5920219978921355 	 0.022182895578396138
1.5930219978921354 	 0.022318225951532843
1.5940219978921353 	 0.02244965531290869
1.5950219978921352 	 0.02257724574982771
1.596021997892135 	 0.022701184130080224
1.597021997892135 	 0.02282174984092779
1.5980219978921348 	 0.02293928492190298
1.5990219978921347 	 0.023054153993612318
1.6000219978921346 	 0.023166705360016308
1.6010219978921345 	 0.023277239299682832
1.6020219978921344 	 0.02338598386541395
1.6030219978921343 	 0.023493092426614844
1.6040219978921342 	 0.023598651203705235
1.605021997892134 	 0.023702688682032253
1.606021997892134 	 0.023805185580996386
1.6070219978921338 	 0.023906082782911516
1.6080219978921337 	 0.02400529651907119
1.6090219978921336 	 0.024102728937445472
1.6100219978921335 	 0.024198275291447878
1.6110219978921334 	 0.024291828890941728
1.6120219978921333 	 0.024383281966275795
1.6130219978921332 	 0.02447252629393719
1.614021997892133 	 0.024559459648407823
1.615021997892133 	 0.02464398807450149
1.6160219978921329 	 0.024726026741005585
1.6170219978921327 	 0.024805500699761104
1.6180219978921326 	 0.024882344321554586
1.6190219978921325 	 0.024956500693515554
1.6200219978921324 	 0.025027921373719682
1.6210219978921323 	 0.025096567347727264
1.6220219978921322 	 0.02516241023072983
1.623021997892132 	 0.02522542386297588
1.624021997892132 	 0.02528558779774839
1.6250219978921319 	 0.02534288856759845
1.6260219978921318 	 0.02539732149274073
1.6270219978921316 	 0.025448896207094545
1.6280219978921315 	 0.025497630204562406
1.6290219978921314 	 0.025543546736839357
1.6300219978921313 	 0.02558667464586784
1.6310219978921312 	 0.025627050966896606
1.632021997892131 	 0.025664726841522285
1.633021997892131 	 0.025699754441491918
1.6340219978921309 	 0.02573218905130707
1.6350219978921308 	 0.02576209023440697
1.6360219978921307 	 0.025789525121011864
1.6370219978921305 	 0.025814577568268823
1.6380219978921304 	 0.025837337697652164
1.6390219978921303 	 0.025857898584193656
1.6400219978921302 	 0.025876355888603153
1.64102199789213 	 0.02589281139382364
1.64202199789213 	 0.0259073816817898
1.6430219978921299 	 0.025920183200509143
1.6440219978921298 	 0.02593133217324031
1.6450219978921297 	 0.02594094527400521
1.6460219978921296 	 0.025949143204087845
1.6470219978921294 	 0.025956060991790222
1.6480219978921293 	 0.025961835999382264
1.6490219978921292 	 0.025966603900124893
1.650021997892129 	 0.02597049814167118
1.651021997892129 	 0.025973653287622567
1.652021997892129 	 0.025976214139566033
1.6530219978921288 	 0.025978322242378532
1.6540219978921287 	 0.02598011396944337
1.6550219978921286 	 0.02598172064732142
1.6560219978921285 	 0.025983271532118737
1.6570219978921283 	 0.025984902955542188
1.6580219978921282 	 0.025986747606740006
1.6590219978921281 	 0.025988930851576282
1.660021997892128 	 0.025991570279537513
1.661021997892128 	 0.025994778317739192
1.6620219978921278 	 0.025998669770378083
1.6630219978921277 	 0.026003352773875468
1.6640219978921276 	 0.026008925773905213
1.6650219978921275 	 0.0260154773326881
1.6660219978921273 	 0.026023088286818184
1.6670219978921272 	 0.02603183827063054
1.6680219978921271 	 0.02604179845019298
1.669021997892127 	 0.026053029207036744
1.670021997892127 	 0.026065580030281445
1.6710219978921268 	 0.026079491281715328
1.6720219978921267 	 0.02609479964729836
1.6730219978921266 	 0.026111534191967115
1.6740219978921265 	 0.026129713688169746
1.6750219978921264 	 0.026149346423644092
1.6760219978921262 	 0.02617043160483404
1.6770219978921261 	 0.026192962884507162
1.678021997892126 	 0.026216925374617953
1.679021997892126 	 0.0262422950115421
1.6800219978921258 	 0.026269038966207386
1.6810219978921257 	 0.026297116683815493
1.6820219978921256 	 0.026326482706932153
1.6830219978921255 	 0.026357087876577784
1.6840219978921254 	 0.026388877167543397
1.6850219978921253 	 0.026421789573618293
1.6860219978921251 	 0.02645575870070633
1.687021997892125 	 0.026490713368450755
1.688021997892125 	 0.0265265782113622
1.6890219978921248 	 0.0265632742789332
1.6900219978921247 	 0.026600719629740838
1.6910219978921246 	 0.02663882943935215
1.6920219978921245 	 0.02667751625284989
1.6930219978921244 	 0.026716694695046027
1.6940219978921243 	 0.026756279623953747
1.6950219978921242 	 0.026796185775043786
1.696021997892124 	 0.02683632739205328
1.697021997892124 	 0.02687661629252801
1.6980219978921238 	 0.026916964695559167
1.6990219978921237 	 0.026957286364508566
1.7000219978921236 	 0.026997496976580767
1.7010219978921235 	 0.02703751331377365
1.7020219978921234 	 0.027077251421012305
1.7030219978921233 	 0.0271166330638169
1.7040219978921232 	 0.02715558405698018
1.705021997892123 	 0.027194033580471153
1.706021997892123 	 0.027231913094626713
1.7070219978921228 	 0.027269152407565375
1.7080219978921227 	 0.027305684053812434
1.7090219978921226 	 0.027341444311292026
1.7100219978921225 	 0.027376373369330048
1.7110219978921224 	 0.027410413953833642
1.7120219978921223 	 0.027443508286604787
1.7130219978921222 	 0.027475604964163382
1.714021997892122 	 0.027506657544715353
1.715021997892122 	 0.027536623722010684
1.7160219978921218 	 0.027565463781896872
1.7170219978921217 	 0.02759313625274812
1.7180219978921216 	 0.027619602202113888
1.7190219978921215 	 0.027644826554007722
1.7200219978921214 	 0.02766877805782596
1.7210219978921213 	 0.027691427688069543
1.7220219978921212 	 0.02771274533836842
1.723021997892121 	 0.027732706072049123
1.724021997892121 	 0.027751289268257043
1.7250219978921209 	 0.02776847781212611
1.7260219978921207 	 0.027784256544323965
1.7270219978921206 	 0.027798608017467443
1.7280219978921205 	 0.027811516586995176
1.7290219978921204 	 0.027822969615275726
1.7300219978921203 	 0.02783295744594544
1.7310219978921202 	 0.027841471915290617
1.73202199789212 	 0.027848503002321463
1.73302199789212 	 0.027854044445076987
1.7340219978921199 	 0.027858093136100298
1.7350219978921197 	 0.027860648515693743
1.7360219978921196 	 0.027861711201739678
1.7370219978921195 	 0.0277519220016273
1.7380219978921194 	 0.0275337981162134
1.7390219978921193 	 0.02731632741497361
1.7400219978921192 	 0.02709954525484233
1.741021997892119 	 0.026883485615754325
1.742021997892119 	 0.026668177544188997
1.7430219978921189 	 0.02645364888556475
1.7440219978921188 	 0.026239927423120483
1.7450219978921186 	 0.026027040878080183
1.7460219978921185 	 0.025815015789143515
1.7470219978921184 	 0.025603874441543353
1.7480219978921183 	 0.02539363808983186
1.7490219978921182 	 0.025184327941254084
1.750021997892118 	 0.02497596515587166
1.751021997892118 	 0.02476856989293366
1.7520219978921179 	 0.024562158697314034
1.7530219978921178 	 0.02435674724223733
1.7540219978921177 	 0.02415235116616321
1.7550219978921175 	 0.02394898607287602
1.7560219978921174 	 0.023746666737140144
1.7570219978921173 	 0.023545404927693844
1.7580219978921172 	 0.023345211691790012
1.759021997892117 	 0.02314609805226899
1.760021997892117 	 0.022948075007620063
1.7610219978921169 	 0.022751152860937353
1.7620219978921168 	 0.022555339380851573
1.7630219978921167 	 0.02236064173138919
1.7640219978921166 	 0.022167067060815247
1.7650219978921164 	 0.021974622501672324
1.7660219978921163 	 0.021783314667852466
1.7670219978921162 	 0.021593148276276116
1.7680219978921161 	 0.02140412759322657
1.769021997892116 	 0.02121625687565571
1.770021997892116 	 0.021029540371205076
1.7710219978921158 	 0.020843981853720366
1.7720219978921157 	 0.02065958335030535
1.7730219978921156 	 0.020476346477036476
1.7740219978921155 	 0.020294272846507838
1.7750219978921153 	 0.020113364067837577
1.7760219978921152 	 0.019933621449268545
1.7770219978921151 	 0.019755045183138933
1.778021997892115 	 0.01957763520107645
1.779021997892115 	 0.019401391434925946
1.7800219978921148 	 0.01922631381674608
1.7810219978921147 	 0.019052402021763858
1.7820219978921146 	 0.018879654763948834
1.7830219978921145 	 0.018708070535126495
1.7840219978921144 	 0.0185376478304835
1.7850219978921142 	 0.01836838514855642
1.7860219978921141 	 0.018200280821571355
1.787021997892114 	 0.01803333255050775
1.788021997892114 	 0.01786753789290543
1.7890219978921138 	 0.017702894411690064
1.7900219978921137 	 0.017539399675156966
1.7910219978921136 	 0.017377051146012176
1.7920219978921135 	 0.017215845877315457
1.7930219978921134 	 0.017055780831472724
1.7940219978921133 	 0.016896852977552154
1.7950219978921131 	 0.016739059291264968
1.796021997892113 	 0.016582396698033717
1.797021997892113 	 0.01642686191700208
1.7980219978921128 	 0.01627245162466361
1.7990219978921127 	 0.016119162504773278
1.8000219978921126 	 0.01596699124832723
1.8010219978921125 	 0.01581593454264848
1.8020219978921124 	 0.015665989041510977
1.8030219978921123 	 0.015517151396444523
1.8040219978921122 	 0.01536941826627235
1.805021997892112 	 0.015222786317091282
1.806021997892112 	 0.015077252251129035
1.8070219978921118 	 0.01493281288586362
1.8080219978921117 	 0.014789465070971354
1.8090219978921116 	 0.014647205662973199
1.8100219978921115 	 0.014506031525216467
1.8110219978921114 	 0.014365939591901095
1.8120219978921113 	 0.014226927043579219
1.8130219978921112 	 0.01408899112298701
1.814021997892111 	 0.013952129078840143
1.815021997892111 	 0.01381633816581826
1.8160219978921108 	 0.013681615736384751
1.8170219978921107 	 0.01354795949245291
1.8180219978921106 	 0.013415367221313453
1.8190219978921105 	 0.013283836715051723
1.8200219978921104 	 0.013153365770535719
1.8210219978921103 	 0.013023952310698122
1.8220219978921102 	 0.012895594716941223
1.82302199789211 	 0.0127682914803666
1.82402199789211 	 0.012642041095351888
1.8250219978921098 	 0.012516842059543124
1.8260219978921097 	 0.012392693012362975
1.8270219978921096 	 0.012269593114619727
1.8280219978921095 	 0.01214754165022542
1.8290219978921094 	 0.012026537904668334
1.8300219978921093 	 0.011906581165010194
1.8310219978921092 	 0.011787670880227955
1.832021997892109 	 0.011669807100653271
1.833021997892109 	 0.011552990016934264
1.8340219978921088 	 0.01143721981936279
1.8350219978921087 	 0.01132249669787701
1.8360219978921086 	 0.011208821015853833
1.8370219978921085 	 0.01109619378640409
1.8380219978921084 	 0.010984616172683736
1.8390219978921083 	 0.010874089335431261
1.8400219978921082 	 0.010764614432975834
1.841021997892108 	 0.010656192805950855
1.842021997892108 	 0.010548826483511858
1.8430219978921079 	 0.010442517652272026
1.8440219978921077 	 0.010337268494269457
1.8450219978921076 	 0.010233081186981222
1.8460219978921075 	 0.010129958094918592
1.8470219978921074 	 0.010027902294697391
1.8480219978921073 	 0.009926917024212716
1.8490219978921072 	 0.009827005514580203
1.850021997892107 	 0.00972817099015593
1.851021997892107 	 0.009630416861732797
1.8520219978921069 	 0.009533747255990982
1.8530219978921068 	 0.009438166460095175
1.8540219978921066 	 0.009343678752242499
1.8550219978921065 	 0.00925028840168814
1.8560219978921064 	 0.009157999858088307
1.8570219978921063 	 0.009066818270381803
1.8580219978921062 	 0.00897674894249226
1.859021997892106 	 0.008887797167267768
1.860021997892106 	 0.0087999682265119
1.8610219978921059 	 0.008713267570500241
1.8620219978921058 	 0.008627701309923533
1.8630219978921057 	 0.008543275699866874
1.8640219978921055 	 0.008459996982380487
1.8650219978921054 	 0.008377871386515625
1.8660219978921053 	 0.008296905289517997
1.8670219978921052 	 0.008217105658546333
1.868021997892105 	 0.00813847958735553
1.869021997892105 	 0.008061034154951479
1.8700219978921049 	 0.007984776425631161
1.8710219978921048 	 0.007909713584269956
1.8720219978921047 	 0.007835853307033933
1.8730219978921046 	 0.007763203372565341
1.8740219978921044 	 0.007691771543372474
1.8750219978921043 	 0.007621565565872918
1.8760219978921042 	 0.007552593269731855
1.877021997892104 	 0.007484862840044388
1.878021997892104 	 0.007418382531893298
1.879021997892104 	 0.007353160583282353
1.8800219978921038 	 0.007289205215181463
1.8810219978921037 	 0.007226524685665722
1.8820219978921036 	 0.007165127438216963
1.8830219978921034 	 0.007105021946242838
1.8840219978921033 	 0.007046216665666093
1.8850219978921032 	 0.006988720034970068
1.8860219978921031 	 0.006932540471367245
1.887021997892103 	 0.006877686360219172
1.888021997892103 	 0.0068241660662276896
1.8890219978921028 	 0.006771987936880873
1.8900219978921027 	 0.006721160302497083
1.8910219978921026 	 0.00667169140774919
1.8920219978921025 	 0.006623589223913633
1.8930219978921023 	 0.0065768616459122835
1.8940219978921022 	 0.006531516552466144
1.8950219978921021 	 0.006487561806135865
1.896021997892102 	 0.006445005106574512
1.897021997892102 	 0.006403853588259424
1.8980219978921018 	 0.006364114242553066
1.8990219978921017 	 0.006325794046515054
1.9000219978921016 	 0.00628889996293678
1.9010219978921015 	 0.0062534387101081295
1.9020219978921014 	 0.006219416130742597
1.9030219978921012 	 0.006186837854037541
1.9040219978921011 	 0.006155709497714397
1.905021997892101 	 0.006126036668044998
1.906021997892101 	 0.006097824639306992
1.9070219978921008 	 0.006071077475198313
1.9080219978921007 	 0.006045798950507173
1.9090219978921006 	 0.00602199283236307
1.9100219978921005 	 0.005999662880252286
1.9110219978921004 	 0.005978812434937913
1.9120219978921003 	 0.005959443291751894
1.9130219978921001 	 0.005941556882506343
1.9140219978921 	 0.005925154636146874
1.9150219978921 	 0.005910237978754822
1.9160219978920998 	 0.005896807832658604
1.9170219978920997 	 0.0058848632435976244
1.9180219978920996 	 0.0058744028207730085
1.9190219978920995 	 0.005865425176260808
1.9200219978920994 	 0.005857928924998688
1.9210219978920993 	 0.00585191210520589
1.9220219978920992 	 0.005847370589891371
1.923021997892099 	 0.005844299753070569
1.924021997892099 	 0.005842694978181144
1.9250219978920988 	 0.005842551658052302
1.9260219978920987 	 0.005843864548742353
1.9270219978920986 	 0.005846625998581271
1.9280219978920985 	 0.005850827805731004
1.9290219978920984 	 0.005856461784977321
1.9300219978920983 	 0.005863519767680362
1.9310219978920982 	 0.005871992910105092
1.932021997892098 	 0.005881869797763017
1.933021997892098 	 0.005893138433718704
1.9340219978920978 	 0.005905786845266547
1.9350219978920977 	 0.005919803083861866
1.9360219978920976 	 0.005935174512907411
1.9370219978920975 	 0.005951885855814397
1.9380219978920974 	 0.0059699212432843905
1.9390219978920973 	 0.005989264837970582
1.9400219978920972 	 0.006009900834389556
1.941021997892097 	 0.006031812755328562
1.942021997892097 	 0.006054981523561314
1.9430219978920968 	 0.006079387484259592
1.9440219978920967 	 0.006105011022054387
1.9450219978920966 	 0.006131832560929308
1.9460219978920965 	 0.006159831900527571
1.9470219978920964 	 0.006188986397252028
1.9480219978920963 	 0.006219272871887559
1.9490219978920962 	 0.006250668191624636
1.950021997892096 	 0.0062831492699361585
1.951021997892096 	 0.006316692473711175
1.9520219978920959 	 0.006351271998503512
1.9530219978920957 	 0.006386861572462624
1.9540219978920956 	 0.0064234349761926254
1.9550219978920955 	 0.006460966042615185
1.9560219978920954 	 0.006499428163568216
1.9570219978920953 	 0.0065387929376937775
1.9580219978920952 	 0.006579031588359535
1.959021997892095 	 0.0066201153962357475
1.960021997892095 	 0.006662015699147594
1.9610219978920949 	 0.0067047035206510485
1.9620219978920947 	 0.006748148552259686
1.9630219978920946 	 0.006792320220654093
1.9640219978920945 	 0.006837188013234807
1.9650219978920944 	 0.006882721477967869
1.9660219978920943 	 0.006928889992491522
1.9670219978920942 	 0.00697566213153113
1.968021997892094 	 0.007023006330077218
1.969021997892094 	 0.00707089108564609
1.9700219978920939 	 0.007119284958122686
1.9710219978920938 	 0.007168156482985604
1.9720219978920936 	 0.0072174739337386076
1.9730219978920935 	 0.007267205570764512
1.9740219978920934 	 0.007317319717154603
1.9750219978920933 	 0.007367784758552949
1.9760219978920932 	 0.007418569206838741
1.977021997892093 	 0.007469641874944667
1.978021997892093 	 0.00752097169318398
1.9790219978920929 	 0.0075725276530962116
1.9800219978920928 	 0.007624278807296908
1.9810219978920927 	 0.007676194462287013
1.9820219978920925 	 0.007728244707189605
1.9830219978920924 	 0.007780399858889494
1.9840219978920923 	 0.007832630292614726
1.9850219978920922 	 0.007884906441795266
1.986021997892092 	 0.007937199130229868
1.987021997892092 	 0.0079894804827785
1.9880219978920919 	 0.008041722969922253
1.9890219978920918 	 0.008093899116113365
1.9900219978920917 	 0.008145981499645788
1.9910219978920916 	 0.008197943154866303
1.9920219978920914 	 0.008249758674836452
1.9930219978920913 	 0.00830140305458549
1.9940219978920912 	 0.008352851338038463
1.9950219978920911 	 0.008404078617900686
1.996021997892091 	 0.008455060541750976
1.997021997892091 	 0.008505774699418928
1.9980219978920908 	 0.008556199167666574
1.9990219978920907 	 0.008606312066015122
