0.0010219978922 	 0
0.0020219978922 	 0.0
0.0030219978922 	 0.0
0.0040219978922 	 0.0
0.0050219978922 	 0.0
0.0060219978922 	 0.0
0.0070219978922 	 0.0
0.0080219978922 	 0.0
0.009021997892200002 	 0.0
0.010021997892200003 	 0.0
0.011021997892200004 	 0.0
0.012021997892200004 	 0.0
0.013021997892200005 	 0.0
0.014021997892200006 	 0.0
0.015021997892200007 	 0.0
0.016021997892200008 	 0.0
0.01702199789220001 	 0.0
0.01802199789220001 	 0.0
0.01902199789220001 	 0.0
0.02002199789220001 	 0.0
0.021021997892200012 	 0.0
0.022021997892200013 	 0.0
0.023021997892200014 	 0.0
0.024021997892200015 	 0.0
0.025021997892200016 	 0.0
0.026021997892200017 	 0.0
0.027021997892200018 	 0.0
0.02802199789220002 	 0.0
0.02902199789220002 	 0.0
0.03002199789220002 	 0.0
0.03102199789220002 	 0.0
0.03202199789220002 	 0.0
0.03302199789220002 	 0.0
0.03402199789220002 	 0.0
0.03502199789220002 	 0.0
0.03602199789220002 	 0.0
0.03702199789220002 	 0.0
0.038021997892200024 	 0.0
0.039021997892200025 	 0.0
0.040021997892200026 	 0.0
0.04102199789220003 	 0.0
0.04202199789220003 	 0.0
0.04302199789220003 	 0.0
0.04402199789220003 	 0.0
0.04502199789220003 	 0.0
0.04602199789220003 	 0.0
0.04702199789220003 	 0.0
0.04802199789220003 	 0.0
0.049021997892200034 	 0.0
0.050021997892200035 	 0.0
0.051021997892200036 	 0.0
0.052021997892200036 	 0.0
0.05302199789220004 	 0.0
0.05402199789220004 	 0.0
0.05502199789220004 	 0.0
0.05602199789220004 	 0.0
0.05702199789220004 	 0.0
0.05802199789220004 	 0.0
0.05902199789220004 	 0.0
0.060021997892200044 	 0.0
0.061021997892200044 	 0.0
0.062021997892200045 	 0.0
0.06302199789220005 	 0.0
0.06402199789220005 	 0.0
0.06502199789220005 	 0.0
0.06602199789220005 	 0.0
0.06702199789220005 	 0.0
0.06802199789220005 	 0.0
0.06902199789220005 	 0.0
0.07002199789220005 	 0.0
0.07102199789220005 	 0.0
0.07202199789220005 	 0.0
0.07302199789220006 	 0.0
0.07402199789220006 	 0.0
0.07502199789220006 	 0.0
0.07602199789220006 	 0.0
0.07702199789220006 	 0.0
0.07802199789220006 	 0.0
0.07902199789220006 	 0.0
0.08002199789220006 	 0.0
0.08102199789220006 	 0.0
0.08202199789220006 	 0.0
0.08302199789220006 	 0.0
0.08402199789220006 	 0.0
0.08502199789220007 	 0.0
0.08602199789220007 	 0.0
0.08702199789220007 	 0.0
0.08802199789220007 	 0.0
0.08902199789220007 	 0.0
0.09002199789220007 	 0.0
0.09102199789220007 	 0.0
0.09202199789220007 	 0.0
0.09302199789220007 	 0.0
0.09402199789220007 	 0.0
0.09502199789220007 	 0.0
0.09602199789220008 	 0.0
0.09702199789220008 	 0.0
0.09802199789220008 	 0.0
0.09902199789220008 	 0.0
0.10002199789220008 	 0.0
0.10102199789220008 	 0.0
0.10202199789220008 	 0.0
0.10302199789220008 	 0.0
0.10402199789220008 	 0.0
0.10502199789220008 	 0.0
0.10602199789220008 	 0.0
0.10702199789220009 	 0.0
0.10802199789220009 	 0.0
0.10902199789220009 	 0.0
0.11002199789220009 	 0.0
0.11102199789220009 	 0.0
0.11202199789220009 	 0.0
0.11302199789220009 	 0.0
0.11402199789220009 	 0.0
0.11502199789220009 	 0.0
0.1160219978922001 	 0.0
0.1170219978922001 	 0.0
0.1180219978922001 	 0.0
0.1190219978922001 	 0.0
0.1200219978922001 	 0.0
0.1210219978922001 	 0.0
0.1220219978922001 	 0.0
0.1230219978922001 	 0.0
0.1240219978922001 	 0.0
0.1250219978922001 	 0.0
0.1260219978922001 	 0.0
0.1270219978922001 	 0.0
0.1280219978922001 	 0.0
0.1290219978922001 	 0.0
0.1300219978922001 	 0.0
0.1310219978922001 	 0.0
0.1320219978922001 	 0.0
0.1330219978922001 	 0.0
0.1340219978922001 	 0.0
0.1350219978922001 	 0.0
0.1360219978922001 	 0.0
0.1370219978922001 	 0.0
0.1380219978922001 	 0.0
0.1390219978922001 	 0.0
0.1400219978922001 	 0.0
0.1410219978922001 	 0.0
0.1420219978922001 	 0.0
0.1430219978922001 	 0.0
0.1440219978922001 	 0.0
0.1450219978922001 	 0.0
0.1460219978922001 	 0.0
0.1470219978922001 	 0.0
0.1480219978922001 	 0.0
0.1490219978922001 	 0.0
0.1500219978922001 	 0.0
0.1510219978922001 	 0.0
0.1520219978922001 	 0.0
0.1530219978922001 	 0.0
0.1540219978922001 	 0.0
0.15502199789220011 	 0.0
0.15602199789220011 	 0.0
0.15702199789220012 	 0.0
0.15802199789220012 	 0.0
0.15902199789220012 	 0.0
0.16002199789220012 	 0.0
0.16102199789220012 	 0.0
0.16202199789220012 	 0.0
0.16302199789220012 	 0.0
0.16402199789220012 	 0.0
0.16502199789220012 	 0.0
0.16602199789220012 	 0.0
0.16702199789220012 	 0.0
0.16802199789220013 	 0.0
0.16902199789220013 	 0.0
0.17002199789220013 	 0.0
0.17102199789220013 	 0.0
0.17202199789220013 	 0.0
0.17302199789220013 	 0.0
0.17402199789220013 	 0.0
0.17502199789220013 	 0.0
0.17602199789220013 	 0.0
0.17702199789220013 	 0.0
0.17802199789220013 	 0.0
0.17902199789220014 	 0.0
0.18002199789220014 	 0.0
0.18102199789220014 	 0.0
0.18202199789220014 	 0.0
0.18302199789220014 	 0.0
0.18402199789220014 	 0.0
0.18502199789220014 	 0.0
0.18602199789220014 	 0.0
0.18702199789220014 	 0.0
0.18802199789220014 	 0.0
0.18902199789220014 	 0.0
0.19002199789220015 	 0.0
0.19102199789220015 	 0.0
0.19202199789220015 	 0.0
0.19302199789220015 	 0.0
0.19402199789220015 	 0.0
0.19502199789220015 	 0.0
0.19602199789220015 	 0.0
0.19702199789220015 	 0.0
0.19802199789220015 	 0.0
0.19902199789220015 	 0.0
0.20002199789220015 	 0.0
0.20102199789220015 	 0.0
0.20202199789220016 	 0.0
0.20302199789220016 	 0.0
0.20402199789220016 	 0.0
0.20502199789220016 	 0.0
0.20602199789220016 	 0.0
0.20702199789220016 	 0.0
0.20802199789220016 	 0.0
0.20902199789220016 	 0.0
0.21002199789220016 	 0.0
0.21102199789220016 	 0.0
0.21202199789220016 	 0.0
0.21302199789220017 	 0.0
0.21402199789220017 	 0.0
0.21502199789220017 	 0.0
0.21602199789220017 	 0.0
0.21702199789220017 	 0.0
0.21802199789220017 	 0.0
0.21902199789220017 	 0.0
0.22002199789220017 	 0.0
0.22102199789220017 	 0.0
0.22202199789220017 	 0.0
0.22302199789220017 	 0.0
0.22402199789220018 	 0.0
0.22502199789220018 	 0.0
0.22602199789220018 	 0.0
0.22702199789220018 	 0.0
0.22802199789220018 	 0.0
0.22902199789220018 	 0.0
0.23002199789220018 	 0.0
0.23102199789220018 	 0.0
0.23202199789220018 	 0.0
0.23302199789220018 	 0.0
0.23402199789220018 	 0.0
0.23502199789220019 	 0.0
0.23602199789220019 	 0.0
0.2370219978922002 	 0.0
0.2380219978922002 	 0.0
0.2390219978922002 	 0.0
0.2400219978922002 	 0.0
0.2410219978922002 	 0.0
0.2420219978922002 	 0.0
0.2430219978922002 	 0.0
0.2440219978922002 	 0.0
0.2450219978922002 	 0.0
0.2460219978922002 	 0.0
0.2470219978922002 	 0.0
0.2480219978922002 	 0.0
0.2490219978922002 	 0.0
0.2500219978922002 	 0.0
0.2510219978922002 	 0.0
0.2520219978922002 	 0.0
0.2530219978922002 	 0.0
0.2540219978922002 	 0.0
0.2550219978922002 	 0.0
0.2560219978922002 	 0.0
0.2570219978922002 	 0.0
0.2580219978922002 	 0.0
0.2590219978922002 	 0.0
0.2600219978922002 	 0.0
0.2610219978922002 	 0.0
0.2620219978922002 	 0.0
0.2630219978922002 	 0.0
0.2640219978922002 	 0.0
0.2650219978922002 	 0.0
0.2660219978922002 	 0.0
0.2670219978922002 	 0.0
0.2680219978922002 	 0.0
0.2690219978922002 	 0.0
0.2700219978922002 	 0.0
0.2710219978922002 	 0.0
0.2720219978922002 	 0.0
0.2730219978922002 	 0.0
0.2740219978922002 	 0.0
0.2750219978922002 	 0.0
0.2760219978922002 	 0.0
0.2770219978922002 	 0.0
0.2780219978922002 	 0.0
0.2790219978922002 	 0.0
0.2800219978922002 	 0.0
0.2810219978922002 	 0.0
0.2820219978922002 	 0.0
0.2830219978922002 	 0.0
0.28402199789220023 	 0.0
0.28502199789220023 	 0.0
0.28602199789220023 	 0.0
0.28702199789220023 	 0.0
0.28802199789220023 	 0.0
0.28902199789220023 	 0.0
0.29002199789220023 	 0.0
0.29102199789220023 	 0.0
0.29202199789220024 	 0.0
0.29302199789220024 	 0.0
0.29402199789220024 	 0.0
0.29502199789220024 	 0.0
0.29602199789220024 	 0.0
0.29702199789220024 	 0.0
0.29802199789220024 	 0.0
0.29902199789220024 	 0.0
0.30002199789220024 	 0.0
0.30102199789220024 	 0.0
0.30202199789220024 	 0.0
0.30302199789220025 	 0.0
0.30402199789220025 	 0.0
0.30502199789220025 	 0.0
0.30602199789220025 	 0.0
0.30702199789220025 	 0.0
0.30802199789220025 	 0.0
0.30902199789220025 	 0.0
0.31002199789220025 	 0.0
0.31102199789220025 	 0.0
0.31202199789220025 	 0.0
0.31302199789220025 	 0.0
0.31402199789220026 	 0.0
0.31502199789220026 	 0.0
0.31602199789220026 	 0.0
0.31702199789220026 	 0.0
0.31802199789220026 	 0.0
0.31902199789220026 	 0.0
0.32002199789220026 	 0.0
0.32102199789220026 	 0.0
0.32202199789220026 	 0.0
0.32302199789220026 	 0.0
0.32402199789220026 	 0.0
0.32502199789220027 	 0.0
0.32602199789220027 	 0.0
0.32702199789220027 	 0.0
0.32802199789220027 	 0.0
0.32902199789220027 	 0.0
0.33002199789220027 	 0.0
0.33102199789220027 	 0.0
0.33202199789220027 	 0.0
0.33302199789220027 	 0.0
0.3340219978922003 	 0.0
0.3350219978922003 	 0.0
0.3360219978922003 	 0.0
0.3370219978922003 	 0.0
0.3380219978922003 	 0.0
0.3390219978922003 	 0.0
0.3400219978922003 	 0.0
0.3410219978922003 	 0.0
0.3420219978922003 	 0.0
0.3430219978922003 	 0.0
0.3440219978922003 	 0.0
0.3450219978922003 	 0.0
0.3460219978922003 	 0.0
0.3470219978922003 	 0.0
0.3480219978922003 	 0.0
0.3490219978922003 	 0.0
0.3500219978922003 	 0.0
0.3510219978922003 	 0.0
0.3520219978922003 	 0.0
0.3530219978922003 	 0.0
0.3540219978922003 	 0.0
0.3550219978922003 	 0.0
0.3560219978922003 	 0.0
0.3570219978922003 	 0.0
0.3580219978922003 	 0.0
0.3590219978922003 	 0.0
0.3600219978922003 	 0.0
0.3610219978922003 	 0.0
0.3620219978922003 	 0.0
0.3630219978922003 	 0.0
0.3640219978922003 	 0.0
0.3650219978922003 	 0.0
0.3660219978922003 	 0.0
0.3670219978922003 	 0.0
0.3680219978922003 	 0.0
0.3690219978922003 	 0.0
0.3700219978922003 	 0.0
0.3710219978922003 	 0.0
0.3720219978922003 	 0.0
0.3730219978922003 	 0.0
0.3740219978922003 	 0.0
0.3750219978922003 	 0.0
0.3760219978922003 	 0.0
0.3770219978922003 	 0.0
0.3780219978922003 	 0.0
0.3790219978922003 	 0.0
0.3800219978922003 	 0.0
0.3810219978922003 	 0.0
0.3820219978922003 	 0.0
0.3830219978922003 	 0.0
0.3840219978922003 	 0.0
0.3850219978922003 	 0.0
0.3860219978922003 	 0.0
0.3870219978922003 	 0.0
0.3880219978922003 	 0.0
0.3890219978922003 	 0.0
0.3900219978922003 	 0.0
0.3910219978922003 	 0.0
0.3920219978922003 	 0.0
0.3930219978922003 	 0.0
0.3940219978922003 	 0.0
0.3950219978922003 	 0.0
0.39602199789220033 	 0.0
0.39702199789220033 	 0.0
0.39802199789220033 	 0.0
0.39902199789220033 	 0.0
0.40002199789220033 	 0.0
0.40102199789220033 	 0.0
0.40202199789220033 	 0.0
0.40302199789220033 	 0.0
0.40402199789220034 	 0.0
0.40502199789220034 	 0.0
0.40602199789220034 	 0.0
0.40702199789220034 	 0.0
0.40802199789220034 	 0.0
0.40902199789220034 	 0.0
0.41002199789220034 	 0.0
0.41102199789220034 	 0.0
0.41202199789220034 	 0.0
0.41302199789220034 	 0.0
0.41402199789220034 	 0.0
0.41502199789220034 	 0.0
0.41602199789220035 	 0.0
0.41702199789220035 	 0.0
0.41802199789220035 	 0.0
0.41902199789220035 	 0.0
0.42002199789220035 	 0.0
0.42102199789220035 	 0.0
0.42202199789220035 	 0.0
0.42302199789220035 	 0.0
0.42402199789220035 	 0.0
0.42502199789220035 	 0.0
0.42602199789220035 	 0.0
0.42702199789220036 	 0.0
0.42802199789220036 	 0.0
0.42902199789220036 	 0.0
0.43002199789220036 	 0.0
0.43102199789220036 	 0.0
0.43202199789220036 	 0.0
0.43302199789220036 	 0.0
0.43402199789220036 	 0.0
0.43502199789220036 	 0.0
0.43602199789220036 	 0.0
0.43702199789220036 	 0.0
0.43802199789220037 	 0.0
0.43902199789220037 	 0.0
0.44002199789220037 	 0.0
0.44102199789220037 	 0.0
0.44202199789220037 	 0.0
0.44302199789220037 	 0.0
0.44402199789220037 	 0.0
0.44502199789220037 	 0.0
0.4460219978922004 	 0.0
0.4470219978922004 	 0.0
0.4480219978922004 	 0.0
0.4490219978922004 	 0.0
0.4500219978922004 	 0.0
0.4510219978922004 	 0.0
0.4520219978922004 	 0.0
0.4530219978922004 	 0.0
0.4540219978922004 	 0.0
0.4550219978922004 	 0.0
0.4560219978922004 	 0.0
0.4570219978922004 	 0.0
0.4580219978922004 	 0.0
0.4590219978922004 	 0.0
0.4600219978922004 	 0.0
0.4610219978922004 	 0.0
0.4620219978922004 	 0.0
0.4630219978922004 	 0.0
0.4640219978922004 	 0.0
0.4650219978922004 	 0.0
0.4660219978922004 	 0.0
0.4670219978922004 	 0.0
0.4680219978922004 	 0.0
0.4690219978922004 	 0.0
0.4700219978922004 	 0.0
0.4710219978922004 	 0.0
0.4720219978922004 	 0.0
0.4730219978922004 	 0.0
0.4740219978922004 	 0.0
0.4750219978922004 	 0.0
0.4760219978922004 	 0.0
0.4770219978922004 	 0.0
0.4780219978922004 	 0.0
0.4790219978922004 	 0.0
0.4800219978922004 	 0.0
0.4810219978922004 	 0.0
0.4820219978922004 	 0.0
0.4830219978922004 	 0.0
0.4840219978922004 	 0.0
0.4850219978922004 	 0.0
0.4860219978922004 	 0.0
0.4870219978922004 	 0.0
0.4880219978922004 	 0.0
0.4890219978922004 	 0.0
0.4900219978922004 	 0.0
0.4910219978922004 	 0.0
0.4920219978922004 	 0.0
0.4930219978922004 	 0.0
0.4940219978922004 	 0.0
0.4950219978922004 	 0.0
0.4960219978922004 	 0.0
0.4970219978922004 	 0.0
0.4980219978922004 	 0.0
0.4990219978922004 	 0.0
0.5000219978922004 	 0.0
0.5010219978922004 	 0.0
0.5020219978922004 	 0.0
0.5030219978922004 	 0.0
0.5040219978922004 	 0.0
0.5050219978922004 	 0.0
0.5060219978922004 	 0.0
0.5070219978922004 	 0.0
0.5080219978922004 	 0.0
0.5090219978922004 	 0.0
0.5100219978922004 	 0.0
0.5110219978922004 	 0.0
0.5120219978922004 	 0.0
0.5130219978922004 	 0.0
0.5140219978922004 	 0.0
0.5150219978922004 	 0.0
0.5160219978922004 	 0.0
0.5170219978922004 	 0.0
0.5180219978922004 	 0.0
0.5190219978922004 	 0.0
0.5200219978922004 	 0.0
0.5210219978922004 	 0.0
0.5220219978922004 	 0.0
0.5230219978922004 	 0.0
0.5240219978922004 	 0.0
0.5250219978922004 	 0.0
0.5260219978922004 	 0.0
0.5270219978922004 	 0.0
0.5280219978922004 	 0.0
0.5290219978922004 	 0.0
0.5300219978922004 	 0.0
0.5310219978922004 	 0.0
0.5320219978922004 	 0.0
0.5330219978922004 	 0.0
0.5340219978922004 	 0.0
0.5350219978922004 	 0.0
0.5360219978922004 	 0.0
0.5370219978922004 	 0.0
0.5380219978922004 	 0.0
0.5390219978922004 	 0.0
0.5400219978922004 	 0.0
0.5410219978922004 	 0.0
0.5420219978922004 	 0.0
0.5430219978922004 	 0.0
0.5440219978922004 	 0.0
0.5450219978922004 	 0.0
0.5460219978922004 	 0.0
0.5470219978922004 	 0.0
0.5480219978922004 	 0.0
0.5490219978922004 	 0.0
0.5500219978922004 	 0.0
0.5510219978922004 	 0.0
0.5520219978922004 	 0.0
0.5530219978922004 	 0.0
0.5540219978922004 	 0.0
0.5550219978922004 	 0.0
0.5560219978922004 	 0.0
0.5570219978922004 	 0.0
0.5580219978922004 	 0.0
0.5590219978922004 	 0.0
0.5600219978922004 	 0.0
0.5610219978922004 	 0.0
0.5620219978922004 	 0.0
0.5630219978922004 	 0.0
0.5640219978922004 	 0.0
0.5650219978922004 	 0.0
0.5660219978922004 	 0.0
0.5670219978922004 	 0.0
0.5680219978922004 	 0.0
0.5690219978922004 	 0.0
0.5700219978922004 	 0.0
0.5710219978922004 	 0.0
0.5720219978922004 	 0.0
0.5730219978922004 	 0.0
0.5740219978922004 	 0.0
0.5750219978922004 	 0.0
0.5760219978922004 	 0.0
0.5770219978922004 	 0.0
0.5780219978922004 	 0.0
0.5790219978922004 	 0.0
0.5800219978922004 	 0.0
0.5810219978922004 	 0.0
0.5820219978922004 	 0.0
0.5830219978922004 	 0.0
0.5840219978922004 	 0.0
0.5850219978922004 	 0.0
0.5860219978922004 	 0.0
0.5870219978922004 	 0.0
0.5880219978922004 	 0.0
0.5890219978922004 	 0.0
0.5900219978922004 	 0.0
0.5910219978922004 	 0.0
0.5920219978922004 	 0.0
0.5930219978922004 	 0.0
0.5940219978922004 	 0.0
0.5950219978922004 	 0.0
0.5960219978922005 	 0.0
0.5970219978922005 	 0.0
0.5980219978922005 	 0.0
0.5990219978922005 	 0.0
0.6000219978922005 	 0.0
0.6010219978922005 	 0.0
0.6020219978922005 	 0.0
0.6030219978922005 	 0.0
0.6040219978922005 	 0.0
0.6050219978922005 	 0.0
0.6060219978922005 	 0.0
0.6070219978922005 	 0.0
0.6080219978922005 	 0.0
0.6090219978922005 	 0.0
0.6100219978922005 	 0.0
0.6110219978922005 	 0.0
0.6120219978922005 	 0.0
0.6130219978922005 	 0.0
0.6140219978922005 	 0.0
0.6150219978922005 	 0.0
0.6160219978922005 	 0.0
0.6170219978922005 	 0.0
0.6180219978922005 	 0.0
0.6190219978922005 	 0.0
0.6200219978922005 	 0.0
0.6210219978922005 	 0.0
0.6220219978922005 	 0.0
0.6230219978922005 	 0.0
0.6240219978922005 	 0.0
0.6250219978922005 	 0.0
0.6260219978922005 	 0.0
0.6270219978922005 	 0.0
0.6280219978922005 	 0.0
0.6290219978922005 	 0.0
0.6300219978922005 	 0.0
0.6310219978922005 	 0.0
0.6320219978922005 	 0.0
0.6330219978922005 	 0.0
0.6340219978922005 	 0.0
0.6350219978922005 	 0.0
0.6360219978922005 	 0.0
0.6370219978922005 	 0.0
0.6380219978922005 	 0.0
0.6390219978922005 	 0.0
0.6400219978922005 	 0.0
0.6410219978922005 	 0.0
0.6420219978922005 	 0.0
0.6430219978922005 	 0.0
0.6440219978922005 	 0.0
0.6450219978922005 	 0.0
0.6460219978922005 	 0.0
0.6470219978922005 	 0.0
0.6480219978922005 	 0.0
0.6490219978922005 	 0.0
0.6500219978922005 	 0.0
0.6510219978922005 	 0.0
0.6520219978922005 	 0.0
0.6530219978922005 	 0.0
0.6540219978922005 	 0.0
0.6550219978922005 	 0.0
0.6560219978922005 	 0.0
0.6570219978922005 	 0.0
0.6580219978922005 	 0.0
0.6590219978922005 	 0.0
0.6600219978922005 	 0.0
0.6610219978922005 	 0.0
0.6620219978922005 	 0.0
0.6630219978922005 	 0.0
0.6640219978922005 	 0.0
0.6650219978922005 	 0.0
0.6660219978922005 	 0.0
0.6670219978922005 	 0.0
0.6680219978922005 	 0.0
0.6690219978922005 	 0.0
0.6700219978922005 	 0.0
0.6710219978922005 	 0.0
0.6720219978922005 	 0.0
0.6730219978922005 	 0.0
0.6740219978922005 	 0.0
0.6750219978922005 	 0.0
0.6760219978922005 	 0.0
0.6770219978922005 	 0.0
0.6780219978922005 	 0.0
0.6790219978922005 	 0.0
0.6800219978922005 	 0.0
0.6810219978922005 	 0.0
0.6820219978922005 	 0.0
0.6830219978922005 	 0.0
0.6840219978922005 	 0.0
0.6850219978922005 	 0.0
0.6860219978922005 	 0.0
0.6870219978922005 	 0.0
0.6880219978922005 	 0.0
0.6890219978922005 	 0.0
0.6900219978922005 	 0.0
0.6910219978922005 	 0.0
0.6920219978922005 	 0.0
0.6930219978922005 	 0.0
0.6940219978922005 	 0.0
0.6950219978922005 	 0.0
0.6960219978922005 	 0.0
0.6970219978922005 	 0.0
0.6980219978922005 	 0.0
0.6990219978922005 	 0.0
0.7000219978922005 	 0.0
0.7010219978922005 	 0.0
0.7020219978922005 	 0.0
0.7030219978922005 	 0.0
0.7040219978922005 	 0.0
0.7050219978922005 	 0.0
0.7060219978922005 	 0.0
0.7070219978922005 	 0.0
0.7080219978922005 	 0.0
0.7090219978922006 	 0.0
0.7100219978922006 	 0.0
0.7110219978922006 	 0.0
0.7120219978922006 	 0.0
0.7130219978922006 	 0.0
0.7140219978922006 	 0.0
0.7150219978922006 	 0.0
0.7160219978922006 	 0.0
0.7170219978922006 	 0.0
0.7180219978922006 	 0.0
0.7190219978922006 	 0.0
0.7200219978922006 	 0.0
0.7210219978922006 	 0.0
0.7220219978922006 	 0.0
0.7230219978922006 	 0.0
0.7240219978922006 	 0.0
0.7250219978922006 	 0.0
0.7260219978922006 	 0.0
0.7270219978922006 	 0.0
0.7280219978922006 	 0.0
0.7290219978922006 	 0.0
0.7300219978922006 	 0.0
0.7310219978922006 	 0.0
0.7320219978922006 	 0.0
0.7330219978922006 	 0.0
0.7340219978922006 	 0.0
0.7350219978922006 	 0.0
0.7360219978922006 	 0.0
0.7370219978922006 	 0.0
0.7380219978922006 	 0.0
0.7390219978922006 	 0.0
0.7400219978922006 	 0.0
0.7410219978922006 	 0.0
0.7420219978922006 	 0.0
0.7430219978922006 	 0.0
0.7440219978922006 	 0.0
0.7450219978922006 	 0.0
0.7460219978922006 	 0.0
0.7470219978922006 	 0.0
0.7480219978922006 	 0.0
0.7490219978922006 	 0.0
0.7500219978922006 	 0.0
0.7510219978922006 	 0.0
0.7520219978922006 	 0.0
0.7530219978922006 	 0.0
0.7540219978922006 	 0.0
0.7550219978922006 	 0.0
0.7560219978922006 	 0.0
0.7570219978922006 	 0.0
0.7580219978922006 	 0.0
0.7590219978922006 	 0.0
0.7600219978922006 	 0.0
0.7610219978922006 	 0.0
0.7620219978922006 	 0.0
0.7630219978922006 	 0.0
0.7640219978922006 	 0.0
0.7650219978922006 	 0.0
0.7660219978922006 	 0.0
0.7670219978922006 	 0.0
0.7680219978922006 	 0.0
0.7690219978922006 	 0.0
0.7700219978922006 	 0.0
0.7710219978922006 	 0.0
0.7720219978922006 	 0.0
0.7730219978922006 	 0.0
0.7740219978922006 	 0.0
0.7750219978922006 	 0.0
0.7760219978922006 	 0.0
0.7770219978922006 	 0.0
0.7780219978922006 	 0.0
0.7790219978922006 	 0.0
0.7800219978922006 	 0.0
0.7810219978922006 	 0.0
0.7820219978922006 	 0.0
0.7830219978922006 	 0.0
0.7840219978922006 	 0.0
0.7850219978922006 	 0.0
0.7860219978922006 	 0.0
0.7870219978922006 	 0.0
0.7880219978922006 	 0.0
0.7890219978922006 	 0.0
0.7900219978922006 	 0.0
0.7910219978922006 	 0.0
0.7920219978922006 	 0.0
0.7930219978922006 	 0.0
0.7940219978922006 	 0.0
0.7950219978922006 	 0.0
0.7960219978922006 	 0.0
0.7970219978922006 	 0.0
0.7980219978922006 	 0.0
0.7990219978922006 	 0.0
0.8000219978922006 	 0.0
0.8010219978922006 	 0.0
0.8020219978922006 	 0.0
0.8030219978922006 	 0.0
0.8040219978922006 	 0.0
0.8050219978922006 	 0.0
0.8060219978922006 	 0.0
0.8070219978922006 	 0.0
0.8080219978922006 	 0.0
0.8090219978922006 	 0.0
0.8100219978922006 	 0.0
0.8110219978922006 	 0.0
0.8120219978922006 	 0.0
0.8130219978922006 	 0.0
0.8140219978922006 	 0.0
0.8150219978922006 	 0.0
0.8160219978922006 	 0.0
0.8170219978922006 	 0.0
0.8180219978922006 	 0.0
0.8190219978922006 	 0.0
0.8200219978922006 	 0.0
0.8210219978922007 	 0.0
0.8220219978922007 	 0.0
0.8230219978922007 	 0.0
0.8240219978922007 	 0.0
0.8250219978922007 	 0.0
0.8260219978922007 	 0.0
0.8270219978922007 	 0.0
0.8280219978922007 	 0.0
0.8290219978922007 	 0.0
0.8300219978922007 	 0.0
0.8310219978922007 	 0.0
0.8320219978922007 	 0.0
0.8330219978922007 	 0.0
0.8340219978922007 	 0.0
0.8350219978922007 	 0.0
0.8360219978922007 	 0.0
0.8370219978922007 	 0.0
0.8380219978922007 	 0.0
0.8390219978922007 	 0.0
0.8400219978922007 	 0.0
0.8410219978922007 	 0.0
0.8420219978922007 	 0.0
0.8430219978922007 	 0.0
0.8440219978922007 	 0.0
0.8450219978922007 	 0.0
0.8460219978922007 	 0.0
0.8470219978922007 	 0.0
0.8480219978922007 	 0.0
0.8490219978922007 	 0.0
0.8500219978922007 	 0.0
0.8510219978922007 	 0.0
0.8520219978922007 	 0.0
0.8530219978922007 	 0.0
0.8540219978922007 	 0.0
0.8550219978922007 	 0.0
0.8560219978922007 	 0.0
0.8570219978922007 	 0.0
0.8580219978922007 	 0.0
0.8590219978922007 	 0.0
0.8600219978922007 	 0.0
0.8610219978922007 	 0.0
0.8620219978922007 	 0.0
0.8630219978922007 	 0.0
0.8640219978922007 	 0.0
0.8650219978922007 	 0.0
0.8660219978922007 	 0.0
0.8670219978922007 	 0.0
0.8680219978922007 	 0.0
0.8690219978922007 	 0.0
0.8700219978922007 	 0.0
0.8710219978922007 	 0.0
0.8720219978922007 	 0.0
0.8730219978922007 	 0.0
0.8740219978922007 	 0.0
0.8750219978922007 	 0.0
0.8760219978922007 	 0.0
0.8770219978922007 	 0.0
0.8780219978922007 	 0.0
0.8790219978922007 	 0.0
0.8800219978922007 	 0.0
0.8810219978922007 	 0.0
0.8820219978922007 	 0.0
0.8830219978922007 	 0.0
0.8840219978922007 	 0.0
0.8850219978922007 	 0.0
0.8860219978922007 	 0.0
0.8870219978922007 	 0.0
0.8880219978922007 	 0.0
0.8890219978922007 	 0.0
0.8900219978922007 	 0.0
0.8910219978922007 	 0.0
0.8920219978922007 	 0.0
0.8930219978922007 	 0.0
0.8940219978922007 	 0.0
0.8950219978922007 	 0.0
0.8960219978922007 	 0.0
0.8970219978922007 	 0.0
0.8980219978922007 	 0.0
0.8990219978922007 	 0.0
0.9000219978922007 	 0.0
0.9010219978922007 	 0.0
0.9020219978922007 	 0.0
0.9030219978922007 	 0.0
0.9040219978922007 	 0.0
0.9050219978922007 	 0.0
0.9060219978922007 	 0.0
0.9070219978922007 	 0.0
0.9080219978922007 	 0.0
0.9090219978922007 	 0.0
0.9100219978922007 	 0.0
0.9110219978922007 	 0.0
0.9120219978922007 	 0.0
0.9130219978922007 	 0.0
0.9140219978922007 	 0.0
0.9150219978922007 	 0.0
0.9160219978922007 	 0.0
0.9170219978922007 	 0.0
0.9180219978922007 	 0.0
0.9190219978922007 	 0.0
0.9200219978922007 	 0.0
0.9210219978922007 	 0.0
0.9220219978922007 	 0.0
0.9230219978922007 	 0.0
0.9240219978922007 	 0.0
0.9250219978922007 	 0.0
0.9260219978922007 	 0.0
0.9270219978922007 	 0.0
0.9280219978922007 	 0.0
0.9290219978922007 	 0.0
0.9300219978922007 	 0.0
0.9310219978922007 	 0.0
0.9320219978922007 	 0.0
0.9330219978922007 	 0.0
0.9340219978922008 	 0.0
0.9350219978922008 	 0.0
0.9360219978922008 	 0.0
0.9370219978922008 	 0.0
0.9380219978922008 	 0.0
0.9390219978922008 	 0.0
0.9400219978922008 	 0.0
0.9410219978922008 	 0.0
0.9420219978922008 	 0.0
0.9430219978922008 	 0.0
0.9440219978922008 	 0.0
0.9450219978922008 	 0.0
0.9460219978922008 	 0.0
0.9470219978922008 	 0.0
0.9480219978922008 	 0.0
0.9490219978922008 	 0.0
0.9500219978922008 	 0.0
0.9510219978922008 	 0.0
0.9520219978922008 	 0.0
0.9530219978922008 	 0.0
0.9540219978922008 	 0.0
0.9550219978922008 	 0.0
0.9560219978922008 	 0.0
0.9570219978922008 	 0.0
0.9580219978922008 	 0.0
0.9590219978922008 	 0.0
0.9600219978922008 	 0.0
0.9610219978922008 	 0.0
0.9620219978922008 	 0.0
0.9630219978922008 	 0.0
0.9640219978922008 	 0.0
0.9650219978922008 	 0.0
0.9660219978922008 	 0.0
0.9670219978922008 	 0.0
0.9680219978922008 	 0.0
0.9690219978922008 	 0.0
0.9700219978922008 	 0.0
0.9710219978922008 	 0.0
0.9720219978922008 	 0.0
0.9730219978922008 	 0.0
0.9740219978922008 	 0.0
0.9750219978922008 	 0.0
0.9760219978922008 	 0.0
0.9770219978922008 	 0.0
0.9780219978922008 	 0.0
0.9790219978922008 	 0.0
0.9800219978922008 	 0.0
0.9810219978922008 	 0.0
0.9820219978922008 	 0.0
0.9830219978922008 	 0.0
0.9840219978922008 	 0.0
0.9850219978922008 	 0.0
0.9860219978922008 	 0.0
0.9870219978922008 	 0.0
0.9880219978922008 	 0.0029988602062144183
0.9890219978922008 	 0.012665469992304067
0.9900219978922008 	 0.027401048818181506
0.9910219978922008 	 0.047206435512096856
0.9920219978922008 	 0.0723701591634564
0.9930219978922008 	 0.1032753131532548
0.9940219978922008 	 0.1403113842212453
0.9950219978922008 	 0.18379875230546672
0.9960219978922008 	 0.2322203613253251
0.9970219978922008 	 0.28323365783971516
0.9980219978922008 	 0.3356491344149802
0.9990219978922008 	 0.38766995713863145
1.0000219978922007 	 0.4373849595347017
1.0010219978922006 	 0.4830040958657804
1.0020219978922005 	 0.5230564358289653
1.0030219978922004 	 0.5565256926817853
1.0040219978922003 	 0.5829031373470941
1.0050219978922001 	 0.6021598941735904
1.0060219978922 	 0.6146599065108759
1.0070219978922 	 0.6210434685637509
1.0080219978921998 	 0.622108898914529
1.0090219978921997 	 0.6187111090160166
1.0100219978921996 	 0.6116856744116791
1.0110219978921995 	 0.6017990164361453
1.0120219978921994 	 0.5897204720673954
1.0130219978921993 	 0.5760103512454343
1.0140219978921992 	 0.5611178912895579
1.015021997892199 	 0.5453874204163484
1.016021997892199 	 0.5290809925038836
1.0170219978921988 	 0.5124927956900998
1.0180219978921987 	 0.49639059285451825
1.0190219978921986 	 0.48255593216409765
1.0200219978921985 	 0.4704229672284795
1.0210219978921984 	 0.4576730061735072
1.0220219978921983 	 0.444043767678577
1.0230219978921982 	 0.4303331163068902
1.024021997892198 	 0.41688179526156094
1.025021997892198 	 0.40384197753117196
1.0260219978921978 	 0.39125906084856876
1.0270219978921977 	 0.379146118784872
1.0280219978921976 	 0.3674987767660239
1.0290219978921975 	 0.3563059568438767
1.0300219978921974 	 0.34555288016975905
1.0310219978921973 	 0.3352230858410701
1.0320219978921972 	 0.32529931926849864
1.033021997892197 	 0.3157641107562068
1.034021997892197 	 0.3066001150698711
1.0350219978921968 	 0.2977903356617301
1.0360219978921967 	 0.28931826879876416
1.0370219978921966 	 0.2811679963649076
1.0380219978921965 	 0.2733242422749812
1.0390219978921964 	 0.2657724031448171
1.0400219978921963 	 0.258498560350575
1.0410219978921962 	 0.25148947867176796
1.042021997892196 	 0.24473259531889116
1.043021997892196 	 0.2382160021868301
1.0440219978921959 	 0.23192842346815093
1.0450219978921957 	 0.22585919023466083
1.0460219978921956 	 0.21999821318667784
1.0470219978921955 	 0.21433595452932241
1.0480219978921954 	 0.20886339953544947
1.0490219978921953 	 0.20357202841930344
1.0500219978921952 	 0.198453788801318
1.051021997892195 	 0.19350106902953415
1.052021997892195 	 0.18870667251521564
1.0530219978921949 	 0.18406379325526542
1.0540219978921948 	 0.17956599247880836
1.0550219978921946 	 0.17520717657623458
1.0560219978921945 	 0.17098157622568158
1.0570219978921944 	 0.16688372672902385
1.0580219978921943 	 0.16290844951885583
1.0590219978921942 	 0.1590508347951411
1.060021997892194 	 0.15530622524287355
1.061021997892194 	 0.15167020077892293
1.0620219978921939 	 0.14813854840608448
1.0630219978921938 	 0.14470709192684067
1.0640219978921936 	 0.141372062918679
1.0650219978921935 	 0.1381298812589858
1.0660219978921934 	 0.13497712886120777
1.0670219978921933 	 0.13191054843532607
1.0680219978921932 	 0.1289270359809354
1.069021997892193 	 0.12602363253537818
1.070021997892193 	 0.12319751628879125
1.0710219978921929 	 0.12044599480788978
1.0720219978921928 	 0.11776649797030336
1.0730219978921927 	 0.11515657111587609
1.0740219978921925 	 0.1126138687086973
1.0750219978921924 	 0.11013614837474124
1.0760219978921923 	 0.10772126530193138
1.0770219978921922 	 0.10536716703308295
1.078021997892192 	 0.10307188849457342
1.079021997892192 	 0.10083354741965427
1.0800219978921919 	 0.09865034000168929
1.0810219978921918 	 0.09652053686415345
1.0820219978921917 	 0.09444247919096148
1.0830219978921916 	 0.09241457516655349
1.0840219978921914 	 0.09043529662830951
1.0850219978921913 	 0.08850317582748146
1.0860219978921912 	 0.08661680253859713
1.0870219978921911 	 0.08477482117117352
1.088021997892191 	 0.08297592813534767
1.089021997892191 	 0.08121886937946148
1.0900219978921908 	 0.07950243803801559
1.0910219978921907 	 0.0778254721807672
1.0920219978921906 	 0.0761868527280423
1.0930219978921905 	 0.07458550146797502
1.0940219978921903 	 0.07302037926914969
1.0950219978921902 	 0.0714904841736731
1.0960219978921901 	 0.06999484983170541
1.09702199789219 	 0.0685325439105721
1.09802199789219 	 0.0671026665518999
1.0990219978921898 	 0.0657043490096539
1.1000219978921897 	 0.06433675216292524
1.1010219978921896 	 0.06299906597597207
1.1020219978921895 	 0.06169053430102334
1.1030219978921894 	 0.060410387830220805
1.1040219978921892 	 0.05915787670902656
1.1050219978921891 	 0.057932281488004014
1.106021997892189 	 0.0567329113170723
1.107021997892189 	 0.05555910234722404
1.1080219978921888 	 0.054410216141632474
1.1090219978921887 	 0.05328563825540703
1.1100219978921886 	 0.052184776903373406
1.1110219978921885 	 0.051107061659641684
1.1120219978921884 	 0.05005193695303541
1.1130219978921883 	 0.04901884691343479
1.1140219978921881 	 0.048007251009668996
1.115021997892188 	 0.04701662784440472
1.116021997892188 	 0.04604647425435691
1.1170219978921878 	 0.045096304304957376
1.1180219978921877 	 0.04416564850173856
1.1190219978921876 	 0.04325405296991255
1.1200219978921875 	 0.04236107865971364
1.1210219978921874 	 0.04148630069443022
1.1220219978921873 	 0.04062930518297601
1.1230219978921872 	 0.03978968239654496
1.124021997892187 	 0.038967033578112334
1.125021997892187 	 0.03816097265244598
1.1260219978921868 	 0.03737112557409836
1.1270219978921867 	 0.03659712985004863
1.1280219978921866 	 0.03583863398997731
1.1290219978921865 	 0.03509529708257052
1.1300219978921864 	 0.03436678826330402
1.1310219978921863 	 0.03365278638002942
1.1320219978921862 	 0.032952978224841584
1.133021997892186 	 0.03226705495712811
1.134021997892186 	 0.03159471560663599
1.1350219978921858 	 0.030935344675548156
1.1360219978921857 	 0.030289325268447707
1.1370219978921856 	 0.029656036551064302
1.1380219978921855 	 0.02903521034933396
1.1390219978921854 	 0.02842658587416879
1.1400219978921853 	 0.027829909475814416
1.1410219978921852 	 0.02724493430907252
1.142021997892185 	 0.026671419504366176
1.143021997892185 	 0.026109128189429544
1.1440219978921848 	 0.025557829315472253
1.1450219978921847 	 0.025017297981554366
1.1460219978921846 	 0.024487315251376016
1.1470219978921845 	 0.023967667883977535
1.1480219978921844 	 0.023458148189880866
1.1490219978921843 	 0.022958553810573178
1.1500219978921842 	 0.022468687508728866
1.151021997892184 	 0.021988357047252577
1.152021997892184 	 0.021517374628420956
1.1530219978921838 	 0.021055555891021347
1.1540219978921837 	 0.02060272079372722
1.1550219978921836 	 0.020158693799227315
1.1560219978921835 	 0.019723303703723435
1.1570219978921834 	 0.0192963834955822
1.1580219978921833 	 0.018877770246093068
1.1590219978921832 	 0.018467304934839755
1.160021997892183 	 0.018064832375848546
1.161021997892183 	 0.017670201055040465
1.1620219978921829 	 0.017283262866049438
1.1630219978921827 	 0.016903872550455005
1.1640219978921826 	 0.016531888119794735
1.1650219978921825 	 0.016167170943471774
1.1660219978921824 	 0.0158095856073786
1.1670219978921823 	 0.01545899985682022
1.1680219978921822 	 0.015115284485163616
1.169021997892182 	 0.014778313227863668
1.170021997892182 	 0.014447962713502738
1.1710219978921819 	 0.014124112346035111
1.1720219978921818 	 0.013806644163933561
1.1730219978921816 	 0.013495442528484662
1.1740219978921815 	 0.013190394334093969
1.1750219978921814 	 0.012891389005894514
1.1760219978921813 	 0.012598318413717955
1.1770219978921812 	 0.012311076835866089
1.178021997892181 	 0.012029560864105946
1.179021997892181 	 0.011753669357707544
1.1800219978921809 	 0.011483303382233833
1.1810219978921808 	 0.011218366136806733
1.1820219978921807 	 0.010958762883104057
1.1830219978921805 	 0.010704400788245035
1.1840219978921804 	 0.010455188597633497
1.1850219978921803 	 0.010211037809948236
1.1860219978921802 	 0.009971860847822353
1.18702199789218 	 0.009737572874770681
1.18802199789218 	 0.009508090778240198
1.1890219978921799 	 0.009283332929782584
1.1900219978921798 	 0.00906321942065304
1.1910219978921797 	 0.00884767200821018
1.1920219978921796 	 0.00863661408073957
1.1930219978921794 	 0.008429970598778406
1.1940219978921793 	 0.008227668065196425
1.1950219978921792 	 0.008029634512296022
1.1960219978921791 	 0.00783579945554088
1.197021997892179 	 0.007646093855277367
1.198021997892179 	 0.007460450093065169
1.1990219978921788 	 0.0072788019297907
1.2000219978921787 	 0.007101084484380811
1.2010219978921786 	 0.006927234195295758
1.2020219978921785 	 0.006757188801760405
1.2030219978921783 	 0.0065908873487238746
1.2040219978921782 	 0.0064282701223384526
1.2050219978921781 	 0.006269278606144393
1.206021997892178 	 0.006113855471238963
1.207021997892178 	 0.005961944535952035
1.2080219978921778 	 0.005813490753897078
1.2090219978921777 	 0.005668440183211427
1.2100219978921776 	 0.005526739964134173
1.2110219978921775 	 0.005388338302622702
1.2120219978921773 	 0.005253184465494067
1.2130219978921772 	 0.005121228802700556
1.2140219978921771 	 0.004992422677126855
1.215021997892177 	 0.004866718421404078
1.216021997892177 	 0.004744069317454629
1.2170219978921768 	 0.004624429584917641
1.2180219978921767 	 0.004507754358150777
1.2190219978921766 	 0.004393999675308773
1.2200219978921765 	 0.00428312245982593
1.2210219978921764 	 0.0041750804996097315
1.2220219978921762 	 0.004069832465005658
1.2230219978921761 	 0.00396733794942944
1.224021997892176 	 0.0038675573771210165
1.225021997892176 	 0.0037704519721276342
1.2260219978921758 	 0.0036759837454971096
1.2270219978921757 	 0.003584115478492128
1.2280219978921756 	 0.0034948107167364043
1.2290219978921755 	 0.003408033755951961
1.2300219978921754 	 0.0033237496283611964
1.2310219978921753 	 0.0032419240976261253
1.2320219978921751 	 0.0031625236673620337
1.233021997892175 	 0.0030855156418397537
1.234021997892175 	 0.0030108680314591832
1.2350219978921748 	 0.0029385495214163254
1.2360219978921747 	 0.002868529463460435
1.2370219978921746 	 0.002800777867846784
1.2380219978921745 	 0.0027352653957409723
1.2390219978921744 	 0.0026719633517814922
1.2400219978921743 	 0.0026108436768456753
1.2410219978921742 	 0.002551878941010895
1.242021997892174 	 0.002495042362572462
1.243021997892174 	 0.002440307867982583
1.2440219978921738 	 0.002387650004050395
1.2450219978921737 	 0.0023370439092981706
1.2460219978921736 	 0.002288465309264722
1.2470219978921735 	 0.002241890511925003
1.2480219978921734 	 0.0021972964035068447
1.2490219978921733 	 0.002154660444394607
1.2500219978921732 	 0.0021139606651715097
1.251021997892173 	 0.002075175662794104
1.252021997892173 	 0.002038284622387877
1.2530219978921728 	 0.002003267379953145
1.2540219978921727 	 0.0019701043417225694
1.2550219978921726 	 0.0019387764571836984
1.2560219978921725 	 0.0019092652187541602
1.2570219978921724 	 0.0018815526598724844
1.2580219978921723 	 0.0018556213538104959
1.2590219978921722 	 0.0018314544125322533
1.260021997892172 	 0.0018090354856592958
1.261021997892172 	 0.0017883487595360197
1.2620219978921718 	 0.0017693789815372409
1.2630219978921717 	 0.00175211152652646
1.2640219978921716 	 0.0017365323212343313
1.2650219978921715 	 0.001722627822744479
1.2660219978921714 	 0.001710385019677978
1.2670219978921713 	 0.0016997914334224656
1.2680219978921712 	 0.001690835119808916
1.269021997892171 	 0.001683504670819568
1.270021997892171 	 0.0016777892163986612
1.2710219978921709 	 0.0016736784263574572
1.2720219978921707 	 0.001671162537377336
1.2730219978921706 	 0.001670232423829156
1.2740219978921705 	 0.001670879528410411
1.2750219978921704 	 0.001673095844012957
1.2760219978921703 	 0.0016768739177782104
1.2770219978921702 	 0.0016822068551905862
1.27802199789217 	 0.0016890883247603215
1.27902199789217 	 0.0016975125627404616
1.2800219978921699 	 0.0017074743779691452
1.2810219978921698 	 0.001718969156819713
1.2820219978921696 	 0.0017319928932700212
1.2830219978921695 	 0.0017465422598559243
1.2840219978921694 	 0.0017626145506495384
1.2850219978921693 	 0.0017802076643676091
1.2860219978921692 	 0.0017993201122691233
1.287021997892169 	 0.0018199510253660033
1.288021997892169 	 0.0018421001624934184
1.2890219978921689 	 0.001865767918412854
1.2900219978921688 	 0.0018909553258614552
1.2910219978921686 	 0.0019176640507868098
1.2920219978921685 	 0.0019458964617180305
1.2930219978921684 	 0.00197565567867706
1.2940219978921683 	 0.0020069455255337315
1.2950219978921682 	 0.0020397705231387443
1.296021997892168 	 0.002074135899851448
1.297021997892168 	 0.0021100476021198625
1.2980219978921679 	 0.002147512306367553
1.2990219978921678 	 0.002186537423612919
1.3000219978921677 	 0.0022271310638421
1.3010219978921675 	 0.002269302146122613
1.3020219978921674 	 0.00231306038774896
1.3030219978921673 	 0.002358416326525363
1.3040219978921672 	 0.00240538131415944
1.305021997892167 	 0.0024539675235424343
1.306021997892167 	 0.0025041879625255525
1.3070219978921669 	 0.002556056487135609
1.3080219978921668 	 0.0026095878171188995
1.3090219978921667 	 0.0026647975509301973
1.3100219978921666 	 0.0027217021807043455
1.3110219978921664 	 0.0027803191070596396
1.3120219978921663 	 0.0028406666296703193
1.3130219978921662 	 0.0029027638957493294
1.3140219978921661 	 0.0029666309764548623
1.315021997892166 	 0.0030322889014178637
1.316021997892166 	 0.003099759672760957
1.3170219978921658 	 0.0031690662779764425
1.3180219978921657 	 0.003240232705878351
1.3190219978921656 	 0.0033132839612604755
1.3200219978921655 	 0.003388246078676072
1.3210219978921653 	 0.003465146134759199
1.3220219978921652 	 0.0035440121732567636
1.3230219978921651 	 0.003624872970502145
1.324021997892165 	 0.003707758265934315
1.325021997892165 	 0.003792698841072638
1.3260219978921648 	 0.0038797265240956284
1.3270219978921647 	 0.003968874190772214
1.3280219978921646 	 0.004060175768777797
1.3290219978921645 	 0.0041536662446408495
1.3300219978921644 	 0.00424938165363213
1.3310219978921642 	 0.004347346284650757
1.3320219978921641 	 0.004447568871107305
1.333021997892164 	 0.0045501018218427995
1.334021997892164 	 0.004654987180934123
1.3350219978921638 	 0.004762265485220549
1.3360219978921637 	 0.004871977232005183
1.3370219978921636 	 0.0049841632722432885
1.3380219978921635 	 0.005098864928261339
1.3390219978921634 	 0.005216124028689759
1.3400219978921633 	 0.005335982893529033
1.3410219978921631 	 0.005458484288706383
1.342021997892163 	 0.005583671017731717
1.343021997892163 	 0.0057115848709169605
1.3440219978921628 	 0.005842267394016853
1.3450219978921627 	 0.0059757600513273565
1.3460219978921626 	 0.006112104085708012
1.3470219978921625 	 0.006251340351874933
1.3480219978921624 	 0.006393509160143079
1.3490219978921623 	 0.00653865009141433
1.3500219978921622 	 0.0066868017875487094
1.351021997892162 	 0.006838001711631276
1.352021997892162 	 0.006992285368215626
1.3530219978921618 	 0.007149684570945123
1.3540219978921617 	 0.00731022842510436
1.3550219978921616 	 0.007473943393958154
1.3560219978921615 	 0.007640852898973879
1.3570219978921614 	 0.0078109768661577435
1.3580219978921613 	 0.007984331291206865
1.3590219978921612 	 0.008160927747772242
1.360021997892161 	 0.008340772842363897
1.361021997892161 	 0.008523867611165593
1.3620219978921608 	 0.00871020620746285
1.3630219978921607 	 0.008899773415821578
1.3640219978921606 	 0.009092545549068938
1.3650219978921605 	 0.009288490173686053
1.3660219978921604 	 0.009487565227951657
1.3670219978921603 	 0.009689718046852642
1.3680219978921602 	 0.009894884444138292
1.36902199789216 	 0.010102987704245113
1.37002199789216 	 0.01031393749981925
1.3710219978921598 	 0.010527628733025322
1.3720219978921597 	 0.010743939640735374
1.3730219978921596 	 0.010962728795677182
1.3740219978921595 	 0.011183835511034199
1.3750219978921594 	 0.011407079075521319
1.3760219978921593 	 0.011632257409357773
1.3770219978921592 	 0.011859145664493333
1.378021997892159 	 0.012087494994168845
1.379021997892159 	 0.0123170313034683
1.3800219978921588 	 0.012547454033502888
1.3810219978921587 	 0.012778435004461923
1.3820219978921586 	 0.01300961690201376
1.3830219978921585 	 0.013240611198586431
1.3840219978921584 	 0.013470998627093013
1.3850219978921583 	 0.013700329011798653
1.3860219978921582 	 0.013928121155053203
1.387021997892158 	 0.014153862893760433
1.388021997892158 	 0.014377011589790796
1.3890219978921579 	 0.014596995025385239
1.3900219978921577 	 0.014813212771031845
1.3910219978921576 	 0.015025038098722288
1.3920219978921575 	 0.015231820487378062
1.3930219978921574 	 0.015432888573558977
1.3940219978921573 	 0.01562755390072738
1.3950219978921572 	 0.015815115328814917
1.396021997892157 	 0.015994864145028896
1.397021997892157 	 0.016166089920246027
1.3980219978921569 	 0.016328086854788388
1.3990219978921568 	 0.016480160809605134
1.4000219978921566 	 0.016621636932382514
1.4010219978921565 	 0.016751867783670646
1.4020219978921564 	 0.01687024236043977
1.4030219978921563 	 0.016976196079428855
1.4040219978921562 	 0.01706921818525533
1.405021997892156 	 0.0171488599898355
1.406021997892156 	 0.017214743233541982
1.4070219978921559 	 0.017266567961215656
1.4080219978921558 	 0.017304119619484432
1.4090219978921557 	 0.017327275248040175
1.4100219978921555 	 0.017336008555766867
1.4110219978921554 	 0.017330393673110914
1.4120219978921553 	 0.01731060836478006
1.4130219978921552 	 0.017276937038363648
1.414021997892155 	 0.017229767407820822
1.415021997892155 	 0.017169587119296278
1.4160219978921549 	 0.01709697947711883
1.4170219978921548 	 0.017012617582049944
1.4180219978921547 	 0.016917257049244287
1.4190219978921546 	 0.016811727415395133
1.4200219978921544 	 0.016696922444130156
1.4210219978921543 	 0.016573789542944032
1.4220219978921542 	 0.01644331949258823
1.4230219978921541 	 0.016306537530024617
1.424021997892154 	 0.016164488884673575
1.425021997892154 	 0.016018226451508733
1.4260219978921538 	 0.015868799693345943
1.4270219978921537 	 0.015717244129640196
1.4280219978921536 	 0.015564571711780979
1.4290219978921535 	 0.01541176209402894
1.4300219978921533 	 0.015259754931748437
1.4310219978921532 	 0.01510944326840377
1.4320219978921531 	 0.014961668900279824
1.433021997892153 	 0.014817220261386144
1.434021997892153 	 0.014676826895179696
1.4350219978921528 	 0.014541156502931613
1.4360219978921527 	 0.0144108138462071
1.4370219978921526 	 0.014286340500750089
1.4380219978921525 	 0.014168215545261596
1.4390219978921523 	 0.014056856910547854
1.4400219978921522 	 0.01395262331536064
1.4410219978921521 	 0.013855816677501409
1.442021997892152 	 0.01376668552935251
1.443021997892152 	 0.013685429939311461
1.4440219978921518 	 0.013612202960809328
1.4450219978921517 	 0.013547113547308566
1.4460219978921516 	 0.013490230087525593
1.4470219978921515 	 0.013441583904844378
1.4480219978921514 	 0.013401172828998482
1.4490219978921512 	 0.013368964635950845
1.4500219978921511 	 0.013344900340487399
1.451021997892151 	 0.013328897319828585
1.452021997892151 	 0.013320852697560096
1.4530219978921508 	 0.013320647471583883
1.4540219978921507 	 0.013328147779218282
1.4550219978921506 	 0.01334320690102472
1.4560219978921505 	 0.013365667456576887
1.4570219978921504 	 0.013395363369232886
1.4580219978921503 	 0.013432121776278925
1.4590219978921501 	 0.013475764710346417
1.46002199789215 	 0.013526110591502518
1.46102199789215 	 0.013582975534643623
1.4620219978921498 	 0.0136461748095589
1.4630219978921497 	 0.013715524849501231
1.4640219978921496 	 0.013790843226586757
1.4650219978921495 	 0.013871949154100704
1.4660219978921494 	 0.01395866413171475
1.4670219978921493 	 0.014050812425896838
1.4680219978921492 	 0.014148221667832696
1.469021997892149 	 0.014250723294857407
1.470021997892149 	 0.01435815288774871
1.4710219978921488 	 0.014470350432473807
1.4720219978921487 	 0.014587160748989442
1.4730219978921486 	 0.014708434356253129
1.4740219978921485 	 0.01483402691530221
1.4750219978921484 	 0.014963799097608322
1.4760219978921483 	 0.015097616589233134
1.4770219978921482 	 0.015235349992745569
1.478021997892148 	 0.015376874929194578
1.479021997892148 	 0.015522072072829702
1.4800219978921478 	 0.015670826960920016
1.4810219978921477 	 0.015823030108453182
1.4820219978921476 	 0.0159785769346716
1.4830219978921475 	 0.016137368309095953
1.4840219978921474 	 0.01629930990788127
1.4850219978921473 	 0.016464311930843276
1.4860219978921472 	 0.016632288945932782
1.487021997892147 	 0.01680315965972163
1.488021997892147 	 0.016976846902494992
1.4890219978921468 	 0.01715327753531226
1.4900219978921467 	 0.017332382321782705
1.4910219978921466 	 0.017514095784204615
1.4920219978921465 	 0.017698356236987314
1.4930219978921464 	 0.017885106268498773
1.4940219978921463 	 0.018074292055532102
1.4950219978921462 	 0.018265863060317526
1.496021997892146 	 0.01845977186979543
1.497021997892146 	 0.018655973972333078
1.4980219978921459 	 0.018854427738164096
1.4990219978921457 	 0.019055094331736026
1.5000219978921456 	 0.019257937594771492
1.5010219978921455 	 0.019462923911963945
1.5020219978921454 	 0.019670022304997033
1.5030219978921453 	 0.019879205102692473
1.5040219978921452 	 0.02009044709393277
1.505021997892145 	 0.020303725289602528
1.506021997892145 	 0.020519018655154916
1.5070219978921449 	 0.02073630804688124
1.5080219978921447 	 0.02095557614213123
1.5090219978921446 	 0.021176807354502135
1.5100219978921445 	 0.021399987736174728
1.5110219978921444 	 0.0216251048675621
1.5120219978921443 	 0.02185214809843532
1.5130219978921442 	 0.022081109503075715
1.514021997892144 	 0.022311982758778427
1.515021997892144 	 0.022544762729055697
1.5160219978921439 	 0.022779445365435295
1.5170219978921438 	 0.023016027607620275
1.5180219978921436 	 0.023254507286619253
1.5190219978921435 	 0.02349488302552994
1.5200219978921434 	 0.02373715413837093
1.5210219978921433 	 0.023981320424895248
1.5220219978921432 	 0.024227382521307635
1.523021997892143 	 0.024475343709020353
1.524021997892143 	 0.024725208052876688
1.5250219978921429 	 0.02497697975479572
1.5260219978921428 	 0.025230651983634278
1.5270219978921427 	 0.025486221395615027
1.5280219978921425 	 0.025743691394198808
1.5290219978921424 	 0.02600306505339659
1.5300219978921423 	 0.026264344642258283
1.5310219978921422 	 0.026527532019579598
1.532021997892142 	 0.026792629351234366
1.533021997892142 	 0.02705964052053214
1.5340219978921419 	 0.02732856897422876
1.5350219978921418 	 0.027599416914223962
1.5360219978921417 	 0.027872185214989055
1.5370219978921416 	 0.028146873437339678
1.5380219978921414 	 0.028423479379131367
1.5390219978921413 	 0.028701998752435814
1.5400219978921412 	 0.028982424935427447
1.5410219978921411 	 0.029264748829827485
1.542021997892141 	 0.029548959781130448
1.543021997892141 	 0.02983504729188716
1.5440219978921408 	 0.03012299815356511
1.5450219978921407 	 0.03041279534219751
1.5460219978921406 	 0.030704417805044626
1.5470219978921405 	 0.03099784052077731
1.5480219978921403 	 0.031293033570786076
1.5490219978921402 	 0.03158996151286113
1.5500219978921401 	 0.03188858286842443
1.55102199789214 	 0.032188849796659494
1.55202199789214 	 0.03249070908479739
1.5530219978921398 	 0.03279410354054955
1.5540219978921397 	 0.03309896842051046
1.5550219978921396 	 0.03340522985644071
1.5560219978921395 	 0.033712804402445604
1.5570219978921394 	 0.0340215990224909
1.5580219978921392 	 0.0343315094918893
1.5590219978921391 	 0.034642419294934765
1.560021997892139 	 0.03495419881388904
1.561021997892139 	 0.03526670485833869
1.5620219978921388 	 0.03557978181935064
1.5630219978921387 	 0.03589326255445934
1.5640219978921386 	 0.03620696502192209
1.5650219978921385 	 0.03652069125254393
1.5660219978921384 	 0.03683422794317887
1.5670219978921383 	 0.03714734826526734
1.5680219978921381 	 0.037459440298407067
1.569021997892138 	 0.03776993650255129
1.570021997892138 	 0.03807884528309432
1.5710219978921378 	 0.03838597328748101
1.5720219978921377 	 0.03869110083979552
1.5730219978921376 	 0.03899401504145696
1.5740219978921375 	 0.03929453007349082
1.5750219978921374 	 0.039592510517125125
1.5760219978921373 	 0.039887901158854704
1.5770219978921372 	 0.04018076542661092
1.578021997892137 	 0.04047133044361526
1.579021997892137 	 0.04076004460575147
1.5800219978921368 	 0.041047648107266625
1.5810219978921367 	 0.041335256694665645
1.5820219978921366 	 0.04162445715258828
1.5830219978921365 	 0.041917405018110934
1.5840219978921364 	 0.042216918655196306
1.5850219978921363 	 0.04252655265041459
1.5860219978921362 	 0.04285062660361889
1.587021997892136 	 0.043194178467246526
1.588021997892136 	 0.04356280334100443
1.5890219978921358 	 0.04396235250357055
1.5900219978921357 	 0.04439847958631311
1.5910219978921356 	 0.044876055330151474
1.5920219978921355 	 0.04539851684706507
1.5930219978921354 	 0.045967258202236336
1.5940219978921353 	 0.04658120918403723
1.5950219978921352 	 0.04723671647658268
1.596021997892135 	 0.04792778826202506
1.597021997892135 	 0.04864667355187562
1.5980219978921348 	 0.04938465571422435
1.5990219978921347 	 0.05013290040470254
1.6000219978921346 	 0.05088320024688646
1.6010219978921345 	 0.05162850957651254
1.6020219978921344 	 0.05236323010267801
1.6030219978921343 	 0.053083263809983676
1.6040219978921342 	 0.05378591035462629
1.605021997892134 	 0.054469659843710536
1.606021997892134 	 0.055133943166943894
1.6070219978921338 	 0.05577888484743379
1.6080219978921337 	 0.05640508189707943
1.6090219978921336 	 0.05701342294131515
1.6100219978921335 	 0.05760494852795245
1.6110219978921334 	 0.058180749711354104
1.6120219978921333 	 0.0587418948766626
1.6130219978921332 	 0.05928937419508984
1.614021997892133 	 0.05982408235218738
1.615021997892133 	 0.060346807980648134
1.6160219978921329 	 0.060858229387719405
1.6170219978921327 	 0.06135891568091644
1.6180219978921326 	 0.061849333359260836
1.6190219978921325 	 0.062329853790847566
1.6200219978921324 	 0.06280076219223667
1.6210219978921323 	 0.06326226673631173
1.6220219978921322 	 0.0637145024347121
1.623021997892132 	 0.06415752932522806
1.624021997892132 	 0.06459135317511022
1.6250219978921319 	 0.0650159371434351
1.6260219978921318 	 0.0654312082148136
1.6270219978921316 	 0.06583706218093403
1.6280219978921315 	 0.06623337140874905
1.6290219978921314 	 0.0666199908453958
1.6300219978921313 	 0.06699676314058196
1.6310219978921312 	 0.06736352224764235
1.632021997892131 	 0.06772009098183612
1.633021997892131 	 0.0680662752813304
1.6340219978921309 	 0.0684018809523106
1.6350219978921308 	 0.0687267204937317
1.6360219978921307 	 0.06904061503462859
1.6370219978921305 	 0.06934339391041425
1.6380219978921304 	 0.06963490006961466
1.6390219978921303 	 0.06991499325986696
1.6400219978921302 	 0.07018355172602518
1.64102199789213 	 0.07044047274929026
1.64202199789213 	 0.07068566701943203
1.6430219978921299 	 0.07091905383968011
1.6440219978921298 	 0.0711405730032246
1.6450219978921297 	 0.07135018845803252
1.6460219978921296 	 0.07154788761048525
1.6470219978921294 	 0.0717336778622176
1.6480219978921293 	 0.0719075904403013
1.6490219978921292 	 0.07206968125173759
1.650021997892129 	 0.07222003039901999
1.651021997892129 	 0.0723587404374437
1.652021997892129 	 0.07248592996123678
1.6530219978921288 	 0.0726017309325525
1.6540219978921287 	 0.07270629412994681
1.6550219978921286 	 0.07279978969732231
1.6560219978921285 	 0.07288240445015204
1.6570219978921283 	 0.07295433702576505
1.6580219978921282 	 0.07301579966669265
1.6590219978921281 	 0.07306701730443826
1.660021997892128 	 0.07310822582308246
1.661021997892128 	 0.0731396692831551
1.6620219978921278 	 0.07316159420824044
1.6630219978921277 	 0.07317425087644301
1.6640219978921276 	 0.07317789236496618
1.6650219978921275 	 0.07317277311002003
1.6660219978921273 	 0.07315914628339781
1.6670219978921272 	 0.07313725982799292
1.6680219978921271 	 0.07310735715887216
1.669021997892127 	 0.07306967636615962
1.670021997892127 	 0.07302444883865129
1.6710219978921268 	 0.07297189743509634
1.6720219978921267 	 0.07291223495152266
1.6730219978921266 	 0.07284566820452953
1.6740219978921265 	 0.07277239443420164
1.6750219978921264 	 0.0726925997026937
1.6760219978921262 	 0.07260645812074247
1.6770219978921261 	 0.07251413056934361
1.678021997892126 	 0.07241576572163831
1.679021997892126 	 0.07231150047265578
1.6800219978921258 	 0.07220146012494275
1.6810219978921257 	 0.0720857586275355
1.6820219978921256 	 0.0719645007052202
1.6830219978921255 	 0.07183778900715729
1.6840219978921254 	 0.07170571871679364
1.6850219978921253 	 0.07156837636947198
1.6860219978921251 	 0.07142584063242768
1.687021997892125 	 0.07127818312426734
1.688021997892125 	 0.07112546922872072
1.6890219978921248 	 0.07096775891830794
1.6900219978921247 	 0.07080510756996307
1.6910219978921246 	 0.07063756691304966
1.6920219978921245 	 0.07046518888349766
1.6930219978921244 	 0.0702880332873611
1.6940219978921243 	 0.07010616081984966
1.6950219978921242 	 0.06991963136029235
1.696021997892124 	 0.06972850479673279
1.697021997892124 	 0.0695328422715867
1.6980219978921238 	 0.06933270581706154
1.6990219978921237 	 0.06912815846032355
1.7000219978921236 	 0.06891926450019852
1.7010219978921235 	 0.06870609008021217
1.7020219978921234 	 0.06848870701872004
1.7030219978921233 	 0.06826719930436108
1.7040219978921232 	 0.06804165526851978
1.705021997892123 	 0.06781216523554023
1.706021997892123 	 0.06757882205927389
1.7070219978921228 	 0.06734172142749553
1.7080219978921227 	 0.06710096162393413
1.7090219978921226 	 0.06685664226839738
1.7100219978921225 	 0.066608864264096
1.7110219978921224 	 0.06635773001602434
1.7120219978921223 	 0.06610334679026873
1.7130219978921222 	 0.06584583175330685
1.714021997892122 	 0.06558530461809764
1.715021997892122 	 0.06532188529355404
1.7160219978921218 	 0.06505569404967736
1.7170219978921217 	 0.06478685249148113
1.7180219978921216 	 0.06451548197777007
1.7190219978921215 	 0.06424170293966874
1.7200219978921214 	 0.06396563460516447
1.7210219978921213 	 0.06368739508302096
1.7220219978921212 	 0.06340710462774324
1.723021997892121 	 0.06312488880757514
1.724021997892121 	 0.06284087292168235
1.7250219978921209 	 0.0625551800370954
1.7260219978921207 	 0.062267931211143344
1.7270219978921206 	 0.06197924647770147
1.7280219978921205 	 0.06168924349020792
1.7290219978921204 	 0.06139803694402911
1.7300219978921203 	 0.06110573851848811
1.7310219978921202 	 0.06081245709285685
1.73202199789212 	 0.06051830111869638
1.73302199789212 	 0.06022338123652225
1.7340219978921199 	 0.05992780594561755
1.7350219978921197 	 0.05963168033321167
1.7360219978921196 	 0.05933510637116927
1.7370219978921195 	 0.05880645530008615
1.7380219978921194 	 0.05805458450977161
1.7390219978921193 	 0.057311552224256414
1.7400219978921192 	 0.05657737914745223
1.741021997892119 	 0.055852077249983464
1.742021997892119 	 0.05513565028256069
1.7430219978921189 	 0.05442809427026096
1.7440219978921188 	 0.053729397987828845
1.7450219978921186 	 0.05303954341616524
1.7460219978921185 	 0.052358506180233605
1.7470219978921184 	 0.0516862559686628
1.7480219978921183 	 0.05102275693537334
1.7490219978921182 	 0.0503679680835806
1.750021997892118 	 0.04972184363257075
1.751021997892118 	 0.04908433336767087
1.7520219978921179 	 0.04845538297384483
1.7530219978921178 	 0.04783493435338065
1.7540219978921177 	 0.04722292592813709
1.7550219978921175 	 0.04661929292682784
1.7560219978921174 	 0.046023967657835355
1.7570219978921173 	 0.045436879768044426
1.7580219978921172 	 0.04485795648818481
1.759021997892117 	 0.04428712286518024
1.760021997892117 	 0.04372430198198998
1.7610219978921169 	 0.04316941516542672
1.7620219978921168 	 0.042622382182431175
1.7630219978921167 	 0.04208312142527059
1.7640219978921166 	 0.04155155008612877
1.7650219978921164 	 0.041027584321534145
1.7660219978921163 	 0.04051113940707154
1.7670219978921162 	 0.04000212988280845
1.7680219978921161 	 0.03950046968985311
1.769021997892116 	 0.03900607229845546
1.770021997892116 	 0.038518850828042045
1.7710219978921158 	 0.03803871815957195
1.7720219978921157 	 0.037565587040578996
1.7730219978921156 	 0.037099370183262335
1.7740219978921155 	 0.0366399803559647
1.7750219978921153 	 0.036187330468377306
1.7760219978921152 	 0.035741333650781894
1.7770219978921151 	 0.03530190332764466
1.778021997892115 	 0.03486895328585171
1.779021997892115 	 0.03444239773787223
1.7800219978921148 	 0.03402215138011512
1.7810219978921147 	 0.033608129446746994
1.7820219978921146 	 0.033200247759208316
1.7830219978921145 	 0.032798422771676106
1.7840219978921144 	 0.03240257161269213
1.7850219978921142 	 0.03201261212317527
1.7860219978921141 	 0.031628462891026006
1.787021997892114 	 0.03125004328251685
1.788021997892114 	 0.030877273470658387
1.7890219978921138 	 0.030510074460716824
1.7900219978921137 	 0.030148368113056347
1.7910219978921136 	 0.029792077163463212
1.7920219978921135 	 0.029441125241109353
1.7930219978921134 	 0.029095436884297225
1.7940219978921133 	 0.028754937554127072
1.7950219978921131 	 0.028419553646216403
1.796021997892113 	 0.028089212500596424
1.797021997892113 	 0.027763842409903094
1.7980219978921128 	 0.027443372625975078
1.7990219978921127 	 0.02712773336496445
1.8000219978921126 	 0.02681685581105884
1.8010219978921125 	 0.026510672118912042
1.8020219978921124 	 0.026209115414870504
1.8030219978921123 	 0.025912119797082377
1.8040219978921122 	 0.025619620334566523
1.805021997892112 	 0.025331553065320225
1.806021997892112 	 0.02504785499353369
1.8070219978921118 	 0.024768464085980657
1.8080219978921117 	 0.024493319267648434
1.8090219978921116 	 0.02422236041666491
1.8100219978921115 	 0.0239555283585819
1.8110219978921114 	 0.02369276486006634
1.8120219978921113 	 0.023434012622047744
1.8130219978921112 	 0.023179215272371864
1.814021997892111 	 0.022928317358002145
1.815021997892111 	 0.022681264336811516
1.8160219978921108 	 0.022438002569002913
1.8170219978921107 	 0.022198479308195955
1.8180219978921106 	 0.02196264269221246
1.8190219978921105 	 0.021730441733594022
1.8200219978921104 	 0.02150182630988223
1.8210219978921103 	 0.021276747153687565
1.8220219978921102 	 0.021055155842575668
1.82302199789211 	 0.02083700478879412
1.82402199789211 	 0.020622247228862942
1.8250219978921098 	 0.020410837213051213
1.8260219978921097 	 0.02020272959475827
1.8270219978921096 	 0.019997880019819572
1.8280219978921095 	 0.019796244915753446
1.8290219978921094 	 0.019597781480965876
1.8300219978921093 	 0.019402447673927674
1.8310219978921092 	 0.019210202202338066
1.832021997892109 	 0.019021004512287613
1.833021997892109 	 0.018834814777432932
1.8340219978921088 	 0.01865159388819292
1.8350219978921087 	 0.018471303440978852
1.8360219978921086 	 0.01829390572746487
1.8370219978921085 	 0.018119363723910757
1.8380219978921084 	 0.017947641080541563
1.8390219978921083 	 0.017778702110994624
1.8400219978921082 	 0.017612511781838393
1.841021997892108 	 0.01744903570216911
1.842021997892108 	 0.017288240113293038
1.8430219978921079 	 0.017130091878496505
1.8440219978921077 	 0.01697455847290991
1.8450219978921076 	 0.016821607973469956
1.8460219978921075 	 0.016671209048982054
1.8470219978921074 	 0.016523330950288018
1.8480219978921073 	 0.01637794350054107
1.8490219978921072 	 0.01623501708559067
1.850021997892107 	 0.016094522644479158
1.851021997892107 	 0.01595643166005289
1.8520219978921069 	 0.015820716149688732
1.8530219978921068 	 0.015687348656137492
1.8540219978921066 	 0.015556302238485498
1.8550219978921065 	 0.015427550463235094
1.8560219978921064 	 0.015301067395504613
1.8570219978921063 	 0.01517682759034846
1.8580219978921062 	 0.015054806084197875
1.859021997892106 	 0.014934978386421582
1.860021997892106 	 0.014817320471006964
1.8610219978921059 	 0.014701808768361661
1.8620219978921058 	 0.014588420157235348
1.8630219978921057 	 0.014477131956759683
1.8640219978921055 	 0.01436792191860869
1.8650219978921054 	 0.014260768219276042
1.8660219978921053 	 0.01415564945247059
1.8670219978921052 	 0.014052544621628032
1.868021997892105 	 0.01395143313253821
1.869021997892105 	 0.013852294786087163
1.8700219978921049 	 0.013755109771112441
1.8710219978921048 	 0.013659858657371548
1.8720219978921047 	 0.013566522388620316
1.8730219978921046 	 0.013475082275802496
1.8740219978921044 	 0.013385519990347237
1.8750219978921043 	 0.013297817557574204
1.8760219978921042 	 0.013211957350204775
1.877021997892104 	 0.013127922081977682
1.878021997892104 	 0.013045694801367727
1.879021997892104 	 0.012965258885406703
1.8800219978921038 	 0.01288659803360431
1.8810219978921037 	 0.012809696261967872
1.8820219978921036 	 0.012734537897119745
1.8830219978921034 	 0.012661107570510066
1.8840219978921033 	 0.012589390212724538
1.8850219978921032 	 0.012519371047884661
1.8860219978921031 	 0.012451035588139257
1.887021997892103 	 0.012384369628246437
1.888021997892103 	 0.012319359240243254
1.8890219978921028 	 0.012255990768202727
1.8900219978921027 	 0.012194250823076005
1.8910219978921026 	 0.012134126277618484
1.8920219978921025 	 0.01207560426139839
1.8930219978921023 	 0.012018672155886477
1.8940219978921022 	 0.011963317589624732
1.8950219978921021 	 0.011909528433473584
1.896021997892102 	 0.01185729279593577
1.897021997892102 	 0.011806599018555066
1.8980219978921018 	 0.011757435671389063
1.8990219978921017 	 0.011709791548554293
1.9000219978921016 	 0.011663655663842488
1.9010219978921015 	 0.011619017246406512
1.9020219978921014 	 0.011575865736514519
1.9030219978921012 	 0.011534190781371231
1.9040219978921011 	 0.011493982231005293
1.905021997892101 	 0.011455230134220364
1.906021997892101 	 0.011417924734610204
1.9070219978921008 	 0.011382056466635183
1.9080219978921007 	 0.01134761595175991
1.9090219978921006 	 0.01131459399464999
1.9100219978921005 	 0.011282981579427604
1.9110219978921004 	 0.011252769865983905
1.9120219978921003 	 0.011223950186347966
1.9130219978921001 	 0.01119651404110991
1.9140219978921 	 0.011170453095898855
1.9150219978921 	 0.011145759177912766
1.9160219978920998 	 0.011122424272500712
1.9170219978920997 	 0.011100440519795187
1.9180219978920996 	 0.011079800211394856
1.9190219978920995 	 0.011060495787095377
1.9200219978920994 	 0.011042519831668028
1.9210219978920993 	 0.01102586507168542
1.9220219978920992 	 0.011010524372392909
1.923021997892099 	 0.010996490734624742
1.924021997892099 	 0.010983757291764666
1.9250219978920988 	 0.010972317306749144
1.9260219978920987 	 0.010962164169113634
1.9270219978920986 	 0.010953291392079742
1.9280219978920985 	 0.010945692609683514
1.9290219978920984 	 0.010939361573943415
1.9300219978920983 	 0.010934292152067702
1.9310219978920982 	 0.010930478323699947
1.932021997892098 	 0.010927914178202455
1.933021997892098 	 0.010926593911976585
1.9340219978920978 	 0.010926511825819598
1.9350219978920977 	 0.010927662322316798
1.9360219978920976 	 0.010930039903268787
1.9370219978920975 	 0.01093363916715331
1.9380219978920974 	 0.01093845480662071
1.9390219978920973 	 0.010944481606022193
1.9400219978920972 	 0.010951714438971461
1.941021997892097 	 0.01096014826593751
1.942021997892097 	 0.01096977813186959
1.9430219978920968 	 0.010980599163852913
1.9440219978920967 	 0.010992606568794331
1.9450219978920966 	 0.01100579563113917
1.9460219978920965 	 0.011020161710616235
1.9470219978920964 	 0.011035700240012799
1.9480219978920963 	 0.011052406722977547
1.9490219978920962 	 0.011070276731852674
1.950021997892096 	 0.011089305905532395
1.951021997892096 	 0.011109489947350075
1.9520219978920959 	 0.011130824622991675
1.9530219978920957 	 0.011153305758435959
1.9540219978920956 	 0.01117692923792143
1.9550219978920955 	 0.011201691001938519
1.9560219978920954 	 0.011227587045247824
1.9570219978920953 	 0.01125461341492413
1.9580219978920952 	 0.011282766208424146
1.959021997892095 	 0.011312041571680937
1.960021997892095 	 0.011342435697220755
1.9610219978920949 	 0.011373944822306041
1.9620219978920947 	 0.01140656522710076
1.9630219978920946 	 0.0114402932328611
1.9640219978920945 	 0.011475125200148293
1.9650219978920944 	 0.011511057527065965
1.9660219978920943 	 0.011548086647519903
1.9670219978920942 	 0.01158620902950083
1.968021997892094 	 0.01162542117339057
1.969021997892094 	 0.01166571961029039
1.9700219978920939 	 0.011707100900371834
1.9710219978920938 	 0.011749561631249877
1.9720219978920936 	 0.011793098416378774
1.9730219978920935 	 0.011837707893469353
1.9740219978920934 	 0.01188338672292883
1.9750219978920933 	 0.01193013158632189
1.9760219978920932 	 0.011977939184854238
1.977021997892093 	 0.012026806237877335
1.978021997892093 	 0.012076729481414946
1.9790219978920929 	 0.012127705666711161
1.9800219978920928 	 0.012179731558799691
1.9810219978920927 	 0.012232803935095156
1.9820219978920925 	 0.012286919584004803
1.9830219978920924 	 0.012342075303562338
1.9840219978920923 	 0.012398267900082702
1.9850219978920922 	 0.012455494186837703
1.986021997892092 	 0.012513750982753516
1.987021997892092 	 0.012573035111128896
1.9880219978920919 	 0.012633343398374448
1.9890219978920918 	 0.012694672672773319
1.9900219978920917 	 0.01275701976326286
1.9910219978920916 	 0.012820381498237077
1.9920219978920914 	 0.012884754704370996
1.9930219978920913 	 0.012950136205464794
1.9940219978920912 	 0.013016522821310456
1.9950219978920911 	 0.013083911366578133
1.996021997892091 	 0.013152298649725159
1.997021997892091 	 0.013221681471924132
1.9980219978920908 	 0.013292056626014117
1.9990219978920907 	 0.0133634208954714
