0.0010219978922 	 0
0.0020219978922 	 0.0
0.0030219978922 	 0.0
0.0040219978922 	 0.0
0.0050219978922 	 0.0
0.0060219978922 	 0.0
0.0070219978922 	 0.0
0.0080219978922 	 0.0
0.009021997892200002 	 0.0
0.010021997892200003 	 0.0
0.011021997892200004 	 0.0
0.012021997892200004 	 0.0
0.013021997892200005 	 0.0
0.014021997892200006 	 0.0
0.015021997892200007 	 0.0
0.016021997892200008 	 0.0
0.01702199789220001 	 0.0
0.01802199789220001 	 0.0
0.01902199789220001 	 0.0
0.02002199789220001 	 0.0
0.021021997892200012 	 0.0
0.022021997892200013 	 0.0
0.023021997892200014 	 0.0
0.024021997892200015 	 0.0
0.025021997892200016 	 0.0
0.026021997892200017 	 0.0
0.027021997892200018 	 0.0
0.02802199789220002 	 0.0
0.02902199789220002 	 0.0
0.03002199789220002 	 0.0
0.03102199789220002 	 0.0
0.03202199789220002 	 0.0
0.03302199789220002 	 0.0
0.03402199789220002 	 0.0
0.03502199789220002 	 0.0
0.03602199789220002 	 0.0
0.03702199789220002 	 0.0
0.038021997892200024 	 0.0
0.039021997892200025 	 0.0
0.040021997892200026 	 0.0
0.04102199789220003 	 0.0
0.04202199789220003 	 0.0
0.04302199789220003 	 0.0
0.04402199789220003 	 0.0
0.04502199789220003 	 0.0
0.04602199789220003 	 0.0
0.04702199789220003 	 0.0
0.04802199789220003 	 0.0
0.049021997892200034 	 0.0
0.050021997892200035 	 0.0
0.051021997892200036 	 0.0
0.052021997892200036 	 0.0
0.05302199789220004 	 0.0
0.05402199789220004 	 0.0
0.05502199789220004 	 0.0
0.05602199789220004 	 0.0
0.05702199789220004 	 0.0
0.05802199789220004 	 0.0
0.05902199789220004 	 0.0
0.060021997892200044 	 0.0
0.061021997892200044 	 0.0
0.062021997892200045 	 0.0
0.06302199789220005 	 0.0
0.06402199789220005 	 0.0
0.06502199789220005 	 0.0
0.06602199789220005 	 0.0
0.06702199789220005 	 0.0
0.06802199789220005 	 0.0
0.06902199789220005 	 0.0
0.07002199789220005 	 0.0
0.07102199789220005 	 0.0
0.07202199789220005 	 0.0
0.07302199789220006 	 0.0
0.07402199789220006 	 0.0
0.07502199789220006 	 0.0
0.07602199789220006 	 0.0
0.07702199789220006 	 0.0
0.07802199789220006 	 0.0
0.07902199789220006 	 0.0
0.08002199789220006 	 0.0
0.08102199789220006 	 0.0
0.08202199789220006 	 0.0
0.08302199789220006 	 0.0
0.08402199789220006 	 0.0
0.08502199789220007 	 0.0
0.08602199789220007 	 0.0
0.08702199789220007 	 0.0
0.08802199789220007 	 0.0
0.08902199789220007 	 0.0
0.09002199789220007 	 0.0
0.09102199789220007 	 0.0
0.09202199789220007 	 0.0
0.09302199789220007 	 0.0
0.09402199789220007 	 0.0
0.09502199789220007 	 0.0
0.09602199789220008 	 0.0
0.09702199789220008 	 0.0
0.09802199789220008 	 0.0
0.09902199789220008 	 0.0
0.10002199789220008 	 0.0
0.10102199789220008 	 0.0
0.10202199789220008 	 0.0
0.10302199789220008 	 0.0
0.10402199789220008 	 0.0
0.10502199789220008 	 0.0
0.10602199789220008 	 0.0
0.10702199789220009 	 0.0
0.10802199789220009 	 0.0
0.10902199789220009 	 0.0
0.11002199789220009 	 0.0
0.11102199789220009 	 0.0
0.11202199789220009 	 0.0
0.11302199789220009 	 0.0
0.11402199789220009 	 0.0
0.11502199789220009 	 0.0
0.1160219978922001 	 0.0
0.1170219978922001 	 0.0
0.1180219978922001 	 0.0
0.1190219978922001 	 0.0
0.1200219978922001 	 0.0
0.1210219978922001 	 0.0
0.1220219978922001 	 0.0
0.1230219978922001 	 0.0
0.1240219978922001 	 0.0
0.1250219978922001 	 0.0
0.1260219978922001 	 0.0
0.1270219978922001 	 0.0
0.1280219978922001 	 0.0
0.1290219978922001 	 0.0
0.1300219978922001 	 0.0
0.1310219978922001 	 0.0
0.1320219978922001 	 0.0
0.1330219978922001 	 0.0
0.1340219978922001 	 0.0
0.1350219978922001 	 0.0
0.1360219978922001 	 0.0
0.1370219978922001 	 0.0
0.1380219978922001 	 0.0
0.1390219978922001 	 0.0
0.1400219978922001 	 0.0
0.1410219978922001 	 0.0
0.1420219978922001 	 0.0
0.1430219978922001 	 0.0
0.1440219978922001 	 0.0
0.1450219978922001 	 0.0
0.1460219978922001 	 0.0
0.1470219978922001 	 0.0
0.1480219978922001 	 0.0
0.1490219978922001 	 0.0
0.1500219978922001 	 0.0
0.1510219978922001 	 0.0
0.1520219978922001 	 0.0
0.1530219978922001 	 0.0
0.1540219978922001 	 0.0
0.15502199789220011 	 0.0
0.15602199789220011 	 0.0
0.15702199789220012 	 0.0
0.15802199789220012 	 0.0
0.15902199789220012 	 0.0
0.16002199789220012 	 0.0
0.16102199789220012 	 0.0
0.16202199789220012 	 0.0
0.16302199789220012 	 0.0
0.16402199789220012 	 0.0
0.16502199789220012 	 0.0
0.16602199789220012 	 0.0
0.16702199789220012 	 0.0
0.16802199789220013 	 0.0
0.16902199789220013 	 0.0
0.17002199789220013 	 0.0
0.17102199789220013 	 0.0
0.17202199789220013 	 0.0
0.17302199789220013 	 0.0
0.17402199789220013 	 0.0
0.17502199789220013 	 0.0
0.17602199789220013 	 0.0
0.17702199789220013 	 0.0
0.17802199789220013 	 0.0
0.17902199789220014 	 0.0
0.18002199789220014 	 0.0
0.18102199789220014 	 0.0
0.18202199789220014 	 0.0
0.18302199789220014 	 0.0
0.18402199789220014 	 0.0
0.18502199789220014 	 0.0
0.18602199789220014 	 0.0
0.18702199789220014 	 0.0
0.18802199789220014 	 0.0
0.18902199789220014 	 0.0
0.19002199789220015 	 0.0
0.19102199789220015 	 0.0
0.19202199789220015 	 0.0
0.19302199789220015 	 0.0
0.19402199789220015 	 0.0
0.19502199789220015 	 0.0
0.19602199789220015 	 0.0
0.19702199789220015 	 0.0
0.19802199789220015 	 0.0
0.19902199789220015 	 0.0
0.20002199789220015 	 0.0
0.20102199789220015 	 0.0
0.20202199789220016 	 0.0
0.20302199789220016 	 0.0
0.20402199789220016 	 0.0
0.20502199789220016 	 0.0
0.20602199789220016 	 0.0
0.20702199789220016 	 0.0
0.20802199789220016 	 0.0
0.20902199789220016 	 0.0
0.21002199789220016 	 0.0
0.21102199789220016 	 0.0
0.21202199789220016 	 0.0
0.21302199789220017 	 0.0
0.21402199789220017 	 0.0
0.21502199789220017 	 0.0
0.21602199789220017 	 0.0
0.21702199789220017 	 0.0
0.21802199789220017 	 0.0
0.21902199789220017 	 0.0
0.22002199789220017 	 0.0
0.22102199789220017 	 0.0
0.22202199789220017 	 0.0
0.22302199789220017 	 0.0
0.22402199789220018 	 0.0
0.22502199789220018 	 0.0
0.22602199789220018 	 0.0
0.22702199789220018 	 0.0
0.22802199789220018 	 0.0
0.22902199789220018 	 0.0
0.23002199789220018 	 0.0
0.23102199789220018 	 0.0
0.23202199789220018 	 0.0
0.23302199789220018 	 0.0
0.23402199789220018 	 0.0
0.23502199789220019 	 0.0
0.23602199789220019 	 0.0
0.2370219978922002 	 0.0
0.2380219978922002 	 0.0
0.2390219978922002 	 0.0
0.2400219978922002 	 0.0
0.2410219978922002 	 0.0
0.2420219978922002 	 0.0
0.2430219978922002 	 0.0
0.2440219978922002 	 0.0
0.2450219978922002 	 0.0
0.2460219978922002 	 0.0
0.2470219978922002 	 0.0
0.2480219978922002 	 0.0
0.2490219978922002 	 0.0
0.2500219978922002 	 0.0
0.2510219978922002 	 0.0
0.2520219978922002 	 0.0
0.2530219978922002 	 0.0
0.2540219978922002 	 0.0
0.2550219978922002 	 0.0
0.2560219978922002 	 0.0
0.2570219978922002 	 0.0
0.2580219978922002 	 0.0
0.2590219978922002 	 0.0
0.2600219978922002 	 0.0
0.2610219978922002 	 0.0
0.2620219978922002 	 0.0
0.2630219978922002 	 0.0
0.2640219978922002 	 0.0
0.2650219978922002 	 0.0
0.2660219978922002 	 0.0
0.2670219978922002 	 0.0
0.2680219978922002 	 0.0
0.2690219978922002 	 0.0
0.2700219978922002 	 0.0
0.2710219978922002 	 0.0
0.2720219978922002 	 0.0
0.2730219978922002 	 0.0
0.2740219978922002 	 0.0
0.2750219978922002 	 0.0
0.2760219978922002 	 0.0
0.2770219978922002 	 0.0
0.2780219978922002 	 0.0
0.2790219978922002 	 0.0
0.2800219978922002 	 0.0
0.2810219978922002 	 0.0
0.2820219978922002 	 0.0
0.2830219978922002 	 0.0
0.28402199789220023 	 0.0
0.28502199789220023 	 0.0
0.28602199789220023 	 0.0
0.28702199789220023 	 0.0
0.28802199789220023 	 0.0
0.28902199789220023 	 0.0
0.29002199789220023 	 0.0
0.29102199789220023 	 0.0
0.29202199789220024 	 0.0
0.29302199789220024 	 0.0
0.29402199789220024 	 0.0
0.29502199789220024 	 0.0
0.29602199789220024 	 0.0
0.29702199789220024 	 0.0
0.29802199789220024 	 0.0
0.29902199789220024 	 0.0
0.30002199789220024 	 0.0
0.30102199789220024 	 0.0
0.30202199789220024 	 0.0
0.30302199789220025 	 0.0
0.30402199789220025 	 0.0
0.30502199789220025 	 0.0
0.30602199789220025 	 0.0
0.30702199789220025 	 0.0
0.30802199789220025 	 0.0
0.30902199789220025 	 0.0
0.31002199789220025 	 0.0
0.31102199789220025 	 0.0
0.31202199789220025 	 0.0
0.31302199789220025 	 0.0
0.31402199789220026 	 0.0
0.31502199789220026 	 0.0
0.31602199789220026 	 0.0
0.31702199789220026 	 0.0
0.31802199789220026 	 0.0
0.31902199789220026 	 0.0
0.32002199789220026 	 0.0
0.32102199789220026 	 0.0
0.32202199789220026 	 0.0
0.32302199789220026 	 0.0
0.32402199789220026 	 0.0
0.32502199789220027 	 0.0
0.32602199789220027 	 0.0
0.32702199789220027 	 0.0
0.32802199789220027 	 0.0
0.32902199789220027 	 0.0
0.33002199789220027 	 0.0
0.33102199789220027 	 0.0
0.33202199789220027 	 0.0
0.33302199789220027 	 0.0
0.3340219978922003 	 0.0
0.3350219978922003 	 0.0
0.3360219978922003 	 0.0
0.3370219978922003 	 0.0
0.3380219978922003 	 0.0
0.3390219978922003 	 0.0
0.3400219978922003 	 0.0
0.3410219978922003 	 0.0
0.3420219978922003 	 0.0
0.3430219978922003 	 0.0
0.3440219978922003 	 0.0
0.3450219978922003 	 0.0
0.3460219978922003 	 0.0
0.3470219978922003 	 0.0
0.3480219978922003 	 0.0
0.3490219978922003 	 0.0
0.3500219978922003 	 0.0
0.3510219978922003 	 0.0
0.3520219978922003 	 0.0
0.3530219978922003 	 0.0
0.3540219978922003 	 0.0
0.3550219978922003 	 0.0
0.3560219978922003 	 0.0
0.3570219978922003 	 0.0
0.3580219978922003 	 0.0
0.3590219978922003 	 0.0
0.3600219978922003 	 0.0
0.3610219978922003 	 0.0
0.3620219978922003 	 0.0
0.3630219978922003 	 0.0
0.3640219978922003 	 0.0
0.3650219978922003 	 0.0
0.3660219978922003 	 0.0
0.3670219978922003 	 0.0
0.3680219978922003 	 0.0
0.3690219978922003 	 0.0
0.3700219978922003 	 0.0
0.3710219978922003 	 0.0
0.3720219978922003 	 0.0
0.3730219978922003 	 0.0
0.3740219978922003 	 0.0
0.3750219978922003 	 0.0
0.3760219978922003 	 0.0
0.3770219978922003 	 0.0
0.3780219978922003 	 0.0
0.3790219978922003 	 0.0
0.3800219978922003 	 0.0
0.3810219978922003 	 0.0
0.3820219978922003 	 0.0
0.3830219978922003 	 0.0
0.3840219978922003 	 0.0
0.3850219978922003 	 0.0
0.3860219978922003 	 0.0
0.3870219978922003 	 0.0
0.3880219978922003 	 0.0
0.3890219978922003 	 0.0
0.3900219978922003 	 0.0
0.3910219978922003 	 0.0
0.3920219978922003 	 0.0
0.3930219978922003 	 0.0
0.3940219978922003 	 0.0
0.3950219978922003 	 0.0
0.39602199789220033 	 0.0
0.39702199789220033 	 0.0
0.39802199789220033 	 0.0
0.39902199789220033 	 0.0
0.40002199789220033 	 0.0
0.40102199789220033 	 0.0
0.40202199789220033 	 0.0
0.40302199789220033 	 0.0
0.40402199789220034 	 0.0
0.40502199789220034 	 0.0
0.40602199789220034 	 0.0
0.40702199789220034 	 0.0
0.40802199789220034 	 0.0
0.40902199789220034 	 0.0
0.41002199789220034 	 0.0
0.41102199789220034 	 0.0
0.41202199789220034 	 0.0
0.41302199789220034 	 0.0
0.41402199789220034 	 0.0
0.41502199789220034 	 0.0
0.41602199789220035 	 0.0
0.41702199789220035 	 0.0
0.41802199789220035 	 0.0
0.41902199789220035 	 8.60960551672071e-08
0.42002199789220035 	 1.611443110333543e-08
0.42102199789220035 	 9.969547428986143e-10
0.42202199789220035 	 1.3959539246140253e-08
0.42302199789220035 	 6.94767787987104e-08
0.42402199789220035 	 2.1707218062412923e-07
0.42502199789220035 	 5.254954430549708e-07
0.42602199789220035 	 1.082078627670264e-06
0.42702199789220036 	 1.9924369776762173e-06
0.42802199789220036 	 3.380093120024005e-06
0.42902199789220036 	 5.3861357248633785e-06
0.43002199789220036 	 8.168882549803495e-06
0.43102199789220036 	 1.1903555212229056e-05
0.43202199789220036 	 1.678196310753908e-05
0.43302199789220036 	 2.301219651807578e-05
0.43402199789220036 	 3.0818328257568644e-05
0.43502199789220036 	 4.044012337867158e-05
0.43602199789220036 	 5.213275642041358e-05
0.43702199789220036 	 6.616653568457428e-05
0.43802199789220037 	 8.282663402583756e-05
0.43902199789220037 	 0.00010241282564127575
0.44002199789220037 	 0.00012523922834471404
0.44102199789220037 	 0.00015163405081226433
0.44202199789220037 	 0.00018193934428628958
0.44302199789220037 	 0.00021651075822596294
0.44402199789220037 	 0.0002557172993949203
0.44502199789220037 	 0.0002999410938774601
0.4460219978922004 	 0.0003495771515178817
0.4470219978922004 	 0.0004050331322794377
0.4480219978922004 	 0.00046672911402265133
0.4490219978922004 	 0.0005350973612052306
0.4500219978922004 	 0.0006105820940103816
0.4510219978922004 	 0.0006936392574124703
0.4520219978922004 	 0.0007847362896952314
0.4530219978922004 	 0.0008843518899398223
0.4540219978922004 	 0.0009929757840066503
0.4550219978922004 	 0.001111108488539715
0.4560219978922004 	 0.001239261072526917
0.4570219978922004 	 0.0013779549159571248
0.4580219978922004 	 0.0015277214651204956
0.4590219978922004 	 0.001689101984105716
0.4600219978922004 	 0.0018626473020558034
0.4610219978922004 	 0.0020489175557504417
0.4620219978922004 	 0.002248481927094649
0.4630219978922004 	 0.002461918375098825
0.4640219978922004 	 0.0026898133619479006
0.4650219978922004 	 0.0029327615727660216
0.4660219978922004 	 0.0031913656286968596
0.4670219978922004 	 0.0034662357929267
0.4680219978922004 	 0.0037579896692949855
0.4690219978922004 	 0.004067251893148205
0.4700219978922004 	 0.004394653814104959
0.4710219978922004 	 0.004740833170419975
0.4720219978922004 	 0.005106433754645546
0.4730219978922004 	 0.005492105070306945
0.4740219978922004 	 0.005898501979330079
0.4750219978922004 	 0.006326284339968493
0.4760219978922004 	 0.006776116635007883
0.4770219978922004 	 0.00724866759003703
0.4780219978922004 	 0.007744609781600785
0.4790219978922004 	 0.008264619235064007
0.4800219978922004 	 0.00880937501207363
0.4810219978922004 	 0.00937955878740585
0.4820219978922004 	 0.009975854415442933
0.4830219978922004 	 0.010598947484990167
0.4840219978922004 	 0.011249524866905348
0.4850219978922004 	 0.011928274237881654
0.4860219978922004 	 0.012635883641820115
0.4870219978922004 	 0.013373041709780018
0.4880219978922004 	 0.014140434124091382
0.4890219978922004 	 0.01493874772962763
0.4900219978922004 	 0.015768666896946667
0.4910219978922004 	 0.01663087381835257
0.4920219978922004 	 0.017526047936358164
0.4930219978922004 	 0.018454865403707738
0.4940219978922004 	 0.0194179985230395
0.4950219978922004 	 0.02041611518031618
0.4960219978922004 	 0.021449878268723303
0.4970219978922004 	 0.022519945104395225
0.4980219978922004 	 0.023626966834127558
0.4990219978922004 	 0.024771587835625504
0.5000219978922004 	 0.02595444511075535
0.5010219978922004 	 0.027176167672351044
0.5020219978922004 	 0.028437375925153614
0.5030219978922004 	 0.02973868104148822
0.5040219978922004 	 0.031080684332343532
0.5050219978922004 	 0.03246397661452783
0.5060219978922004 	 0.03388913757463675
0.5070219978922004 	 0.03535673513058438
0.5080219978922004 	 0.03686732479150132
0.5090219978922004 	 0.03842144901681792
0.5100219978922004 	 0.04001963657540158
0.5110219978922004 	 0.04166240190563606
0.5120219978922004 	 0.043350244477372867
0.5130219978922004 	 0.04508364815669368
0.5140219978922004 	 0.046863080574477814
0.5150219978922004 	 0.04868899249976493
0.5160219978922004 	 0.050561817218952344
0.5170219978922004 	 0.05248196992186464
0.5180219978922004 	 0.05444984709576906
0.5190219978922004 	 0.05646582592842255
0.5200219978922004 	 0.0585302637212489
0.5210219978922004 	 0.060643497313713636
0.5220219978922004 	 0.06280584252022074
0.5230219978922004 	 0.06501759357986941
0.5240219978922004 	 0.06727902262308695
0.5250219978922004 	 0.06959037914567157
0.5260219978922004 	 0.0719518895302444
0.5270219978922004 	 0.07436375700858376
0.5280219978922004 	 0.07682615926295111
0.5290219978922004 	 0.07933925094730523
0.5300219978922004 	 0.08190316153545428
0.5310219978922004 	 0.08451799425689246
0.5320219978922004 	 0.08718382752849725
0.5330219978922004 	 0.08990071336141545
0.5340219978922004 	 0.09266867736208784
0.5350219978922004 	 0.09548771841717554
0.5360219978922004 	 0.09835780842150442
0.5370219978922004 	 0.1012788920298492
0.5380219978922004 	 0.10425088643865568
0.5390219978922004 	 0.10727368119707059
0.5400219978922004 	 0.11034713804838082
0.5410219978922004 	 0.11347109080237175
0.5420219978922004 	 0.11664534523943175
0.5430219978922004 	 0.11986967904625362
0.5440219978922004 	 0.12314384178611688
0.5450219978922004 	 0.12646755489502134
0.5460219978922004 	 0.12984051173756284
0.5470219978922004 	 0.133262378051635
0.5480219978922004 	 0.13673279041479575
0.5490219978922004 	 0.1402513576975201
0.5500219978922004 	 0.14381765765924084
0.5510219978922004 	 0.14743124004041525
0.5520219978922004 	 0.15109162724497535
0.5530219978922004 	 0.1547983146308795
0.5540219978922004 	 0.15855077082898342
0.5550219978922004 	 0.16234843809725516
0.5560219978922004 	 0.1661907327079747
0.5570219978922004 	 0.1700770453678984
0.5580219978922004 	 0.17400674167068503
0.5590219978922004 	 0.17797916258093846
0.5600219978922004 	 0.18199362494913954
0.5610219978922004 	 0.18604942205662686
0.5620219978922004 	 0.1901458241898615
0.5630219978922004 	 0.19428207924262877
0.5640219978922004 	 0.19845741334662467
0.5650219978922004 	 0.2026710315240731
0.5660219978922004 	 0.2069221183804838
0.5670219978922004 	 0.21120983902291005
0.5680219978922004 	 0.2155333388586569
0.5690219978922004 	 0.21989174577072362
0.5700219978922004 	 0.22428416991450087
0.5710219978922004 	 0.2287097047643432
0.5720219978922004 	 0.2331674279082175
0.5730219978922004 	 0.23765640187076084
0.5740219978922004 	 0.24217567494738407
0.5750219978922004 	 0.24672428205208788
0.5760219978922004 	 0.25130124557640715
0.5770219978922004 	 0.25590557625823873
0.5780219978922004 	 0.2605362740589502
0.5790219978922004 	 0.26519232904728784
0.5800219978922004 	 0.26987272228837705
0.5810219978922004 	 0.2745764267369058
0.5820219978922004 	 0.27930240813073187
0.5830219978922004 	 0.2840496258914573
0.5840219978922004 	 0.28881703410732495
0.5850219978922004 	 0.29360358204131337
0.5860219978922004 	 0.29840821561158404
0.5870219978922004 	 0.30322987787141115
0.5880219978922004 	 0.30806750999225735
0.5890219978922004 	 0.3129200521350745
0.5900219978922004 	 0.31778644442604903
0.5910219978922004 	 0.3226656273036817
0.5920219978922004 	 0.3275565431298163
0.5930219978922004 	 0.33245813649616396
0.5940219978922004 	 0.3373693551313706
0.5950219978922004 	 0.3422891507592778
0.5960219978922005 	 0.3472164798324375
0.5970219978922005 	 0.3521503043060201
0.5980219978922005 	 0.35708959238104854
0.5990219978922005 	 0.36203331922912935
0.6000219978922005 	 0.36698046769725845
0.6010219978922005 	 0.3719300289921157
0.6020219978922005 	 0.3768810033431191
0.6030219978922005 	 0.38183240064362134
0.6040219978922005 	 0.3867832410696989
0.6050219978922005 	 0.3917325556759277
0.6060219978922005 	 0.39667938696810934
0.6070219978922005 	 0.4016227894510282
0.6080219978922005 	 0.4065618301565358
0.6090219978922005 	 0.41149558920510776
0.6100219978922005 	 0.4164231600137608
0.6110219978922005 	 0.4213436501596961
0.6120219978922005 	 0.4262561815244912
0.6130219978922005 	 0.4311598907708689
0.6140219978922005 	 0.4360539297157098
0.6150219978922005 	 0.44093746568446757
0.6160219978922005 	 0.44580968187373066
0.6170219978922005 	 0.4506697774967249
0.6180219978922005 	 0.455516968303781
0.6190219978922005 	 0.4603504866702441
0.6200219978922005 	 0.4651695818710193
0.6210219978922005 	 0.4699735202854784
0.6220219978922005 	 0.47476158558132714
0.6230219978922005 	 0.479533078875154
0.6240219978922005 	 0.4842873188707692
0.6250219978922005 	 0.4890236419756141
0.6260219978922005 	 0.49374140239575703
0.6270219978922005 	 0.4984399722099709
0.6280219978922005 	 0.503118741423417
0.6290219978922005 	 0.5077771180014968
0.6300219978922005 	 0.512414527884389
0.6310219978922005 	 0.5170304149830199
0.6320219978922005 	 0.5216242411564734
0.6330219978922005 	 0.5261954861735958
0.6340219978922005 	 0.5307436476779651
0.6350219978922005 	 0.535268241020418
0.6360219978922005 	 0.5397687993359791
0.6370219978922005 	 0.5442448732621216
0.6380219978922005 	 0.5486960309674047
0.6390219978922005 	 0.5531218579373912
0.6400219978922005 	 0.5575219568523723
0.6410219978922005 	 0.5618959474296914
0.6420219978922005 	 0.566243466255451
0.6430219978922005 	 0.5705641666048267
0.6440219978922005 	 0.5748577182519902
0.6450219978922005 	 0.5791238072701673
0.6460219978922005 	 0.5833621358224814
0.6470219978922005 	 0.5875724219441583
0.6480219978922005 	 0.5917543993167961
0.6490219978922005 	 0.5959078170349492
0.6500219978922005 	 0.6000324393667563
0.6510219978922005 	 0.6041280455194935
0.6520219978922005 	 0.6081944293353518
0.6530219978922005 	 0.6122313991147066
0.6540219978922005 	 0.6162387772990843
0.6550219978922005 	 0.6202164002198399
0.6560219978922005 	 0.6241641178278861
0.6570219978922005 	 0.6280817934209526
0.6580219978922005 	 0.6319693033679694
0.6590219978922005 	 0.6358265368312472
0.6600219978922005 	 0.6396533954868335
0.6610219978922005 	 0.6434497932434917
0.6620219978922005 	 0.6472156559606899
0.6630219978922005 	 0.6509509211659853
0.6640219978922005 	 0.6546555377722578
0.6650219978922005 	 0.6583294657958332
0.6660219978922005 	 0.6619726760707244
0.6670219978922005 	 0.6655851499727365
0.6680219978922005 	 0.6691668791356289
0.6690219978922005 	 0.6727178651773204
0.6700219978922005 	 0.6762381194050487
0.6710219978922005 	 0.6797276625676136
0.6720219978922005 	 0.6831865245636564
0.6730219978922005 	 0.6866147441762764
0.6740219978922005 	 0.690012368805053
0.6750219978922005 	 0.6933794542014575
0.6760219978922005 	 0.6967160642102808
0.6770219978922005 	 0.7000222704974969
0.6780219978922005 	 0.7032981523166535
0.6790219978922005 	 0.7065437962430711
0.6800219978922005 	 0.7097592959303438
0.6810219978922005 	 0.7129447518667672
0.6820219978922005 	 0.7161002711360529
0.6830219978922005 	 0.7192259671822349
0.6840219978922005 	 0.7223219595789558
0.6850219978922005 	 0.7253883738031828
0.6860219978922005 	 0.728425341013649
0.6870219978922005 	 0.73143299783589
0.6880219978922005 	 0.7344114861410657
0.6890219978922005 	 0.7373609528524202
0.6900219978922005 	 0.7402815497334836
0.6910219978922005 	 0.74317343319606
0.6920219978922005 	 0.7460367640952777
0.6930219978922005 	 0.7488717075618084
0.6940219978922005 	 0.751678432806666
0.6950219978922005 	 0.7544571129481142
0.6960219978922005 	 0.7572079248402759
0.6970219978922005 	 0.759931048907334
0.6980219978922005 	 0.7626266689832084
0.6990219978922005 	 0.765294972156816
0.7000219978922005 	 0.7679361486229881
0.7010219978922005 	 0.7705503915391355
0.7020219978922005 	 0.7731378968877314
0.7030219978922005 	 0.775698863344725
0.7040219978922005 	 0.7782334921539787
0.7050219978922005 	 0.7807419870078541
0.7060219978922005 	 0.7832245539340631
0.7070219978922005 	 0.7856814011889429
0.7080219978922005 	 0.788112739157298
0.7090219978922006 	 0.790518780259003
0.7100219978922006 	 0.7928997388625566
0.7110219978922006 	 0.795255831205824
0.7120219978922006 	 0.797587275324217
0.7130219978922006 	 0.7998942909866051
0.7140219978922006 	 0.802177099639277
0.7150219978922006 	 0.8044359243583336
0.7160219978922006 	 0.8066709898109997
0.7170219978922006 	 0.8088825222262019
0.7180219978922006 	 0.8110707493740247
0.7190219978922006 	 0.8132359005583922
0.7200219978922006 	 0.8153782066176695
0.7210219978922006 	 0.8174978999389536
0.7220219978922006 	 0.8195952144847622
0.7230219978922006 	 0.8216703858335354
0.7240219978922006 	 0.8237236512350732
0.7250219978922006 	 0.8257552496822006
0.7260219978922006 	 0.8277654220001408
0.7270219978922006 	 0.8297544109552704
0.7280219978922006 	 0.8317224613851792
0.7290219978922006 	 0.8336698203522267
0.7300219978922006 	 0.8355967373230926
0.7310219978922006 	 0.8375034643772261
0.7320219978922006 	 0.8393902564476254
0.7330219978922006 	 0.8412573715967074
0.7340219978922006 	 0.8431050713343756
0.7350219978922006 	 0.8449336209795903
0.7360219978922006 	 0.8467432900742122
0.7370219978922006 	 0.8485343528544014
0.7380219978922006 	 0.850307088788286
0.7390219978922006 	 0.8520617831882229
0.7400219978922006 	 0.8537987279088789
0.7410219978922006 	 0.8555182221433344
0.7420219978922006 	 0.8572205733318198
0.7430219978922006 	 0.8589060982001516
0.7440219978922006 	 0.8605751239479731
0.7450219978922006 	 0.8622279896104424
0.7460219978922006 	 0.863865047621324
0.7470219978922006 	 0.8654866656105068
0.7480219978922006 	 0.8670932284750925
0.7490219978922006 	 0.8686851407705096
0.7500219978922006 	 0.8702628294767425
0.7510219978922006 	 0.8718267472052408
0.7520219978922006 	 0.8733773759242489
0.7530219978922006 	 0.8749152312948913
0.7540219978922006 	 0.876440867727107
0.7550219978922006 	 0.8779548842839775
0.7560219978922006 	 0.8794579315842743
0.7570219978922006 	 0.880950719876441
0.7580219978922006 	 0.8824340284786918
0.7590219978922006 	 0.8839087167982452
0.7600219978922006 	 0.8853757371473716
0.7610219978922006 	 0.8868361495522662
0.7620219978922006 	 0.8882911386755549
0.7630219978922006 	 0.8897420327966263
0.7640219978922006 	 0.8911903244288919
0.7650219978922006 	 0.8926376914411206
0.7660219978922006 	 0.89408601620195
0.7670219978922006 	 0.8955373977468467
0.7680219978922006 	 0.8969941472803029
0.7690219978922006 	 0.8984587485907822
0.7700219978922006 	 0.8999337485883059
0.7710219978922006 	 0.9014215122646768
0.7720219978922006 	 0.9029237175556318
0.7730219978922006 	 0.9044403529953818
0.7740219978922006 	 0.9059677660175457
0.7750219978922006 	 0.9074949058309311
0.7760219978922006 	 0.9089961878181052
0.7770219978922006 	 0.9104183158931373
0.7780219978922006 	 0.91165755209114
0.7790219978922006 	 0.9125268799276385
0.7800219978922006 	 0.9127316969062492
0.7810219978922006 	 0.9119293667467802
0.7820219978922006 	 0.9100024531924545
0.7830219978922006 	 0.9074495833681984
0.7840219978922006 	 0.9052784906940808
0.7850219978922006 	 0.9042228994638594
0.7860219978922006 	 0.9043090224416374
0.7870219978922006 	 0.9051733734229384
0.7880219978922006 	 0.9064508252342156
0.7890219978922006 	 0.9079023162182496
0.7900219978922006 	 0.9093982430754471
0.7910219978922006 	 0.9108759744272705
0.7920219978922006 	 0.9123085949773462
0.7930219978922006 	 0.9136869309956478
0.7940219978922006 	 0.9150101497114934
0.7950219978922006 	 0.9162810542398354
0.7960219978922006 	 0.9175037945195325
0.7970219978922006 	 0.9186827889704752
0.7980219978922006 	 0.9198222447861435
0.7990219978922006 	 0.9209259702960799
0.8000219978922006 	 0.9219973265626081
0.8010219978922006 	 0.9230392422509933
0.8020219978922006 	 0.9240542543195459
0.8030219978922006 	 0.9250445564150603
0.8040219978922006 	 0.9260120465741389
0.8050219978922006 	 0.9269583706816155
0.8060219978922006 	 0.927884960517549
0.8070219978922006 	 0.928793066348418
0.8080219978922006 	 0.9296837845071694
0.8090219978922006 	 0.9305580805800209
0.8100219978922006 	 0.9314168088393802
0.8110219978922006 	 0.932260728516078
0.8120219978922006 	 0.9330905174325687
0.8130219978922006 	 0.9339067834424714
0.8140219978922006 	 0.9347100740501966
0.8150219978922006 	 0.9355008845211611
0.8160219978922006 	 0.9362796647390318
0.8170219978922006 	 0.9370468250212051
0.8180219978922006 	 0.9378027410662569
0.8190219978922006 	 0.9385477581763226
0.8200219978922006 	 0.9392821948721543
0.8210219978922007 	 0.9400063459980189
0.8220219978922007 	 0.9407204853967768
0.8230219978922007 	 0.9414248682217319
0.8240219978922007 	 0.942119732940606
0.8250219978922007 	 0.9428053030777523
0.8260219978922007 	 0.9434817887331683
0.8270219978922007 	 0.9441493879106146
0.8280219978922007 	 0.9448082876820071
0.8290219978922007 	 0.9454586652109819
0.8300219978922007 	 0.9461006886549966
0.8310219978922007 	 0.9467345179623858
0.8320219978922007 	 0.9473603055783321
0.8330219978922007 	 0.9479781970716538
0.8340219978922007 	 0.9485883316925845
0.8350219978922007 	 0.949190842870271
0.8360219978922007 	 0.9497858586574787
0.8370219978922007 	 0.9503735021289687
0.8380219978922007 	 0.9509538917391195
0.8390219978922007 	 0.9515271416436256
0.8400219978922007 	 0.9520933619894588
0.8410219978922007 	 0.9526526591767404
0.8420219978922007 	 0.9532051360956993
0.8430219978922007 	 0.9537508923414906
0.8440219978922007 	 0.9542900244093052
0.8450219978922007 	 0.9548226258719024
0.8460219978922007 	 0.9553487875414347
0.8470219978922007 	 0.9558685976172229
0.8480219978922007 	 0.9563821418209312
0.8490219978922007 	 0.9568895035204265
0.8500219978922007 	 0.9573907638434835
0.8510219978922007 	 0.9578860017823171
0.8520219978922007 	 0.9583752942898655
0.8530219978922007 	 0.9588587163686183
0.8540219978922007 	 0.9593363411527025
0.8550219978922007 	 0.9598082399838693
0.8560219978922007 	 0.9602744824819521
0.8570219978922007 	 0.9607351366103081
0.8580219978922007 	 0.9611902687367032
0.8590219978922007 	 0.961639943690059
0.8600219978922007 	 0.962084224813427
0.8610219978922007 	 0.9625231740135322
0.8620219978922007 	 0.962956851807186
0.8630219978922007 	 0.9633853173648425
0.8640219978922007 	 0.963808628551547
0.8650219978922007 	 0.9642268419655
0.8660219978922007 	 0.9646400129744349
0.8670219978922007 	 0.9650481957500029
0.8680219978922007 	 0.9654514433003155
0.8690219978922007 	 0.9658498075008102
0.8700219978922007 	 0.9662433391235595
0.8710219978922007 	 0.9666320878651586
0.8720219978922007 	 0.9670161023732763
0.8730219978922007 	 0.9673954302720108
0.8740219978922007 	 0.9677701181860805
0.8750219978922007 	 0.9681402117639667
0.8760219978922007 	 0.9685057557000576
0.8770219978922007 	 0.9688667937558528
0.8780219978922007 	 0.969223368780275
0.8790219978922007 	 0.9695755227291312
0.8800219978922007 	 0.9699232966837477
0.8810219978922007 	 0.9702667308688088
0.8820219978922007 	 0.9706058646694057
0.8830219978922007 	 0.9709407366473094
0.8840219978922007 	 0.9712713845564609
0.8850219978922007 	 0.9715978453576701
0.8860219978922007 	 0.9719201552325102
0.8870219978922007 	 0.9722383495963783
0.8880219978922007 	 0.9725524631106934
0.8890219978922007 	 0.972862529694189
0.8900219978922007 	 0.9731685825332566
0.8910219978922007 	 0.9734706540912815
0.8920219978922007 	 0.9737687761169098
0.8930219978922007 	 0.9740629796511756
0.8940219978922007 	 0.9743532950334105
0.8950219978922007 	 0.9746397519058456
0.8960219978922007 	 0.9749223792168396
0.8970219978922007 	 0.9752012052225589
0.8980219978922007 	 0.9754762574871012
0.8990219978922007 	 0.9757475628808656
0.9000219978922007 	 0.9760151475770782
0.9010219978922007 	 0.9762790370463309
0.9020219978922007 	 0.976539256048997
0.9030219978922007 	 0.976795828625396
0.9040219978922007 	 0.9770487780833116
0.9050219978922007 	 0.9772981269833342
0.9060219978922007 	 0.9775438971209486
0.9070219978922007 	 0.9777861095058761
0.9080219978922007 	 0.9780247843381508
0.9090219978922007 	 0.9782599409807986
0.9100219978922007 	 0.9784915979288451
0.9110219978922007 	 0.9787197727744303
0.9120219978922007 	 0.978944482167732
0.9130219978922007 	 0.9791657417734382
0.9140219978922007 	 0.9793835662224255
0.9150219978922007 	 0.9795979690583175
0.9160219978922007 	 0.9798089626785516
0.9170219978922007 	 0.9800165582695595
0.9180219978922007 	 0.9802207657356076
0.9190219978922007 	 0.980421593620838
0.9200219978922007 	 0.9806190490239701
0.9210219978922007 	 0.9808131375050924
0.9220219978922007 	 0.9810038629839074
0.9230219978922007 	 0.981191227628724
0.9240219978922007 	 0.9813752317354293
0.9250219978922007 	 0.9815558735955652
0.9260219978922007 	 0.9817331493525631
0.9270219978922007 	 0.9819070528450716
0.9280219978922007 	 0.9820775754361929
0.9290219978922007 	 0.9822447058272887
0.9300219978922007 	 0.9824084298549327
0.9310219978922007 	 0.9825687302692593
0.9320219978922007 	 0.9827255864919929
0.9330219978922007 	 0.9828789743519565
0.9340219978922008 	 0.9830288657958112
0.9350219978922008 	 0.9831752285713792
0.9360219978922008 	 0.9833180258806098
0.9370219978922008 	 0.9834572159988552
0.9380219978922008 	 0.9835927518567331
0.9390219978922008 	 0.9837245805803019
0.9400219978922008 	 0.9838526429847779
0.9410219978922008 	 0.9839768730163382
0.9420219978922008 	 0.9840971971358426
0.9430219978922008 	 0.9842135336374437
0.9440219978922008 	 0.9843257918940745
0.9450219978922008 	 0.984433871520705
0.9460219978922008 	 0.9845376614449062
0.9470219978922008 	 0.9846370388727046
0.9480219978922008 	 0.9847318681357381
0.9490219978922008 	 0.984821999408255
0.9500219978922008 	 0.9849072672563678
0.9510219978922008 	 0.9849874890460594
0.9520219978922008 	 0.9850624631130801
0.9530219978922008 	 0.9851319667384425
0.9540219978922008 	 0.9851957538507902
0.9550219978922008 	 0.9852535524350845
0.9560219978922008 	 0.985305061601043
0.9570219978922008 	 0.9853499482543767
0.9580219978922008 	 0.9853878433159345
0.9590219978922008 	 0.9854183374110372
0.9600219978922008 	 0.985440975946777
0.9610219978922008 	 0.9854552534706175
0.9620219978922008 	 0.9854606071974769
0.9630219978922008 	 0.9854564095527617
0.9640219978922008 	 0.9854419595636069
0.9650219978922008 	 0.9854164728888707
0.9660219978922008 	 0.9853790702375994
0.9670219978922008 	 0.9853287638724288
0.9680219978922008 	 0.9852644418288203
0.9690219978922008 	 0.9851848493993745
0.9700219978922008 	 0.9850885673301676
0.9710219978922008 	 0.9849739860476124
0.9720219978922008 	 0.984839275071743
0.9730219978922008 	 0.9846823465653769
0.9740219978922008 	 0.9845008117044101
0.9750219978922008 	 0.9842919282147073
0.9760219978922008 	 0.9840525369817549
0.9770219978922008 	 0.9837789850712096
0.9780219978922008 	 0.9834670316983836
0.9790219978922008 	 0.9831117328992087
0.9800219978922008 	 0.9827072988001819
0.9810219978922008 	 0.982246916484047
0.9820219978922008 	 0.9817225280729087
0.9830219978922008 	 0.9811245510687588
0.9840219978922008 	 0.9804415231069679
0.9850219978922008 	 0.9796596470357967
0.9860219978922008 	 0.9787622032807697
0.9870219978922008 	 0.9777287837033971
0.9880219978922008 	 0.9736057929478213
0.9890219978922008 	 0.9627968526368014
0.9900219978922008 	 0.9468538738578154
0.9910219978922008 	 0.9257638891557535
0.9920219978922008 	 0.8992342655125135
0.9930219978922008 	 0.8668835122077476
0.9940219978922008 	 0.8283298531224695
0.9950219978922008 	 0.783267901026948
0.9960219978922008 	 0.726282258130962
0.9970219978922008 	 0.6563354462261162
0.9980219978922008 	 0.5785228725304934
0.9990219978922008 	 0.49640941873817734
1.0000219978922007 	 0.41355138149683024
1.0010219978922006 	 0.3333847564647282
1.0020219978922005 	 0.25895119807331435
1.0030219978922004 	 0.19264713117839272
1.0040219978922003 	 0.13607530355186728
1.0050219978922001 	 0.09002315461530182
1.0060219978922 	 0.05455082293335477
1.0070219978922 	 0.029148134939348747
1.0080219978921998 	 0.012915824655897188
1.0090219978921997 	 0.0047357315583637
1.0100219978921996 	 0.0034094880202363183
1.0110219978921995 	 0.007758679493661246
1.0120219978921994 	 0.016688837163255744
1.0130219978921993 	 0.029224242110560173
1.0140219978921992 	 0.0445236162464069
1.015021997892199 	 0.061887511715052294
1.016021997892199 	 0.0807856669690084
1.0170219978921988 	 0.1009623421685591
1.0180219978921987 	 0.12274392946393947
1.0190219978921986 	 0.14657003124464732
1.0200219978921985 	 0.17068264345623863
1.0210219978921984 	 0.1922843847607586
1.0220219978921983 	 0.21280203114429938
1.0230219978921982 	 0.23287099310045584
1.024021997892198 	 0.25266144341483077
1.025021997892198 	 0.27210592541033163
1.0260219978921978 	 0.29114724132570136
1.0270219978921977 	 0.3097349171253024
1.0280219978921976 	 0.3278381794040492
1.0290219978921975 	 0.3454385432112109
1.0300219978921974 	 0.36252770449721394
1.0310219978921973 	 0.37910446936552555
1.0320219978921972 	 0.39517290150394835
1.033021997892197 	 0.41074081972159737
1.034021997892197 	 0.4258187211943775
1.0350219978921968 	 0.4404189636915324
1.0360219978921967 	 0.4545551536740839
1.0370219978921966 	 0.46824168327145416
1.0380219978921965 	 0.4814933807113671
1.0390219978921964 	 0.49432524661308735
1.0400219978921963 	 0.5067522561172368
1.0410219978921962 	 0.5187892116432564
1.042021997892196 	 0.5304506347450224
1.043021997892196 	 0.5417506882096951
1.0440219978921959 	 0.5527031215636788
1.0450219978921957 	 0.5633212346773219
1.0460219978921956 	 0.5736178553509306
1.0470219978921955 	 0.5836053275436096
1.0480219978921954 	 0.5932955079290462
1.0490219978921953 	 0.6026997685371043
1.0500219978921952 	 0.6118290040658769
1.051021997892195 	 0.6206936426095655
1.052021997892195 	 0.6293036588648482
1.0530219978921949 	 0.637668588936924
1.0540219978921948 	 0.6457975464016088
1.0550219978921946 	 0.6536992389089975
1.0560219978921945 	 0.6613819851440413
1.0570219978921944 	 0.6688537318140613
1.0580219978921943 	 0.6761220704709479
1.0590219978921942 	 0.683194254014397
1.060021997892194 	 0.6900772127655185
1.061021997892194 	 0.6967775700310633
1.0620219978921939 	 0.7033015817732617
1.0630219978921938 	 0.7096543690053269
1.0640219978921936 	 0.7158417350392127
1.0650219978921935 	 0.7218692581235516
1.0660219978921934 	 0.7277422241726764
1.0670219978921933 	 0.7334656786791911
1.0680219978921932 	 0.7390444469556008
1.069021997892193 	 0.744483147688851
1.070021997892193 	 0.7497862052804599
1.0710219978921929 	 0.7549578593940862
1.0720219978921928 	 0.760002175326231
1.0730219978921927 	 0.7649230524494514
1.0740219978921925 	 0.7697242326569508
1.0750219978921924 	 0.7744093081924124
1.0760219978921923 	 0.7789817289568812
1.0770219978921922 	 0.7834448097145517
1.078021997892192 	 0.7878017362576618
1.079021997892192 	 0.7920555718520852
1.0800219978921919 	 0.7962092629440249
1.0810219978921918 	 0.8002656449545227
1.0820219978921917 	 0.8042274470752174
1.0830219978921916 	 0.808097297404918
1.0840219978921914 	 0.8118777278309698
1.0850219978921913 	 0.8155711778434811
1.0860219978921912 	 0.8191799995438809
1.0870219978921911 	 0.8227064608929991
1.088021997892191 	 0.8261527495363232
1.089021997892191 	 0.8295209766483743
1.0900219978921908 	 0.8328131803039825
1.0910219978921907 	 0.8360313283283665
1.0920219978921906 	 0.8391773213909658
1.0930219978921905 	 0.842252995789318
1.0940219978921903 	 0.8452601270763869
1.0950219978921902 	 0.8482004310507067
1.0960219978921901 	 0.8510755673798666
1.09702199789219 	 0.853887141760741
1.09802199789219 	 0.8566367078111033
1.0990219978921898 	 0.8593257688620499
1.1000219978921897 	 0.861955781703326
1.1010219978921896 	 0.8645281546377201
1.1020219978921895 	 0.8670441957333499
1.1030219978921894 	 0.8695052539281325
1.1040219978921892 	 0.8719126501499675
1.1050219978921891 	 0.874267652829152
1.106021997892189 	 0.8765714803737441
1.107021997892189 	 0.8788253048060696
1.1080219978921888 	 0.8810302537279123
1.1090219978921887 	 0.8831874131316624
1.1100219978921886 	 0.8852978299942448
1.1110219978921885 	 0.8873625137852033
1.1120219978921884 	 0.8893824511509839
1.1130219978921883 	 0.8913586382251503
1.1140219978921881 	 0.8932920468973878
1.115021997892188 	 0.8951836149529072
1.116021997892188 	 0.8970342490908637
1.1170219978921878 	 0.8988448247701362
1.1180219978921877 	 0.9006161890227085
1.1190219978921876 	 0.9023491616430109
1.1200219978921875 	 0.9040445357923026
1.1210219978921874 	 0.9057030805637073
1.1220219978921873 	 0.9073255457220832
1.1230219978921872 	 0.9089126796770092
1.124021997892187 	 0.9104652111423124
1.125021997892187 	 0.9119838475564184
1.1260219978921868 	 0.9134692741023778
1.1270219978921867 	 0.9149221559886301
1.1280219978921866 	 0.9163431382755282
1.1290219978921865 	 0.9177328480854404
1.1300219978921864 	 0.9190918933683012
1.1310219978921863 	 0.9204208660892392
1.1320219978921862 	 0.921720343386837
1.133021997892186 	 0.9229908985876478
1.134021997892186 	 0.9242330906296136
1.1350219978921858 	 0.9254377937306671
1.1360219978921857 	 0.9266252860435593
1.1370219978921856 	 0.9277859906245282
1.1380219978921855 	 0.9289204078741382
1.1390219978921854 	 0.9300290244942383
1.1400219978921853 	 0.9311123152209428
1.1410219978921852 	 0.9321707411801946
1.142021997892185 	 0.9332047543892534
1.143021997892185 	 0.9342148003374082
1.1440219978921848 	 0.9352013149035386
1.1450219978921847 	 0.9361647221925289
1.1460219978921846 	 0.937105436376294
1.1470219978921845 	 0.9380238599490833
1.1480219978921844 	 0.9389203863034822
1.1490219978921843 	 0.9397953990877654
1.1500219978921842 	 0.9406492714907703
1.151021997892184 	 0.9414823688189703
1.152021997892184 	 0.9422950475523276
1.1530219978921838 	 0.9430876595042147
1.1540219978921837 	 0.9438605481910293
1.1550219978921836 	 0.9446140495306378
1.1560219978921835 	 0.9453484910950704
1.1570219978921834 	 0.946064192331418
1.1580219978921833 	 0.9467614660825363
1.1590219978921832 	 0.9474406166318894
1.160021997892183 	 0.9481019424366262
1.161021997892183 	 0.9487457341704966
1.1620219978921829 	 0.9493722766911044
1.1630219978921827 	 0.9499818505918097
1.1640219978921826 	 0.9505747296874424
1.1650219978921825 	 0.9511511825959447
1.1660219978921824 	 0.951711470602706
1.1670219978921823 	 0.9522558501360715
1.1680219978921822 	 0.9527845719089062
1.169021997892182 	 0.9532978800167262
1.170021997892182 	 0.9537960144173313
1.1710219978921819 	 0.9542792088697094
1.1720219978921818 	 0.9547476928669473
1.1730219978921816 	 0.9552016913434692
1.1740219978921815 	 0.9556414251338166
1.1750219978921814 	 0.956067110401383
1.1760219978921813 	 0.956478957588918
1.1770219978921812 	 0.9568771738670153
1.178021997892181 	 0.9572619610458645
1.179021997892181 	 0.9576335169607989
1.1800219978921809 	 0.9579920355834715
1.1810219978921808 	 0.9583377059575829
1.1820219978921807 	 0.9586707140630719
1.1830219978921805 	 0.9589912420464222
1.1840219978921804 	 0.9592994327180772
1.1850219978921803 	 0.9595954975262059
1.1860219978921802 	 0.9598795543380909
1.18702199789218 	 0.9601518002845801
1.18802199789218 	 0.9604124242165516
1.1890219978921799 	 0.960661585870272
1.1900219978921798 	 0.9608994422405831
1.1910219978921797 	 0.9611261464731198
1.1920219978921796 	 0.9613418491358724
1.1930219978921794 	 0.9615466978980592
1.1940219978921793 	 0.9617408363422582
1.1950219978921792 	 0.9619244061155912
1.1960219978921791 	 0.9620975458321221
1.197021997892179 	 0.9622603906508129
1.198021997892179 	 0.9624130735210904
1.1990219978921788 	 0.9625557240597242
1.2000219978921787 	 0.9626884698956149
1.2010219978921786 	 0.9628114356816025
1.2020219978921785 	 0.9629247430700238
1.2030219978921783 	 0.9630285115582125
1.2040219978921782 	 0.9631228582370072
1.2050219978921781 	 0.9632078967092105
1.206021997892178 	 0.9632837394808978
1.207021997892178 	 0.9633504956663037
1.2080219978921778 	 0.9634082728967651
1.2090219978921777 	 0.9634571762035313
1.2100219978921776 	 0.9634973080433906
1.2110219978921775 	 0.963528769281745
1.2120219978921773 	 0.9635516586305753
1.2130219978921772 	 0.9635660711428626
1.2140219978921771 	 0.9635721007392637
1.215021997892177 	 0.963569839198705
1.216021997892177 	 0.9635593757092338
1.2170219978921768 	 0.9635407980828417
1.2180219978921767 	 0.9635141916059945
1.2190219978921766 	 0.9634796402379893
1.2200219978921765 	 0.9634372261773366
1.2210219978921764 	 0.9633870287124764
1.2220219978921762 	 0.9633291260981033
1.2230219978921761 	 0.9632635938639738
1.224021997892176 	 0.9631905049870226
1.225021997892176 	 0.9631099310409885
1.2260219978921758 	 0.9630219422038901
1.2270219978921757 	 0.9629266060912741
1.2280219978921756 	 0.9628239893172281
1.2290219978921755 	 0.9627141568253429
1.2300219978921754 	 0.9625971712017016
1.2310219978921753 	 0.9624730943177473
1.2320219978921751 	 0.9623419851560625
1.233021997892175 	 0.9622039006326922
1.234021997892175 	 0.9620588955675957
1.2350219978921748 	 0.9619070231937825
1.2360219978921747 	 0.961748335158347
1.2370219978921746 	 0.9615828815022689
1.2380219978921745 	 0.9614107107075736
1.2390219978921744 	 0.9612318697197483
1.2400219978921743 	 0.9610464039591444
1.2410219978921742 	 0.9608543573179079
1.242021997892174 	 0.9606557717240511
1.243021997892174 	 0.9604506860601365
1.2440219978921738 	 0.9602391373348624
1.2450219978921737 	 0.9600211610444187
1.2460219978921736 	 0.959796791162029
1.2470219978921735 	 0.9595660600990944
1.2480219978921734 	 0.9593289987575927
1.2490219978921733 	 0.9590856365492733
1.2500219978921732 	 0.9588360014001914
1.251021997892173 	 0.9585801197357184
1.252021997892173 	 0.9583180159103842
1.2530219978921728 	 0.9580497106579626
1.2540219978921727 	 0.957775223200115
1.2550219978921726 	 0.9574945707600601
1.2560219978921725 	 0.9572077691635168
1.2570219978921724 	 0.9569148326216427
1.2580219978921723 	 0.9566157737931689
1.2590219978921722 	 0.9563106038017211
1.260021997892172 	 0.9559993322334194
1.261021997892172 	 0.955681967108171
1.2620219978921718 	 0.9553585141707975
1.2630219978921717 	 0.9550289751910584
1.2640219978921716 	 0.9546933497540667
1.2650219978921715 	 0.9543516358021946
1.2660219978921714 	 0.9540038295960174
1.2670219978921713 	 0.9536499256225186
1.2680219978921712 	 0.9532899166737335
1.269021997892171 	 0.9529237938635808
1.270021997892171 	 0.9525515466175056
1.2710219978921709 	 0.9521731626260044
1.2720219978921707 	 0.9517886270137268
1.2730219978921706 	 0.9513979204112769
1.2740219978921705 	 0.9510010209826923
1.2750219978921704 	 0.9505979050331669
1.2760219978921703 	 0.950188546949187
1.2770219978921702 	 0.9497729190656651
1.27802199789217 	 0.9493509917687846
1.27902199789217 	 0.9489227335132675
1.2800219978921699 	 0.9484881108019666
1.2810219978921698 	 0.9480470881151333
1.2820219978921696 	 0.9475996274146203
1.2830219978921695 	 0.9471456846150202
1.2840219978921694 	 0.9466852140207312
1.2850219978921693 	 0.9462181673543931
1.2860219978921692 	 0.9457444940622226
1.287021997892169 	 0.9452641411230981
1.288021997892169 	 0.9447770531879522
1.2890219978921689 	 0.9442831725991189
1.2900219978921688 	 0.9437824362566063
1.2910219978921686 	 0.9432747692715094
1.2920219978921685 	 0.9427601045166285
1.2930219978921684 	 0.9422383713749443
1.2940219978921683 	 0.9417094961008565
1.2950219978921682 	 0.9411734023344746
1.296021997892168 	 0.9406300109388078
1.297021997892168 	 0.940079239739283
1.2980219978921679 	 0.93952100372666
1.2990219978921678 	 0.9389552119833705
1.3000219978921677 	 0.9383817478649324
1.3010219978921675 	 0.9378005115919077
1.3020219978921674 	 0.9372114056499132
1.3030219978921673 	 0.9366143286300199
1.3040219978921672 	 0.9360091758184637
1.305021997892167 	 0.9353958393149798
1.306021997892167 	 0.9347742078793148
1.3070219978921669 	 0.934144166483926
1.3080219978921668 	 0.9335055966563325
1.3090219978921667 	 0.9328583764951109
1.3100219978921666 	 0.9322023805947295
1.3110219978921664 	 0.9315374798502353
1.3120219978921663 	 0.930863541538038
1.3130219978921662 	 0.9301804312838279
1.3140219978921661 	 0.929488011547338
1.315021997892166 	 0.9287861410769226
1.316021997892166 	 0.9280746746310461
1.3170219978921658 	 0.9273534624254783
1.3180219978921657 	 0.9266223505791258
1.3190219978921656 	 0.9258811812079463
1.3200219978921655 	 0.9251297923564004
1.3210219978921653 	 0.9243680176644975
1.3220219978921652 	 0.9235956875405638
1.3230219978921651 	 0.9228126349264671
1.324021997892165 	 0.9220186903468685
1.325021997892165 	 0.9212136803125288
1.3260219978921648 	 0.9203974269432309
1.3270219978921647 	 0.9195697471494251
1.3280219978921646 	 0.918730453094441
1.3290219978921645 	 0.9178793536291308
1.3300219978921644 	 0.9170162523484586
1.3310219978921642 	 0.9161382522228112
1.3320219978921641 	 0.915239332519559
1.333021997892164 	 0.9143227569599345
1.334021997892164 	 0.9133893103203475
1.3350219978921638 	 0.9124392399290626
1.3360219978921637 	 0.911472593828053
1.3370219978921636 	 0.9104893201962512
1.3380219978921635 	 0.9094893062784681
1.3390219978921634 	 0.9084723993903552
1.3400219978921633 	 0.9074384182681152
1.3410219978921631 	 0.906387159488852
1.342021997892163 	 0.9053184061011447
1.343021997892163 	 0.9042319486253347
1.3440219978921628 	 0.9031275722423932
1.3450219978921627 	 0.9020050537545549
1.3460219978921626 	 0.9008641622407226
1.3470219978921625 	 0.8997046581515942
1.3480219978921624 	 0.8985262965342904
1.3490219978921623 	 0.897328828563052
1.3500219978921622 	 0.896112002409071
1.351021997892162 	 0.894875563069042
1.352021997892162 	 0.8936192582849705
1.3530219978921618 	 0.8923428636968812
1.3540219978921617 	 0.8910461637540834
1.3550219978921616 	 0.8897289461446911
1.3560219978921615 	 0.8883910014093442
1.3570219978921614 	 0.8870321206737226
1.3580219978921613 	 0.8856521001626572
1.3590219978921612 	 0.8842507435040796
1.360021997892161 	 0.8828278627934445
1.361021997892161 	 0.8813832783845875
1.3620219978921608 	 0.8799168245322047
1.3630219978921607 	 0.8784283801808495
1.3640219978921606 	 0.8769178482456529
1.3650219978921605 	 0.8753851499694422
1.3660219978921604 	 0.8738302246519937
1.3670219978921603 	 0.872253026354728
1.3680219978921602 	 0.8706535313519114
1.36902199789216 	 0.8690317419982192
1.37002199789216 	 0.8673876887577178
1.3710219978921598 	 0.8657214303396381
1.3720219978921597 	 0.8640330579507257
1.3730219978921596 	 0.8623227269338605
1.3740219978921595 	 0.8605906394315779
1.3750219978921594 	 0.8588370400942777
1.3760219978921593 	 0.8570622164963162
1.3770219978921592 	 0.8552664959973171
1.378021997892159 	 0.8534502542966781
1.379021997892159 	 0.8516139196119836
1.3800219978921588 	 0.8497579750673017
1.3810219978921587 	 0.8478829594203073
1.3820219978921586 	 0.8459894706072043
1.3830219978921585 	 0.8440781856628564
1.3840219978921584 	 0.842149850288077
1.3850219978921583 	 0.840205271546449
1.3860219978921582 	 0.8382453240365196
1.387021997892158 	 0.8362709461562832
1.388021997892158 	 0.8342831399747197
1.3890219978921579 	 0.8322829695093672
1.3900219978921577 	 0.8302715583023764
1.3910219978921576 	 0.8282500874191319
1.3920219978921575 	 0.8262197948694284
1.3930219978921574 	 0.8241819670897177
1.3940219978921573 	 0.8221379306498655
1.3950219978921572 	 0.8200890444926158
1.396021997892157 	 0.8180366927533794
1.397021997892157 	 0.8159822793145113
1.3980219978921569 	 0.8139272120994786
1.3990219978921568 	 0.8118728896056789
1.4000219978921566 	 0.8098206881157838
1.4010219978921565 	 0.8077719491916798
1.4020219978921564 	 0.805727963306098
1.4030219978921563 	 0.8036899363842852
1.4040219978921562 	 0.8016589896122146
1.405021997892156 	 0.7996361502665119
1.406021997892156 	 0.7976223387622274
1.4070219978921559 	 0.7956183577191288
1.4080219978921558 	 0.7936248795977151
1.4090219978921557 	 0.7916424370599826
1.4100219978921555 	 0.7896714158175041
1.4110219978921554 	 0.7877120488742552
1.4120219978921553 	 0.785764405531685
1.4130219978921552 	 0.783828358931182
1.414021997892155 	 0.781903620714745
1.415021997892155 	 0.7799897555375503
1.4160219978921549 	 0.7780861892676934
1.4170219978921548 	 0.7761922193453481
1.4180219978921547 	 0.7743070292479821
1.4190219978921546 	 0.7724297043225155
1.4200219978921544 	 0.7705592489946536
1.4210219978921543 	 0.7686946041461734
1.4220219978921542 	 0.7668346504016913
1.4230219978921541 	 0.7649781921785634
1.424021997892154 	 0.7631240153237849
1.425021997892154 	 0.7612709177756541
1.4260219978921538 	 0.7594177265164394
1.4270219978921537 	 0.7575633120425074
1.4280219978921536 	 0.7557066059061465
1.4290219978921535 	 0.7538466147658398
1.4300219978921533 	 0.7519824319160254
1.4310219978921532 	 0.7501132457381524
1.4320219978921531 	 0.7482383317124854
1.433021997892153 	 0.7463570161118582
1.434021997892153 	 0.744468727095925
1.4350219978921528 	 0.7425730035970172
1.4360219978921527 	 0.7406694954793712
1.4370219978921526 	 0.7387579590820489
1.4380219978921525 	 0.7368382576635
1.4390219978921523 	 0.7349103583080989
1.4400219978921522 	 0.7329743271066523
1.4410219978921521 	 0.731030322448124
1.442021997892152 	 0.7290785731113077
1.443021997892152 	 0.7271193395725264
1.4440219978921518 	 0.7251529436109091
1.4450219978921517 	 0.7231797723271719
1.4460219978921516 	 0.7212002701577432
1.4470219978921515 	 0.7192149288899701
1.4480219978921514 	 0.7172242842978924
1.4490219978921512 	 0.7152289108337613
1.4500219978921511 	 0.7132294153846627
1.451021997892151 	 0.7112264303750098
1.452021997892151 	 0.7092205949939454
1.4530219978921508 	 0.707212525086644
1.4540219978921507 	 0.7052028383431279
1.4550219978921506 	 0.7031921589525302
1.4560219978921505 	 0.7011811124088726
1.4570219978921504 	 0.6991703187279431
1.4580219978921503 	 0.6971603930265463
1.4590219978921501 	 0.6951519438282054
1.46002199789215 	 0.6931455707299393
1.46102199789215 	 0.6911418611910614
1.4620219978921498 	 0.6891413785795253
1.4630219978921497 	 0.6871446423911883
1.4640219978921496 	 0.6851521492476105
1.4650219978921495 	 0.6831643785055356
1.4660219978921494 	 0.6811817895618165
1.4670219978921493 	 0.6792048163115686
1.4680219978921492 	 0.6772338720260835
1.469021997892149 	 0.6752693505441633
1.470021997892149 	 0.6733116260544184
1.4710219978921488 	 0.6713610525195843
1.4720219978921487 	 0.6694179569166417
1.4730219978921486 	 0.6674826255322804
1.4740219978921485 	 0.6655553202359157
1.4750219978921484 	 0.6636362835623171
1.4760219978921483 	 0.6617257372738607
1.4770219978921482 	 0.659823877988065
1.478021997892148 	 0.6579308828824193
1.479021997892148 	 0.6560469131868443
1.4800219978921478 	 0.6541721088987997
1.4810219978921477 	 0.6523065971827934
1.4820219978921476 	 0.6504504806690469
1.4830219978921475 	 0.64860382985031
1.4840219978921474 	 0.6467666967972029
1.4850219978921473 	 0.6449391195546893
1.4860219978921472 	 0.6431211212282145
1.487021997892147 	 0.6413127065361256
1.488021997892147 	 0.639513866889764
1.4890219978921468 	 0.6377245823196889
1.4900219978921467 	 0.6359448220503149
1.4910219978921466 	 0.6341745445231257
1.4920219978921465 	 0.6324136922628977
1.4930219978921464 	 0.6306621824248241
1.4940219978921463 	 0.6289199199964103
1.4950219978921462 	 0.6271868020503574
1.496021997892146 	 0.6254627170438098
1.497021997892146 	 0.6237475420508527
1.4980219978921459 	 0.6220411469021193
1.4990219978921457 	 0.6203433957492398
1.5000219978921456 	 0.6186541475221443
1.5010219978921455 	 0.6169732557530795
1.5020219978921454 	 0.6153005622486287
1.5030219978921453 	 0.6136358853890095
1.5040219978921452 	 0.6119790350722204
1.505021997892145 	 0.6103298205036962
1.506021997892145 	 0.6086880456226931
1.5070219978921449 	 0.607053510813832
1.5080219978921447 	 0.6054260142856371
1.5090219978921446 	 0.6038053528898631
1.5100219978921445 	 0.6021913224948785
1.5110219978921444 	 0.6005837179612025
1.5120219978921443 	 0.598982325907728
1.5130219978921442 	 0.5973869074369307
1.514021997892144 	 0.5957972182049557
1.515021997892144 	 0.5942130146332353
1.5160219978921439 	 0.5926340541522476
1.5170219978921438 	 0.5910600954048408
1.5180219978921436 	 0.589490898536669
1.5190219978921435 	 0.5879262254402947
1.5200219978921434 	 0.5863658399745625
1.5210219978921433 	 0.5848095056805165
1.5220219978921432 	 0.5832569757520811
1.523021997892143 	 0.5817079806032228
1.524021997892143 	 0.5801622464925531
1.5250219978921429 	 0.5786195016316206
1.5260219978921428 	 0.5770792236909535
1.5270219978921427 	 0.5755409867608647
1.5280219978921425 	 0.5740045315579176
1.5290219978921424 	 0.5724696026974686
1.5300219978921423 	 0.5709359415790225
1.5310219978921422 	 0.5694032986451372
1.532021997892142 	 0.5678714259027358
1.533021997892142 	 0.5663400389134546
1.5340219978921419 	 0.5648088487671226
1.5350219978921418 	 0.5632775716401295
1.5360219978921417 	 0.5617459312666072
1.5370219978921416 	 0.5602136634057597
1.5380219978921414 	 0.5586805111548222
1.5390219978921413 	 0.5571462233626577
1.5400219978921412 	 0.5556105549252115
1.5410219978921411 	 0.5540732694194522
1.542021997892141 	 0.5525341327425485
1.543021997892141 	 0.5509928708465406
1.5440219978921408 	 0.5494492057100017
1.5450219978921407 	 0.5479028671386225
1.5460219978921406 	 0.546353596150227
1.5470219978921405 	 0.5448011534741383
1.5480219978921403 	 0.5432453108447814
1.5490219978921402 	 0.5416858487253934
1.5500219978921401 	 0.5401225567790217
1.55102199789214 	 0.5385552381240558
1.55202199789214 	 0.5369837061564444
1.5530219978921398 	 0.5354077365532384
1.5540219978921397 	 0.5338271046266579
1.5550219978921396 	 0.5322415976639664
1.5560219978921395 	 0.5306510203114
1.5570219978921394 	 0.5290552070237443
1.5580219978921392 	 0.5274540097265216
1.5590219978921391 	 0.525847294170955
1.560021997892139 	 0.5242349409467317
1.561021997892139 	 0.5226168511172035
1.5620219978921388 	 0.5209929485008205
1.5630219978921387 	 0.5193631305616733
1.5640219978921386 	 0.5177273003902468
1.5650219978921385 	 0.5160853774818394
1.5660219978921384 	 0.51443730336859
1.5670219978921383 	 0.5127830556180936
1.5680219978921381 	 0.5111175552444785
1.569021997892138 	 0.5094367142020059
1.570021997892138 	 0.5077444143098452
1.5710219978921378 	 0.5060417236086162
1.5720219978921377 	 0.5043292066879687
1.5730219978921376 	 0.5026071728307646
1.5740219978921375 	 0.5008757765114277
1.5750219978921374 	 0.49913504416080784
1.5760219978921373 	 0.4973848736604148
1.5770219978921372 	 0.4956250271197422
1.578021997892137 	 0.4938550702297667
1.579021997892137 	 0.4920743123669385
1.5800219978921368 	 0.49028173764969324
1.5810219978921367 	 0.4884759300208109
1.5820219978921366 	 0.48665499865529943
1.5830219978921365 	 0.48481645843460014
1.5840219978921364 	 0.4829571357095358
1.5850219978921363 	 0.4810731018611544
1.5860219978921362 	 0.4791596630456465
1.587021997892136 	 0.4772114422453416
1.588021997892136 	 0.4752225386571138
1.5890219978921358 	 0.4731868473118578
1.5900219978921357 	 0.4710985379171374
1.5910219978921356 	 0.46895267033726934
1.5920219978921355 	 0.466745886148592
1.5930219978921354 	 0.46447702363573
1.5940219978921353 	 0.46214748712986564
1.5950219978921352 	 0.45976132319809915
1.596021997892135 	 0.4573249342251812
1.597021997892135 	 0.45484646512452226
1.5980219978921348 	 0.45233494906050087
1.5990219978921347 	 0.44979942488118346
1.6000219978921346 	 0.4472481823763159
1.6010219978921345 	 0.44468823708001315
1.6020219978921344 	 0.4421250960790681
1.6030219978921343 	 0.439562770213948
1.6040219978921342 	 0.4370038388866363
1.605021997892134 	 0.4344496612756357
1.606021997892134 	 0.43190064863685534
1.6070219978921338 	 0.429356532893594
1.6080219978921337 	 0.42681658827868346
1.6090219978921336 	 0.4242798169070818
1.6100219978921335 	 0.42174508933975163
1.6110219978921334 	 0.4192112502835993
1.6120219978921333 	 0.4166772267587337
1.6130219978921332 	 0.4141421623665406
1.614021997892133 	 0.4116053454378274
1.615021997892133 	 0.4090661921193537
1.6160219978921329 	 0.4065242505939473
1.6170219978921327 	 0.4039791947316372
1.6180219978921326 	 0.4014308251525002
1.6190219978921325 	 0.3988790592227329
1.6200219978921324 	 0.39632392278486694
1.6210219978921323 	 0.39376554007065523
1.6220219978921322 	 0.3912041595219882
1.623021997892132 	 0.38864026520565004
1.624021997892132 	 0.3860744530362799
1.6250219978921319 	 0.38350738889556496
1.6260219978921318 	 0.38093979797480804
1.6270219978921316 	 0.3783724500743481
1.6280219978921315 	 0.3758061650745411
1.6290219978921314 	 0.37324181105501203
1.6300219978921313 	 0.37068030029136645
1.6310219978921312 	 0.3681225795469374
1.632021997892131 	 0.3655696544029074
1.633021997892131 	 0.3630227103015675
1.6340219978921309 	 0.3604829975030757
1.6350219978921308 	 0.3579517909358598
1.6360219978921307 	 0.35543038144078143
1.6370219978921305 	 0.3529200567011631
1.6380219978921304 	 0.3504221137958197
1.6390219978921303 	 0.3479378607706575
1.6400219978921302 	 0.34546861163032117
1.64102199789213 	 0.3430156768101371
1.64202199789213 	 0.34058037455525164
1.6430219978921299 	 0.3381641342880941
1.6440219978921298 	 0.33576840424432125
1.6450219978921297 	 0.3333946180979095
1.6460219978921296 	 0.33104418493038573
1.6470219978921294 	 0.3287184678134142
1.6480219978921293 	 0.32641879740667207
1.6490219978921292 	 0.3241464720851419
1.650021997892129 	 0.32190275277536445
1.651021997892129 	 0.3196888531872408
1.652021997892129 	 0.31750593809476113
1.6530219978921288 	 0.3153551874378263
1.6540219978921287 	 0.31323774300741364
1.6550219978921286 	 0.31115468844533606
1.6560219978921285 	 0.3091070399141443
1.6570219978921283 	 0.3070957286842744
1.6580219978921282 	 0.30512161272574656
1.6590219978921281 	 0.30318547706323745
1.660021997892128 	 0.30128803118937747
1.661021997892128 	 0.29942990274471754
1.6620219978921278 	 0.29761162373623495
1.6630219978921277 	 0.29583365282079965
1.6640219978921276 	 0.2940963667169993
1.6650219978921275 	 0.29240005751477527
1.6660219978921273 	 0.29074492884232905
1.6670219978921272 	 0.2891310870118515
1.6680219978921271 	 0.2875585508922586
1.669021997892127 	 0.2860272556749428
1.670021997892127 	 0.2845370543111896
1.6710219978921268 	 0.28308771716323605
1.6720219978921267 	 0.28167891646224685
1.6730219978921266 	 0.2803102034579565
1.6740219978921265 	 0.2789810468026005
1.6750219978921264 	 0.27769084658923987
1.6760219978921262 	 0.27643893720624835
1.6770219978921261 	 0.27522458808599265
1.678021997892126 	 0.2740470129940317
1.679021997892126 	 0.272905376761333
1.6800219978921258 	 0.2717988008318637
1.6810219978921257 	 0.27072636876990525
1.6820219978921256 	 0.2696871081605105
1.6830219978921255 	 0.2686799366969754
1.6840219978921254 	 0.2677037310081285
1.6850219978921253 	 0.2667573520732535
1.6860219978921251 	 0.26583965137169685
1.687021997892125 	 0.26494947699144883
1.688021997892125 	 0.2640856795420597
1.6890219978921248 	 0.2632471179440074
1.6900219978921247 	 0.2624326650407532
1.6910219978921246 	 0.26164121356565806
1.6920219978921245 	 0.26087165493015835
1.6930219978921244 	 0.2601228041494873
1.6940219978921243 	 0.2593934813062639
1.6950219978921242 	 0.25868253973155003
1.696021997892124 	 0.2579888707470745
1.697021997892124 	 0.2573114098951973
1.6980219978921238 	 0.25664913714881793
1.6990219978921237 	 0.25600107879771355
1.7000219978921236 	 0.2553663099088831
1.7010219978921235 	 0.2547439578266405
1.7020219978921234 	 0.2541331786028255
1.7030219978921233 	 0.25353307290943894
1.7040219978921232 	 0.252942766689388
1.705021997892123 	 0.2523614371826443
1.706021997892123 	 0.2517883158244221
1.7070219978921228 	 0.2512226902426069
1.7080219978921227 	 0.2506639041912739
1.7090219978921226 	 0.25011135360813574
1.7100219978921225 	 0.2495644871055288
1.7110219978921224 	 0.24902280742452068
1.7120219978921223 	 0.24848584878706845
1.7130219978921222 	 0.24795309591958947
1.714021997892122 	 0.24742405626956215
1.715021997892122 	 0.2468982824115144
1.7160219978921218 	 0.246375372888601
1.7170219978921217 	 0.24585497608791457
1.7180219978921216 	 0.24533678440482318
1.7190219978921215 	 0.24482053172315327
1.7200219978921214 	 0.24430599237221992
1.7210219978921213 	 0.24379298140504876
1.7220219978921212 	 0.24328133715000572
1.723021997892121 	 0.24277084952519593
1.724021997892121 	 0.24226132128771455
1.7250219978921209 	 0.24175258600556337
1.7260219978921207 	 0.24124450856867063
1.7270219978921206 	 0.24073698865193
1.7280219978921205 	 0.24022995508741646
1.7290219978921204 	 0.23972336317577975
1.7300219978921203 	 0.23921719397366262
1.7310219978921202 	 0.23871145463082188
1.73202199789212 	 0.23820616438637732
1.73302199789212 	 0.2377013004466608
1.7340219978921199 	 0.2371968436552393
1.7350219978921197 	 0.23669279255151493
1.7360219978921196 	 0.23618916388575598
1.7370219978921195 	 0.23476091347079384
1.7380219978921194 	 0.2324350804583022
1.7390219978921193 	 0.23013521745546392
1.7400219978921192 	 0.2278612660233745
1.741021997892119 	 0.22561316771833947
1.742021997892119 	 0.22339084891644734
1.7430219978921189 	 0.22119417915964484
1.7440219978921188 	 0.21902301468124646
1.7450219978921186 	 0.2168772117049519
1.7460219978921185 	 0.21475662644485494
1.7470219978921184 	 0.21266111510545252
1.7480219978921183 	 0.2105905338816537
1.7490219978921182 	 0.20854473895878844
1.750021997892118 	 0.2065235865126168
1.751021997892118 	 0.20452693270925285
1.7520219978921179 	 0.20255462511988706
1.7530219978921178 	 0.2006064791556776
1.7540219978921177 	 0.19868230269171294
1.7550219978921175 	 0.19678190359075332
1.7560219978921174 	 0.1949050897032448
1.7570219978921173 	 0.19305166886733205
1.7580219978921172 	 0.19122144890887136
1.759021997892117 	 0.1894142376414448
1.760021997892117 	 0.1876298428663727
1.7610219978921169 	 0.18586807237268962
1.7620219978921168 	 0.18412873010878256
1.7630219978921167 	 0.18241160567418252
1.7640219978921166 	 0.18071648529996492
1.7650219978921164 	 0.17904315520376846
1.7660219978921163 	 0.17739140158981026
1.7670219978921162 	 0.17576101064890137
1.7680219978921161 	 0.17415176855846212
1.769021997892116 	 0.17256346148253787
1.770021997892116 	 0.1709958755718146
1.7710219978921158 	 0.16944879696362808
1.7720219978921157 	 0.16792201116387348
1.7730219978921156 	 0.16641530135042665
1.7740219978921155 	 0.1649284501459884
1.7750219978921153 	 0.16346124015977867
1.7760219978921152 	 0.16201345398755315
1.7770219978921151 	 0.1605848742116193
1.778021997892115 	 0.15917528340085263
1.779021997892115 	 0.15778446411071267
1.7800219978921148 	 0.15641219888325955
1.7810219978921147 	 0.15505827024718405
1.7820219978921146 	 0.15372246211782067
1.7830219978921145 	 0.15240456363990829
1.7840219978921144 	 0.15110436517219156
1.7850219978921142 	 0.14982165706054723
1.7860219978921141 	 0.14855622963799986
1.787021997892114 	 0.1473078732247373
1.788021997892114 	 0.1460763781281273
1.7890219978921138 	 0.14486153464273285
1.7900219978921137 	 0.14366313305032874
1.7910219978921136 	 0.14248096361994259
1.7920219978921135 	 0.14131481916551974
1.7930219978921134 	 0.14016450206623493
1.7940219978921133 	 0.13902981693075758
1.7950219978921131 	 0.13791056835586496
1.796021997892113 	 0.13680656092645813
1.797021997892113 	 0.13571759921557633
1.7980219978921128 	 0.13464348778441204
1.7990219978921127 	 0.1335840311823265
1.8000219978921126 	 0.13253903394686448
1.8010219978921125 	 0.13150830060380037
1.8020219978921124 	 0.13049163879402206
1.8030219978921123 	 0.12948886785624572
1.8040219978921122 	 0.12849980985866377
1.805021997892112 	 0.12752428685872044
1.806021997892112 	 0.12656212090312577
1.8070219978921118 	 0.12561313402786906
1.8080219978921117 	 0.12467714825823299
1.8090219978921116 	 0.1237539856088075
1.8100219978921115 	 0.12284346808350348
1.8110219978921114 	 0.12194541767560006
1.8120219978921113 	 0.12105965968127387
1.8130219978921112 	 0.12018603179462582
1.814021997892111 	 0.11932437460398845
1.815021997892111 	 0.11847452868813041
1.8160219978921108 	 0.11763633461626935
1.8170219978921107 	 0.116809632948084
1.8180219978921106 	 0.11599426423372725
1.8190219978921105 	 0.11519006901383806
1.8200219978921104 	 0.11439688781955439
1.8210219978921103 	 0.11361456117255828
1.8220219978921102 	 0.11284293284960648
1.82302199789211 	 0.11208185884306437
1.82402199789211 	 0.1113311979977409
1.8250219978921098 	 0.11059080915003101
1.8260219978921097 	 0.10986055112792652
1.8270219978921096 	 0.10914028275102733
1.8280219978921095 	 0.10842986283055284
1.8290219978921094 	 0.10772915016935268
1.8300219978921093 	 0.10703800356191814
1.8310219978921092 	 0.1063562817944242
1.832021997892109 	 0.1056838467247298
1.833021997892109 	 0.10502057173640966
1.8340219978921088 	 0.10436633290484368
1.8350219978921087 	 0.10372100629806999
1.8360219978921086 	 0.10308446797679466
1.8370219978921085 	 0.10245659399440142
1.8380219978921084 	 0.10183726039696174
1.8390219978921083 	 0.10122634322324452
1.8400219978921082 	 0.10062371850472591
1.841021997892108 	 0.10002926226562767
1.842021997892108 	 0.09944285334840212
1.8430219978921079 	 0.09886438116916568
1.8440219978921077 	 0.09829373761377216
1.8450219978921076 	 0.09773081456170814
1.8460219978921075 	 0.09717550388610113
1.8470219978921074 	 0.09662769745372879
1.8480219978921073 	 0.09608728712502711
1.8490219978921072 	 0.09555416475409896
1.850021997892107 	 0.0950282221887233
1.851021997892107 	 0.09450935127038863
1.8520219978921069 	 0.09399744637672056
1.8530219978921068 	 0.09349241139997246
1.8540219978921066 	 0.09299415245494864
1.8550219978921065 	 0.09250257565095586
1.8560219978921064 	 0.09201758709181085
1.8570219978921063 	 0.09153909287584756
1.8580219978921062 	 0.09106699909592508
1.859021997892106 	 0.09060121183943477
1.860021997892106 	 0.09014163718830807
1.8610219978921059 	 0.08968818121904637
1.8620219978921058 	 0.08924075225887172
1.8630219978921057 	 0.08879926707843905
1.8640219978921055 	 0.08836364442084356
1.8650219978921054 	 0.08793380302444903
1.8660219978921053 	 0.08750966162289447
1.8670219978921052 	 0.08709113894510043
1.868021997892105 	 0.08667815371527574
1.869021997892105 	 0.08627062465292389
1.8700219978921049 	 0.08586847047284978
1.8710219978921048 	 0.08547160988518572
1.8720219978921047 	 0.08507996357701181
1.8730219978921046 	 0.0846934596515328
1.8740219978921044 	 0.08431202794447847
1.8750219978921043 	 0.08393559828751587
1.8760219978921042 	 0.08356410050825486
1.877021997892104 	 0.08319746443025372
1.878021997892104 	 0.08283561987302479
1.879021997892104 	 0.0824784966520402
1.8800219978921038 	 0.08212602457873745
1.8810219978921037 	 0.08177813346054226
1.8820219978921036 	 0.08143475482788577
1.8830219978921034 	 0.08109582667454182
1.8840219978921033 	 0.08076128850426804
1.8850219978921032 	 0.08043107981733817
1.8860219978921031 	 0.08010514011054705
1.887021997892103 	 0.07978340887721538
1.888021997892103 	 0.07946582560719466
1.8890219978921028 	 0.07915232978687203
1.8900219978921027 	 0.07884286089917523
1.8910219978921026 	 0.07853735842359236
1.8920219978921025 	 0.07823576333257723
1.8930219978921023 	 0.07793802219890114
1.8940219978921022 	 0.07764408290372206
1.8950219978921021 	 0.07735389332521284
1.896021997892102 	 0.07706740133856559
1.897021997892102 	 0.07678455481599558
1.8980219978921018 	 0.07650530162674567
1.8990219978921017 	 0.07622958963709041
1.9000219978921016 	 0.07595736671034028
1.9010219978921015 	 0.07568858070685879
1.9020219978921014 	 0.07542318077515679
1.9030219978921012 	 0.07516112089570243
1.9040219978921011 	 0.07490235617785479
1.905021997892101 	 0.07464684172841575
1.906021997892101 	 0.07439453265163352
1.9070219978921008 	 0.07414538404920655
1.9080219978921007 	 0.07389935102028668
1.9090219978921006 	 0.07365638866148326
1.9100219978921005 	 0.07341645206686642
1.9110219978921004 	 0.07317949632798203
1.9120219978921003 	 0.07294547764438016
1.9130219978921001 	 0.07271435637180669
1.9140219978921 	 0.07248609383702617
1.9150219978921 	 0.07226065136461209
1.9160219978920998 	 0.07203799027694993
1.9170219978920997 	 0.07181807189424022
1.9180219978920996 	 0.0716008575345017
1.9190219978920995 	 0.0713863085135745
1.9200219978920994 	 0.07117438614512313
1.9210219978920993 	 0.07096505174064924
1.9220219978920992 	 0.07075826756285125
1.923021997892099 	 0.0705539994424158
1.924021997892099 	 0.07035221404362614
1.9250219978920988 	 0.07015287802888705
1.9260219978920987 	 0.06995595805872742
1.9270219978920986 	 0.06976142079180306
1.9280219978920985 	 0.06956923288489919
1.9290219978920984 	 0.06937936099293324
1.9300219978920983 	 0.06919177176895755
1.9310219978920982 	 0.06900643186417024
1.932021997892098 	 0.06882330874539197
1.933021997892098 	 0.06864237293888396
1.9340219978920978 	 0.06846359568569028
1.9350219978920977 	 0.06828694822524298
1.9360219978920976 	 0.06811240179536472
1.9370219978920975 	 0.06793992763227075
1.9380219978920974 	 0.06776949697057155
1.9390219978920973 	 0.06760108104327486
1.9400219978920972 	 0.06743465108178821
1.941021997892097 	 0.06727017831592802
1.942021997892097 	 0.06710763467455565
1.9430219978920968 	 0.06694699470868834
1.9440219978920967 	 0.0667882335819601
1.9450219978920966 	 0.06663132645662052
1.9460219978920965 	 0.06647624849353664
1.9470219978920964 	 0.06632297485219511
1.9480219978920963 	 0.06617148069070398
1.9490219978920962 	 0.06602174116579491
1.950021997892096 	 0.06587373143282499
1.951021997892096 	 0.06572742664578482
1.9520219978920959 	 0.0655828025578327
1.9530219978920957 	 0.0654398371696453
1.9540219978920956 	 0.06529850900698621
1.9550219978920955 	 0.06515879659442844
1.9560219978920954 	 0.06502067845535615
1.9570219978920953 	 0.06488413311196652
1.9580219978920952 	 0.06474913908527126
1.959021997892095 	 0.06461567489509842
1.960021997892095 	 0.06448371906009424
1.9610219978920949 	 0.06435325009772973
1.9620219978920947 	 0.06422424703928455
1.9630219978920946 	 0.06409669084337731
1.9640219978920945 	 0.06397056291890679
1.9650219978920944 	 0.06384584467374682
1.9660219978920943 	 0.06372251751474754
1.9670219978920942 	 0.06360056284773717
1.968021997892094 	 0.06347996207752325
1.969021997892094 	 0.06336069660789417
1.9700219978920939 	 0.06324274784162083
1.9710219978920938 	 0.06312609718046232
1.9720219978920936 	 0.06301072646714904
1.9730219978920935 	 0.06289661919854075
1.9740219978920934 	 0.06278375925794485
1.9750219978920933 	 0.06267213052778497
1.9760219978920932 	 0.0625617168896023
1.977021997892093 	 0.062452502224056905
1.978021997892093 	 0.062344470410929054
1.9790219978920929 	 0.06223760532912032
1.9800219978920928 	 0.06213189085665502
1.9810219978920927 	 0.062027310870685255
1.9820219978920925 	 0.06192384962720638
1.9830219978920924 	 0.06182149280330219
1.9840219978920923 	 0.061720226408056855
1.9850219978920922 	 0.061620036449791686
1.986021997892092 	 0.061520908936066175
1.987021997892092 	 0.061422829873679134
1.9880219978920919 	 0.061325785268669816
1.9890219978920918 	 0.06122976112631897
1.9900219978920917 	 0.06113474345115008
1.9910219978920916 	 0.061040718246933634
1.9920219978920914 	 0.06094767184333268
1.9930219978920913 	 0.0608555917924818
1.9940219978920912 	 0.060764465932111655
1.9950219978920911 	 0.06067428209929337
1.996021997892091 	 0.06058502813043962
1.997021997892091 	 0.06049669186130543
1.9980219978920908 	 0.06040926112698935
1.9990219978920907 	 0.06032272376193423
