0.0010219978922 	 0
0.0020219978922 	 0.0
0.0030219978922 	 0.0
0.0040219978922 	 0.0
0.0050219978922 	 0.0
0.0060219978922 	 0.0
0.0070219978922 	 0.0
0.0080219978922 	 0.0
0.009021997892200002 	 0.0
0.010021997892200003 	 0.0
0.011021997892200004 	 0.0
0.012021997892200004 	 0.0
0.013021997892200005 	 0.0
0.014021997892200006 	 0.0
0.015021997892200007 	 0.0
0.016021997892200008 	 0.0
0.01702199789220001 	 0.0
0.01802199789220001 	 0.0
0.01902199789220001 	 0.0
0.02002199789220001 	 0.0
0.021021997892200012 	 0.0
0.022021997892200013 	 0.0
0.023021997892200014 	 0.0
0.024021997892200015 	 0.0
0.025021997892200016 	 0.0
0.026021997892200017 	 0.0
0.027021997892200018 	 0.0
0.02802199789220002 	 0.0
0.02902199789220002 	 0.0
0.03002199789220002 	 0.0
0.03102199789220002 	 0.0
0.03202199789220002 	 0.0
0.03302199789220002 	 0.0
0.03402199789220002 	 0.0
0.03502199789220002 	 0.0
0.03602199789220002 	 0.0
0.03702199789220002 	 0.0
0.038021997892200024 	 0.0
0.039021997892200025 	 0.0
0.040021997892200026 	 0.0
0.04102199789220003 	 0.0
0.04202199789220003 	 0.0
0.04302199789220003 	 0.0
0.04402199789220003 	 0.0
0.04502199789220003 	 0.0
0.04602199789220003 	 0.0
0.04702199789220003 	 0.0
0.04802199789220003 	 0.0
0.049021997892200034 	 0.0
0.050021997892200035 	 0.0
0.051021997892200036 	 0.0
0.052021997892200036 	 0.0
0.05302199789220004 	 0.0
0.05402199789220004 	 0.0
0.05502199789220004 	 0.0
0.05602199789220004 	 0.0
0.05702199789220004 	 0.0
0.05802199789220004 	 0.0
0.05902199789220004 	 0.0
0.060021997892200044 	 0.0
0.061021997892200044 	 0.0
0.062021997892200045 	 0.0
0.06302199789220005 	 0.0
0.06402199789220005 	 0.0
0.06502199789220005 	 0.0
0.06602199789220005 	 0.0
0.06702199789220005 	 0.0
0.06802199789220005 	 0.0
0.06902199789220005 	 0.0
0.07002199789220005 	 0.0
0.07102199789220005 	 0.0
0.07202199789220005 	 0.0
0.07302199789220006 	 0.0
0.07402199789220006 	 0.0
0.07502199789220006 	 0.0
0.07602199789220006 	 0.0
0.07702199789220006 	 0.0
0.07802199789220006 	 0.0
0.07902199789220006 	 0.0
0.08002199789220006 	 0.0
0.08102199789220006 	 0.0
0.08202199789220006 	 0.0
0.08302199789220006 	 0.0
0.08402199789220006 	 0.0
0.08502199789220007 	 0.0
0.08602199789220007 	 0.0
0.08702199789220007 	 0.0
0.08802199789220007 	 0.0
0.08902199789220007 	 0.0
0.09002199789220007 	 0.0
0.09102199789220007 	 0.0
0.09202199789220007 	 0.0
0.09302199789220007 	 0.0
0.09402199789220007 	 0.0
0.09502199789220007 	 0.0
0.09602199789220008 	 0.0
0.09702199789220008 	 0.0
0.09802199789220008 	 0.0
0.09902199789220008 	 0.0
0.10002199789220008 	 0.0
0.10102199789220008 	 0.0
0.10202199789220008 	 0.0
0.10302199789220008 	 0.0
0.10402199789220008 	 0.0
0.10502199789220008 	 0.0
0.10602199789220008 	 0.0
0.10702199789220009 	 0.0
0.10802199789220009 	 0.0
0.10902199789220009 	 0.0
0.11002199789220009 	 0.0
0.11102199789220009 	 0.0
0.11202199789220009 	 0.0
0.11302199789220009 	 0.0
0.11402199789220009 	 0.0
0.11502199789220009 	 0.0
0.1160219978922001 	 0.0
0.1170219978922001 	 0.0
0.1180219978922001 	 0.0
0.1190219978922001 	 0.0
0.1200219978922001 	 0.0
0.1210219978922001 	 0.0
0.1220219978922001 	 0.0
0.1230219978922001 	 0.0
0.1240219978922001 	 0.0
0.1250219978922001 	 0.0
0.1260219978922001 	 0.0
0.1270219978922001 	 0.0
0.1280219978922001 	 0.0
0.1290219978922001 	 0.0
0.1300219978922001 	 0.0
0.1310219978922001 	 0.0
0.1320219978922001 	 0.0
0.1330219978922001 	 0.0
0.1340219978922001 	 0.0
0.1350219978922001 	 0.0
0.1360219978922001 	 0.0
0.1370219978922001 	 0.0
0.1380219978922001 	 0.0
0.1390219978922001 	 0.0
0.1400219978922001 	 0.0
0.1410219978922001 	 0.0
0.1420219978922001 	 0.0
0.1430219978922001 	 0.0
0.1440219978922001 	 0.0
0.1450219978922001 	 0.0
0.1460219978922001 	 0.0
0.1470219978922001 	 0.0
0.1480219978922001 	 0.0
0.1490219978922001 	 0.0
0.1500219978922001 	 0.0
0.1510219978922001 	 0.0
0.1520219978922001 	 0.0
0.1530219978922001 	 0.0
0.1540219978922001 	 0.0
0.15502199789220011 	 0.0
0.15602199789220011 	 0.0
0.15702199789220012 	 0.0
0.15802199789220012 	 0.0
0.15902199789220012 	 0.0
0.16002199789220012 	 0.0
0.16102199789220012 	 0.0
0.16202199789220012 	 0.0
0.16302199789220012 	 0.0
0.16402199789220012 	 0.0
0.16502199789220012 	 0.0
0.16602199789220012 	 0.0
0.16702199789220012 	 0.0
0.16802199789220013 	 0.0
0.16902199789220013 	 0.0
0.17002199789220013 	 0.0
0.17102199789220013 	 0.0
0.17202199789220013 	 0.0
0.17302199789220013 	 0.0
0.17402199789220013 	 0.0
0.17502199789220013 	 0.0
0.17602199789220013 	 0.0
0.17702199789220013 	 0.0
0.17802199789220013 	 0.0
0.17902199789220014 	 0.0
0.18002199789220014 	 0.0
0.18102199789220014 	 0.0
0.18202199789220014 	 0.0
0.18302199789220014 	 0.0
0.18402199789220014 	 0.0
0.18502199789220014 	 0.0
0.18602199789220014 	 0.0
0.18702199789220014 	 0.0
0.18802199789220014 	 0.0
0.18902199789220014 	 0.0
0.19002199789220015 	 0.0
0.19102199789220015 	 0.0
0.19202199789220015 	 0.0
0.19302199789220015 	 0.0
0.19402199789220015 	 0.0
0.19502199789220015 	 0.0
0.19602199789220015 	 0.0
0.19702199789220015 	 0.0
0.19802199789220015 	 0.0
0.19902199789220015 	 0.0
0.20002199789220015 	 0.0
0.20102199789220015 	 0.0
0.20202199789220016 	 0.0
0.20302199789220016 	 0.0
0.20402199789220016 	 0.0
0.20502199789220016 	 0.0
0.20602199789220016 	 0.0
0.20702199789220016 	 0.0
0.20802199789220016 	 0.0
0.20902199789220016 	 0.0
0.21002199789220016 	 0.0
0.21102199789220016 	 0.0
0.21202199789220016 	 0.0
0.21302199789220017 	 0.0
0.21402199789220017 	 0.0
0.21502199789220017 	 0.0
0.21602199789220017 	 0.0
0.21702199789220017 	 0.0
0.21802199789220017 	 0.0
0.21902199789220017 	 0.0
0.22002199789220017 	 0.0
0.22102199789220017 	 0.0
0.22202199789220017 	 0.0
0.22302199789220017 	 0.0
0.22402199789220018 	 0.0
0.22502199789220018 	 0.0
0.22602199789220018 	 0.0
0.22702199789220018 	 0.0
0.22802199789220018 	 0.0
0.22902199789220018 	 0.0
0.23002199789220018 	 0.0
0.23102199789220018 	 0.0
0.23202199789220018 	 0.0
0.23302199789220018 	 0.0
0.23402199789220018 	 0.0
0.23502199789220019 	 0.0
0.23602199789220019 	 0.0
0.2370219978922002 	 0.0
0.2380219978922002 	 0.0
0.2390219978922002 	 0.0
0.2400219978922002 	 0.0
0.2410219978922002 	 0.0
0.2420219978922002 	 0.0
0.2430219978922002 	 0.0
0.2440219978922002 	 0.0
0.2450219978922002 	 0.0
0.2460219978922002 	 0.0
0.2470219978922002 	 0.0
0.2480219978922002 	 0.0
0.2490219978922002 	 0.0
0.2500219978922002 	 0.0
0.2510219978922002 	 0.0
0.2520219978922002 	 0.0
0.2530219978922002 	 0.0
0.2540219978922002 	 0.0
0.2550219978922002 	 0.0
0.2560219978922002 	 0.0
0.2570219978922002 	 0.0
0.2580219978922002 	 0.0
0.2590219978922002 	 0.0
0.2600219978922002 	 0.0
0.2610219978922002 	 0.0
0.2620219978922002 	 0.0
0.2630219978922002 	 0.0
0.2640219978922002 	 0.0
0.2650219978922002 	 0.0
0.2660219978922002 	 0.0
0.2670219978922002 	 0.0
0.2680219978922002 	 0.0
0.2690219978922002 	 0.0
0.2700219978922002 	 0.0
0.2710219978922002 	 0.0
0.2720219978922002 	 0.0
0.2730219978922002 	 0.0
0.2740219978922002 	 0.0
0.2750219978922002 	 0.0
0.2760219978922002 	 0.0
0.2770219978922002 	 0.0
0.2780219978922002 	 0.0
0.2790219978922002 	 0.0
0.2800219978922002 	 0.0
0.2810219978922002 	 0.0
0.2820219978922002 	 0.0
0.2830219978922002 	 0.0
0.28402199789220023 	 0.0
0.28502199789220023 	 0.0
0.28602199789220023 	 0.0
0.28702199789220023 	 0.0
0.28802199789220023 	 0.0
0.28902199789220023 	 0.0
0.29002199789220023 	 0.0
0.29102199789220023 	 0.0
0.29202199789220024 	 0.0
0.29302199789220024 	 0.0
0.29402199789220024 	 0.0
0.29502199789220024 	 0.0
0.29602199789220024 	 0.0
0.29702199789220024 	 0.0
0.29802199789220024 	 0.0
0.29902199789220024 	 0.0
0.30002199789220024 	 0.0
0.30102199789220024 	 0.0
0.30202199789220024 	 0.0
0.30302199789220025 	 0.0
0.30402199789220025 	 0.0
0.30502199789220025 	 0.0
0.30602199789220025 	 0.0
0.30702199789220025 	 0.0
0.30802199789220025 	 0.0
0.30902199789220025 	 0.0
0.31002199789220025 	 0.0
0.31102199789220025 	 0.0
0.31202199789220025 	 0.0
0.31302199789220025 	 0.0
0.31402199789220026 	 0.0
0.31502199789220026 	 0.0
0.31602199789220026 	 0.0
0.31702199789220026 	 0.0
0.31802199789220026 	 0.0
0.31902199789220026 	 0.0
0.32002199789220026 	 0.0
0.32102199789220026 	 0.0
0.32202199789220026 	 0.0
0.32302199789220026 	 0.0
0.32402199789220026 	 0.0
0.32502199789220027 	 0.0
0.32602199789220027 	 0.0
0.32702199789220027 	 0.0
0.32802199789220027 	 0.0
0.32902199789220027 	 0.0
0.33002199789220027 	 0.0
0.33102199789220027 	 0.0
0.33202199789220027 	 0.0
0.33302199789220027 	 0.0
0.3340219978922003 	 0.0
0.3350219978922003 	 0.0
0.3360219978922003 	 0.0
0.3370219978922003 	 0.0
0.3380219978922003 	 0.0
0.3390219978922003 	 0.0
0.3400219978922003 	 0.0
0.3410219978922003 	 0.0
0.3420219978922003 	 0.0
0.3430219978922003 	 0.0
0.3440219978922003 	 0.0
0.3450219978922003 	 0.0
0.3460219978922003 	 0.0
0.3470219978922003 	 0.0
0.3480219978922003 	 0.0
0.3490219978922003 	 0.0
0.3500219978922003 	 0.0
0.3510219978922003 	 0.0
0.3520219978922003 	 0.0
0.3530219978922003 	 0.0
0.3540219978922003 	 0.0
0.3550219978922003 	 0.0
0.3560219978922003 	 0.0
0.3570219978922003 	 0.0
0.3580219978922003 	 0.0
0.3590219978922003 	 0.0
0.3600219978922003 	 0.0
0.3610219978922003 	 0.0
0.3620219978922003 	 0.0
0.3630219978922003 	 0.0
0.3640219978922003 	 0.0
0.3650219978922003 	 0.0
0.3660219978922003 	 0.0
0.3670219978922003 	 0.0
0.3680219978922003 	 0.0
0.3690219978922003 	 0.0
0.3700219978922003 	 0.0
0.3710219978922003 	 0.0
0.3720219978922003 	 0.0
0.3730219978922003 	 0.0
0.3740219978922003 	 0.0
0.3750219978922003 	 0.0
0.3760219978922003 	 0.0
0.3770219978922003 	 0.0
0.3780219978922003 	 0.0
0.3790219978922003 	 0.0
0.3800219978922003 	 0.0
0.3810219978922003 	 0.0
0.3820219978922003 	 0.0
0.3830219978922003 	 0.0
0.3840219978922003 	 0.0
0.3850219978922003 	 0.0
0.3860219978922003 	 0.0
0.3870219978922003 	 0.0
0.3880219978922003 	 0.0
0.3890219978922003 	 0.0
0.3900219978922003 	 0.0
0.3910219978922003 	 0.0
0.3920219978922003 	 0.0
0.3930219978922003 	 0.0
0.3940219978922003 	 0.0
0.3950219978922003 	 0.0
0.39602199789220033 	 0.0
0.39702199789220033 	 0.0
0.39802199789220033 	 0.0
0.39902199789220033 	 0.0
0.40002199789220033 	 0.0
0.40102199789220033 	 0.0
0.40202199789220033 	 0.0
0.40302199789220033 	 0.0
0.40402199789220034 	 0.0
0.40502199789220034 	 0.0
0.40602199789220034 	 0.0
0.40702199789220034 	 0.0
0.40802199789220034 	 0.0
0.40902199789220034 	 0.0
0.41002199789220034 	 0.0
0.41102199789220034 	 0.0
0.41202199789220034 	 0.0
0.41302199789220034 	 0.0
0.41402199789220034 	 0.0
0.41502199789220034 	 0.0
0.41602199789220035 	 0.0
0.41702199789220035 	 0.0
0.41802199789220035 	 0.0
0.41902199789220035 	 0.0
0.42002199789220035 	 0.0
0.42102199789220035 	 0.0
0.42202199789220035 	 0.0
0.42302199789220035 	 0.0
0.42402199789220035 	 0.0
0.42502199789220035 	 0.0
0.42602199789220035 	 0.0
0.42702199789220036 	 0.0
0.42802199789220036 	 0.0
0.42902199789220036 	 0.0
0.43002199789220036 	 0.0
0.43102199789220036 	 0.0
0.43202199789220036 	 0.0
0.43302199789220036 	 0.0
0.43402199789220036 	 0.0
0.43502199789220036 	 0.0
0.43602199789220036 	 0.0
0.43702199789220036 	 0.0
0.43802199789220037 	 0.0
0.43902199789220037 	 0.0
0.44002199789220037 	 0.0
0.44102199789220037 	 0.0
0.44202199789220037 	 0.0
0.44302199789220037 	 0.0
0.44402199789220037 	 0.0
0.44502199789220037 	 0.0
0.4460219978922004 	 0.0
0.4470219978922004 	 0.0
0.4480219978922004 	 0.0
0.4490219978922004 	 0.0
0.4500219978922004 	 0.0
0.4510219978922004 	 0.0
0.4520219978922004 	 0.0
0.4530219978922004 	 0.0
0.4540219978922004 	 0.0
0.4550219978922004 	 0.0
0.4560219978922004 	 0.0
0.4570219978922004 	 0.0
0.4580219978922004 	 0.0
0.4590219978922004 	 0.0
0.4600219978922004 	 0.0
0.4610219978922004 	 0.0
0.4620219978922004 	 0.0
0.4630219978922004 	 0.0
0.4640219978922004 	 0.0
0.4650219978922004 	 0.0
0.4660219978922004 	 0.0
0.4670219978922004 	 0.0
0.4680219978922004 	 0.0
0.4690219978922004 	 0.0
0.4700219978922004 	 0.0
0.4710219978922004 	 0.0
0.4720219978922004 	 0.0
0.4730219978922004 	 0.0
0.4740219978922004 	 0.0
0.4750219978922004 	 0.0
0.4760219978922004 	 0.0
0.4770219978922004 	 0.0
0.4780219978922004 	 0.0
0.4790219978922004 	 0.0
0.4800219978922004 	 0.0
0.4810219978922004 	 0.0
0.4820219978922004 	 0.0
0.4830219978922004 	 0.0
0.4840219978922004 	 0.0
0.4850219978922004 	 0.0
0.4860219978922004 	 0.0
0.4870219978922004 	 0.0
0.4880219978922004 	 0.0
0.4890219978922004 	 0.0
0.4900219978922004 	 0.0
0.4910219978922004 	 0.0
0.4920219978922004 	 0.0
0.4930219978922004 	 0.0
0.4940219978922004 	 0.0
0.4950219978922004 	 0.0
0.4960219978922004 	 0.0
0.4970219978922004 	 0.0
0.4980219978922004 	 0.0
0.4990219978922004 	 0.0
0.5000219978922004 	 0.0
0.5010219978922004 	 0.0
0.5020219978922004 	 0.0
0.5030219978922004 	 0.0
0.5040219978922004 	 0.0
0.5050219978922004 	 0.0
0.5060219978922004 	 0.0
0.5070219978922004 	 0.0
0.5080219978922004 	 0.0
0.5090219978922004 	 0.0
0.5100219978922004 	 0.0
0.5110219978922004 	 0.0
0.5120219978922004 	 0.0
0.5130219978922004 	 0.0
0.5140219978922004 	 0.0
0.5150219978922004 	 0.0
0.5160219978922004 	 0.0
0.5170219978922004 	 0.0
0.5180219978922004 	 0.0
0.5190219978922004 	 0.0
0.5200219978922004 	 0.0
0.5210219978922004 	 0.0
0.5220219978922004 	 0.0
0.5230219978922004 	 0.0
0.5240219978922004 	 0.0
0.5250219978922004 	 0.0
0.5260219978922004 	 0.0
0.5270219978922004 	 0.0
0.5280219978922004 	 0.0
0.5290219978922004 	 0.0
0.5300219978922004 	 0.0
0.5310219978922004 	 0.0
0.5320219978922004 	 0.0
0.5330219978922004 	 0.0
0.5340219978922004 	 0.0
0.5350219978922004 	 0.0
0.5360219978922004 	 0.0
0.5370219978922004 	 0.0
0.5380219978922004 	 0.0
0.5390219978922004 	 0.0
0.5400219978922004 	 0.0
0.5410219978922004 	 0.0
0.5420219978922004 	 0.0
0.5430219978922004 	 0.0
0.5440219978922004 	 0.0
0.5450219978922004 	 0.0
0.5460219978922004 	 0.0
0.5470219978922004 	 0.0
0.5480219978922004 	 0.0
0.5490219978922004 	 0.0
0.5500219978922004 	 0.0
0.5510219978922004 	 0.0
0.5520219978922004 	 0.0
0.5530219978922004 	 0.0
0.5540219978922004 	 0.0
0.5550219978922004 	 0.0
0.5560219978922004 	 0.0
0.5570219978922004 	 0.0
0.5580219978922004 	 0.0
0.5590219978922004 	 0.0
0.5600219978922004 	 0.0
0.5610219978922004 	 0.0
0.5620219978922004 	 0.0
0.5630219978922004 	 0.0
0.5640219978922004 	 0.0
0.5650219978922004 	 0.0
0.5660219978922004 	 0.0
0.5670219978922004 	 0.0
0.5680219978922004 	 0.0
0.5690219978922004 	 0.0
0.5700219978922004 	 0.0
0.5710219978922004 	 0.0
0.5720219978922004 	 0.0
0.5730219978922004 	 0.0
0.5740219978922004 	 0.0
0.5750219978922004 	 0.0
0.5760219978922004 	 0.0
0.5770219978922004 	 0.0
0.5780219978922004 	 0.0
0.5790219978922004 	 0.0
0.5800219978922004 	 0.0
0.5810219978922004 	 0.0
0.5820219978922004 	 0.0
0.5830219978922004 	 0.0
0.5840219978922004 	 0.0
0.5850219978922004 	 0.0
0.5860219978922004 	 0.0
0.5870219978922004 	 0.0
0.5880219978922004 	 0.0
0.5890219978922004 	 0.0
0.5900219978922004 	 0.0
0.5910219978922004 	 0.0
0.5920219978922004 	 0.0
0.5930219978922004 	 0.0
0.5940219978922004 	 0.0
0.5950219978922004 	 0.0
0.5960219978922005 	 0.0
0.5970219978922005 	 0.0
0.5980219978922005 	 0.0
0.5990219978922005 	 0.0
0.6000219978922005 	 0.0
0.6010219978922005 	 0.0
0.6020219978922005 	 0.0
0.6030219978922005 	 0.0
0.6040219978922005 	 0.0
0.6050219978922005 	 0.0
0.6060219978922005 	 0.0
0.6070219978922005 	 0.0
0.6080219978922005 	 0.0
0.6090219978922005 	 0.0
0.6100219978922005 	 0.0
0.6110219978922005 	 0.0
0.6120219978922005 	 0.0
0.6130219978922005 	 0.0
0.6140219978922005 	 0.0
0.6150219978922005 	 0.0
0.6160219978922005 	 0.0
0.6170219978922005 	 0.0
0.6180219978922005 	 0.0
0.6190219978922005 	 0.0
0.6200219978922005 	 0.0
0.6210219978922005 	 0.0
0.6220219978922005 	 0.0
0.6230219978922005 	 0.0
0.6240219978922005 	 0.0
0.6250219978922005 	 0.0
0.6260219978922005 	 0.0
0.6270219978922005 	 0.0
0.6280219978922005 	 0.0
0.6290219978922005 	 0.0
0.6300219978922005 	 0.0
0.6310219978922005 	 0.0
0.6320219978922005 	 0.0
0.6330219978922005 	 0.0
0.6340219978922005 	 0.0
0.6350219978922005 	 0.0
0.6360219978922005 	 0.0
0.6370219978922005 	 0.0
0.6380219978922005 	 0.0
0.6390219978922005 	 0.0
0.6400219978922005 	 0.0
0.6410219978922005 	 0.0
0.6420219978922005 	 0.0
0.6430219978922005 	 0.0
0.6440219978922005 	 0.0
0.6450219978922005 	 0.0
0.6460219978922005 	 0.0
0.6470219978922005 	 0.0
0.6480219978922005 	 0.0
0.6490219978922005 	 0.0
0.6500219978922005 	 0.0
0.6510219978922005 	 0.0
0.6520219978922005 	 0.0
0.6530219978922005 	 0.0
0.6540219978922005 	 0.0
0.6550219978922005 	 0.0
0.6560219978922005 	 0.0
0.6570219978922005 	 0.0
0.6580219978922005 	 0.0
0.6590219978922005 	 0.0
0.6600219978922005 	 0.0
0.6610219978922005 	 0.0
0.6620219978922005 	 0.0
0.6630219978922005 	 0.0
0.6640219978922005 	 0.0
0.6650219978922005 	 0.0
0.6660219978922005 	 0.0
0.6670219978922005 	 0.0
0.6680219978922005 	 0.0
0.6690219978922005 	 0.0
0.6700219978922005 	 0.0
0.6710219978922005 	 0.0
0.6720219978922005 	 0.0
0.6730219978922005 	 0.0
0.6740219978922005 	 0.0
0.6750219978922005 	 0.0
0.6760219978922005 	 0.0
0.6770219978922005 	 0.0
0.6780219978922005 	 0.0
0.6790219978922005 	 0.0
0.6800219978922005 	 0.0
0.6810219978922005 	 0.0
0.6820219978922005 	 0.0
0.6830219978922005 	 0.0
0.6840219978922005 	 0.0
0.6850219978922005 	 0.0
0.6860219978922005 	 0.0
0.6870219978922005 	 0.0
0.6880219978922005 	 0.0
0.6890219978922005 	 0.0
0.6900219978922005 	 0.0
0.6910219978922005 	 0.0
0.6920219978922005 	 0.0
0.6930219978922005 	 0.0
0.6940219978922005 	 0.0
0.6950219978922005 	 0.0
0.6960219978922005 	 0.0
0.6970219978922005 	 0.0
0.6980219978922005 	 0.0
0.6990219978922005 	 0.0
0.7000219978922005 	 0.0
0.7010219978922005 	 0.0
0.7020219978922005 	 0.0
0.7030219978922005 	 0.0
0.7040219978922005 	 0.0
0.7050219978922005 	 0.0
0.7060219978922005 	 0.0
0.7070219978922005 	 0.0
0.7080219978922005 	 0.0
0.7090219978922006 	 0.0
0.7100219978922006 	 0.0
0.7110219978922006 	 0.0
0.7120219978922006 	 0.0
0.7130219978922006 	 0.0
0.7140219978922006 	 0.0
0.7150219978922006 	 0.0
0.7160219978922006 	 0.0
0.7170219978922006 	 0.0
0.7180219978922006 	 0.0
0.7190219978922006 	 0.0
0.7200219978922006 	 0.0
0.7210219978922006 	 0.0
0.7220219978922006 	 0.0
0.7230219978922006 	 0.0
0.7240219978922006 	 0.0
0.7250219978922006 	 0.0
0.7260219978922006 	 0.0
0.7270219978922006 	 0.0
0.7280219978922006 	 0.0
0.7290219978922006 	 0.0
0.7300219978922006 	 0.0
0.7310219978922006 	 0.0
0.7320219978922006 	 0.0
0.7330219978922006 	 0.0
0.7340219978922006 	 0.0
0.7350219978922006 	 0.0
0.7360219978922006 	 0.0
0.7370219978922006 	 0.0
0.7380219978922006 	 0.0
0.7390219978922006 	 0.0
0.7400219978922006 	 0.0
0.7410219978922006 	 0.0
0.7420219978922006 	 0.0
0.7430219978922006 	 0.0
0.7440219978922006 	 0.0
0.7450219978922006 	 0.0
0.7460219978922006 	 0.0
0.7470219978922006 	 0.0
0.7480219978922006 	 0.0
0.7490219978922006 	 0.0
0.7500219978922006 	 0.0
0.7510219978922006 	 0.0
0.7520219978922006 	 0.0
0.7530219978922006 	 0.0
0.7540219978922006 	 0.0
0.7550219978922006 	 0.0
0.7560219978922006 	 0.0
0.7570219978922006 	 0.0
0.7580219978922006 	 0.0
0.7590219978922006 	 0.0
0.7600219978922006 	 0.0
0.7610219978922006 	 0.0
0.7620219978922006 	 0.0
0.7630219978922006 	 0.0
0.7640219978922006 	 0.0
0.7650219978922006 	 0.0
0.7660219978922006 	 0.0
0.7670219978922006 	 0.0
0.7680219978922006 	 0.0
0.7690219978922006 	 0.0
0.7700219978922006 	 0.0
0.7710219978922006 	 0.0
0.7720219978922006 	 0.0
0.7730219978922006 	 0.0
0.7740219978922006 	 0.0
0.7750219978922006 	 0.0
0.7760219978922006 	 0.0
0.7770219978922006 	 0.0
0.7780219978922006 	 0.0
0.7790219978922006 	 0.0
0.7800219978922006 	 0.0
0.7810219978922006 	 0.0
0.7820219978922006 	 0.0
0.7830219978922006 	 0.0
0.7840219978922006 	 0.0
0.7850219978922006 	 0.0
0.7860219978922006 	 0.0
0.7870219978922006 	 0.0
0.7880219978922006 	 0.0
0.7890219978922006 	 0.0
0.7900219978922006 	 0.0
0.7910219978922006 	 0.0
0.7920219978922006 	 0.0
0.7930219978922006 	 0.0
0.7940219978922006 	 0.0
0.7950219978922006 	 0.0
0.7960219978922006 	 0.0
0.7970219978922006 	 0.0
0.7980219978922006 	 0.0
0.7990219978922006 	 0.0
0.8000219978922006 	 0.0
0.8010219978922006 	 0.0
0.8020219978922006 	 0.0
0.8030219978922006 	 0.0
0.8040219978922006 	 0.0
0.8050219978922006 	 0.0
0.8060219978922006 	 0.0
0.8070219978922006 	 0.0
0.8080219978922006 	 0.0
0.8090219978922006 	 0.0
0.8100219978922006 	 0.0
0.8110219978922006 	 0.0
0.8120219978922006 	 0.0
0.8130219978922006 	 0.0
0.8140219978922006 	 0.0
0.8150219978922006 	 0.0
0.8160219978922006 	 0.0
0.8170219978922006 	 0.0
0.8180219978922006 	 0.0
0.8190219978922006 	 0.0
0.8200219978922006 	 0.0
0.8210219978922007 	 0.0
0.8220219978922007 	 0.0
0.8230219978922007 	 0.0
0.8240219978922007 	 0.0
0.8250219978922007 	 0.0
0.8260219978922007 	 0.0
0.8270219978922007 	 0.0
0.8280219978922007 	 0.0
0.8290219978922007 	 0.0
0.8300219978922007 	 0.0
0.8310219978922007 	 0.0
0.8320219978922007 	 0.0
0.8330219978922007 	 0.0
0.8340219978922007 	 0.0
0.8350219978922007 	 0.0
0.8360219978922007 	 0.0
0.8370219978922007 	 0.0
0.8380219978922007 	 0.0
0.8390219978922007 	 0.0
0.8400219978922007 	 0.0
0.8410219978922007 	 0.0
0.8420219978922007 	 0.0
0.8430219978922007 	 0.0
0.8440219978922007 	 0.0
0.8450219978922007 	 0.0
0.8460219978922007 	 0.0
0.8470219978922007 	 0.0
0.8480219978922007 	 0.0
0.8490219978922007 	 0.0
0.8500219978922007 	 0.0
0.8510219978922007 	 0.0
0.8520219978922007 	 0.0
0.8530219978922007 	 0.0
0.8540219978922007 	 0.0
0.8550219978922007 	 0.0
0.8560219978922007 	 0.0
0.8570219978922007 	 0.0
0.8580219978922007 	 0.0
0.8590219978922007 	 0.0
0.8600219978922007 	 0.0
0.8610219978922007 	 0.0
0.8620219978922007 	 0.0
0.8630219978922007 	 0.0
0.8640219978922007 	 0.0
0.8650219978922007 	 0.0
0.8660219978922007 	 0.0
0.8670219978922007 	 0.0
0.8680219978922007 	 0.0
0.8690219978922007 	 0.0
0.8700219978922007 	 0.0
0.8710219978922007 	 0.0
0.8720219978922007 	 0.0
0.8730219978922007 	 0.0
0.8740219978922007 	 0.0
0.8750219978922007 	 0.0
0.8760219978922007 	 0.0
0.8770219978922007 	 0.0
0.8780219978922007 	 0.0
0.8790219978922007 	 0.0
0.8800219978922007 	 0.0
0.8810219978922007 	 0.0
0.8820219978922007 	 0.0
0.8830219978922007 	 0.0
0.8840219978922007 	 0.0
0.8850219978922007 	 0.0
0.8860219978922007 	 0.0
0.8870219978922007 	 0.0
0.8880219978922007 	 0.0
0.8890219978922007 	 0.0
0.8900219978922007 	 0.0
0.8910219978922007 	 0.0
0.8920219978922007 	 0.0
0.8930219978922007 	 0.0
0.8940219978922007 	 0.0
0.8950219978922007 	 0.0
0.8960219978922007 	 0.0
0.8970219978922007 	 0.0
0.8980219978922007 	 0.0
0.8990219978922007 	 0.0
0.9000219978922007 	 0.0
0.9010219978922007 	 0.0
0.9020219978922007 	 0.0
0.9030219978922007 	 0.0
0.9040219978922007 	 0.0
0.9050219978922007 	 0.0
0.9060219978922007 	 0.0
0.9070219978922007 	 0.0
0.9080219978922007 	 0.0
0.9090219978922007 	 0.0
0.9100219978922007 	 0.0
0.9110219978922007 	 0.0
0.9120219978922007 	 0.0
0.9130219978922007 	 0.0
0.9140219978922007 	 0.0
0.9150219978922007 	 0.0
0.9160219978922007 	 0.0
0.9170219978922007 	 0.0
0.9180219978922007 	 0.0
0.9190219978922007 	 0.0
0.9200219978922007 	 0.0
0.9210219978922007 	 0.0
0.9220219978922007 	 0.0
0.9230219978922007 	 0.0
0.9240219978922007 	 0.0
0.9250219978922007 	 0.0
0.9260219978922007 	 0.0
0.9270219978922007 	 0.0
0.9280219978922007 	 0.0
0.9290219978922007 	 0.0
0.9300219978922007 	 0.0
0.9310219978922007 	 0.0
0.9320219978922007 	 0.0
0.9330219978922007 	 0.0
0.9340219978922008 	 0.0
0.9350219978922008 	 0.0
0.9360219978922008 	 0.0
0.9370219978922008 	 0.0
0.9380219978922008 	 0.0
0.9390219978922008 	 0.0
0.9400219978922008 	 0.0
0.9410219978922008 	 0.0
0.9420219978922008 	 0.0
0.9430219978922008 	 0.0
0.9440219978922008 	 0.0
0.9450219978922008 	 0.0
0.9460219978922008 	 0.0
0.9470219978922008 	 0.0
0.9480219978922008 	 0.0
0.9490219978922008 	 0.0
0.9500219978922008 	 0.0
0.9510219978922008 	 0.0
0.9520219978922008 	 0.0
0.9530219978922008 	 0.0
0.9540219978922008 	 0.0
0.9550219978922008 	 0.0
0.9560219978922008 	 0.0
0.9570219978922008 	 0.0
0.9580219978922008 	 0.0
0.9590219978922008 	 0.0
0.9600219978922008 	 0.0
0.9610219978922008 	 0.0
0.9620219978922008 	 0.0
0.9630219978922008 	 0.0
0.9640219978922008 	 0.0
0.9650219978922008 	 0.0
0.9660219978922008 	 0.0
0.9670219978922008 	 0.0
0.9680219978922008 	 0.0
0.9690219978922008 	 0.0
0.9700219978922008 	 0.0
0.9710219978922008 	 0.0
0.9720219978922008 	 0.0
0.9730219978922008 	 0.0
0.9740219978922008 	 0.0
0.9750219978922008 	 0.0
0.9760219978922008 	 0.0
0.9770219978922008 	 0.0
0.9780219978922008 	 0.0
0.9790219978922008 	 0.0
0.9800219978922008 	 0.0
0.9810219978922008 	 0.0
0.9820219978922008 	 0.0
0.9830219978922008 	 0.0
0.9840219978922008 	 0.0
0.9850219978922008 	 0.0
0.9860219978922008 	 0.0
0.9870219978922008 	 0.0
0.9880219978922008 	 0.0
0.9890219978922008 	 0.0
0.9900219978922008 	 0.0
0.9910219978922008 	 0.0
0.9920219978922008 	 0.0
0.9930219978922008 	 0.0
0.9940219978922008 	 0.0
0.9950219978922008 	 0.0
0.9960219978922008 	 0.0
0.9970219978922008 	 0.0
0.9980219978922008 	 0.0
0.9990219978922008 	 0.0
1.0000219978922007 	 0.0
1.0010219978922006 	 0.0
1.0020219978922005 	 0.0
1.0030219978922004 	 0.0
1.0040219978922003 	 0.0
1.0050219978922001 	 0.0
1.0060219978922 	 0.0
1.0070219978922 	 0.0
1.0080219978921998 	 0.0
1.0090219978921997 	 0.0
1.0100219978921996 	 0.0
1.0110219978921995 	 0.0
1.0120219978921994 	 0.0
1.0130219978921993 	 0.0
1.0140219978921992 	 0.0
1.015021997892199 	 0.0
1.016021997892199 	 0.0
1.0170219978921988 	 0.0
1.0180219978921987 	 0.0
1.0190219978921986 	 0.0
1.0200219978921985 	 0.0
1.0210219978921984 	 0.0
1.0220219978921983 	 0.0
1.0230219978921982 	 0.0
1.024021997892198 	 0.0
1.025021997892198 	 0.0
1.0260219978921978 	 0.0
1.0270219978921977 	 0.0
1.0280219978921976 	 0.0
1.0290219978921975 	 0.0
1.0300219978921974 	 0.0
1.0310219978921973 	 0.0
1.0320219978921972 	 0.0
1.033021997892197 	 0.0
1.034021997892197 	 0.0
1.0350219978921968 	 0.0
1.0360219978921967 	 0.0
1.0370219978921966 	 0.0
1.0380219978921965 	 0.0
1.0390219978921964 	 0.0
1.0400219978921963 	 0.0
1.0410219978921962 	 0.0
1.042021997892196 	 0.0
1.043021997892196 	 0.0
1.0440219978921959 	 0.0
1.0450219978921957 	 0.0
1.0460219978921956 	 0.0
1.0470219978921955 	 0.0
1.0480219978921954 	 0.0
1.0490219978921953 	 0.0
1.0500219978921952 	 0.0
1.051021997892195 	 0.0
1.052021997892195 	 0.0
1.0530219978921949 	 0.0
1.0540219978921948 	 0.0
1.0550219978921946 	 0.0
1.0560219978921945 	 0.0
1.0570219978921944 	 0.0
1.0580219978921943 	 0.0
1.0590219978921942 	 0.0
1.060021997892194 	 0.0
1.061021997892194 	 0.0
1.0620219978921939 	 9.011245463385633e-08
1.0630219978921938 	 1.1465054833163397e-06
1.0640219978921936 	 2.89926614804135e-06
1.0650219978921935 	 5.230552835177832e-06
1.0660219978921934 	 8.10300036953974e-06
1.0670219978921933 	 1.150142166646573e-05
1.0680219978921932 	 1.5420467537418267e-05
1.069021997892193 	 1.9859446078520226e-05
1.070021997892193 	 2.482042578273089e-05
1.0710219978921929 	 3.0307042734237474e-05
1.0720219978921928 	 3.632385833120736e-05
1.0730219978921927 	 4.287597106971645e-05
1.0740219978921925 	 4.996877139036119e-05
1.0750219978921924 	 5.760778184041981e-05
1.0760219978921923 	 6.579863298388159e-05
1.0770219978921922 	 7.454665969508713e-05
1.078021997892192 	 8.38573517099693e-05
1.079021997892192 	 9.373598570066288e-05
1.0800219978921919 	 0.00010418777307163019
1.0810219978921918 	 0.00011521749721753042
1.0820219978921917 	 0.000126830030269952
1.0830219978921916 	 0.00013903006415551836
1.0840219978921914 	 0.00015182183649422071
1.0850219978921913 	 0.00016520967650698602
1.0860219978921912 	 0.00017919773010767093
1.0870219978921911 	 0.00019378968867805483
1.088021997892191 	 0.0002089894418761084
1.089021997892191 	 0.00022480032652573374
1.0900219978921908 	 0.00024122590145486832
1.0910219978921907 	 0.0002582691679253323
1.0920219978921906 	 0.0002759332711847146
1.0930219978921905 	 0.0002942211982755954
1.0940219978921903 	 0.0003131354973447524
1.0950219978921902 	 0.0003326789682171021
1.0960219978921901 	 0.0003528538754308471
1.09702199789219 	 0.0003736627530985818
1.09802199789219 	 0.00039510760261799024
1.0990219978921898 	 0.00041719071049779814
1.1000219978921897 	 0.0004399138337981526
1.1010219978921896 	 0.00046327903237892217
1.1020219978921895 	 0.00048728805359988907
1.1030219978921894 	 0.0005119426846748043
1.1040219978921892 	 0.0005372441194476313
1.1050219978921891 	 0.0005631938920043457
1.106021997892189 	 0.0005897930512368593
1.107021997892189 	 0.0006170430101840952
1.1080219978921888 	 0.0006449448263658744
1.1090219978921887 	 0.0006734995160854184
1.1100219978921886 	 0.0007027084072349495
1.1110219978921885 	 0.0007325723821246074
1.1120219978921884 	 0.0007630926828812097
1.1130219978921883 	 0.0007942697977345851
1.1140219978921881 	 0.0008261045307427566
1.115021997892188 	 0.0008585973163595693
1.116021997892188 	 0.0008917485441060881
1.1170219978921878 	 0.0009255589109826968
1.1180219978921877 	 0.0009600286452638878
1.1190219978921876 	 0.0009951584064768165
1.1200219978921875 	 0.001030948516612254
1.1210219978921874 	 0.0010673992938299345
1.1220219978921873 	 0.00110451134270916
1.1230219978921872 	 0.0011422845685937144
1.124021997892187 	 0.0011807192442218942
1.125021997892187 	 0.0012198152855309602
1.1260219978921868 	 0.001259572584262131
1.1270219978921867 	 0.0012999913669197154
1.1280219978921866 	 0.0013410715113195929
1.1290219978921865 	 0.0013828128906983005
1.1300219978921864 	 0.0014252157330506337
1.1310219978921863 	 0.0014682798152270441
1.1320219978921862 	 0.0015120053307520148
1.133021997892186 	 0.0015563919236017303
1.134021997892186 	 0.0016014391706277678
1.1350219978921858 	 0.0016471297796763875
1.1360219978921857 	 0.001693498025877544
1.1370219978921856 	 0.0017405259841720025
1.1380219978921855 	 0.0017882135706209367
1.1390219978921854 	 0.0018365603576365433
1.1400219978921853 	 0.0018855659261516136
1.1410219978921852 	 0.0019352302249936346
1.142021997892185 	 0.0019855528234699747
1.143021997892185 	 0.0020365331179888844
1.1440219978921848 	 0.002088170821057139
1.1450219978921847 	 0.0021404652896344152
1.1460219978921846 	 0.0021934158825140074
1.1470219978921845 	 0.0022470223206770114
1.1480219978921844 	 0.0023012839803639687
1.1490219978921843 	 0.002356200246694448
1.1500219978921842 	 0.002411770876628701
1.151021997892184 	 0.002467995290838815
1.152021997892184 	 0.002524872885341752
1.1530219978921838 	 0.002582403284285454
1.1540219978921837 	 0.002640585724479277
1.1550219978921836 	 0.002699419449027819
1.1560219978921835 	 0.002758904069119579
1.1570219978921834 	 0.002819038849002215
1.1580219978921833 	 0.0028798230667654444
1.1590219978921832 	 0.002941256371476178
1.160021997892183 	 0.0030033380769551327
1.161021997892183 	 0.0030660675118032426
1.1620219978921829 	 0.0031294443540169866
1.1630219978921827 	 0.0031934678274135246
1.1640219978921826 	 0.003258137255435174
1.1650219978921825 	 0.0033234518557149753
1.1660219978921824 	 0.0033894112197239076
1.1670219978921823 	 0.0034560145969843785
1.1680219978921822 	 0.0035232612530735575
1.169021997892182 	 0.003591150830839256
1.170021997892182 	 0.0036596826388788353
1.1710219978921819 	 0.0037288560031039225
1.1720219978921818 	 0.003798670611943054
1.1730219978921816 	 0.0038691257286422496
1.1740219978921815 	 0.003940220734673082
1.1750219978921814 	 0.004011954908592895
1.1760219978921813 	 0.004084327907974016
1.1770219978921812 	 0.004157339055115471
1.178021997892181 	 0.0042309876894628074
1.179021997892181 	 0.004305273536183197
1.1800219978921809 	 0.004380195987852609
1.1810219978921808 	 0.004455754578089779
1.1820219978921807 	 0.0045319487350944454
1.1830219978921805 	 0.004608778222119827
1.1840219978921804 	 0.004686242278634087
1.1850219978921803 	 0.0047643406370495925
1.1860219978921802 	 0.004843072491138712
1.18702199789218 	 0.004922437835160894
1.18802199789218 	 0.00500243631179837
1.1890219978921799 	 0.005083067464171788
1.1900219978921798 	 0.005164331230551829
1.1910219978921797 	 0.005246227216275266
1.1920219978921796 	 0.005328755177383763
1.1930219978921794 	 0.005411914767577706
1.1940219978921793 	 0.00549570602763869
1.1950219978921792 	 0.005580128675158837
1.1960219978921791 	 0.005665182581136094
1.197021997892179 	 0.005750867525523654
1.198021997892179 	 0.005837183692127332
1.1990219978921788 	 0.0059241309342306855
1.2000219978921787 	 0.006011709146079886
1.2010219978921786 	 0.006099918618183634
1.2020219978921785 	 0.006188759327850085
1.2030219978921783 	 0.006278231451185756
1.2040219978921782 	 0.006368335095226684
1.2050219978921781 	 0.006459070764577701
1.206021997892178 	 0.006550438657089328
1.207021997892178 	 0.006642439127699703
1.2080219978921778 	 0.006735072461451856
1.2090219978921777 	 0.006828339348407547
1.2100219978921776 	 0.006922240163236805
1.2110219978921775 	 0.007016775451461878
1.2120219978921773 	 0.00711194571293452
1.2130219978921772 	 0.007207751949968868
1.2140219978921771 	 0.0073041948919304635
1.215021997892177 	 0.007401275443803153
1.216021997892177 	 0.0074989944430110195
1.2170219978921768 	 0.007597353150198958
1.2180219978921767 	 0.007696352521156454
1.2190219978921766 	 0.007795993694712586
1.2200219978921765 	 0.007896277750196856
1.2210219978921764 	 0.007997206178416127
1.2220219978921762 	 0.008098780228321181
1.2230219978921761 	 0.008201001510116867
1.224021997892176 	 0.008303871623556874
1.225021997892176 	 0.008407392604583673
1.2260219978921758 	 0.008511566209762188
1.2270219978921757 	 0.008616394382401743
1.2280219978921756 	 0.008721879147889088
1.2290219978921755 	 0.008828022608243514
1.2300219978921754 	 0.00893482693604122
1.2310219978921753 	 0.009042294389742066
1.2320219978921751 	 0.009150427370843239
1.233021997892175 	 0.009259228649121374
1.234021997892175 	 0.009368701152119461
1.2350219978921748 	 0.009478847904211617
1.2360219978921747 	 0.009589672027013215
1.2370219978921746 	 0.009701176739561165
1.2380219978921745 	 0.00981336535915096
1.2390219978921744 	 0.009926241301936112
1.2400219978921743 	 0.010039808083413851
1.2410219978921742 	 0.010154069318753093
1.242021997892174 	 0.010269028829384753
1.243021997892174 	 0.010384690944384515
1.2440219978921738 	 0.010501060209098773
1.2450219978921737 	 0.010618141294224934
1.2460219978921736 	 0.010735938996254692
1.2470219978921735 	 0.010854458237583539
1.2480219978921734 	 0.010973704067631151
1.2490219978921733 	 0.011093681663614364
1.2500219978921732 	 0.011214396331161875
1.251021997892173 	 0.011335853504702334
1.252021997892173 	 0.011458058890864382
1.2530219978921728 	 0.011581019035758387
1.2540219978921727 	 0.011704740284720634
1.2550219978921726 	 0.01182922962788139
1.2560219978921725 	 0.011954494056991859
1.2570219978921724 	 0.012080540726114836
1.2580219978921723 	 0.012207376953305931
1.2590219978921722 	 0.012335010221786971
1.260021997892172 	 0.012463448180897195
1.261021997892172 	 0.012592698646720657
1.2620219978921718 	 0.012722769783103126
1.2630219978921717 	 0.012853670612654616
1.2640219978921716 	 0.012985410519683448
1.2650219978921715 	 0.013117999095768247
1.2660219978921714 	 0.013251446140801424
1.2670219978921713 	 0.013385761663311612
1.2680219978921712 	 0.013520955883176478
1.269021997892171 	 0.013657039233575244
1.270021997892171 	 0.013794022362621176
1.2710219978921709 	 0.013931916134520177
1.2720219978921707 	 0.014070731840694238
1.2730219978921706 	 0.014210481795515647
1.2740219978921705 	 0.014351178757073634
1.2750219978921704 	 0.014492835747881672
1.2760219978921703 	 0.014635466056721499
1.2770219978921702 	 0.014779083239404002
1.27802199789217 	 0.014923701123220248
1.27902199789217 	 0.015069333810245849
1.2800219978921699 	 0.01521599568017674
1.2810219978921698 	 0.015363701392455235
1.2820219978921696 	 0.015512466111623819
1.2830219978921695 	 0.01566230609918435
1.2840219978921694 	 0.01581323815426643
1.2850219978921693 	 0.015965279403965256
1.2860219978921692 	 0.016118447312858386
1.287021997892169 	 0.016272759684477688
1.288021997892169 	 0.016428234668522224
1.2890219978921689 	 0.016584890766307633
1.2900219978921688 	 0.016742746780508036
1.2910219978921686 	 0.01690182170419604
1.2920219978921685 	 0.017062135261846346
1.2930219978921684 	 0.01722370825283095
1.2940219978921683 	 0.017386562040152587
1.2950219978921682 	 0.017550718402968915
1.296021997892168 	 0.017716199540853333
1.297021997892168 	 0.017883028076315647
1.2980219978921679 	 0.018051227066235482
1.2990219978921678 	 0.01822081995025739
1.3000219978921677 	 0.01839183016774033
1.3010219978921675 	 0.018564281987097392
1.3020219978921674 	 0.01873820030794729
1.3030219978921673 	 0.018913610736815047
1.3040219978921672 	 0.01909053942624733
1.305021997892167 	 0.019269013030424855
1.306021997892167 	 0.019449058712516315
1.3070219978921669 	 0.019630704146089056
1.3080219978921668 	 0.019813977533148574
1.3090219978921667 	 0.019998907616053323
1.3100219978921666 	 0.020185523687937735
1.3110219978921664 	 0.020373855600887412
1.3120219978921663 	 0.020563933598131204
1.3130219978921662 	 0.020755787857980365
1.3140219978921661 	 0.020949448976547894
1.315021997892166 	 0.021144948125968635
1.316021997892166 	 0.021342317061606494
1.3170219978921658 	 0.021541588123024213
1.3180219978921657 	 0.02174279425813663
1.3190219978921656 	 0.0219459690401899
1.3200219978921655 	 0.022151146681556166
1.3210219978921653 	 0.02235836204162237
1.3220219978921652 	 0.02256765008358725
1.3230219978921651 	 0.022779044377683966
1.324021997892165 	 0.022992578615687043
1.325021997892165 	 0.0232082870925859
1.3260219978921648 	 0.023426204711691323
1.3270219978921647 	 0.023646366978328007
1.3280219978921646 	 0.023868810363838897
1.3290219978921645 	 0.024093571010240965
1.3300219978921644 	 0.024320686714560197
1.3310219978921642 	 0.024550123373281153
1.3320219978921641 	 0.02478175896036046
1.333021997892164 	 0.025015715266958522
1.334021997892164 	 0.025252048952510812
1.3350219978921638 	 0.025490803313974138
1.3360219978921637 	 0.025732017092160966
1.3370219978921636 	 0.02597572704242079
1.3380219978921635 	 0.026221968930672593
1.3390219978921634 	 0.026470778073502024
1.3400219978921633 	 0.026722189630022052
1.3410219978921631 	 0.026976238766593653
1.342021997892163 	 0.027232959088616077
1.343021997892163 	 0.027492378157001226
1.3440219978921628 	 0.027754522060675416
1.3450219978921627 	 0.028019416868137196
1.3460219978921626 	 0.02828708863460364
1.3470219978921625 	 0.028557563360354945
1.3480219978921624 	 0.02883086707910705
1.3490219978921623 	 0.02910702589753427
1.3500219978921622 	 0.029386066015906015
1.351021997892162 	 0.029668013715674114
1.352021997892162 	 0.029952893141030567
1.3530219978921618 	 0.03024072033302862
1.3540219978921617 	 0.03053150917722555
1.3550219978921616 	 0.03082527326791918
1.3560219978921615 	 0.031122025875308497
1.3570219978921614 	 0.03142177984453206
1.3580219978921613 	 0.031724547731601785
1.3590219978921612 	 0.03203034186935117
1.360021997892161 	 0.03233917439314501
1.361021997892161 	 0.03265105722173536
1.3620219978921608 	 0.032965999541911026
1.3630219978921607 	 0.03328400127885963
1.3640219978921606 	 0.033605059732218265
1.3650219978921605 	 0.03392917167887714
1.3660219978921604 	 0.03425633334712697
1.3670219978921603 	 0.034586540270397655
1.3680219978921602 	 0.0349197875632561
1.36902199789216 	 0.03525607007263544
1.37002199789216 	 0.03559538246516803
1.3710219978921598 	 0.0359377192427791
1.3720219978921597 	 0.036283072452698586
1.3730219978921596 	 0.0366314260171679
1.3740219978921595 	 0.0369827618090316
1.3750219978921594 	 0.03733706162934607
1.3760219978921593 	 0.03769430725975344
1.3770219978921592 	 0.03805448036098625
1.378021997892159 	 0.0384175628911029
1.379021997892159 	 0.0387835373544263
1.3800219978921588 	 0.03915238698530131
1.3810219978921587 	 0.039524095866604214
1.3820219978921586 	 0.03989864761891366
1.3830219978921585 	 0.040276022002304436
1.3840219978921584 	 0.040656198829103145
1.3850219978921583 	 0.04103915908259496
1.3860219978921582 	 0.04142488534057706
1.387021997892158 	 0.04181336173121745
1.388021997892158 	 0.04220457406511466
1.3890219978921579 	 0.04259850989193994
1.3900219978921577 	 0.04299515852123416
1.3910219978921576 	 0.04339451106309542
1.3920219978921575 	 0.04379656047518662
1.3930219978921574 	 0.044201301062896034
1.3940219978921573 	 0.04460872834364476
1.3950219978921572 	 0.04501883878750472
1.396021997892157 	 0.04543162950646701
1.397021997892157 	 0.045847098017067184
1.3980219978921569 	 0.046265241401552075
1.3990219978921568 	 0.046686055538035176
1.4000219978921566 	 0.047109534317243885
1.4010219978921565 	 0.04753566882401605
1.4020219978921564 	 0.04796444793619849
1.4030219978921563 	 0.048395860944146586
1.4040219978921562 	 0.048829892621406086
1.405021997892156 	 0.0492665209014025
1.406021997892156 	 0.049705715728119784
1.4070219978921559 	 0.05014743797157183
1.4080219978921558 	 0.050591638197175264
1.4090219978921557 	 0.05103825554883968
1.4100219978921555 	 0.051487216743343306
1.4110219978921554 	 0.05193843585102072
1.4120219978921553 	 0.05239181331497085
1.4130219978921552 	 0.05284724681095887
1.414021997892155 	 0.053304620952551354
1.415021997892155 	 0.05376380554837529
1.4160219978921549 	 0.05422465556851116
1.4170219978921548 	 0.054687011295592655
1.4180219978921547 	 0.055150698812798236
1.4190219978921546 	 0.05561553065588648
1.4200219978921544 	 0.056081306639928205
1.4210219978921543 	 0.05654781478187839
1.4220219978921542 	 0.057014835581331774
1.4230219978921541 	 0.05748215275544384
1.424021997892154 	 0.05794954547987465
1.425021997892154 	 0.058416786947888814
1.4260219978921538 	 0.05888364572993472
1.4270219978921537 	 0.05934988703074636
1.4280219978921536 	 0.05981527427091827
1.4290219978921535 	 0.060279570486621956
1.4300219978921533 	 0.06074253960704695
1.4310219978921532 	 0.06120394755030245
1.4320219978921531 	 0.06166356663395351
1.433021997892153 	 0.06212118597072305
1.434021997892153 	 0.06257660334707908
1.4350219978921528 	 0.06302962250378498
1.4360219978921527 	 0.0634800536929457
1.4370219978921526 	 0.06392771384473123
1.4380219978921525 	 0.06437242714779753
1.4390219978921523 	 0.06481402532670688
1.4400219978921522 	 0.06525234775632546
1.4410219978921521 	 0.06568724138771352
1.442021997892152 	 0.06611856351576974
1.443021997892152 	 0.06654619055746824
1.4440219978921518 	 0.06697000924345156
1.4450219978921517 	 0.06738991367882903
1.4460219978921516 	 0.06780580496388748
1.4470219978921515 	 0.0682175905844805
1.4480219978921514 	 0.06862518438472104
1.4490219978921512 	 0.06902850633350247
1.4500219978921511 	 0.06942748217141329
1.451021997892151 	 0.06982204295989769
1.452021997892151 	 0.07021212689788038
1.4530219978921508 	 0.07059768613247804
1.4540219978921507 	 0.07097867953816256
1.4550219978921506 	 0.07135507023563034
1.4560219978921505 	 0.07172682513721504
1.4570219978921504 	 0.07209391429897342
1.4580219978921503 	 0.07245631100080104
1.4590219978921501 	 0.07281399158751478
1.46002199789215 	 0.07316693523046973
1.46102199789215 	 0.07351512358076318
1.4620219978921498 	 0.07385854208405111
1.4630219978921497 	 0.07419718503623003
1.4640219978921496 	 0.07453105032783641
1.4650219978921495 	 0.07486013768928583
1.4660219978921494 	 0.07518444831860976
1.4670219978921493 	 0.07550398417702717
1.4680219978921492 	 0.07581874842219945
1.469021997892149 	 0.07612874544663988
1.470021997892149 	 0.0764339807594616
1.4710219978921488 	 0.07673446082400419
1.4720219978921487 	 0.07703019409503735
1.4730219978921486 	 0.07732119459761391
1.4740219978921485 	 0.07760747820099281
1.4750219978921484 	 0.07788906140980861
1.4760219978921483 	 0.07816596107733846
1.4770219978921482 	 0.07843819376232697
1.478021997892148 	 0.07870577627087176
1.479021997892148 	 0.07896872595713507
1.4800219978921478 	 0.07922705997598474
1.4810219978921477 	 0.07948079617909798
1.4820219978921476 	 0.07972995310809183
1.4830219978921475 	 0.07997455311413211
1.4840219978921474 	 0.08021461953783278
1.4850219978921473 	 0.0804501757985742
1.4860219978921472 	 0.08068124516920712
1.487021997892147 	 0.0809078502275941
1.488021997892147 	 0.08113001337603296
1.4890219978921468 	 0.08134775698058758
1.4900219978921467 	 0.08156110334578626
1.4910219978921466 	 0.08177007462129561
1.4920219978921465 	 0.0819746935349163
1.4930219978921464 	 0.08217498614903555
1.4940219978921463 	 0.08237097915751831
1.4950219978921462 	 0.08256269903161952
1.496021997892146 	 0.08275017183786185
1.497021997892146 	 0.08293342277966399
1.4980219978921459 	 0.08311247665245275
1.4990219978921457 	 0.08328735797084635
1.5000219978921456 	 0.08345809095399873
1.5010219978921455 	 0.08362469942831079
1.5020219978921454 	 0.08378720769906851
1.5030219978921453 	 0.08394564380141084
1.5040219978921452 	 0.08410003740983783
1.505021997892145 	 0.08425041448916745
1.506021997892145 	 0.08439680373022061
1.5070219978921449 	 0.08453923196629086
1.5080219978921447 	 0.08467772548950869
1.5090219978921446 	 0.08481231010827184
1.5100219978921445 	 0.08494301114659386
1.5110219978921444 	 0.08506985339030536
1.5120219978921443 	 0.08519286240402277
1.5130219978921442 	 0.08531206853442426
1.514021997892144 	 0.08542750274362809
1.515021997892144 	 0.08553919533436861
1.5160219978921439 	 0.08564717594209278
1.5170219978921438 	 0.08575147352423165
1.5180219978921436 	 0.08585211636502792
1.5190219978921435 	 0.08594913207670905
1.5200219978921434 	 0.0860425475999495
1.5210219978921433 	 0.08613238883844007
1.5220219978921432 	 0.08621868230094702
1.523021997892143 	 0.08630146180512109
1.524021997892143 	 0.086380761998051
1.5250219978921429 	 0.08645661644373406
1.5260219978921428 	 0.08652901973784544
1.5270219978921427 	 0.08659797903247522
1.5280219978921425 	 0.08666352486863935
1.5290219978921424 	 0.0867256869338772
1.5300219978921423 	 0.08678449296920174
1.5310219978921422 	 0.08683997061127903
1.532021997892142 	 0.08689215020776182
1.533021997892142 	 0.08694106973157799
1.5340219978921419 	 0.08698676810337444
1.5350219978921418 	 0.08702928315525342
1.5360219978921417 	 0.08706865201264666
1.5370219978921416 	 0.08710491179625415
1.5380219978921414 	 0.08713809891145184
1.5390219978921413 	 0.08716824881122598
1.5400219978921412 	 0.0871953960519769
1.5410219978921411 	 0.08721957472042745
1.542021997892141 	 0.08724082203870756
1.543021997892141 	 0.08725918415497126
1.5440219978921408 	 0.08727470840385079
1.5450219978921407 	 0.08728744113243053
1.5460219978921406 	 0.0872974282658133
1.5470219978921405 	 0.08730471670413802
1.5480219978921403 	 0.08730935298034767
1.5490219978921402 	 0.08731138293199255
1.5500219978921401 	 0.08731085181282065
1.55102199789214 	 0.08730780502124974
1.55202199789214 	 0.08730229244504453
1.5530219978921398 	 0.08729437375581266
1.5540219978921397 	 0.08728411043594372
1.5550219978921396 	 0.08727156358256803
1.5560219978921395 	 0.08725679485017136
1.5570219978921394 	 0.08723986857566134
1.5580219978921392 	 0.08722084984154976
1.5590219978921391 	 0.0871998039485901
1.560021997892139 	 0.08717679665504761
1.561021997892139 	 0.08715189519186538
1.5620219978921388 	 0.08712517305991897
1.5630219978921387 	 0.08709671364924179
1.5640219978921386 	 0.08706660300807535
1.5650219978921385 	 0.08703492791342782
1.5660219978921384 	 0.08700177692120137
1.5670219978921383 	 0.08696724285434876
1.5680219978921381 	 0.08693055680929061
1.569021997892138 	 0.08689110747267921
1.570021997892138 	 0.08684963719159931
1.5710219978921378 	 0.08680641160364341
1.5720219978921377 	 0.08676161318237502
1.5730219978921376 	 0.08671539064253071
1.5740219978921375 	 0.08666786750612146
1.5750219978921374 	 0.08661914393929859
1.5760219978921373 	 0.08656929642787475
1.5770219978921372 	 0.08651837627258627
1.578021997892137 	 0.08646639870065341
1.579021997892137 	 0.0864133319085029
1.5800219978921368 	 0.08635908430406432
1.5810219978921367 	 0.0863034904482001
1.5820219978921366 	 0.0862462969787926
1.5830219978921365 	 0.08618714060514104
1.5840219978921364 	 0.0861255290255972
1.5850219978921363 	 0.08606082683464546
1.5860219978921362 	 0.08599225137383452
1.587021997892136 	 0.08591888506199864
1.588021997892136 	 0.08583970186982941
1.5890219978921358 	 0.08575362328862239
1.5900219978921357 	 0.0856596043073112
1.5910219978921356 	 0.08555674601270268
1.5920219978921355 	 0.08544442090331826
1.5930219978921354 	 0.08532238080076658
1.5940219978921353 	 0.08519084177792781
1.5950219978921352 	 0.08505050952341653
1.596021997892135 	 0.08490253499212316
1.597021997892135 	 0.08474840842822023
1.5980219978921348 	 0.08458980622054509
1.5990219978921347 	 0.0844284292230704
1.6000219978921346 	 0.08426586162522264
1.6010219978921345 	 0.08410347004173753
1.6020219978921344 	 0.08394234774915102
1.6030219978921343 	 0.08378329131260412
1.6040219978921342 	 0.08362683049681852
1.605021997892134 	 0.08347327074359003
1.606021997892134 	 0.08332274136171083
1.6070219978921338 	 0.08317524406614317
1.6080219978921337 	 0.08303069467635879
1.6090219978921336 	 0.08288895286026932
1.6100219978921335 	 0.08274985562348187
1.6110219978921334 	 0.08261323284592068
1.6120219978921333 	 0.08247891815056506
1.6130219978921332 	 0.08234674427268189
1.614021997892133 	 0.08221656285699311
1.615021997892133 	 0.08208825177288927
1.6160219978921329 	 0.08196171648685913
1.6170219978921327 	 0.08183688935174638
1.6180219978921326 	 0.08171373040341427
1.6190219978921325 	 0.08159222593583429
1.6200219978921324 	 0.08147238740940113
1.6210219978921323 	 0.08135424996894053
1.6220219978921322 	 0.08123786444383885
1.623021997892132 	 0.08112328302060073
1.624021997892132 	 0.08101057453220446
1.6250219978921319 	 0.08089982852589586
1.6260219978921318 	 0.08079115349543599
1.6270219978921316 	 0.0806846742074229
1.6280219978921315 	 0.08058053327680072
1.6290219978921314 	 0.0804788912209248
1.6300219978921313 	 0.08037992606678084
1.6310219978921312 	 0.08028383171178335
1.632021997892131 	 0.08019080968341735
1.633021997892131 	 0.08010105775917682
1.6340219978921309 	 0.08001478566090758
1.6350219978921308 	 0.07993221896037078
1.6360219978921307 	 0.0798535975016546
1.6370219978921305 	 0.07977917144020338
1.6380219978921304 	 0.07970920433201902
1.6390219978921303 	 0.07964397382948799
1.6400219978921302 	 0.07958377089257389
1.64102199789213 	 0.07952889792598522
1.64202199789213 	 0.0794796602321647
1.6430219978921299 	 0.07943635878656945
1.6440219978921298 	 0.07939930193404085
1.6450219978921297 	 0.07936880784662995
1.6460219978921296 	 0.07934520226969595
1.6470219978921294 	 0.07932881342521267
1.6480219978921293 	 0.07931997520879315
1.6490219978921292 	 0.07931902722016285
1.650021997892129 	 0.07932631348729581
1.651021997892129 	 0.07934217998925822
1.652021997892129 	 0.07936696724604776
1.6530219978921288 	 0.07940100720317128
1.6540219978921287 	 0.07944462912238302
1.6550219978921286 	 0.07949816020277492
1.6560219978921285 	 0.07956192278483808
1.6570219978921283 	 0.07963622932563416
1.6580219978921282 	 0.07972138471754586
1.6590219978921281 	 0.07981768574782469
1.660021997892128 	 0.07992541974657404
1.661021997892128 	 0.08004486216823037
1.6620219978921278 	 0.08017627100333485
1.6630219978921277 	 0.08031988887755391
1.6640219978921276 	 0.08047594272715033
1.6650219978921275 	 0.08064464296230485
1.6660219978921273 	 0.08082618132972075
1.6670219978921272 	 0.08102072726443532
1.6680219978921271 	 0.08122842935574748
1.669021997892127 	 0.08144941514771341
1.670021997892127 	 0.08168379026457717
1.6710219978921268 	 0.08193163698057056
1.6720219978921267 	 0.08219301305380561
1.6730219978921266 	 0.08246795684447455
1.6740219978921265 	 0.08275648378707516
1.6750219978921264 	 0.08305858500703106
1.6760219978921262 	 0.08337422679720555
1.6770219978921261 	 0.08370334944013891
1.678021997892126 	 0.08404586860403503
1.679021997892126 	 0.08440167603445614
1.6800219978921258 	 0.08477063992787856
1.6810219978921257 	 0.08515260532866438
1.6820219978921256 	 0.08554739673687209
1.6830219978921255 	 0.08595482677502084
1.6840219978921254 	 0.08637469005992905
1.6850219978921253 	 0.08680676190227549
1.6860219978921251 	 0.08725079931246876
1.687021997892125 	 0.0877065420620532
1.688021997892125 	 0.08817371375179128
1.6890219978921248 	 0.08865202291042791
1.6900219978921247 	 0.08914116410698897
1.6910219978921246 	 0.08964081925906638
1.6920219978921245 	 0.0901506626999959
1.6930219978921244 	 0.09067037139162704
1.6940219978921243 	 0.09119961658916895
1.6950219978921242 	 0.09173806199359948
1.696021997892124 	 0.0922853651386717
1.697021997892124 	 0.09284117939451364
1.6980219978921238 	 0.09340515389100944
1.6990219978921237 	 0.09397693405719483
1.7000219978921236 	 0.09455616240629607
1.7010219978921235 	 0.09514247975485104
1.7020219978921234 	 0.09573553104281342
1.7030219978921233 	 0.09633497522598937
1.7040219978921232 	 0.09694047531103664
1.705021997892123 	 0.09755169566504135
1.706021997892123 	 0.09816830333239189
1.7070219978921228 	 0.09878996906092714
1.7080219978921227 	 0.09941636755646134
1.7090219978921226 	 0.10004717619292505
1.7100219978921225 	 0.10068207543786485
1.7110219978921224 	 0.10132074968668024
1.7120219978921223 	 0.10196289296132346
1.7130219978921222 	 0.1026082175458274
1.714021997892122 	 0.10325644360779208
1.715021997892122 	 0.1039072960881239
1.7160219978921218 	 0.10456050540285487
1.7170219978921217 	 0.10521580946867257
1.7180219978921216 	 0.10587295162880082
1.7190219978921215 	 0.10653167990453268
1.7200219978921214 	 0.10719174684731658
1.7210219978921213 	 0.10785291148218815
1.7220219978921212 	 0.10851493908721248
1.723021997892121 	 0.10917761634273652
1.724021997892121 	 0.10984073635735105
1.7250219978921209 	 0.11050409705450451
1.7260219978921207 	 0.11116750171627451
1.7270219978921206 	 0.11183076091539804
1.7280219978921205 	 0.11249369027361071
1.7290219978921204 	 0.11315610948685534
1.7300219978921203 	 0.11381784223496876
1.7310219978921202 	 0.11447871658324887
1.73202199789212 	 0.11513856949562906
1.73302199789212 	 0.11579725208993444
1.7340219978921199 	 0.11645462170608405
1.7350219978921197 	 0.11711053944513826
1.7360219978921196 	 0.11776487064683865
1.7370219978921195 	 0.11795269065274581
1.7380219978921194 	 0.11767687685319356
1.7390219978921193 	 0.11739801480515505
1.7400219978921192 	 0.11711617360412004
1.741021997892119 	 0.11683142205439334
1.742021997892119 	 0.11654382864607434
1.7430219978921189 	 0.1162534615327497
1.7440219978921188 	 0.11596038850989975
1.7450219978921186 	 0.11566467699401883
1.7460219978921185 	 0.11536639400244748
1.7470219978921184 	 0.11506560613391438
1.7480219978921183 	 0.11476237954978655
1.7490219978921182 	 0.1144567799560236
1.750021997892118 	 0.11414887258583116
1.751021997892118 	 0.11383872218301078
1.7520219978921179 	 0.11352639298599876
1.7530219978921178 	 0.11321194871258909
1.7540219978921177 	 0.11289545254533427
1.7550219978921175 	 0.11257696711761538
1.7560219978921174 	 0.11225655450037587
1.7570219978921173 	 0.11193427618950952
1.7580219978921172 	 0.11161019309389457
1.759021997892117 	 0.11128436552406487
1.760021997892117 	 0.11095685318150919
1.7610219978921169 	 0.11062771514858913
1.7620219978921168 	 0.11029700987906414
1.7630219978921167 	 0.1099647951892153
1.7640219978921166 	 0.10963112824955634
1.7650219978921164 	 0.10929606557712021
1.7660219978921163 	 0.10895966302831211
1.7670219978921162 	 0.10862197579231529
1.7680219978921161 	 0.10828305838504033
1.769021997892116 	 0.10794296464360396
1.770021997892116 	 0.10760174772132818
1.7710219978921158 	 0.10725946008324519
1.7720219978921157 	 0.10691615350209784
1.7730219978921156 	 0.10657187905482293
1.7740219978921155 	 0.10622668711950473
1.7750219978921153 	 0.10588062737278699
1.7760219978921152 	 0.10553374878773138
1.7770219978921151 	 0.10518609963210923
1.778021997892115 	 0.10483772746711549
1.779021997892115 	 0.10448867914649079
1.7800219978921148 	 0.10413900081604212
1.7810219978921147 	 0.10378873791354712
1.7820219978921146 	 0.10343793516903216
1.7830219978921145 	 0.10308663660541006
1.7840219978921144 	 0.10273488553946787
1.7850219978921142 	 0.10238272458319059
1.7860219978921141 	 0.10203019564541103
1.787021997892114 	 0.10167733993377237
1.788021997892114 	 0.10132419795699367
1.7890219978921138 	 0.1009708095274256
1.7900219978921137 	 0.10061721376388623
1.7910219978921136 	 0.10026344909476476
1.7920219978921135 	 0.09990955326138332
1.7930219978921134 	 0.0995555633216056
1.7940219978921133 	 0.09920151565368161
1.7950219978921131 	 0.09884744596031848
1.796021997892113 	 0.09849338927296737
1.797021997892113 	 0.0981393799563152
1.7980219978921128 	 0.0977854517129734
1.7990219978921127 	 0.09743163758835223
1.8000219978921126 	 0.09707796997571216
1.8010219978921125 	 0.09672448062138239
1.8020219978921124 	 0.09637120063013911
1.8030219978921123 	 0.096018160470732
1.8040219978921122 	 0.09566538998155297
1.805021997892112 	 0.09531291837643685
1.806021997892112 	 0.0949607742505872
1.8070219978921118 	 0.0946089855866178
1.8080219978921117 	 0.09425757976070319
1.8090219978921116 	 0.09390658354883052
1.8100219978921115 	 0.09355602313314397
1.8110219978921114 	 0.09320592410837716
1.8120219978921113 	 0.09285631148836328
1.8130219978921112 	 0.09250720971261935
1.814021997892111 	 0.09215864265299557
1.815021997892111 	 0.09181063362038464
1.8160219978921108 	 0.09146320537148481
1.8170219978921107 	 0.09111638011560975
1.8180219978921106 	 0.09077017952154111
1.8190219978921105 	 0.090424624724416
1.8200219978921104 	 0.09007973633264595
1.8210219978921103 	 0.08973553443486088
1.8220219978921102 	 0.08939203860687367
1.82302199789211 	 0.08904926791865976
1.82402199789211 	 0.08870724094134817
1.8250219978921098 	 0.08836597575421806
1.8260219978921097 	 0.08802548995169784
1.8270219978921096 	 0.08768580065036154
1.8280219978921095 	 0.0873469244959192
1.8290219978921094 	 0.08700887767019663
1.8300219978921093 	 0.08667167589810192
1.8310219978921092 	 0.08633533445457435
1.832021997892109 	 0.08599986817151214
1.833021997892109 	 0.08566529144467669
1.8340219978921088 	 0.08533161824056942
1.8350219978921087 	 0.08499886210327876
1.8360219978921086 	 0.08466703616129359
1.8370219978921085 	 0.0843361531342823
1.8380219978921084 	 0.08400622533983264
1.8390219978921083 	 0.08367726470015134
1.8400219978921082 	 0.08334928274872139
1.841021997892108 	 0.08302229063691342
1.842021997892108 	 0.08269629914055093
1.8430219978921079 	 0.08237131866642594
1.8440219978921077 	 0.08204736041623469
1.8450219978921076 	 0.08172443175805309
1.8460219978921075 	 0.0814025431927
1.8470219978921074 	 0.08108170371495742
1.8480219978921073 	 0.08076192198235979
1.8490219978921072 	 0.08044320632138036
1.850021997892107 	 0.08012556473355918
1.851021997892107 	 0.07980900490156942
1.8520219978921069 	 0.079493534195222
1.8530219978921068 	 0.0791791596774082
1.8540219978921066 	 0.07886588810997705
1.8550219978921065 	 0.0785537259595501
1.8560219978921064 	 0.07824267940326937
1.8570219978921063 	 0.07793275433448034
1.8580219978921062 	 0.07762395636834835
1.859021997892106 	 0.07731629084740757
1.860021997892106 	 0.07700976284704311
1.8610219978921059 	 0.07670437718090506
1.8620219978921058 	 0.07640013840625409
1.8630219978921057 	 0.0760970508292392
1.8640219978921055 	 0.07579511851010623
1.8650219978921054 	 0.07549434526833804
1.8660219978921053 	 0.07519473468772522
1.8670219978921052 	 0.0748962901213684
1.868021997892105 	 0.07459901469661093
1.869021997892105 	 0.07430291131990313
1.8700219978921049 	 0.07400798268159715
1.8710219978921048 	 0.07371423126067309
1.8720219978921047 	 0.07342165932939677
1.8730219978921046 	 0.07313026895790863
1.8740219978921044 	 0.07284006201874448
1.8750219978921043 	 0.07255104019128825
1.8760219978921042 	 0.072263204966157
1.877021997892104 	 0.07197655764951853
1.878021997892104 	 0.07169109936734158
1.879021997892104 	 0.0714068310695802
1.8800219978921038 	 0.07112375353429057
1.8810219978921037 	 0.07084186737168291
1.8820219978921036 	 0.07056117302810769
1.8830219978921034 	 0.07028167078997646
1.8840219978921033 	 0.0700033607876187
1.8850219978921032 	 0.06972624299907437
1.8860219978921031 	 0.06945031725382321
1.887021997892103 	 0.06917558323645072
1.888021997892103 	 0.06890204049025238
1.8890219978921028 	 0.06862968842077519
1.8900219978921027 	 0.0683585262992989
1.8910219978921026 	 0.0680885532662559
1.8920219978921025 	 0.06781976833459163
1.8930219978921023 	 0.06755217039306498
1.8940219978921022 	 0.06728575820949036
1.8950219978921021 	 0.06702053043392152
1.896021997892102 	 0.0667564856017777
1.897021997892102 	 0.06649362213691314
1.8980219978921018 	 0.0662319383546299
1.8990219978921017 	 0.06597143246463605
1.9000219978921016 	 0.06571210257394788
1.9010219978921015 	 0.0654539466897388
1.9020219978921014 	 0.06519696272213393
1.9030219978921012 	 0.0649411484869526
1.9040219978921011 	 0.06468650170839801
1.905021997892101 	 0.06443302002169575
1.906021997892101 	 0.0641807009756813
1.9070219978921008 	 0.06392954203533768
1.9080219978921007 	 0.0636795405842832
1.9090219978921006 	 0.0634306939272107
1.9100219978921005 	 0.06318299929227886
1.9110219978921004 	 0.06293645383345572
1.9120219978921003 	 0.06269105463281552
1.9130219978921001 	 0.0624467987027898
1.9140219978921 	 0.06220368298837291
1.9150219978921 	 0.061961704369282666
1.9160219978920998 	 0.06172085966207708
1.9170219978920997 	 0.06148114562222789
1.9180219978920996 	 0.06124255894615096
1.9190219978920995 	 0.06100509627319529
1.9200219978920994 	 0.060768754187589535
1.9210219978920993 	 0.060533529220349123
1.9220219978920992 	 0.0602994178511421
1.923021997892099 	 0.060066416510116315
1.924021997892099 	 0.059834521579687015
1.9250219978920988 	 0.05960372939628724
1.9260219978920987 	 0.059374036252079536
1.9270219978920986 	 0.05914543839663152
1.9280219978920985 	 0.05891793203855485
1.9290219978920984 	 0.0586915133471082
1.9300219978920983 	 0.058466178453765734
1.9310219978920982 	 0.058241923453750226
1.932021997892098 	 0.058018744407533046
1.933021997892098 	 0.05779663734230021
1.9340219978920978 	 0.05757559825338589
1.9350219978920977 	 0.057355623105673666
1.9360219978920976 	 0.05713670783496632
1.9370219978920975 	 0.05691884834932419
1.9380219978920974 	 0.056702040530373234
1.9390219978920973 	 0.056486280234583054
1.9400219978920972 	 0.0562715632945156
1.941021997892097 	 0.056057885520044676
1.942021997892097 	 0.05584524269954734
1.9430219978920968 	 0.05563363060106729
1.9440219978920967 	 0.055423044973450866
1.9450219978920966 	 0.055213481547456346
1.9460219978920965 	 0.055004936036836705
1.9470219978920964 	 0.05479740413939677
1.9480219978920963 	 0.05459088153802464
1.9490219978920962 	 0.054385363901698555
1.950021997892096 	 0.05418084688646918
1.951021997892096 	 0.05397732613641771
1.9520219978920959 	 0.05377479728459117
1.9530219978920957 	 0.053573255953913705
1.9540219978920956 	 0.05337269775807602
1.9550219978920955 	 0.053173118302402386
1.9560219978920954 	 0.05297451318469579
1.9570219978920953 	 0.052776877996061934
1.9580219978920952 	 0.05258020832171245
1.959021997892095 	 0.0523844997417471
1.960021997892095 	 0.0521897478319167
1.9610219978920949 	 0.0519959481643658
1.9620219978920947 	 0.05180309630835609
1.9630219978920946 	 0.05161118783097119
1.9640219978920945 	 0.051420218297802724
1.9650219978920944 	 0.051230183273618335
1.9660219978920943 	 0.05104107832301183
1.9670219978920942 	 0.050852899011036144
1.968021997892094 	 0.05066564090381879
1.969021997892094 	 0.05047929956916116
1.9700219978920939 	 0.05029387057712112
1.9710219978920938 	 0.05010934950057952
1.9720219978920936 	 0.049925731915791326
1.9730219978920935 	 0.04974301340292109
1.9740219978920934 	 0.049561189546563605
1.9750219978920933 	 0.04938025663224874
1.9760219978920932 	 0.049200208860111526
1.977021997892093 	 0.0490210425298532
1.978021997892093 	 0.04884275324870459
1.9790219978920929 	 0.04866533663071445
1.9800219978920928 	 0.04848878829718637
1.9810219978920927 	 0.04831310387710251
1.9820219978920925 	 0.04813827900753463
1.9830219978920924 	 0.04796430933404279
1.9840219978920923 	 0.04779119051106203
1.9850219978920922 	 0.04761891820227694
1.986021997892092 	 0.047447488080984805
1.987021997892092 	 0.04727689583044744
1.9880219978920919 	 0.04710713714423177
1.9890219978920918 	 0.04693820772653949
1.9900219978920917 	 0.04677010329252651
1.9910219978920916 	 0.04660281956861166
1.9920219978920914 	 0.04643635229277507
1.9930219978920913 	 0.046270697214847285
1.9940219978920912 	 0.04610585009678802
1.9950219978920911 	 0.04594180671295581
1.996021997892091 	 0.045778562850368236
1.997021997892091 	 0.04561611430895311
1.9980219978920908 	 0.045454456901790966
1.9990219978920907 	 0.04529358645534849
