0.0010219978922 	 0
0.0020219978922 	 0.0
0.0030219978922 	 0.0
0.0040219978922 	 0.0
0.0050219978922 	 0.0
0.0060219978922 	 0.0
0.0070219978922 	 0.0
0.0080219978922 	 0.0
0.009021997892200002 	 0.0
0.010021997892200003 	 0.0
0.011021997892200004 	 0.0
0.012021997892200004 	 0.0
0.013021997892200005 	 0.0
0.014021997892200006 	 0.0
0.015021997892200007 	 0.0
0.016021997892200008 	 0.0
0.01702199789220001 	 0.0
0.01802199789220001 	 0.0
0.01902199789220001 	 0.0
0.02002199789220001 	 0.0
0.021021997892200012 	 0.0
0.022021997892200013 	 0.0
0.023021997892200014 	 0.0
0.024021997892200015 	 0.0
0.025021997892200016 	 0.0
0.026021997892200017 	 0.0
0.027021997892200018 	 0.0
0.02802199789220002 	 0.0
0.02902199789220002 	 0.0
0.03002199789220002 	 0.0
0.03102199789220002 	 0.0
0.03202199789220002 	 0.0
0.03302199789220002 	 0.0
0.03402199789220002 	 0.0
0.03502199789220002 	 0.0
0.03602199789220002 	 0.0
0.03702199789220002 	 0.0
0.038021997892200024 	 0.0
0.039021997892200025 	 0.0
0.040021997892200026 	 0.0
0.04102199789220003 	 0.0
0.04202199789220003 	 0.0
0.04302199789220003 	 0.0
0.04402199789220003 	 0.0
0.04502199789220003 	 0.0
0.04602199789220003 	 0.0
0.04702199789220003 	 0.0
0.04802199789220003 	 0.0
0.049021997892200034 	 0.0
0.050021997892200035 	 0.0
0.051021997892200036 	 0.0
0.052021997892200036 	 0.0
0.05302199789220004 	 0.0
0.05402199789220004 	 0.0
0.05502199789220004 	 0.0
0.05602199789220004 	 0.0
0.05702199789220004 	 0.0
0.05802199789220004 	 0.0
0.05902199789220004 	 0.0
0.060021997892200044 	 0.0
0.061021997892200044 	 0.0
0.062021997892200045 	 0.0
0.06302199789220005 	 0.0
0.06402199789220005 	 0.0
0.06502199789220005 	 0.0
0.06602199789220005 	 0.0
0.06702199789220005 	 0.0
0.06802199789220005 	 0.0
0.06902199789220005 	 0.0
0.07002199789220005 	 0.0
0.07102199789220005 	 0.0
0.07202199789220005 	 0.0
0.07302199789220006 	 0.0
0.07402199789220006 	 0.0
0.07502199789220006 	 0.0
0.07602199789220006 	 0.0
0.07702199789220006 	 0.0
0.07802199789220006 	 0.0
0.07902199789220006 	 0.0
0.08002199789220006 	 0.0
0.08102199789220006 	 0.0
0.08202199789220006 	 0.0
0.08302199789220006 	 0.0
0.08402199789220006 	 0.0
0.08502199789220007 	 0.0
0.08602199789220007 	 0.0
0.08702199789220007 	 0.0
0.08802199789220007 	 0.0
0.08902199789220007 	 0.0
0.09002199789220007 	 0.0
0.09102199789220007 	 0.0
0.09202199789220007 	 0.0
0.09302199789220007 	 0.0
0.09402199789220007 	 0.0
0.09502199789220007 	 0.0
0.09602199789220008 	 0.0
0.09702199789220008 	 0.0
0.09802199789220008 	 0.0
0.09902199789220008 	 0.0
0.10002199789220008 	 0.0
0.10102199789220008 	 0.0
0.10202199789220008 	 0.0
0.10302199789220008 	 0.0
0.10402199789220008 	 0.0
0.10502199789220008 	 0.0
0.10602199789220008 	 0.0
0.10702199789220009 	 0.0
0.10802199789220009 	 0.0
0.10902199789220009 	 0.0
0.11002199789220009 	 0.0
0.11102199789220009 	 0.0
0.11202199789220009 	 0.0
0.11302199789220009 	 0.0
0.11402199789220009 	 0.0
0.11502199789220009 	 0.0
0.1160219978922001 	 0.0
0.1170219978922001 	 0.0
0.1180219978922001 	 0.0
0.1190219978922001 	 0.0
0.1200219978922001 	 0.0
0.1210219978922001 	 0.0
0.1220219978922001 	 0.0
0.1230219978922001 	 0.0
0.1240219978922001 	 0.0
0.1250219978922001 	 0.0
0.1260219978922001 	 0.0
0.1270219978922001 	 0.0
0.1280219978922001 	 0.0
0.1290219978922001 	 0.0
0.1300219978922001 	 0.0
0.1310219978922001 	 0.0
0.1320219978922001 	 0.0
0.1330219978922001 	 0.0
0.1340219978922001 	 0.0
0.1350219978922001 	 0.0
0.1360219978922001 	 0.0
0.1370219978922001 	 0.0
0.1380219978922001 	 0.0
0.1390219978922001 	 0.0
0.1400219978922001 	 0.0
0.1410219978922001 	 0.0
0.1420219978922001 	 0.0
0.1430219978922001 	 0.0
0.1440219978922001 	 0.0
0.1450219978922001 	 0.0
0.1460219978922001 	 0.0
0.1470219978922001 	 0.0
0.1480219978922001 	 0.0
0.1490219978922001 	 0.0
0.1500219978922001 	 0.0
0.1510219978922001 	 0.0
0.1520219978922001 	 0.0
0.1530219978922001 	 0.0
0.1540219978922001 	 0.0
0.15502199789220011 	 0.0
0.15602199789220011 	 0.0
0.15702199789220012 	 0.0
0.15802199789220012 	 0.0
0.15902199789220012 	 0.0
0.16002199789220012 	 0.0
0.16102199789220012 	 0.0
0.16202199789220012 	 0.0
0.16302199789220012 	 0.0
0.16402199789220012 	 0.0
0.16502199789220012 	 0.0
0.16602199789220012 	 0.0
0.16702199789220012 	 0.0
0.16802199789220013 	 0.0
0.16902199789220013 	 0.0
0.17002199789220013 	 0.0
0.17102199789220013 	 0.0
0.17202199789220013 	 0.0
0.17302199789220013 	 0.0
0.17402199789220013 	 0.0
0.17502199789220013 	 0.0
0.17602199789220013 	 0.0
0.17702199789220013 	 0.0
0.17802199789220013 	 0.0
0.17902199789220014 	 0.0
0.18002199789220014 	 0.0
0.18102199789220014 	 0.0
0.18202199789220014 	 0.0
0.18302199789220014 	 0.0
0.18402199789220014 	 0.0
0.18502199789220014 	 0.0
0.18602199789220014 	 0.0
0.18702199789220014 	 0.0
0.18802199789220014 	 0.0
0.18902199789220014 	 0.0
0.19002199789220015 	 0.0
0.19102199789220015 	 0.0
0.19202199789220015 	 0.0
0.19302199789220015 	 0.0
0.19402199789220015 	 0.0
0.19502199789220015 	 0.0
0.19602199789220015 	 0.0
0.19702199789220015 	 0.0
0.19802199789220015 	 0.0
0.19902199789220015 	 0.0
0.20002199789220015 	 0.0
0.20102199789220015 	 0.0
0.20202199789220016 	 0.0
0.20302199789220016 	 0.0
0.20402199789220016 	 0.0
0.20502199789220016 	 0.0
0.20602199789220016 	 0.0
0.20702199789220016 	 0.0
0.20802199789220016 	 0.0
0.20902199789220016 	 0.0
0.21002199789220016 	 0.0
0.21102199789220016 	 0.0
0.21202199789220016 	 0.0
0.21302199789220017 	 0.0
0.21402199789220017 	 0.0
0.21502199789220017 	 0.0
0.21602199789220017 	 0.0
0.21702199789220017 	 0.0
0.21802199789220017 	 0.0
0.21902199789220017 	 0.0
0.22002199789220017 	 0.0
0.22102199789220017 	 0.0
0.22202199789220017 	 0.0
0.22302199789220017 	 0.0
0.22402199789220018 	 0.0
0.22502199789220018 	 0.0
0.22602199789220018 	 0.0
0.22702199789220018 	 0.0
0.22802199789220018 	 0.0
0.22902199789220018 	 0.0
0.23002199789220018 	 0.0
0.23102199789220018 	 0.0
0.23202199789220018 	 0.0
0.23302199789220018 	 0.0
0.23402199789220018 	 0.0
0.23502199789220019 	 0.0
0.23602199789220019 	 0.0
0.2370219978922002 	 0.0
0.2380219978922002 	 0.0
0.2390219978922002 	 0.0
0.2400219978922002 	 0.0
0.2410219978922002 	 0.0
0.2420219978922002 	 0.0
0.2430219978922002 	 0.0
0.2440219978922002 	 0.0
0.2450219978922002 	 0.0
0.2460219978922002 	 0.0
0.2470219978922002 	 0.0
0.2480219978922002 	 0.0
0.2490219978922002 	 0.0
0.2500219978922002 	 0.0
0.2510219978922002 	 0.0
0.2520219978922002 	 0.0
0.2530219978922002 	 0.0
0.2540219978922002 	 0.0
0.2550219978922002 	 0.0
0.2560219978922002 	 0.0
0.2570219978922002 	 0.0
0.2580219978922002 	 0.0
0.2590219978922002 	 0.0
0.2600219978922002 	 0.0
0.2610219978922002 	 0.0
0.2620219978922002 	 0.0
0.2630219978922002 	 0.0
0.2640219978922002 	 0.0
0.2650219978922002 	 0.0
0.2660219978922002 	 0.0
0.2670219978922002 	 0.0
0.2680219978922002 	 0.0
0.2690219978922002 	 0.0
0.2700219978922002 	 0.0
0.2710219978922002 	 0.0
0.2720219978922002 	 0.0
0.2730219978922002 	 0.0
0.2740219978922002 	 0.0
0.2750219978922002 	 0.0
0.2760219978922002 	 0.0
0.2770219978922002 	 0.0
0.2780219978922002 	 0.0
0.2790219978922002 	 0.0
0.2800219978922002 	 0.0
0.2810219978922002 	 0.0
0.2820219978922002 	 0.0
0.2830219978922002 	 0.0
0.28402199789220023 	 0.0
0.28502199789220023 	 0.0
0.28602199789220023 	 0.0
0.28702199789220023 	 0.0
0.28802199789220023 	 0.0
0.28902199789220023 	 0.0
0.29002199789220023 	 0.0
0.29102199789220023 	 0.0
0.29202199789220024 	 0.0
0.29302199789220024 	 0.0
0.29402199789220024 	 0.0
0.29502199789220024 	 0.0
0.29602199789220024 	 0.0
0.29702199789220024 	 0.0
0.29802199789220024 	 0.0
0.29902199789220024 	 0.0
0.30002199789220024 	 0.0
0.30102199789220024 	 0.0
0.30202199789220024 	 0.0
0.30302199789220025 	 0.0
0.30402199789220025 	 0.0
0.30502199789220025 	 0.0
0.30602199789220025 	 0.0
0.30702199789220025 	 0.0
0.30802199789220025 	 0.0
0.30902199789220025 	 0.0
0.31002199789220025 	 0.0
0.31102199789220025 	 0.0
0.31202199789220025 	 0.0
0.31302199789220025 	 0.0
0.31402199789220026 	 0.0
0.31502199789220026 	 0.0
0.31602199789220026 	 0.0
0.31702199789220026 	 0.0
0.31802199789220026 	 0.0
0.31902199789220026 	 0.0
0.32002199789220026 	 0.0
0.32102199789220026 	 0.0
0.32202199789220026 	 0.0
0.32302199789220026 	 0.0
0.32402199789220026 	 0.0
0.32502199789220027 	 0.0
0.32602199789220027 	 0.0
0.32702199789220027 	 0.0
0.32802199789220027 	 0.0
0.32902199789220027 	 0.0
0.33002199789220027 	 0.0
0.33102199789220027 	 0.0
0.33202199789220027 	 0.0
0.33302199789220027 	 0.0
0.3340219978922003 	 0.0
0.3350219978922003 	 0.0
0.3360219978922003 	 0.0
0.3370219978922003 	 0.0
0.3380219978922003 	 0.0
0.3390219978922003 	 0.0
0.3400219978922003 	 0.0
0.3410219978922003 	 0.0
0.3420219978922003 	 0.0
0.3430219978922003 	 0.0
0.3440219978922003 	 0.0
0.3450219978922003 	 0.0
0.3460219978922003 	 0.0
0.3470219978922003 	 0.0
0.3480219978922003 	 0.0
0.3490219978922003 	 0.0
0.3500219978922003 	 0.0
0.3510219978922003 	 0.0
0.3520219978922003 	 0.0
0.3530219978922003 	 0.0
0.3540219978922003 	 0.0
0.3550219978922003 	 0.0
0.3560219978922003 	 0.0
0.3570219978922003 	 0.0
0.3580219978922003 	 0.0
0.3590219978922003 	 0.0
0.3600219978922003 	 0.0
0.3610219978922003 	 0.0
0.3620219978922003 	 0.0
0.3630219978922003 	 0.0
0.3640219978922003 	 0.0
0.3650219978922003 	 0.0
0.3660219978922003 	 0.0
0.3670219978922003 	 0.0
0.3680219978922003 	 0.0
0.3690219978922003 	 0.0
0.3700219978922003 	 0.0
0.3710219978922003 	 0.0
0.3720219978922003 	 0.0
0.3730219978922003 	 0.0
0.3740219978922003 	 0.0
0.3750219978922003 	 0.0
0.3760219978922003 	 0.0
0.3770219978922003 	 0.0
0.3780219978922003 	 0.0
0.3790219978922003 	 0.0
0.3800219978922003 	 0.0
0.3810219978922003 	 0.0
0.3820219978922003 	 0.0
0.3830219978922003 	 0.0
0.3840219978922003 	 0.0
0.3850219978922003 	 0.0
0.3860219978922003 	 0.0
0.3870219978922003 	 0.0
0.3880219978922003 	 0.0
0.3890219978922003 	 0.0
0.3900219978922003 	 0.0
0.3910219978922003 	 0.0
0.3920219978922003 	 0.0
0.3930219978922003 	 0.0
0.3940219978922003 	 0.0
0.3950219978922003 	 0.0
0.39602199789220033 	 0.0
0.39702199789220033 	 0.0
0.39802199789220033 	 0.0
0.39902199789220033 	 0.0
0.40002199789220033 	 0.0
0.40102199789220033 	 0.0
0.40202199789220033 	 0.0
0.40302199789220033 	 0.0
0.40402199789220034 	 0.0
0.40502199789220034 	 0.0
0.40602199789220034 	 0.0
0.40702199789220034 	 0.0
0.40802199789220034 	 0.0
0.40902199789220034 	 0.0
0.41002199789220034 	 0.0
0.41102199789220034 	 0.0
0.41202199789220034 	 0.0
0.41302199789220034 	 0.0
0.41402199789220034 	 0.0
0.41502199789220034 	 0.0
0.41602199789220035 	 0.0
0.41702199789220035 	 0.0
0.41802199789220035 	 0.0
0.41902199789220035 	 0.0
0.42002199789220035 	 0.0
0.42102199789220035 	 0.0
0.42202199789220035 	 0.0
0.42302199789220035 	 0.0
0.42402199789220035 	 0.0
0.42502199789220035 	 0.0
0.42602199789220035 	 0.0
0.42702199789220036 	 0.0
0.42802199789220036 	 0.0
0.42902199789220036 	 0.0
0.43002199789220036 	 0.0
0.43102199789220036 	 0.0
0.43202199789220036 	 0.0
0.43302199789220036 	 0.0
0.43402199789220036 	 0.0
0.43502199789220036 	 0.0
0.43602199789220036 	 0.0
0.43702199789220036 	 0.0
0.43802199789220037 	 0.0
0.43902199789220037 	 0.0
0.44002199789220037 	 0.0
0.44102199789220037 	 0.0
0.44202199789220037 	 0.0
0.44302199789220037 	 0.0
0.44402199789220037 	 0.0
0.44502199789220037 	 0.0
0.4460219978922004 	 0.0
0.4470219978922004 	 0.0
0.4480219978922004 	 0.0
0.4490219978922004 	 0.0
0.4500219978922004 	 0.0
0.4510219978922004 	 0.0
0.4520219978922004 	 0.0
0.4530219978922004 	 0.0
0.4540219978922004 	 0.0
0.4550219978922004 	 0.0
0.4560219978922004 	 0.0
0.4570219978922004 	 0.0
0.4580219978922004 	 0.0
0.4590219978922004 	 0.0
0.4600219978922004 	 0.0
0.4610219978922004 	 0.0
0.4620219978922004 	 0.0
0.4630219978922004 	 0.0
0.4640219978922004 	 0.0
0.4650219978922004 	 0.0
0.4660219978922004 	 0.0
0.4670219978922004 	 0.0
0.4680219978922004 	 0.0
0.4690219978922004 	 0.0
0.4700219978922004 	 0.0
0.4710219978922004 	 0.0
0.4720219978922004 	 0.0
0.4730219978922004 	 0.0
0.4740219978922004 	 0.0
0.4750219978922004 	 0.0
0.4760219978922004 	 0.0
0.4770219978922004 	 0.0
0.4780219978922004 	 0.0
0.4790219978922004 	 0.0
0.4800219978922004 	 0.0
0.4810219978922004 	 0.0
0.4820219978922004 	 0.0
0.4830219978922004 	 0.0
0.4840219978922004 	 0.0
0.4850219978922004 	 0.0
0.4860219978922004 	 0.0
0.4870219978922004 	 0.0
0.4880219978922004 	 0.0
0.4890219978922004 	 0.0
0.4900219978922004 	 0.0
0.4910219978922004 	 0.0
0.4920219978922004 	 0.0
0.4930219978922004 	 0.0
0.4940219978922004 	 0.0
0.4950219978922004 	 0.0
0.4960219978922004 	 0.0
0.4970219978922004 	 0.0
0.4980219978922004 	 0.0
0.4990219978922004 	 0.0
0.5000219978922004 	 0.0
0.5010219978922004 	 0.0
0.5020219978922004 	 0.0
0.5030219978922004 	 0.0
0.5040219978922004 	 0.0
0.5050219978922004 	 0.0
0.5060219978922004 	 0.0
0.5070219978922004 	 0.0
0.5080219978922004 	 0.0
0.5090219978922004 	 0.0
0.5100219978922004 	 0.0
0.5110219978922004 	 0.0
0.5120219978922004 	 0.0
0.5130219978922004 	 0.0
0.5140219978922004 	 0.0
0.5150219978922004 	 0.0
0.5160219978922004 	 0.0
0.5170219978922004 	 0.0
0.5180219978922004 	 0.0
0.5190219978922004 	 0.0
0.5200219978922004 	 0.0
0.5210219978922004 	 0.0
0.5220219978922004 	 0.0
0.5230219978922004 	 0.0
0.5240219978922004 	 0.0
0.5250219978922004 	 0.0
0.5260219978922004 	 0.0
0.5270219978922004 	 0.0
0.5280219978922004 	 0.0
0.5290219978922004 	 0.0
0.5300219978922004 	 0.0
0.5310219978922004 	 0.0
0.5320219978922004 	 0.0
0.5330219978922004 	 0.0
0.5340219978922004 	 0.0
0.5350219978922004 	 0.0
0.5360219978922004 	 0.0
0.5370219978922004 	 0.0
0.5380219978922004 	 0.0
0.5390219978922004 	 0.0
0.5400219978922004 	 0.0
0.5410219978922004 	 0.0
0.5420219978922004 	 0.0
0.5430219978922004 	 0.0
0.5440219978922004 	 0.0
0.5450219978922004 	 0.0
0.5460219978922004 	 0.0
0.5470219978922004 	 0.0
0.5480219978922004 	 0.0
0.5490219978922004 	 0.0
0.5500219978922004 	 0.0
0.5510219978922004 	 0.0
0.5520219978922004 	 0.0
0.5530219978922004 	 0.0
0.5540219978922004 	 0.0
0.5550219978922004 	 0.0
0.5560219978922004 	 0.0
0.5570219978922004 	 0.0
0.5580219978922004 	 0.0
0.5590219978922004 	 0.0
0.5600219978922004 	 0.0
0.5610219978922004 	 0.0
0.5620219978922004 	 0.0
0.5630219978922004 	 0.0
0.5640219978922004 	 0.0
0.5650219978922004 	 0.0
0.5660219978922004 	 0.0
0.5670219978922004 	 0.0
0.5680219978922004 	 0.0
0.5690219978922004 	 0.0
0.5700219978922004 	 0.0
0.5710219978922004 	 0.0
0.5720219978922004 	 0.0
0.5730219978922004 	 0.0
0.5740219978922004 	 0.0
0.5750219978922004 	 0.0
0.5760219978922004 	 0.0
0.5770219978922004 	 0.0
0.5780219978922004 	 0.0
0.5790219978922004 	 0.0
0.5800219978922004 	 0.0
0.5810219978922004 	 0.0
0.5820219978922004 	 0.0
0.5830219978922004 	 0.0
0.5840219978922004 	 0.0
0.5850219978922004 	 0.0
0.5860219978922004 	 0.0
0.5870219978922004 	 0.0
0.5880219978922004 	 0.0
0.5890219978922004 	 0.0
0.5900219978922004 	 0.0
0.5910219978922004 	 0.0
0.5920219978922004 	 0.0
0.5930219978922004 	 0.0
0.5940219978922004 	 0.0
0.5950219978922004 	 0.0
0.5960219978922005 	 0.0
0.5970219978922005 	 0.0
0.5980219978922005 	 0.0
0.5990219978922005 	 0.0
0.6000219978922005 	 0.0
0.6010219978922005 	 0.0
0.6020219978922005 	 0.0
0.6030219978922005 	 0.0
0.6040219978922005 	 0.0
0.6050219978922005 	 0.0
0.6060219978922005 	 0.0
0.6070219978922005 	 0.0
0.6080219978922005 	 0.0
0.6090219978922005 	 0.0
0.6100219978922005 	 0.0
0.6110219978922005 	 0.0
0.6120219978922005 	 0.0
0.6130219978922005 	 0.0
0.6140219978922005 	 0.0
0.6150219978922005 	 0.0
0.6160219978922005 	 0.0
0.6170219978922005 	 0.0
0.6180219978922005 	 0.0
0.6190219978922005 	 0.0
0.6200219978922005 	 0.0
0.6210219978922005 	 0.0
0.6220219978922005 	 0.0
0.6230219978922005 	 0.0
0.6240219978922005 	 0.0
0.6250219978922005 	 0.0
0.6260219978922005 	 0.0
0.6270219978922005 	 0.0
0.6280219978922005 	 0.0
0.6290219978922005 	 0.0
0.6300219978922005 	 0.0
0.6310219978922005 	 0.0
0.6320219978922005 	 0.0
0.6330219978922005 	 0.0
0.6340219978922005 	 0.0
0.6350219978922005 	 0.0
0.6360219978922005 	 0.0
0.6370219978922005 	 0.0
0.6380219978922005 	 0.0
0.6390219978922005 	 0.0
0.6400219978922005 	 0.0
0.6410219978922005 	 0.0
0.6420219978922005 	 0.0
0.6430219978922005 	 0.0
0.6440219978922005 	 0.0
0.6450219978922005 	 0.0
0.6460219978922005 	 0.0
0.6470219978922005 	 0.0
0.6480219978922005 	 0.0
0.6490219978922005 	 0.0
0.6500219978922005 	 0.0
0.6510219978922005 	 0.0
0.6520219978922005 	 0.0
0.6530219978922005 	 0.0
0.6540219978922005 	 0.0
0.6550219978922005 	 0.0
0.6560219978922005 	 0.0
0.6570219978922005 	 0.0
0.6580219978922005 	 0.0
0.6590219978922005 	 0.0
0.6600219978922005 	 0.0
0.6610219978922005 	 0.0
0.6620219978922005 	 0.0
0.6630219978922005 	 0.0
0.6640219978922005 	 0.0
0.6650219978922005 	 0.0
0.6660219978922005 	 0.0
0.6670219978922005 	 0.0
0.6680219978922005 	 0.0
0.6690219978922005 	 0.0
0.6700219978922005 	 0.0
0.6710219978922005 	 0.0
0.6720219978922005 	 0.0
0.6730219978922005 	 0.0
0.6740219978922005 	 0.0
0.6750219978922005 	 0.0
0.6760219978922005 	 0.0
0.6770219978922005 	 0.0
0.6780219978922005 	 0.0
0.6790219978922005 	 0.0
0.6800219978922005 	 0.0
0.6810219978922005 	 0.0
0.6820219978922005 	 0.0
0.6830219978922005 	 0.0
0.6840219978922005 	 0.0
0.6850219978922005 	 0.0
0.6860219978922005 	 0.0
0.6870219978922005 	 0.0
0.6880219978922005 	 0.0
0.6890219978922005 	 0.0
0.6900219978922005 	 0.0
0.6910219978922005 	 0.0
0.6920219978922005 	 0.0
0.6930219978922005 	 0.0
0.6940219978922005 	 0.0
0.6950219978922005 	 0.0
0.6960219978922005 	 0.0
0.6970219978922005 	 0.0
0.6980219978922005 	 0.0
0.6990219978922005 	 0.0
0.7000219978922005 	 0.0
0.7010219978922005 	 0.0
0.7020219978922005 	 0.0
0.7030219978922005 	 0.0
0.7040219978922005 	 0.0
0.7050219978922005 	 0.0
0.7060219978922005 	 0.0
0.7070219978922005 	 0.0
0.7080219978922005 	 0.0
0.7090219978922006 	 0.0
0.7100219978922006 	 0.0
0.7110219978922006 	 0.0
0.7120219978922006 	 0.0
0.7130219978922006 	 0.0
0.7140219978922006 	 0.0
0.7150219978922006 	 0.0
0.7160219978922006 	 0.0
0.7170219978922006 	 0.0
0.7180219978922006 	 0.0
0.7190219978922006 	 0.0
0.7200219978922006 	 0.0
0.7210219978922006 	 0.0
0.7220219978922006 	 0.0
0.7230219978922006 	 0.0
0.7240219978922006 	 0.0
0.7250219978922006 	 0.0
0.7260219978922006 	 0.0
0.7270219978922006 	 0.0
0.7280219978922006 	 0.0
0.7290219978922006 	 0.0
0.7300219978922006 	 0.0
0.7310219978922006 	 0.0
0.7320219978922006 	 0.0
0.7330219978922006 	 0.0
0.7340219978922006 	 0.0
0.7350219978922006 	 0.0
0.7360219978922006 	 0.0
0.7370219978922006 	 0.0
0.7380219978922006 	 0.0
0.7390219978922006 	 0.0
0.7400219978922006 	 0.0
0.7410219978922006 	 0.0
0.7420219978922006 	 0.0
0.7430219978922006 	 0.0
0.7440219978922006 	 0.0
0.7450219978922006 	 0.0
0.7460219978922006 	 0.0
0.7470219978922006 	 0.0
0.7480219978922006 	 0.0
0.7490219978922006 	 0.0
0.7500219978922006 	 0.0
0.7510219978922006 	 0.0
0.7520219978922006 	 0.0
0.7530219978922006 	 0.0
0.7540219978922006 	 0.0
0.7550219978922006 	 0.0
0.7560219978922006 	 0.0
0.7570219978922006 	 0.0
0.7580219978922006 	 0.0
0.7590219978922006 	 0.0
0.7600219978922006 	 0.0
0.7610219978922006 	 0.0
0.7620219978922006 	 0.0
0.7630219978922006 	 0.0
0.7640219978922006 	 0.0
0.7650219978922006 	 0.0
0.7660219978922006 	 0.0
0.7670219978922006 	 0.0
0.7680219978922006 	 0.0
0.7690219978922006 	 0.0
0.7700219978922006 	 0.0
0.7710219978922006 	 0.0
0.7720219978922006 	 0.0
0.7730219978922006 	 0.0
0.7740219978922006 	 0.0
0.7750219978922006 	 0.0
0.7760219978922006 	 0.0
0.7770219978922006 	 0.0
0.7780219978922006 	 0.0
0.7790219978922006 	 0.0
0.7800219978922006 	 0.0
0.7810219978922006 	 0.0
0.7820219978922006 	 0.0
0.7830219978922006 	 0.0
0.7840219978922006 	 0.0
0.7850219978922006 	 0.0
0.7860219978922006 	 0.0
0.7870219978922006 	 0.0
0.7880219978922006 	 0.0
0.7890219978922006 	 0.0
0.7900219978922006 	 0.0
0.7910219978922006 	 0.0
0.7920219978922006 	 0.0
0.7930219978922006 	 0.0
0.7940219978922006 	 0.0
0.7950219978922006 	 0.0
0.7960219978922006 	 0.0
0.7970219978922006 	 0.0
0.7980219978922006 	 0.0
0.7990219978922006 	 0.0
0.8000219978922006 	 0.0
0.8010219978922006 	 0.0
0.8020219978922006 	 0.0
0.8030219978922006 	 0.0
0.8040219978922006 	 0.0
0.8050219978922006 	 0.0
0.8060219978922006 	 0.0
0.8070219978922006 	 0.0
0.8080219978922006 	 0.0
0.8090219978922006 	 0.0
0.8100219978922006 	 0.0
0.8110219978922006 	 0.0
0.8120219978922006 	 0.0
0.8130219978922006 	 0.0
0.8140219978922006 	 0.0
0.8150219978922006 	 0.0
0.8160219978922006 	 0.0
0.8170219978922006 	 0.0
0.8180219978922006 	 0.0
0.8190219978922006 	 0.0
0.8200219978922006 	 0.0
0.8210219978922007 	 0.0
0.8220219978922007 	 0.0
0.8230219978922007 	 0.0
0.8240219978922007 	 0.0
0.8250219978922007 	 0.0
0.8260219978922007 	 0.0
0.8270219978922007 	 0.0
0.8280219978922007 	 0.0
0.8290219978922007 	 0.0
0.8300219978922007 	 0.0
0.8310219978922007 	 0.0
0.8320219978922007 	 0.0
0.8330219978922007 	 0.0
0.8340219978922007 	 0.0
0.8350219978922007 	 0.0
0.8360219978922007 	 0.0
0.8370219978922007 	 0.0
0.8380219978922007 	 0.0
0.8390219978922007 	 0.0
0.8400219978922007 	 0.0
0.8410219978922007 	 0.0
0.8420219978922007 	 0.0
0.8430219978922007 	 0.0
0.8440219978922007 	 0.0
0.8450219978922007 	 0.0
0.8460219978922007 	 0.0
0.8470219978922007 	 0.0
0.8480219978922007 	 0.0
0.8490219978922007 	 0.0
0.8500219978922007 	 0.0
0.8510219978922007 	 0.0
0.8520219978922007 	 0.0
0.8530219978922007 	 0.0
0.8540219978922007 	 0.0
0.8550219978922007 	 0.0
0.8560219978922007 	 0.0
0.8570219978922007 	 0.0
0.8580219978922007 	 0.0
0.8590219978922007 	 0.0
0.8600219978922007 	 0.0
0.8610219978922007 	 0.0
0.8620219978922007 	 0.0
0.8630219978922007 	 0.0
0.8640219978922007 	 0.0
0.8650219978922007 	 0.0
0.8660219978922007 	 0.0
0.8670219978922007 	 0.0
0.8680219978922007 	 0.0
0.8690219978922007 	 0.0
0.8700219978922007 	 0.0
0.8710219978922007 	 0.0
0.8720219978922007 	 0.0
0.8730219978922007 	 0.0
0.8740219978922007 	 0.0
0.8750219978922007 	 0.0
0.8760219978922007 	 0.0
0.8770219978922007 	 0.0
0.8780219978922007 	 0.0
0.8790219978922007 	 0.0
0.8800219978922007 	 0.0
0.8810219978922007 	 0.0
0.8820219978922007 	 0.0
0.8830219978922007 	 0.0
0.8840219978922007 	 0.0
0.8850219978922007 	 0.0
0.8860219978922007 	 0.0
0.8870219978922007 	 0.0
0.8880219978922007 	 0.0
0.8890219978922007 	 0.0
0.8900219978922007 	 0.0
0.8910219978922007 	 0.0
0.8920219978922007 	 0.0
0.8930219978922007 	 0.0
0.8940219978922007 	 0.0
0.8950219978922007 	 0.0
0.8960219978922007 	 0.0
0.8970219978922007 	 0.0
0.8980219978922007 	 0.0
0.8990219978922007 	 0.0
0.9000219978922007 	 0.0
0.9010219978922007 	 0.0
0.9020219978922007 	 0.0
0.9030219978922007 	 0.0
0.9040219978922007 	 0.0
0.9050219978922007 	 0.0
0.9060219978922007 	 0.0
0.9070219978922007 	 0.0
0.9080219978922007 	 0.0
0.9090219978922007 	 0.0
0.9100219978922007 	 0.0
0.9110219978922007 	 0.0
0.9120219978922007 	 0.0
0.9130219978922007 	 0.0
0.9140219978922007 	 0.0
0.9150219978922007 	 0.0
0.9160219978922007 	 0.0
0.9170219978922007 	 0.0
0.9180219978922007 	 0.0
0.9190219978922007 	 0.0
0.9200219978922007 	 0.0
0.9210219978922007 	 0.0
0.9220219978922007 	 0.0
0.9230219978922007 	 0.0
0.9240219978922007 	 0.0
0.9250219978922007 	 0.0
0.9260219978922007 	 0.0
0.9270219978922007 	 0.0
0.9280219978922007 	 0.0
0.9290219978922007 	 0.0
0.9300219978922007 	 0.0
0.9310219978922007 	 0.0
0.9320219978922007 	 0.0
0.9330219978922007 	 0.0
0.9340219978922008 	 0.0
0.9350219978922008 	 0.0
0.9360219978922008 	 0.0
0.9370219978922008 	 0.0
0.9380219978922008 	 0.0
0.9390219978922008 	 0.0
0.9400219978922008 	 0.0
0.9410219978922008 	 0.0
0.9420219978922008 	 0.0
0.9430219978922008 	 0.0
0.9440219978922008 	 0.0
0.9450219978922008 	 0.0
0.9460219978922008 	 0.0
0.9470219978922008 	 0.0
0.9480219978922008 	 0.0
0.9490219978922008 	 0.0
0.9500219978922008 	 0.0
0.9510219978922008 	 0.0
0.9520219978922008 	 0.0
0.9530219978922008 	 0.0
0.9540219978922008 	 0.0
0.9550219978922008 	 0.0
0.9560219978922008 	 0.0
0.9570219978922008 	 0.0
0.9580219978922008 	 0.0
0.9590219978922008 	 0.0
0.9600219978922008 	 0.0
0.9610219978922008 	 0.0
0.9620219978922008 	 0.0
0.9630219978922008 	 0.0
0.9640219978922008 	 0.0
0.9650219978922008 	 0.0
0.9660219978922008 	 0.0
0.9670219978922008 	 0.0
0.9680219978922008 	 0.0
0.9690219978922008 	 0.0
0.9700219978922008 	 0.0
0.9710219978922008 	 0.0
0.9720219978922008 	 0.0
0.9730219978922008 	 0.0
0.9740219978922008 	 0.0
0.9750219978922008 	 0.0
0.9760219978922008 	 0.0
0.9770219978922008 	 0.0
0.9780219978922008 	 0.0
0.9790219978922008 	 0.0
0.9800219978922008 	 0.0
0.9810219978922008 	 0.0
0.9820219978922008 	 0.0
0.9830219978922008 	 0.0
0.9840219978922008 	 0.0
0.9850219978922008 	 0.0
0.9860219978922008 	 0.0
0.9870219978922008 	 0.0
0.9880219978922008 	 0.0
0.9890219978922008 	 0.0
0.9900219978922008 	 0.0
0.9910219978922008 	 0.0
0.9920219978922008 	 0.0
0.9930219978922008 	 0.0
0.9940219978922008 	 0.0
0.9950219978922008 	 0.0
0.9960219978922008 	 0.0
0.9970219978922008 	 0.0
0.9980219978922008 	 0.0
0.9990219978922008 	 0.0
1.0000219978922007 	 0.0
1.0010219978922006 	 0.0
1.0020219978922005 	 0.0
1.0030219978922004 	 0.0
1.0040219978922003 	 0.0
1.0050219978922001 	 0.0
1.0060219978922 	 0.0
1.0070219978922 	 0.0
1.0080219978921998 	 0.0
1.0090219978921997 	 0.0
1.0100219978921996 	 0.0
1.0110219978921995 	 0.0
1.0120219978921994 	 0.0
1.0130219978921993 	 0.0
1.0140219978921992 	 0.0
1.015021997892199 	 0.0
1.016021997892199 	 0.0
1.0170219978921988 	 0.0
1.0180219978921987 	 0.0
1.0190219978921986 	 0.0
1.0200219978921985 	 0.0
1.0210219978921984 	 0.0
1.0220219978921983 	 0.0
1.0230219978921982 	 0.0
1.024021997892198 	 0.0
1.025021997892198 	 0.0
1.0260219978921978 	 0.0
1.0270219978921977 	 0.0
1.0280219978921976 	 0.0
1.0290219978921975 	 0.0
1.0300219978921974 	 0.0
1.0310219978921973 	 0.0
1.0320219978921972 	 0.0
1.033021997892197 	 0.0
1.034021997892197 	 0.0
1.0350219978921968 	 0.0
1.0360219978921967 	 0.0
1.0370219978921966 	 0.0
1.0380219978921965 	 0.0
1.0390219978921964 	 0.0
1.0400219978921963 	 0.0
1.0410219978921962 	 0.0
1.042021997892196 	 0.0
1.043021997892196 	 0.0
1.0440219978921959 	 0.0
1.0450219978921957 	 0.0
1.0460219978921956 	 0.0
1.0470219978921955 	 0.0
1.0480219978921954 	 0.0
1.0490219978921953 	 0.0
1.0500219978921952 	 0.0
1.051021997892195 	 0.0
1.052021997892195 	 0.0
1.0530219978921949 	 0.0
1.0540219978921948 	 0.0
1.0550219978921946 	 0.0
1.0560219978921945 	 0.0
1.0570219978921944 	 0.0
1.0580219978921943 	 0.0
1.0590219978921942 	 0.0
1.060021997892194 	 0.0
1.061021997892194 	 0.0
1.0620219978921939 	 0.0
1.0630219978921938 	 0.0
1.0640219978921936 	 0.0
1.0650219978921935 	 0.0
1.0660219978921934 	 0.0
1.0670219978921933 	 0.0
1.0680219978921932 	 0.0
1.069021997892193 	 0.0
1.070021997892193 	 0.0
1.0710219978921929 	 0.0
1.0720219978921928 	 0.0
1.0730219978921927 	 0.0
1.0740219978921925 	 0.0
1.0750219978921924 	 0.0
1.0760219978921923 	 0.0
1.0770219978921922 	 0.0
1.078021997892192 	 0.0
1.079021997892192 	 0.0
1.0800219978921919 	 0.0
1.0810219978921918 	 0.0
1.0820219978921917 	 0.0
1.0830219978921916 	 0.0
1.0840219978921914 	 0.0
1.0850219978921913 	 0.0
1.0860219978921912 	 0.0
1.0870219978921911 	 0.0
1.088021997892191 	 0.0
1.089021997892191 	 0.0
1.0900219978921908 	 0.0
1.0910219978921907 	 0.0
1.0920219978921906 	 0.0
1.0930219978921905 	 0.0
1.0940219978921903 	 0.0
1.0950219978921902 	 0.0
1.0960219978921901 	 0.0
1.09702199789219 	 0.0
1.09802199789219 	 0.0
1.0990219978921898 	 0.0
1.1000219978921897 	 0.0
1.1010219978921896 	 0.0
1.1020219978921895 	 0.0
1.1030219978921894 	 0.0
1.1040219978921892 	 0.0
1.1050219978921891 	 0.0
1.106021997892189 	 0.0
1.107021997892189 	 0.0
1.1080219978921888 	 0.0
1.1090219978921887 	 0.0
1.1100219978921886 	 0.0
1.1110219978921885 	 0.0
1.1120219978921884 	 0.0
1.1130219978921883 	 0.0
1.1140219978921881 	 0.0
1.115021997892188 	 0.0
1.116021997892188 	 0.0
1.1170219978921878 	 0.0
1.1180219978921877 	 0.0
1.1190219978921876 	 0.0
1.1200219978921875 	 0.0
1.1210219978921874 	 0.0
1.1220219978921873 	 0.0
1.1230219978921872 	 0.0
1.124021997892187 	 0.0
1.125021997892187 	 0.0
1.1260219978921868 	 0.0
1.1270219978921867 	 0.0
1.1280219978921866 	 0.0
1.1290219978921865 	 0.0
1.1300219978921864 	 0.0
1.1310219978921863 	 0.0
1.1320219978921862 	 0.0
1.133021997892186 	 0.0
1.134021997892186 	 0.0
1.1350219978921858 	 5.1033111269520225e-06
1.1360219978921857 	 4.880522890307887e-06
1.1370219978921856 	 4.6643709119845485e-06
1.1380219978921855 	 4.454774254795031e-06
1.1390219978921854 	 4.25164868009497e-06
1.1400219978921853 	 4.054906805058202e-06
1.1410219978921852 	 3.864458240597324e-06
1.142021997892185 	 3.680209657015562e-06
1.143021997892185 	 3.5020647033351716e-06
1.1440219978921848 	 3.3299244570233846e-06
1.1450219978921847 	 3.163687631042197e-06
1.1460219978921846 	 3.003250701113635e-06
1.1470219978921845 	 2.8485080173668945e-06
1.1480219978921844 	 2.6993519274014688e-06
1.1490219978921843 	 2.5556728853279395e-06
1.1500219978921842 	 2.417359558570137e-06
1.151021997892184 	 2.2842989405844907e-06
1.152021997892184 	 2.1563764145211366e-06
1.1530219978921838 	 2.0334757791608164e-06
1.1540219978921837 	 1.9154794647325143e-06
1.1550219978921836 	 1.802268659940004e-06
1.1560219978921835 	 1.693723398064201e-06
1.1570219978921834 	 1.589722642927804e-06
1.1580219978921833 	 1.4901443744593254e-06
1.1590219978921832 	 1.3948656659395053e-06
1.160021997892183 	 1.3037627666838768e-06
1.161021997892183 	 1.2167111749255256e-06
1.1620219978921829 	 1.1335857023019563e-06
1.1630219978921827 	 1.0542605202675548e-06
1.1640219978921826 	 9.786092706161809e-07
1.1650219978921825 	 9.065051445501309e-07
1.1660219978921824 	 8.378209437190086e-07
1.1670219978921823 	 7.724291440907042e-07
1.1680219978921822 	 7.102019544718815e-07
1.169021997892182 	 6.510113735837166e-07
1.170021997892182 	 5.947292478066328e-07
1.1710219978921819 	 5.412273237328219e-07
1.1720219978921818 	 4.903772986372804e-07
1.1730219978921816 	 4.4205086454181836e-07
1.1740219978921815 	 3.9611976998529417e-07
1.1750219978921814 	 3.524558695111598e-07
1.1760219978921813 	 3.109311683264435e-07
1.1770219978921812 	 2.714178667466896e-07
1.178021997892181 	 2.3378840147756679e-07
1.179021997892181 	 1.9791548670629186e-07
1.1800219978921809 	 1.6367215326187218e-07
1.1810219978921808 	 1.3093178623675004e-07
1.1820219978921807 	 9.956816146594657e-08
1.1830219978921805 	 6.945548032946604e-08
1.1840219978921804 	 4.046840420392866e-08
1.1850219978921803 	 1.2482093894757376e-08
1.1860219978921802 	 1.46277672727734e-08
1.18702199789218 	 4.098493815997485e-08
1.18802199789218 	 6.6712596350259e-08
1.1890219978921799 	 9.193330760283888e-08
1.1900219978921798 	 1.1676899902306148e-07
1.1910219978921797 	 1.4134093348498832e-07
1.1920219978921796 	 1.6576968523376858e-07
1.1930219978921794 	 1.9017511606994562e-07
1.1940219978921793 	 2.1467635285935449e-07
1.1950219978921792 	 2.393917666363846e-07
1.1960219978921791 	 2.644389520344261e-07
1.197021997892179 	 2.8993470769041685e-07
1.198021997892179 	 3.1599501804701356e-07
1.1990219978921788 	 3.4273503541110924e-07
1.2000219978921787 	 3.70269063653642e-07
1.2010219978921786 	 3.987105420315824e-07
1.2020219978921785 	 4.281720307938123e-07
1.2030219978921783 	 4.5876519958507385e-07
1.2040219978921782 	 4.906008126913903e-07
1.2050219978921781 	 5.23788715458912e-07
1.206021997892178 	 5.584378237972324e-07
1.207021997892178 	 5.946561120642985e-07
1.2080219978921778 	 6.325506039442328e-07
1.2090219978921777 	 6.722273623802069e-07
1.2100219978921776 	 7.137914807924999e-07
1.2110219978921775 	 7.573470757324899e-07
1.2120219978921773 	 8.029972822568139e-07
1.2130219978921772 	 8.508442557194727e-07
1.2140219978921771 	 9.009891614098039e-07
1.215021997892177 	 9.535321664321358e-07
1.216021997892177 	 1.0085724348947346e-06
1.2170219978921768 	 1.0662081253920801e-06
1.2180219978921767 	 1.1265363867541238e-06
1.2190219978921766 	 1.1896533568488842e-06
1.2200219978921765 	 1.2556541603371488e-06
1.2210219978921764 	 1.3246377421888073e-06
1.2220219978921762 	 1.3967200752104792e-06
1.2230219978921761 	 1.4720201816050715e-06
1.224021997892176 	 1.5506558571880382e-06
1.225021997892176 	 1.6327436663022909e-06
1.2260219978921758 	 1.7184032733840312e-06
1.2270219978921757 	 1.8077692580803321e-06
1.2280219978921756 	 1.9009785782846402e-06
1.2290219978921755 	 1.9981667589787225e-06
1.2300219978921754 	 2.099467892812392e-06
1.2310219978921753 	 2.2050200173972035e-06
1.2320219978921751 	 2.314979785849242e-06
1.233021997892175 	 2.4295069752591012e-06
1.234021997892175 	 2.5487597196827146e-06
1.2350219978921748 	 2.672894502260923e-06
1.2360219978921747 	 2.8020723104762946e-06
1.2370219978921746 	 2.936475413495219e-06
1.2380219978921745 	 3.07628956064967e-06
1.2390219978921744 	 3.2216985790208138e-06
1.2400219978921743 	 3.3728843836406374e-06
1.2410219978921742 	 3.530034180878348e-06
1.242021997892174 	 3.69336013472644e-06
1.243021997892174 	 3.863078658560577e-06
1.2440219978921738 	 4.0394040110114265e-06
1.2450219978921737 	 4.222548283423532e-06
1.2460219978921736 	 4.4127297312892385e-06
1.2470219978921735 	 4.610195462987742e-06
1.2480219978921734 	 4.815197374752643e-06
1.2490219978921733 	 5.0279848562880735e-06
1.2500219978921732 	 5.248804815401196e-06
1.251021997892173 	 5.477911642553811e-06
1.252021997892173 	 5.7155944122368605e-06
1.2530219978921728 	 5.962148327064253e-06
1.2540219978921727 	 6.217865838555948e-06
1.2550219978921726 	 6.483036622070924e-06
1.2560219978921725 	 6.757958851506207e-06
1.2570219978921724 	 7.042969865629416e-06
1.2580219978921723 	 7.338413662683206e-06
1.2590219978921722 	 7.644631059951555e-06
1.260021997892172 	 7.961959743265178e-06
1.261021997892172 	 8.29074771557141e-06
1.2620219978921718 	 8.631390005660472e-06
1.2630219978921717 	 8.984290269957871e-06
1.2640219978921716 	 9.349848772515022e-06
1.2650219978921715 	 9.728462357810072e-06
1.2660219978921714 	 1.0120540203354454e-05
1.2670219978921713 	 1.0526546649360208e-05
1.2680219978921712 	 1.0946955843709384e-05
1.269021997892171 	 1.1382238027334343e-05
1.270021997892171 	 1.183285962569738e-05
1.2710219978921709 	 1.2299301803319847e-05
1.2720219978921707 	 1.2782111094937912e-05
1.2730219978921706 	 1.328184659223469e-05
1.2740219978921705 	 1.3799063352765956e-05
1.2750219978921704 	 1.4334312372547906e-05
1.2760219978921703 	 1.48881625142669e-05
1.2770219978921702 	 1.5461260087186017e-05
1.27802199789217 	 1.605426583521737e-05
1.27902199789217 	 1.6667835905187697e-05
1.2800219978921699 	 1.730262200794948e-05
1.2810219978921698 	 1.7959297410656868e-05
1.2820219978921696 	 1.8638627821426184e-05
1.2830219978921695 	 1.9341397507523374e-05
1.2840219978921694 	 2.006838618150099e-05
1.2850219978921693 	 2.0820368976445884e-05
1.2860219978921692 	 2.1598147400086293e-05
1.287021997892169 	 2.2402633373522155e-05
1.288021997892169 	 2.323476049284079e-05
1.2890219978921689 	 2.409545725505137e-05
1.2900219978921688 	 2.4985647250647575e-05
1.2910219978921686 	 2.5906285960357474e-05
1.2920219978921685 	 2.6858461997286177e-05
1.2930219978921684 	 2.7843291754014296e-05
1.2940219978921683 	 2.8861886730700925e-05
1.2950219978921682 	 2.9915353668036525e-05
1.296021997892168 	 3.100483897573205e-05
1.297021997892168 	 3.2131649349953705e-05
1.2980219978921679 	 3.3297124644269166e-05
1.2990219978921678 	 3.450259942917382e-05
1.3000219978921677 	 3.574940267318479e-05
1.3010219978921675 	 3.703891290599625e-05
1.3020219978921674 	 3.8372703517441566e-05
1.3030219978921673 	 3.975238958943635e-05
1.3040219978921672 	 4.117958136948977e-05
1.305021997892167 	 4.265588474681038e-05
1.306021997892167 	 4.418296639599014e-05
1.3070219978921669 	 4.5762730631910956e-05
1.3080219978921668 	 4.739713336819332e-05
1.3090219978921667 	 4.908812604889669e-05
1.3100219978921666 	 5.083765637972402e-05
1.3110219978921664 	 5.264774794286224e-05
1.3120219978921663 	 5.452071592086305e-05
1.3130219978921662 	 5.6458938575056726e-05
1.3140219978921661 	 5.846478986455141e-05
1.315021997892166 	 6.054064071056133e-05
1.316021997892166 	 6.26889569879448e-05
1.3170219978921658 	 6.491256570979312e-05
1.3180219978921657 	 6.721437554291004e-05
1.3190219978921656 	 6.959729255893983e-05
1.3200219978921655 	 7.206422136870349e-05
1.3210219978921653 	 7.461818659924449e-05
1.3220219978921652 	 7.726266109871353e-05
1.3230219978921651 	 8.000121417632209e-05
1.324021997892165 	 8.283741168053316e-05
1.325021997892165 	 8.577481883537904e-05
1.3260219978921648 	 8.881715239480962e-05
1.3270219978921647 	 9.196869442004252e-05
1.3280219978921646 	 9.523385847723471e-05
1.3290219978921645 	 9.861705885395344e-05
1.3300219978921644 	 0.00010212271202929683
1.3310219978921642 	 0.00010575511643007258
1.3320219978921641 	 0.00010951885910785992
1.333021997892164 	 0.00011341972302483035
1.334021997892164 	 0.00011746322373138331
1.3350219978921638 	 0.00012165482107918191
1.3360219978921637 	 0.00012600020159377634
1.3370219978921636 	 0.00013050596196606838
1.3380219978921635 	 0.00013517890684699465
1.3390219978921634 	 0.0001400258371075183
1.3400219978921633 	 0.00014505355277309213
1.3410219978921631 	 0.00015026915465198815
1.342021997892163 	 0.00015568085606205574
1.343021997892163 	 0.00016129709529127056
1.3440219978921628 	 0.0001671262976434085
1.3450219978921627 	 0.00017317688484433434
1.3460219978921626 	 0.00017945770235575372
1.3470219978921625 	 0.0001859791866300365
1.3480219978921624 	 0.00019275214154280658
1.3490219978921623 	 0.00019978736679398244
1.3500219978921622 	 0.00020709565993532806
1.351021997892162 	 0.00021468832552789223
1.352021997892162 	 0.0002225785505188984
1.3530219978921618 	 0.00023077989861287098
1.3540219978921617 	 0.00023930590525071145
1.3550219978921616 	 0.00024817009176444547
1.3560219978921615 	 0.00025738666239405266
1.3570219978921614 	 0.0002669724126233441
1.3580219978921613 	 0.0002769447283762956
1.3590219978921612 	 0.00028732097662039293
1.360021997892161 	 0.0002981185065624504
1.361021997892161 	 0.00030935553547233334
1.3620219978921608 	 0.00032105355125129387
1.3630219978921607 	 0.0003332346999033166
1.3640219978921606 	 0.00034592106529077974
1.3650219978921605 	 0.00035913468754266776
1.3660219978921604 	 0.0003728986689367023
1.3670219978921603 	 0.00038724020692887666
1.3680219978921602 	 0.0004021874128721384
1.36902199789216 	 0.00041776834078178864
1.37002199789216 	 0.0004340109866307673
1.3710219978921598 	 0.00045094455896407825
1.3720219978921597 	 0.0004686029359515708
1.3730219978921596 	 0.000487020927600033
1.3740219978921595 	 0.0005062332244438764
1.3750219978921594 	 0.0005262744171950456
1.3760219978921593 	 0.0005471802143449073
1.3770219978921592 	 0.0005689907856232921
1.378021997892159 	 0.0005917472526775081
1.379021997892159 	 0.0006154906161918222
1.3800219978921588 	 0.0006402617537669547
1.3810219978921587 	 0.0006661021722220079
1.3820219978921586 	 0.0006930560509037886
1.3830219978921585 	 0.0007211680025821052
1.3840219978921584 	 0.0007504824648705625
1.3850219978921583 	 0.0007810437128374567
1.3860219978921582 	 0.000812895775242367
1.387021997892158 	 0.0008460821924371568
1.388021997892158 	 0.000880646263186013
1.3890219978921579 	 0.0009166311182030325
1.3900219978921577 	 0.0009540797177128654
1.3910219978921576 	 0.0009930340364095857
1.3920219978921575 	 0.001033532832464208
1.3930219978921574 	 0.0010756139727513055
1.3940219978921573 	 0.0011193151411924291
1.3950219978921572 	 0.0011646738301226331
1.396021997892157 	 0.0012117263319597227
1.397021997892157 	 0.001260504995093681
1.3980219978921569 	 0.0013110410639030035
1.3990219978921568 	 0.0013633655244474497
1.4000219978921566 	 0.0014175090705843317
1.4010219978921565 	 0.001473501360588998
1.4020219978921564 	 0.0015313690889059625
1.4030219978921563 	 0.0015911380801566627
1.4040219978921562 	 0.00165283373615783
1.405021997892156 	 0.0017164809271871734
1.406021997892156 	 0.0017821036579385922
1.4070219978921559 	 0.0018497242882698493
1.4080219978921558 	 0.0019193641553014087
1.4090219978921557 	 0.0019910436858135198
1.4100219978921555 	 0.0020647822819131125
1.4110219978921554 	 0.0021405982816390945
1.4120219978921553 	 0.002218509176397206
1.4130219978921552 	 0.002298531572021188
1.414021997892155 	 0.0023806807390780275
1.415021997892155 	 0.002464970407078354
1.4160219978921549 	 0.002551412826917135
1.4170219978921548 	 0.002640019141291449
1.4180219978921547 	 0.0027307987917235413
1.4190219978921546 	 0.0028237592828977095
1.4200219978921544 	 0.0029189061111409586
1.4210219978921543 	 0.0030162434722092873
1.4220219978921542 	 0.0031157764951799645
1.4230219978921541 	 0.0032175095410312345
1.424021997892154 	 0.0033214450694329487
1.425021997892154 	 0.003427583491208648
1.4260219978921538 	 0.0035359235040714355
1.4270219978921537 	 0.0036464630002551704
1.4280219978921536 	 0.0037591981663863275
1.4290219978921535 	 0.0038741232413814254
1.4300219978921533 	 0.003991230566411859
1.4310219978921532 	 0.004110511384052519
1.4320219978921531 	 0.004231958173234257
1.433021997892153 	 0.004355563231048242
1.434021997892153 	 0.004481317529737216
1.4350219978921528 	 0.0046092105584070245
1.4360219978921527 	 0.004739231058772046
1.4370219978921526 	 0.004871368899244396
1.4380219978921525 	 0.005005613207305998
1.4390219978921523 	 0.005141951837614526
1.4400219978921522 	 0.00528037142284046
1.4410219978921521 	 0.005420858159468612
1.442021997892152 	 0.00556340012310484
1.443021997892152 	 0.005707985925080143
1.4440219978921518 	 0.005854603428695427
1.4450219978921517 	 0.006003239563215469
1.4460219978921516 	 0.006153881129350854
1.4470219978921515 	 0.006306516934834492
1.4480219978921514 	 0.006461135557114345
1.4490219978921512 	 0.00661772467754526
1.4500219978921511 	 0.006776271096111156
1.451021997892151 	 0.006936761526117868
1.452021997892151 	 0.007099184975331258
1.4530219978921508 	 0.007263531205230863
1.4540219978921507 	 0.007429789401548271
1.4550219978921506 	 0.007597947973128227
1.4560219978921505 	 0.00776799549151534
1.4570219978921504 	 0.007939923228986484
1.4580219978921503 	 0.00811372244172862
1.4590219978921501 	 0.008289383551166233
1.46002199789215 	 0.0084668961510799
1.46102199789215 	 0.008646249509778464
1.4620219978921498 	 0.00882743414006978
1.4630219978921497 	 0.009010440970916442
1.4640219978921496 	 0.009195260344165984
1.4650219978921495 	 0.009381881840993629
1.4660219978921494 	 0.00957029599551013
1.4670219978921493 	 0.009760498920850178
1.4680219978921492 	 0.009952487321640554
1.469021997892149 	 0.010146256992068005
1.470021997892149 	 0.010341802824285342
1.4710219978921488 	 0.01053911860954111
1.4720219978921487 	 0.0107381966625458
1.4730219978921486 	 0.010939028952457826
1.4740219978921485 	 0.011141606820253646
1.4750219978921484 	 0.011345920839953363
1.4760219978921483 	 0.011551962507179792
1.4770219978921482 	 0.011759728779213446
1.478021997892148 	 0.011969217168038303
1.479021997892148 	 0.01218042429753525
1.4800219978921478 	 0.01239334581122766
1.4810219978921477 	 0.012607977082753892
1.4820219978921476 	 0.012824314732083827
1.4830219978921475 	 0.013042355543410739
1.4840219978921474 	 0.0132620955746205
1.4850219978921473 	 0.013483530038099115
1.4860219978921472 	 0.013706654218101933
1.487021997892147 	 0.013931465915003396
1.488021997892147 	 0.014157962810782007
1.4890219978921468 	 0.01438614168954803
1.4900219978921467 	 0.014615998456802361
1.4910219978921466 	 0.01484752891660419
1.4920219978921465 	 0.015080731008634246
1.4930219978921464 	 0.015315603086865387
1.4940219978921463 	 0.015552142792707812
1.4950219978921462 	 0.01579034692628759
1.496021997892146 	 0.01603021215221321
1.497021997892146 	 0.016271736865041506
1.4980219978921459 	 0.01651491918591491
1.4990219978921457 	 0.016759756375816767
1.5000219978921456 	 0.017006244857490818
1.5010219978921455 	 0.01725438082747367
1.5020219978921454 	 0.017504162099295777
1.5030219978921453 	 0.017755587035858236
1.5040219978921452 	 0.018008653386949715
1.505021997892145 	 0.018263358196782823
1.506021997892145 	 0.01851969812454627
1.5070219978921449 	 0.018777670697172955
1.5080219978921447 	 0.019037273051046657
1.5090219978921446 	 0.01929850157514571
1.5100219978921445 	 0.019561351935488476
1.5110219978921444 	 0.019825819344094556
1.5120219978921443 	 0.020091899585630714
1.5130219978921442 	 0.020359589255946105
1.514021997892144 	 0.020628884626837443
1.515021997892144 	 0.020899781375784035
1.5160219978921439 	 0.02117227461152772
1.5170219978921438 	 0.021446358906105124
1.5180219978921436 	 0.02172202830501566
1.5190219978921435 	 0.02199927634544418
1.5200219978921434 	 0.02227809607791653
1.5210219978921433 	 0.022558479703529442
1.5220219978921432 	 0.02284041824816294
1.523021997892143 	 0.023123904249908667
1.524021997892143 	 0.023408930400537445
1.5250219978921429 	 0.02369548906526513
1.5260219978921428 	 0.02398356114605786
1.5270219978921427 	 0.024273128195546206
1.5280219978921425 	 0.024564177628151367
1.5290219978921424 	 0.024856696742721555
1.5300219978921423 	 0.025150672419653654
1.5310219978921422 	 0.02544609058685514
1.532021997892142 	 0.025742934199841305
1.533021997892142 	 0.026041187945698263
1.5340219978921419 	 0.02634083732020091
1.5350219978921418 	 0.026641868045023293
1.5360219978921417 	 0.02694426461996122
1.5370219978921416 	 0.02724800632307852
1.5380219978921414 	 0.027553071659237535
1.5390219978921413 	 0.0278594396884837
1.5400219978921412 	 0.028167090045999797
1.5410219978921411 	 0.028476000953975913
1.542021997892141 	 0.028786144689588126
1.543021997892141 	 0.02909749588500294
1.5440219978921408 	 0.029410030979717058
1.5450219978921407 	 0.02972372751341676
1.5460219978921406 	 0.03003856154264328
1.5470219978921405 	 0.030354500670825076
1.5480219978921403 	 0.03067151180340513
1.5490219978921402 	 0.030989563490452555
1.5500219978921401 	 0.03130862595527621
1.55102199789214 	 0.03162866790710451
1.55202199789214 	 0.03194964887434466
1.5530219978921398 	 0.03227153142080692
1.5540219978921397 	 0.03259428139862207
1.5550219978921396 	 0.03291786714442043
1.5560219978921395 	 0.03324225564796266
1.5570219978921394 	 0.033567402138886836
1.5580219978921392 	 0.03389326171364927
1.5590219978921391 	 0.034219792826669905
1.560021997892139 	 0.03454695736382612
1.561021997892139 	 0.03487471616494918
1.5620219978921388 	 0.03520301786558309
1.5630219978921387 	 0.035531814853401275
1.5640219978921386 	 0.03586106476437395
1.5650219978921385 	 0.03619072968984526
1.5660219978921384 	 0.036520770991189236
1.5670219978921383 	 0.036851135275890706
1.5680219978921381 	 0.037181400577810914
1.569021997892138 	 0.03751120411635779
1.570021997892138 	 0.03784076642062338
1.5710219978921378 	 0.038170107335174924
1.5720219978921377 	 0.03849919446459337
1.5730219978921376 	 0.03882798178795647
1.5740219978921375 	 0.03915641824511529
1.5750219978921374 	 0.039484447979063864
1.5760219978921373 	 0.03981200296432958
1.5770219978921372 	 0.040138983794599604
1.578021997892137 	 0.040465273645335684
1.579021997892137 	 0.04079073816546138
1.5800219978921368 	 0.04111521833025093
1.5810219978921367 	 0.041438515429603445
1.5820219978921366 	 0.04176036396165264
1.5830219978921365 	 0.04208043945154746
1.5840219978921364 	 0.0423983528678051
1.5850219978921363 	 0.04271364091902224
1.5860219978921362 	 0.04302575411594382
1.587021997892136 	 0.04333404138851531
1.588021997892136 	 0.04363778117160586
1.5890219978921358 	 0.04393621404733281
1.5900219978921357 	 0.044228586147587345
1.5910219978921356 	 0.044514201879181294
1.5920219978921355 	 0.04479247479653071
1.5930219978921354 	 0.045063009585594865
1.5940219978921353 	 0.045325660616065654
1.5950219978921352 	 0.04558055455613755
1.596021997892135 	 0.04582806995362581
1.597021997892135 	 0.0460687722507857
1.5980219978921348 	 0.046303353212723934
1.5990219978921347 	 0.04653254994784343
1.6000219978921346 	 0.046757066395103415
1.6010219978921345 	 0.046977509381479855
1.6020219978921344 	 0.04719433990982606
1.6030219978921343 	 0.047407868139216124
1.6040219978921342 	 0.04761826860342107
1.605021997892134 	 0.04782559924695701
1.606021997892134 	 0.048029821617214176
1.6070219978921338 	 0.04823081700476836
1.6080219978921337 	 0.048428416973956126
1.6090219978921336 	 0.04862242465775943
1.6100219978921335 	 0.048812629268249384
1.6110219978921334 	 0.04899881612933728
1.6120219978921333 	 0.0491807685317682
1.6130219978921332 	 0.049358268875668986
1.614021997892133 	 0.04953111164793593
1.615021997892133 	 0.04969910800324717
1.6160219978921329 	 0.049862087514517726
1.6170219978921327 	 0.05001989978641689
1.6180219978921326 	 0.05017241322150136
1.6190219978921325 	 0.05031951377405782
1.6200219978921324 	 0.050461104452598673
1.6210219978921323 	 0.050597107285899556
1.6220219978921322 	 0.05072746585307795
1.623021997892132 	 0.050852128220881046
1.624021997892132 	 0.050971053939912865
1.6250219978921319 	 0.051084216595809064
1.6260219978921318 	 0.05119160744986369
1.6270219978921316 	 0.051293246568883975
1.6280219978921315 	 0.0513891698233639
1.6290219978921314 	 0.05147942465120018
1.6300219978921313 	 0.051564069718665326
1.6310219978921312 	 0.05164318021012146
1.632021997892131 	 0.05171685986605275
1.633021997892131 	 0.051785214500235315
1.6340219978921309 	 0.051848356157131716
1.6350219978921308 	 0.05190640546138983
1.6360219978921307 	 0.051959498223401346
1.6370219978921305 	 0.052007803845684215
1.6380219978921304 	 0.052051504295713445
1.6390219978921303 	 0.05209078745102696
1.6400219978921302 	 0.052125846357760366
1.64102199789213 	 0.05215688637631091
1.64202199789213 	 0.05218414271961631
1.6430219978921299 	 0.05220785031053528
1.6440219978921298 	 0.052228243580861575
1.6450219978921297 	 0.05224555783267729
1.6460219978921296 	 0.052260036394787004
1.6470219978921294 	 0.05227195123882428
1.6480219978921293 	 0.05228157896374754
1.6490219978921292 	 0.05228919273612278
1.650021997892129 	 0.052295061210496874
1.651021997892129 	 0.05229945529877678
1.652021997892129 	 0.0523026666484713
1.6530219978921288 	 0.05230498035767589
1.6540219978921287 	 0.052306671087179485
1.6550219978921286 	 0.05230800331391915
1.6560219978921285 	 0.052309237270580566
1.6570219978921283 	 0.05231064721122692
1.6580219978921282 	 0.05231249999456773
1.6590219978921281 	 0.05231504772471942
1.660021997892128 	 0.052318526841798316
1.661021997892128 	 0.05232316338080813
1.6620219978921278 	 0.052329188135507215
1.6630219978921277 	 0.05233681847182299
1.6640219978921276 	 0.0523462522512694
1.6650219978921275 	 0.05235766744649581
1.6660219978921273 	 0.05237122646079442
1.6670219978921272 	 0.05238708918696357
1.6680219978921271 	 0.05240539846412647
1.669021997892127 	 0.05242627544298225
1.670021997892127 	 0.05244981937222143
1.6710219978921268 	 0.05247611113029626
1.6720219978921267 	 0.052505224133797095
1.6730219978921266 	 0.05253721646886259
1.6740219978921265 	 0.05257212553920147
1.6750219978921264 	 0.05260996768251508
1.6760219978921262 	 0.05265074097173107
1.6770219978921261 	 0.05269443224476706
1.678021997892126 	 0.052741011169924586
1.679021997892126 	 0.05279042899371171
1.6800219978921258 	 0.05284261936851404
1.6810219978921257 	 0.05289750042291477
1.6820219978921256 	 0.05295498037710913
1.6830219978921255 	 0.05301496002727839
1.6840219978921254 	 0.05307732841320096
1.6850219978921253 	 0.05314196258900792
1.6860219978921251 	 0.05320872879248033
1.687021997892125 	 0.0532774835862403
1.688021997892125 	 0.053348075138856366
1.6890219978921248 	 0.05342034445467066
1.6900219978921247 	 0.053494126569433524
1.6910219978921246 	 0.05356925074780782
1.6920219978921245 	 0.05364554093524009
1.6930219978921244 	 0.05372282528632186
1.6940219978921243 	 0.05380093246863998
1.6950219978921242 	 0.05387969094735201
1.696021997892124 	 0.053958928223420334
1.697021997892124 	 0.054038466889551086
1.6980219978921238 	 0.05411813036979886
1.6990219978921237 	 0.05419774523363707
1.7000219978921236 	 0.05427714193854863
1.7010219978921235 	 0.0543561531788827
1.7020219978921234 	 0.05443461011476201
1.7030219978921233 	 0.05451235542045858
1.7040219978921232 	 0.054589239943895036
1.705021997892123 	 0.054665121330452295
1.706021997892123 	 0.054739861848955004
1.7070219978921228 	 0.054813320506457486
1.7080219978921227 	 0.05488536182840454
1.7090219978921226 	 0.05495585789570501
1.7100219978921225 	 0.055024688681651175
1.7110219978921224 	 0.05509173922971837
1.7120219978921223 	 0.05515689337826851
1.7130219978921222 	 0.055220047746215785
1.714021997892122 	 0.055281108941755336
1.715021997892122 	 0.055339991900869134
1.7160219978921218 	 0.05539661682270568
1.7170219978921217 	 0.05545090053428062
1.7180219978921216 	 0.055502765018523165
1.7190219978921215 	 0.0555521400278968
1.7200219978921214 	 0.055598963021252695
1.7210219978921213 	 0.055643175907634526
1.7220219978921212 	 0.05568471829062683
1.723021997892121 	 0.05572354013777092
1.724021997892121 	 0.05575960009814255
1.7250219978921209 	 0.05579286387434599
1.7260219978921207 	 0.05582330111859165
1.7270219978921206 	 0.055850876939189914
1.7280219978921205 	 0.05587556008617456
1.7290219978921204 	 0.05589732535974867
1.7300219978921203 	 0.05591615355821209
1.7310219978921202 	 0.05593202845223768
1.73202199789212 	 0.055944929957356386
1.73302199789212 	 0.05595484551207249
1.7340219978921199 	 0.05596176889253893
1.7350219978921197 	 0.05596569899312724
1.7360219978921196 	 0.055966637138445484
1.7370219978921195 	 0.055744915307177255
1.7380219978921194 	 0.055305603981487796
1.7390219978921193 	 0.05486763025721021
1.7400219978921192 	 0.05443106512014707
1.741021997892119 	 0.0539959766864719
1.742021997892119 	 0.05356242277461693
1.7430219978921189 	 0.05313045870081863
1.7440219978921188 	 0.05270013965779363
1.7450219978921186 	 0.05227152071506622
1.7460219978921185 	 0.05184465465402071
1.7470219978921184 	 0.0514195860344858
1.7480219978921183 	 0.05099635742154901
1.7490219978921182 	 0.05057501128556066
1.750021997892118 	 0.05015559000238097
1.751021997892118 	 0.04973813389204241
1.7520219978921179 	 0.04932267584342443
1.7530219978921178 	 0.048909246955214467
1.7540219978921177 	 0.04849787825712249
1.7550219978921175 	 0.04808860071005866
1.7560219978921174 	 0.0476814436264908
1.7570219978921173 	 0.04727643034122658
1.7580219978921172 	 0.046873582754474855
1.759021997892117 	 0.04647292271805152
1.760021997892117 	 0.04607447203550143
1.7610219978921169 	 0.04567825113212703
1.7620219978921168 	 0.045284275410059055
1.7630219978921167 	 0.044892559073128314
1.7640219978921166 	 0.04450311629391883
1.7650219978921164 	 0.04411596121384424
1.7660219978921163 	 0.043731106877137715
1.7670219978921162 	 0.043348562309361946
1.7680219978921161 	 0.04296833558304811
1.769021997892116 	 0.04259043475307964
1.770021997892116 	 0.04221486785673233
1.7710219978921158 	 0.04184164206327923
1.7720219978921157 	 0.04147076134343683
1.7730219978921156 	 0.04110222891484076
1.7740219978921155 	 0.040736047988195134
1.7750219978921153 	 0.04037222176728465
1.7760219978921152 	 0.04001075279327748
1.7770219978921151 	 0.03965164114777606
1.778021997892115 	 0.039294886338316064
1.779021997892115 	 0.03894048787364819
1.7800219978921148 	 0.038588445263729516
1.7810219978921147 	 0.03823875753024827
1.7820219978921146 	 0.03789142186523475
1.7830219978921145 	 0.037546435038499006
1.7840219978921144 	 0.03720379382704182
1.7850219978921142 	 0.036863495015030924
1.7860219978921141 	 0.0365255350505361
1.787021997892114 	 0.03618990910485061
1.788021997892114 	 0.03585661205944086
1.7890219978921138 	 0.0355256388070551
1.7900219978921137 	 0.03519698425168956
1.7910219978921136 	 0.034870643084520134
1.7920219978921135 	 0.0345466091698976
1.7930219978921134 	 0.034224876189510416
1.7940219978921133 	 0.03390543783890079
1.7950219978921131 	 0.033588287827425
1.796021997892113 	 0.03327341977500493
1.797021997892113 	 0.03296082692924091
1.7980219978921128 	 0.032650502462141386
1.7990219978921127 	 0.032342439560630695
1.8000219978921126 	 0.032036631426507464
1.8010219978921125 	 0.031733071243979685
1.8020219978921124 	 0.03143175209076579
1.8030219978921123 	 0.031132667031283368
1.8040219978921122 	 0.030835809145053378
1.805021997892112 	 0.030541171526659243
1.806021997892112 	 0.03024874735427941
1.8070219978921118 	 0.029958530077575766
1.8080219978921117 	 0.029670513220478863
1.8090219978921116 	 0.029384690320987325
1.8100219978921115 	 0.0291010549311303
1.8110219978921114 	 0.028819600742077026
1.8120219978921113 	 0.028540321927072766
1.8130219978921112 	 0.02826321278156017
1.814021997892111 	 0.027988267613350003
1.815021997892111 	 0.027715480742589036
1.8160219978921108 	 0.02744484669129053
1.8170219978921107 	 0.027176360702812763
1.8180219978921106 	 0.0269100181967718
1.8190219978921105 	 0.02664581460270576
1.8200219978921104 	 0.026383745360049924
1.8210219978921103 	 0.02612380615720684
1.8220219978921102 	 0.025865993586782158
1.82302199789211 	 0.025610304458086743
1.82402199789211 	 0.025356735587353723
1.8250219978921098 	 0.025105283797722283
1.8260219978921097 	 0.02485594620315451
1.8270219978921096 	 0.024608720986566374
1.8280219978921095 	 0.024363606583419514
1.8290219978921094 	 0.024120601432610835
1.8300219978921093 	 0.02387970397646605
1.8310219978921092 	 0.023640912980615072
1.832021997892109 	 0.023404228410657164
1.833021997892109 	 0.023169650512405486
1.8340219978921088 	 0.02293717953124917
1.8350219978921087 	 0.022706815712157817
1.8360219978921086 	 0.02247855964977004
1.8370219978921085 	 0.022252413247846985
1.8380219978921084 	 0.022028378712692916
1.8390219978921083 	 0.02180645824603209
1.8400219978921082 	 0.021586654045024394
1.841021997892108 	 0.02136896867247181
1.842021997892108 	 0.021153406071391385
1.8430219978921079 	 0.02093997050064278
1.8440219978921077 	 0.020728666210177753
1.8450219978921076 	 0.020519497441067697
1.8460219978921075 	 0.020312468811771872
1.8470219978921074 	 0.020107586376714368
1.8480219978921073 	 0.019904856515781767
1.8490219978921072 	 0.019704285595504425
1.850021997892107 	 0.01950587996909571
1.851021997892107 	 0.019309646362291318
1.8520219978921069 	 0.01911559293073432
1.8530219978921068 	 0.018923728150758795
1.8540219978921066 	 0.01873406048097021
1.8550219978921065 	 0.018546598362296125
1.8560219978921064 	 0.0183613505992255
1.8570219978921063 	 0.018178327404570586
1.8580219978921062 	 0.017997539303528026
1.859021997892106 	 0.017818996799317147
1.860021997892106 	 0.01764271037324155
1.8610219978921059 	 0.01746869084615132
1.8620219978921058 	 0.017296950368987582
1.8630219978921057 	 0.017127501383755017
1.8640219978921055 	 0.016960356306531494
1.8650219978921054 	 0.016795527527539506
1.8660219978921053 	 0.016633027728419455
1.8670219978921052 	 0.01647287075165284
1.868021997892105 	 0.016315070688629134
1.869021997892105 	 0.016159641601440695
1.8700219978921049 	 0.016006597522962487
1.8710219978921048 	 0.01585595273702756
1.8720219978921047 	 0.01570772254616536
1.8730219978921046 	 0.015561922466367386
1.8740219978921044 	 0.015418567981443488
1.8750219978921043 	 0.015277674543108074
1.8760219978921042 	 0.015139257763062616
1.877021997892104 	 0.015003333939288302
1.878021997892104 	 0.014869919504119186
1.879021997892104 	 0.014739030855893134
1.8800219978921038 	 0.01461068435904173
1.8810219978921037 	 0.014484896454927038
1.8820219978921036 	 0.014361683965458014
1.8830219978921034 	 0.014241063774770692
1.8840219978921033 	 0.014123052732161329
1.8850219978921032 	 0.014007667652177067
1.8860219978921031 	 0.013894925307669895
1.887021997892103 	 0.01378484241060182
1.888021997892103 	 0.013677435632364976
1.8890219978921028 	 0.013572721610044015
1.8900219978921027 	 0.01347071694650388
1.8910219978921026 	 0.013371438072801327
1.8920219978921025 	 0.013274900870938026
1.8930219978921023 	 0.013181121069774161
1.8940219978921022 	 0.013090114365894035
1.8950219978921021 	 0.013001896423686673
1.896021997892102 	 0.012916482576099217
1.897021997892102 	 0.012833887004336094
1.8980219978921018 	 0.012754123598516914
1.8990219978921017 	 0.012677206220345997
1.9000219978921016 	 0.012603148703181253
1.9010219978921015 	 0.012531964405578208
1.9020219978921014 	 0.01246366498754053
1.9030219978921012 	 0.012398261694358391
1.9040219978921011 	 0.012335765748397197
1.905021997892101 	 0.012276188349149973
1.906021997892101 	 0.012219540011064517
1.9070219978921008 	 0.012165828748587227
1.9080219978921007 	 0.012115061980117785
1.9090219978921006 	 0.012067247109006621
1.9100219978921005 	 0.012022391523585292
1.9110219978921004 	 0.01198050178790652
1.9120219978921003 	 0.011941581423685161
1.9130219978921001 	 0.011905633237031464
1.9140219978921 	 0.011872660028440056
1.9150219978921 	 0.011842664592794032
1.9160219978920998 	 0.011815648711239227
1.9170219978920997 	 0.01179161038811289
1.9180219978920996 	 0.01177054674929536
1.9190219978920995 	 0.011752454926605017
1.9200219978920994 	 0.011737332057771173
1.9210219978920993 	 0.011725174126648426
1.9220219978920992 	 0.011715972784519253
1.923021997892099 	 0.011709718684324116
1.924021997892099 	 0.011706402498040813
1.9250219978920988 	 0.011706014916622598
1.9260219978920987 	 0.011708545355481
1.9270219978920986 	 0.011713978406563096
1.9280219978920985 	 0.01172229755977291
1.9290219978920984 	 0.011733486338477383
1.9300219978920983 	 0.011747528299406921
1.9310219978920982 	 0.011764405648939434
1.932021997892098 	 0.011784095450751817
1.933021997892098 	 0.011806573603514286
1.9340219978920978 	 0.01183181605457352
1.9350219978920977 	 0.011859798799814254
1.9360219978920976 	 0.011890496456833164
1.9370219978920975 	 0.011923878354486148
1.9380219978920974 	 0.01195991263434732
1.9390219978920973 	 0.011998567502135127
1.9400219978920972 	 0.012039811227535288
1.941021997892097 	 0.012083610736994647
1.942021997892097 	 0.012129927757097099
1.9430219978920968 	 0.012178722859443946
1.9440219978920967 	 0.012229956694793183
1.9450219978920966 	 0.012283589992845697
1.9460219978920965 	 0.01233958223290658
1.9470219978920964 	 0.012397888000734296
1.9480219978920963 	 0.012458460809396731
1.9490219978920962 	 0.012521254265030141
1.950021997892096 	 0.012586222066592174
1.951021997892096 	 0.012653316822146914
1.9520219978920959 	 0.012722486804893296
1.9530219978920957 	 0.012793679355223953
1.9540219978920956 	 0.01286684191867221
1.9550219978920955 	 0.012941922045637277
1.9560219978920954 	 0.013018866401684287
1.9570219978920953 	 0.013097618055380214
1.9580219978920952 	 0.013178119322463534
1.959021997892095 	 0.013260312633538733
1.960021997892095 	 0.01334414053378029
1.9610219978920949 	 0.013429544943663335
1.9620219978920947 	 0.013516465133227636
1.9630219978920946 	 0.013604839846205356
1.9640219978920945 	 0.013694607947986272
1.9650219978920944 	 0.01378570842530827
1.9660219978920943 	 0.013878079922437463
1.9670219978920942 	 0.013971659470425881
1.968021997892094 	 0.01406638381931079
1.969021997892094 	 0.014162189844418551
1.9700219978920939 	 0.014259014546049819
1.9710219978920938 	 0.014356794881079639
1.9720219978920936 	 0.014455467301937282
1.9730219978920935 	 0.0145549682395065
1.9740219978920934 	 0.014655234250265558
1.9750219978920933 	 0.014756202015975354
1.9760219978920932 	 0.014857808467966754
1.977021997892093 	 0.014959991128343349
1.978021997892093 	 0.015062687751480532
1.9790219978920929 	 0.015165836214415605
1.9800219978920928 	 0.01526937451654685
1.9810219978920927 	 0.015373241178405331
1.9820219978920925 	 0.015477376335180504
1.9830219978920924 	 0.015581720589186056
1.9840219978920923 	 0.015686214659483954
1.9850219978920922 	 0.015790799381601446
1.986021997892092 	 0.01589541634987126
1.987021997892092 	 0.016000009678534415
1.9880219978920919 	 0.016104524154084313
1.9890219978920918 	 0.016208904671259464
1.9900219978920917 	 0.01631309623278419
1.9910219978920916 	 0.016417044785970312
1.9920219978920914 	 0.016520699516243662
1.9930219978920913 	 0.016624010441141226
1.9940219978920912 	 0.01672692767593777
1.9950219978920911 	 0.016829401433414826
1.996021997892091 	 0.0169313830216202
1.997021997892091 	 0.017032827579079108
1.9980219978920908 	 0.01713369120563068
1.9990219978920907 	 0.01723393008673709
