0.0010219978922 	 0
0.0020219978922 	 1.0
0.0030219978922 	 1.0
0.0040219978922 	 1.0
0.0050219978922 	 1.0
0.0060219978922 	 1.0
0.0070219978922 	 1.0
0.0080219978922 	 1.0
0.009021997892200002 	 1.0
0.010021997892200003 	 1.0
0.011021997892200004 	 1.0
0.012021997892200004 	 1.0
0.013021997892200005 	 1.0
0.014021997892200006 	 1.0
0.015021997892200007 	 1.0
0.016021997892200008 	 1.0
0.01702199789220001 	 1.0
0.01802199789220001 	 1.0
0.01902199789220001 	 1.0
0.02002199789220001 	 1.0
0.021021997892200012 	 1.0
0.022021997892200013 	 1.0
0.023021997892200014 	 1.0
0.024021997892200015 	 1.0
0.025021997892200016 	 1.0
0.026021997892200017 	 1.0
0.027021997892200018 	 1.0
0.02802199789220002 	 1.0
0.02902199789220002 	 1.0
0.03002199789220002 	 1.0
0.03102199789220002 	 1.0
0.03202199789220002 	 1.0
0.03302199789220002 	 1.0
0.03402199789220002 	 1.0
0.03502199789220002 	 1.0
0.03602199789220002 	 1.0
0.03702199789220002 	 1.0
0.038021997892200024 	 1.0
0.039021997892200025 	 1.0
0.040021997892200026 	 1.0
0.04102199789220003 	 1.0
0.04202199789220003 	 1.0
0.04302199789220003 	 1.0
0.04402199789220003 	 1.0
0.04502199789220003 	 1.0
0.04602199789220003 	 1.0
0.04702199789220003 	 1.0
0.04802199789220003 	 1.0
0.049021997892200034 	 1.0
0.050021997892200035 	 1.0
0.051021997892200036 	 1.0
0.052021997892200036 	 1.0
0.05302199789220004 	 1.0
0.05402199789220004 	 1.0
0.05502199789220004 	 1.0
0.05602199789220004 	 1.0
0.05702199789220004 	 1.0
0.05802199789220004 	 1.0
0.05902199789220004 	 1.0
0.060021997892200044 	 1.0
0.061021997892200044 	 1.0
0.062021997892200045 	 1.0
0.06302199789220005 	 1.0
0.06402199789220005 	 1.0
0.06502199789220005 	 1.0
0.06602199789220005 	 1.0
0.06702199789220005 	 1.0
0.06802199789220005 	 1.0
0.06902199789220005 	 1.0
0.07002199789220005 	 1.0
0.07102199789220005 	 1.0
0.07202199789220005 	 1.0
0.07302199789220006 	 1.0
0.07402199789220006 	 1.0
0.07502199789220006 	 1.0
0.07602199789220006 	 1.0
0.07702199789220006 	 1.0
0.07802199789220006 	 1.0
0.07902199789220006 	 1.0
0.08002199789220006 	 1.0
0.08102199789220006 	 1.0
0.08202199789220006 	 1.0
0.08302199789220006 	 1.0
0.08402199789220006 	 1.0
0.08502199789220007 	 1.0
0.08602199789220007 	 1.0
0.08702199789220007 	 1.0
0.08802199789220007 	 1.0
0.08902199789220007 	 1.0
0.09002199789220007 	 1.0
0.09102199789220007 	 1.0
0.09202199789220007 	 1.0
0.09302199789220007 	 1.0
0.09402199789220007 	 1.0
0.09502199789220007 	 1.0
0.09602199789220008 	 1.0
0.09702199789220008 	 1.0
0.09802199789220008 	 1.0
0.09902199789220008 	 1.0
0.10002199789220008 	 1.0
0.10102199789220008 	 1.0
0.10202199789220008 	 1.0
0.10302199789220008 	 1.0
0.10402199789220008 	 1.0
0.10502199789220008 	 1.0
0.10602199789220008 	 1.0
0.10702199789220009 	 1.0
0.10802199789220009 	 1.0
0.10902199789220009 	 1.0
0.11002199789220009 	 1.0
0.11102199789220009 	 1.0
0.11202199789220009 	 1.0
0.11302199789220009 	 1.0
0.11402199789220009 	 1.0
0.11502199789220009 	 1.0
0.1160219978922001 	 1.0
0.1170219978922001 	 1.0
0.1180219978922001 	 1.0
0.1190219978922001 	 1.0
0.1200219978922001 	 1.0
0.1210219978922001 	 1.0
0.1220219978922001 	 1.0
0.1230219978922001 	 1.0
0.1240219978922001 	 1.0
0.1250219978922001 	 1.0
0.1260219978922001 	 1.0
0.1270219978922001 	 1.0
0.1280219978922001 	 1.0
0.1290219978922001 	 1.0
0.1300219978922001 	 1.0
0.1310219978922001 	 1.0
0.1320219978922001 	 1.0
0.1330219978922001 	 1.0
0.1340219978922001 	 1.0
0.1350219978922001 	 1.0
0.1360219978922001 	 1.0
0.1370219978922001 	 1.0
0.1380219978922001 	 1.0
0.1390219978922001 	 1.0
0.1400219978922001 	 0.9999869692353233
0.1410219978922001 	 0.9995741807576644
0.1420219978922001 	 0.9979852179314476
0.1430219978922001 	 0.9944877391079481
0.1440219978922001 	 0.9884352378766285
0.1450219978922001 	 0.9792909938081151
0.1460219978922001 	 0.9666534812563018
0.1470219978922001 	 0.9502783608008972
0.1480219978922001 	 0.9300924517315052
0.1490219978922001 	 0.9061961785842052
0.1500219978922001 	 0.8788528286103914
0.1510219978922001 	 0.848465201216288
0.1520219978922001 	 0.8155423531696777
0.1530219978922001 	 0.7806606356314566
0.1540219978922001 	 0.7444237677489332
0.15502199789220011 	 0.7074262758270966
0.15602199789220011 	 0.6702234908151637
0.15702199789220012 	 0.6333098262628702
0.15802199789220012 	 0.5971056351726595
0.15902199789220012 	 0.5619518353950667
0.16002199789220012 	 0.5281108152128965
0.16102199789220012 	 0.4957718678121638
0.16202199789220012 	 0.4650594596521595
0.16302199789220012 	 0.4360428907937369
0.16402199789220012 	 0.4087462438308394
0.16502199789220012 	 0.3831578609558833
0.16602199789220012 	 0.3592388877178622
0.16702199789220012 	 0.336930656421181
0.16802199789220013 	 0.31616084968719094
0.16902199789220013 	 0.29684849364845656
0.17002199789220013 	 0.27890789296274016
0.17102199789220013 	 0.2622516490555126
0.17202199789220013 	 0.246792909806917
0.17302199789220013 	 0.23244699198515834
0.17402199789220013 	 0.21913250340152562
0.17502199789220013 	 0.20677207429418257
0.17602199789220013 	 0.19529278953082482
0.17702199789220013 	 0.1846263964064706
0.17802199789220013 	 0.1747093478795619
0.17902199789220014 	 0.16548272831938496
0.18002199789220014 	 0.1568920982170495
0.18102199789220014 	 0.14888728566744983
0.18202199789220014 	 0.141422145514555
0.18302199789220014 	 0.13445430160138375
0.18402199789220014 	 0.1279448833239999
0.18502199789220014 	 0.12185826442633874
0.18602199789220014 	 0.11616180949182854
0.18702199789220014 	 0.11082563172291836
0.18802199789220014 	 0.10582236421503048
0.18902199789220014 	 0.10112694591769046
0.19002199789220015 	 0.09671642274562833
0.19102199789220015 	 0.0925697637880154
0.19202199789220015 	 0.08866769221127418
0.19302199789220015 	 0.08499253021880149
0.19402199789220015 	 0.08152805728771173
0.19502199789220015 	 0.07825938082418041
0.19602199789220015 	 0.0751728183467741
0.19702199789220015 	 0.07225579030753145
0.19802199789220015 	 0.06949672268317679
0.19902199789220015 	 0.06688495850609788
0.20002199789220015 	 0.06441067755098635
0.20102199789220015 	 0.06206482344428097
0.20202199789220016 	 0.05983903751685938
0.20302199789220016 	 0.05772559877377895
0.20402199789220016 	 0.05571736940687783
0.20502199789220016 	 0.05380774532581102
0.20602199789220016 	 0.05199061123005493
0.20702199789220016 	 0.05026029978826389
0.20802199789220016 	 0.04861155453196658
0.20902199789220016 	 0.047039496107963256
0.21002199789220016 	 0.045539591567991276
0.21102199789220016 	 0.044107626405423775
0.21202199789220016 	 0.04251802924370906
0.21302199789220017 	 0.041111175925770765
0.21402199789220017 	 0.039804420234198085
0.21502199789220017 	 0.038572465547337904
0.21602199789220017 	 0.03740429061504936
0.21702199789220017 	 0.03629297568806083
0.21802199789220017 	 0.0352334275529204
0.21902199789220017 	 0.03422157001613643
0.22002199789220017 	 0.0332539781181081
0.22102199789220017 	 0.03232768530990821
0.22202199789220017 	 0.031440069963176734
0.22302199789220017 	 0.03058878275882887
0.22402199789220018 	 0.029771697093119755
0.22502199789220018 	 0.02898687339080038
0.22602199789220018 	 0.028232532320563046
0.22702199789220018 	 0.027507033991117643
0.22802199789220018 	 0.026808861333202278
0.22902199789220018 	 0.026136606516085473
0.23002199789220018 	 0.025488959631439892
0.23102199789220018 	 0.02486469911634715
0.23202199789220018 	 0.024262683540907173
0.23302199789220018 	 0.023681844487922696
0.23402199789220018 	 0.02312118032168901
0.23502199789220019 	 0.022579750691550014
0.23602199789220019 	 0.022056671650642703
0.2370219978922002 	 0.021551111295618024
0.2380219978922002 	 0.021062285851976992
0.2390219978922002 	 0.020589456143916638
0.2400219978922002 	 0.020131924398525337
0.2410219978922002 	 0.01968903134269792
0.2420219978922002 	 0.01926015355787161
0.2430219978922002 	 0.018844701063066783
0.2440219978922002 	 0.018442115101062792
0.2450219978922002 	 0.018051866106090195
0.2460219978922002 	 0.01767345183434656
0.2470219978922002 	 0.01730639564107643
0.2480219978922002 	 0.016950244889995105
0.2490219978922002 	 0.01660456948255823
0.2500219978922002 	 0.01626896049604312
0.2510219978922002 	 0.015943028920660504
0.2520219978922002 	 0.015626404486992963
0.2530219978922002 	 0.015318734575988868
0.2540219978922002 	 0.015019683204551292
0.2550219978922002 	 0.01472893008046915
0.2560219978922002 	 0.01444616972105834
0.2570219978922002 	 0.01417111063042804
0.2580219978922002 	 0.01390347453076917
0.2590219978922002 	 0.013642995643491121
0.2600219978922002 	 0.013389420016412797
0.2610219978922002 	 0.013142504893554261
0.2620219978922002 	 0.012902018124378299
0.2630219978922002 	 0.012667737609604093
0.2640219978922002 	 0.012439450780959304
0.2650219978922002 	 0.012216954112457535
0.2660219978922002 	 0.01200005266098693
0.2670219978922002 	 0.011788559634175466
0.2680219978922002 	 0.011582295983661405
0.2690219978922002 	 0.011381090022045163
0.2700219978922002 	 0.011184777061933437
0.2710219978922002 	 0.010993199075608502
0.2720219978922002 	 0.01080620437396724
0.2730219978922002 	 0.010623647303476426
0.2740219978922002 	 0.010445387959983609
0.2750219978922002 	 0.010271291918308494
0.2760219978922002 	 0.010101229976617514
0.2770219978922002 	 0.009935077914656027
0.2780219978922002 	 0.009772716264978585
0.2790219978922002 	 0.009614030096378005
0.2800219978922002 	 0.00945890880876968
0.2810219978922002 	 0.009307245938839071
0.2820219978922002 	 0.00915893897580749
0.2830219978922002 	 0.00901388918671501
0.28402199789220023 	 0.008872001450659667
0.28502199789220023 	 0.00873318410146951
0.28602199789220023 	 0.0085973487783185
0.28702199789220023 	 0.008464410283829162
0.28802199789220023 	 0.008334286449234788
0.28902199789220023 	 0.008206898006201065
0.29002199789220023 	 0.008082168464932888
0.29102199789220023 	 0.007960023998215672
0.29202199789220024 	 0.00784039333106218
0.29302199789220024 	 0.0077232076356569465
0.29402199789220024 	 0.007608400431308928
0.29502199789220024 	 0.007495907489140965
0.29602199789220024 	 0.00738566674126105
0.29702199789220024 	 0.00727761819417595
0.29802199789220024 	 0.00717170384622201
0.29902199789220024 	 0.00706786760880126
0.30002199789220024 	 0.006966055231223726
0.30102199789220024 	 0.006866214228968309
0.30202199789220024 	 0.006768293815185639
0.30302199789220025 	 0.006672244835276556
0.30402199789220025 	 0.006578019704389268
0.30502199789220025 	 0.006485572347687605
0.30602199789220025 	 0.006394858143250475
0.30702199789220025 	 0.006305833867471385
0.30802199789220025 	 0.006218457642833372
0.30902199789220025 	 0.006132688887942344
0.31002199789220025 	 0.00604848826970775
0.31102199789220025 	 0.005965817657565955
0.31202199789220025 	 0.005884640079647299
0.31302199789220025 	 0.005804919680793068
0.31402199789220026 	 0.005726621682333899
0.31502199789220026 	 0.0056497123435456514
0.31602199789220026 	 0.005574158924703416
0.31702199789220026 	 0.005499929651658438
0.31802199789220026 	 0.005426993681866722
0.31902199789220026 	 0.005355321071801809
0.32002199789220026 	 0.005284882745687738
0.32102199789220026 	 0.005215650465491491
0.32202199789220026 	 0.005147596802117347
0.32302199789220026 	 0.005080695107748536
0.32402199789220026 	 0.005014919489284315
0.32502199789220027 	 0.004950244782823265
0.32602199789220027 	 0.004886646529146014
0.32702199789220027 	 0.004824100950153003
0.32802199789220027 	 0.004762584926215054
0.32902199789220027 	 0.0047020759743965825
0.33002199789220027 	 0.004642552227513404
0.33102199789220027 	 0.004583992413988692
0.33202199789220027 	 0.0045263758384726845
0.33302199789220027 	 0.004469682363193223
0.3340219978922003 	 0.004413892390005839
0.3350219978922003 	 0.004358986843113638
0.3360219978922003 	 0.004304947152428602
0.3370219978922003 	 0.004251755237547246
0.3380219978922003 	 0.004199393492314976
0.3390219978922003 	 0.00414784476995451
0.3400219978922003 	 0.004097092368734982
0.3410219978922003 	 0.004047120018159475
0.3420219978922003 	 0.003997911865649616
0.3430219978922003 	 0.00394945246370696
0.3440219978922003 	 0.003901726757531799
0.3450219978922003 	 0.0038547200730808637
0.3460219978922003 	 0.003808418105546274
0.3470219978922003 	 0.0037628069082388327
0.3480219978922003 	 0.003717872881859631
0.3490219978922003 	 0.0036736027641444393
0.3500219978922003 	 0.0036299836198663265
0.3510219978922003 	 0.00358700283118227
0.3520219978922003 	 0.0035446480883104692
0.3530219978922003 	 0.0035029073805253907
0.3540219978922003 	 0.003461768987458297
0.3550219978922003 	 0.0034212214706914688
0.3560219978922003 	 0.003381253665634857
0.3570219978922003 	 0.0033418546736744326
0.3580219978922003 	 0.0033030138545818255
0.3590219978922003 	 0.0032647208191754528
0.3600219978922003 	 0.0032269654222236354
0.3610219978922003 	 0.0031897377555806417
0.3620219978922003 	 0.003153028141546987
0.3630219978922003 	 0.0031168271264456313
0.3640219978922003 	 0.003081125474406134
0.3650219978922003 	 0.0030459141613491166
0.3660219978922003 	 0.0030111843691636585
0.3670219978922003 	 0.0029769274800706272
0.3680219978922003 	 0.0029431350711652134
0.3690219978922003 	 0.0029097989091321276
0.3700219978922003 	 0.0028769109451273482
0.3710219978922003 	 0.0028444633098203376
0.3720219978922003 	 0.0028124483085911287
0.3730219978922003 	 0.0027808584168766922
0.3740219978922003 	 0.0027496862756613543
0.3750219978922003 	 0.0027189246871061772
0.3760219978922003 	 0.002688566610312463
0.3770219978922003 	 0.0026586051572146407
0.3780219978922003 	 0.0026290335885981314
0.3790219978922003 	 0.002599845310237784
0.3800219978922003 	 0.002571033869152788
0.3810219978922003 	 0.0025425929499740237
0.3820219978922003 	 0.002514516371420068
0.3830219978922003 	 0.0024867980828780856
0.3840219978922003 	 0.0024594321610861393
0.3850219978922003 	 0.0024324128069134056
0.3860219978922003 	 0.002405734342235102
0.3870219978922003 	 0.0023793912068988867
0.3880219978922003 	 0.002353377955779724
0.3890219978922003 	 0.0023276892559202607
0.3900219978922003 	 0.002302319883753901
0.3910219978922003 	 0.0022772647224078516
0.3920219978922003 	 0.0022525187590835293
0.3930219978922003 	 0.0022280770825117697
0.3940219978922003 	 0.0022039348804804826
0.3950219978922003 	 0.002180087437432304
0.39602199789220033 	 0.0021565301321300827
0.39702199789220033 	 0.002133258435387965
0.39802199789220033 	 0.0021102679078660058
0.39902199789220033 	 0.0020875541979262684
0.40002199789220033 	 0.002065113039548469
0.40102199789220033 	 0.002042940250303287
0.40202199789220033 	 0.0020210317293815113
0.40302199789220033 	 0.0019993834556772893
0.40402199789220034 	 0.00197799148592377
0.40502199789220034 	 0.0019568519528795274
0.40602199789220034 	 0.0019359610635641701
0.40702199789220034 	 0.0019153150975416504
0.40802199789220034 	 0.0018949104052497629
0.40902199789220034 	 0.001874743406374449
0.41002199789220034 	 0.0018548105882675294
0.41102199789220034 	 0.0018351085044065391
0.41202199789220034 	 0.0018156337728953934
0.41302199789220034 	 0.0017963830750046556
0.41402199789220034 	 0.0017773531537502078
0.41502199789220034 	 0.0017585408125091702
0.41602199789220035 	 0.0017399429136719796
0.41702199789220035 	 0.0017215563773295246
0.41802199789220035 	 0.0017033781799943117
0.41902199789220035 	 0.0016854052082479038
0.42002199789220035 	 0.0016676349561879403
0.42102199789220035 	 0.0016500642058978725
0.42202199789220035 	 0.001632690194065751
0.42302199789220035 	 0.0016155101393244221
0.42402199789220035 	 0.0015985212546407235
0.42502199789220035 	 0.0015817207741931965
0.42602199789220035 	 0.0015651059548457095
0.42702199789220036 	 0.0015486740769995516
0.42802199789220036 	 0.001532422445512075
0.42902199789220036 	 0.0015163483905067637
0.43002199789220036 	 0.0015004492681257619
0.43102199789220036 	 0.0014847224612164042
0.43202199789220036 	 0.001469165379958615
0.43302199789220036 	 0.0014537754624358453
0.43402199789220036 	 0.0014385501751530568
0.43502199789220036 	 0.001423487013504894
0.43602199789220036 	 0.0014085835021970465
0.43702199789220036 	 0.0013938371956236893
0.43802199789220037 	 0.001379245678203676
0.43902199789220037 	 0.0013648065646781257
0.44002199789220037 	 0.0013505175003718168
0.44102199789220037 	 0.0013363761614207186
0.44202199789220037 	 0.001322380254967887
0.44302199789220037 	 0.0013085275193297939
0.44402199789220037 	 0.0012948157241350784
0.44502199789220037 	 0.00128124267043758
0.4460219978922004 	 0.001267806190805432
0.4470219978922004 	 0.0012545041493878793
0.4480219978922004 	 0.0012413344419613895
0.4490219978922004 	 0.001228294995956558
0.4500219978922004 	 0.001215383770467176
0.4510219978922004 	 0.001202598756242804
0.4520219978922004 	 0.0011899379756660658
0.4530219978922004 	 0.0011773994827158183
0.4540219978922004 	 0.0011649813629172998
0.4550219978922004 	 0.0011526817332802419
0.4560219978922004 	 0.0011404987422259166
0.4570219978922004 	 0.0011284305695039795
0.4580219978922004 	 0.0011164754260999414
0.4590219978922004 	 0.001104631554134015
0.4600219978922004 	 0.0010928972267520525
0.4610219978922004 	 0.0010812707480092156
0.4620219978922004 	 0.0010697504527469699
0.4630219978922004 	 0.0010583347064639522
0.4640219978922004 	 0.00104702190518121
0.4650219978922004 	 0.0010358104753022657
0.4660219978922004 	 0.0010246988734684064
0.4670219978922004 	 0.0010136855864095677
0.4680219978922004 	 0.001002769130791141
0.4690219978922004 	 0.0009919480530569834
0.4700219978922004 	 0.000981220929268877
0.4710219978922004 	 0.0009705863649426716
0.4720219978922004 	 0.0009600429948812508
0.4730219978922004 	 0.0009495894830045196
0.4740219978922004 	 0.0009392245221764858
0.4750219978922004 	 0.0009289468340295436
0.4760219978922004 	 0.0009187551687860248
0.4770219978922004 	 0.0009086483050770319
0.4780219978922004 	 0.0008986250497585724
0.4790219978922004 	 0.0008886842377249832
0.4800219978922004 	 0.0008788247317195728
0.4810219978922004 	 0.0008690454221425266
0.4820219978922004 	 0.000859345226855661
0.4830219978922004 	 0.0008497230909850469
0.4840219978922004 	 0.0008401779867174397
0.4850219978922004 	 0.0008307089131046417
0.4860219978922004 	 0.0008213148958237202
0.4870219978922004 	 0.0008119949863848939
0.4880219978922004 	 0.0008027482644223407
0.4890219978922004 	 0.0007935738336533449
0.4900219978922004 	 0.0007844708242410937
0.4910219978922004 	 0.0007754383918821457
0.4920219978922004 	 0.0007664757176010463
0.4930219978922004 	 0.000757582007506691
0.4940219978922004 	 0.0007487564925524901
0.4950219978922004 	 0.0007399984282890539
0.4960219978922004 	 0.0007313070946120499
0.4970219978922004 	 0.0007226817955042542
0.4980219978922004 	 0.0007141218587717682
0.4990219978922004 	 0.0007056266357741025
0.5000219978922004 	 0.000697195501147942
0.5010219978922004 	 0.0006888278525243423
0.5020219978922004 	 0.0006805231102391596
0.5030219978922004 	 0.0006722807170364938
0.5040219978922004 	 0.0006641001377649437
0.5050219978922004 	 0.0006559808590664941
0.5060219978922004 	 0.0006479223890578254
0.5070219978922004 	 0.0006399242570039088
0.5080219978922004 	 0.0006319860129837019
0.5090219978922004 	 0.0006241072275478142
0.5100219978922004 	 0.0006162874913680124
0.5110219978922004 	 0.0006085264148784518
0.5120219978922004 	 0.0006008236279085366
0.5130219978922004 	 0.0005931787793073452
0.5140219978922004 	 0.0005855915365595444
0.5150219978922004 	 0.0005780615853927813
0.5160219978922004 	 0.0005705886293765167
0.5170219978922004 	 0.0005631723895123228
0.5180219978922004 	 0.0005558126038156758
0.5190219978922004 	 0.000548509026889293
0.5200219978922004 	 0.0005412614294880989
0.5210219978922004 	 0.0005340695980759529
0.5220219978922004 	 0.000526933334374144
0.5230219978922004 	 0.0005198524549022742
0.5240219978922004 	 0.0005128267905100808
0.5250219978922004 	 0.0005058561859062822
0.5260219978922004 	 0.000498940499163426
0.5270219978922004 	 0.0004920796009917191
0.5280219978922004 	 0.00048527337527315276
0.5290219978922004 	 0.000478521716973701
0.5300219978922004 	 0.0004718245325671342
0.5310219978922004 	 0.00046518173985051403
0.5320219978922004 	 0.0004585932664895945
0.5330219978922004 	 0.00045205905013630753
0.5340219978922004 	 0.00044557903772880997
0.5350219978922004 	 0.0004391531849650825
0.5360219978922004 	 0.0004327814557650379
0.5370219978922004 	 0.0004264638217317933
0.5380219978922004 	 0.0004202002616100155
0.5390219978922004 	 0.00041399076074258897
0.5400219978922004 	 0.00040783531052601853
0.5410219978922004 	 0.0004017339078652307
0.5420219978922004 	 0.00039568655462829486
0.5430219978922004 	 0.0003896932571020232
0.5440219978922004 	 0.00038375402544796533
0.5450219978922004 	 0.00037786887316350196
0.5460219978922004 	 0.0003720378165341028
0.5470219978922004 	 0.00036626087393941094
0.5480219978922004 	 0.0003605380660052168
0.5490219978922004 	 0.0003548694109991055
0.5500219978922004 	 0.0003492549211095452
0.5510219978922004 	 0.0003436946088393902
0.5520219978922004 	 0.0003381884876479007
0.5530219978922004 	 0.00033273657136140413
0.5540219978922004 	 0.0003273388735979247
0.5550219978922004 	 0.00032199540720331994
0.5560219978922004 	 0.00031670618370028175
0.5570219978922004 	 0.0003114712127505565
0.5580219978922004 	 0.0003062905016309807
0.5590219978922004 	 0.00030116405472385563
0.5600219978922004 	 0.00029609187302217507
0.5610219978922004 	 0.00029107395365021927
0.5620219978922004 	 0.0002861102893999475
0.5630219978922004 	 0.0002812008682837946
0.5640219978922004 	 0.00027634567310378446
0.5650219978922004 	 0.00027154468103920965
0.5660219978922004 	 0.00026679786324665047
0.5670219978922004 	 0.0002621051844111419
0.5680219978922004 	 0.0002574666026956082
0.5690219978922004 	 0.00025288206892256466
0.5700219978922004 	 0.000248351526577207
0.5710219978922004 	 0.00024387491141658054
0.5720219978922004 	 0.0002394521511881743
0.5730219978922004 	 0.00023508316536365986
0.5740219978922004 	 0.00023076786489308174
0.5750219978922004 	 0.00022650615197823478
0.5760219978922004 	 0.00022229791986561585
0.5770219978922004 	 0.00021814305265886863
0.5780219978922004 	 0.00021404142515070825
0.5790219978922004 	 0.00020999290267424567
0.5800219978922004 	 0.00020599734097365166
0.5810219978922004 	 0.00020205458609384803
0.5820219978922004 	 0.00019816447428967236
0.5830219978922004 	 0.00019432683195207769
0.5840219978922004 	 0.00019054147553068798
0.5850219978922004 	 0.00018680821160139502
0.5860219978922004 	 0.00018312683668914365
0.5870219978922004 	 0.00017949713737696783
0.5880219978922004 	 0.00017591889029436037
0.5890219978922004 	 0.00017239186215071633
0.5900219978922004 	 0.00016891580975709003
0.5910219978922004 	 0.00016549048021722898
0.5920219978922004 	 0.00016211561081672934
0.5930219978922004 	 0.0001587909292495086
0.5940219978922004 	 0.00015551615370446104
0.5950219978922004 	 0.00015229099297574622
0.5960219978922005 	 0.0001491151466124827
0.5970219978922005 	 0.00014598830506745985
0.5980219978922005 	 0.0001429101498611481
0.5990219978922005 	 0.00013988035375728407
0.6000219978922005 	 0.0001368985809495819
0.6010219978922005 	 0.00013396448725892313
0.6020219978922005 	 0.00013107772034042677
0.6030219978922005 	 0.00012823791989978025
0.6040219978922005 	 0.00012544471791820888
0.6050219978922005 	 0.00012269773888548527
0.6060219978922005 	 0.0001199966000402758
0.6070219978922005 	 0.00011734091161751559
0.6080219978922005 	 0.00011473027710108635
0.6090219978922005 	 0.0001121642934710942
0.6100219978922005 	 0.00010964255151893353
0.6110219978922005 	 0.00010716463603636283
0.6120219978922005 	 0.00010473012614182502
0.6130219978922005 	 0.00010233859554113314
0.6140219978922005 	 9.998961280599881e-05
0.6150219978922005 	 9.768274165351813e-05
0.6160219978922005 	 9.541754122159933e-05
0.6170219978922005 	 9.319356637862568e-05
0.6180219978922005 	 9.10103679645293e-05
0.6190219978922005 	 8.886749310280382e-05
0.6200219978922005 	 8.676448547544588e-05
0.6210219978922005 	 8.470088560502865e-05
0.6220219978922005 	 8.267623113507545e-05
0.6230219978922005 	 8.069005710875977e-05
0.6240219978922005 	 7.87418962454141e-05
0.6250219978922005 	 7.683127921448854e-05
0.6260219978922005 	 7.49577349065875e-05
0.6270219978922005 	 7.31207907012375e-05
0.6280219978922005 	 7.131997273105887e-05
0.6290219978922005 	 6.955480614202914e-05
0.6300219978922005 	 6.782481534955706e-05
0.6310219978922005 	 6.61295242900707e-05
0.6320219978922005 	 6.446845666795342e-05
0.6330219978922005 	 6.284113619729944e-05
0.6340219978922005 	 6.124708683588175e-05
0.6350219978922005 	 5.968583302895292e-05
0.6360219978922005 	 5.8156899913471395e-05
0.6370219978922005 	 5.6659813561410074e-05
0.6380219978922005 	 5.519410117532037e-05
0.6390219978922005 	 5.375929130726511e-05
0.6400219978922005 	 5.2354914058270426e-05
0.6410219978922005 	 5.098050127455e-05
0.6420219978922005 	 4.963558673734219e-05
0.6430219978922005 	 4.831970634646868e-05
0.6440219978922005 	 4.703239829752195e-05
0.6450219978922005 	 4.577320325265796e-05
0.6460219978922005 	 4.4541664504967015e-05
0.6470219978922005 	 4.333732813641946e-05
0.6480219978922005 	 4.2159743169375134e-05
0.6490219978922005 	 4.1008461711708794e-05
0.6500219978922005 	 3.988303909545652e-05
0.6510219978922005 	 3.878303400802109e-05
0.6520219978922005 	 3.770800862335761e-05
0.6530219978922005 	 3.6657528713827356e-05
0.6540219978922005 	 3.56311637692843e-05
0.6550219978922005 	 3.462848710311131e-05
0.6560219978922005 	 3.364907595373756e-05
0.6570219978922005 	 3.269251158013715e-05
0.6580219978922005 	 3.175837935148411e-05
0.6590219978922005 	 3.0846268831041394e-05
0.6600219978922005 	 2.9955773854393143e-05
0.6610219978922005 	 2.9086492602126884e-05
0.6620219978922005 	 2.8238027667079293e-05
0.6630219978922005 	 2.7409986116263927e-05
0.6640219978922005 	 2.660197954759534e-05
0.6650219978922005 	 2.5813624141481785e-05
0.6660219978922005 	 2.5044540707800514e-05
0.6670219978922005 	 2.4294354727364505e-05
0.6680219978922005 	 2.356269638939476e-05
0.6690219978922005 	 2.284920062380234e-05
0.6700219978922005 	 2.2153507130647778e-05
0.6710219978922005 	 2.1475260402139637e-05
0.6720219978922005 	 2.0814109743741192e-05
0.6730219978922005 	 2.0169709289568495e-05
0.6740219978922005 	 1.9541718014280463e-05
0.6750219978922005 	 1.8929799741190343e-05
0.6760219978922005 	 1.8333623146590158e-05
0.6770219978922005 	 1.775286176161806e-05
0.6780219978922005 	 1.718719396864479e-05
0.6790219978922005 	 1.6636302996637767e-05
0.6800219978922005 	 1.6099876912304977e-05
0.6810219978922005 	 1.5577608608530875e-05
0.6820219978922005 	 1.5069195789971727e-05
0.6830219978922005 	 1.4574340955949072e-05
0.6840219978922005 	 1.4092751380760396e-05
0.6850219978922005 	 1.362413909153174e-05
0.6860219978922005 	 1.3168220843721088e-05
0.6870219978922005 	 1.2724718094306734e-05
0.6880219978922005 	 1.2293356973386712e-05
0.6890219978922005 	 1.1873868252690554e-05
0.6900219978922005 	 1.1465987313315073e-05
0.6910219978922005 	 1.1069454110980026e-05
0.6920219978922005 	 1.0684013140396823e-05
0.6930219978922005 	 1.0309413396667607e-05
0.6940219978922005 	 9.945408336631828e-06
0.6950219978922005 	 9.591755838091615e-06
0.6960219978922005 	 9.248218157908485e-06
0.6970219978922005 	 8.914561888893579e-06
0.6980219978922005 	 8.590557915587287e-06
0.6990219978922005 	 8.275981369011604e-06
0.7000219978922005 	 7.970611580477455e-06
0.7010219978922005 	 7.674232034526448e-06
0.7020219978922005 	 7.386630321084239e-06
0.7030219978922005 	 7.107598086898894e-06
0.7040219978922005 	 6.836930986336452e-06
0.7050219978922005 	 6.574428631601889e-06
0.7060219978922005 	 6.3198945424521e-06
0.7070219978922005 	 6.073136095464301e-06
0.7080219978922005 	 5.833964472921299e-06
0.7090219978922006 	 5.602194611371986e-06
0.7100219978922006 	 5.377645149923638e-06
0.7110219978922006 	 5.160138378319726e-06
0.7120219978922006 	 4.949500184854745e-06
0.7130219978922006 	 4.745560004175477e-06
0.7140219978922006 	 4.548150765015702e-06
0.7150219978922006 	 4.3571088379091695e-06
0.7160219978922006 	 4.172273982921759e-06
0.7170219978922006 	 3.993489297446785e-06
0.7180219978922006 	 3.820601164120316e-06
0.7190219978922006 	 3.653459198815418e-06
0.7200219978922006 	 3.491916198876603e-06
0.7210219978922006 	 3.3358280915207824e-06
0.7220219978922006 	 3.1850538824829113e-06
0.7230219978922006 	 3.039455604926274e-06
0.7240219978922006 	 2.8988982686459507e-06
0.7250219978922006 	 2.7632498095910255e-06
0.7260219978922006 	 2.6323810397303554e-06
0.7270219978922006 	 2.506165597284524e-06
0.7280219978922006 	 2.3844798973457487e-06
0.7290219978922006 	 2.267203082905494e-06
0.7300219978922006 	 2.1542169763087226e-06
0.7310219978922006 	 2.0454060311517674e-06
0.7320219978922006 	 1.9406572846382965e-06
0.7330219978922006 	 1.8398603104207841e-06
0.7340219978922006 	 1.742907171907787e-06
0.7350219978922006 	 1.649692376095583e-06
0.7360219978922006 	 1.5601128278993785e-06
0.7370219978922006 	 1.4740677850123668e-06
0.7380219978922006 	 1.391458813292645e-06
0.7390219978922006 	 1.3121897426947832e-06
0.7400219978922006 	 1.2361666237476138e-06
0.7410219978922006 	 1.1632976845872956e-06
0.7420219978922006 	 1.093493288551059e-06
0.7430219978922006 	 1.0266658923367259e-06
0.7440219978922006 	 9.627300047322313e-07
0.7450219978922006 	 9.016021459188283e-07
0.7460219978922006 	 8.43200807350781e-07
0.7470219978922006 	 7.874464122138826e-07
0.7480219978922006 	 7.342612764644366e-07
0.7490219978922006 	 6.835695704497437e-07
0.7500219978922006 	 6.352972811107723e-07
0.7510219978922006 	 5.893721747669313e-07
0.7520219978922006 	 5.457237604827092e-07
0.7530219978922006 	 5.042832540152535e-07
0.7540219978922006 	 4.6498354234184615e-07
0.7550219978922006 	 4.277591487656342e-07
0.7560219978922006 	 3.9254619859841663e-07
0.7570219978922006 	 3.5928238541739766e-07
0.7580219978922006 	 3.2790693789552287e-07
0.7590219978922006 	 2.983605872022143e-07
0.7600219978922006 	 2.7058553497326424e-07
0.7610219978922006 	 2.445254218484479e-07
0.7620219978922006 	 2.201252965761799e-07
0.7630219978922006 	 1.9733158568567482e-07
0.7640219978922006 	 1.7609206372873757e-07
0.7650219978922006 	 1.563558240959827e-07
0.7660219978922006 	 1.3807325041553488e-07
0.7670219978922006 	 1.211959885486516e-07
0.7680219978922006 	 1.0567691920367508e-07
0.7690219978922006 	 9.14701312018493e-08
0.7700219978922006 	 7.853089544356174e-08
0.7710219978922006 	 6.681563964561436e-08
0.7720219978922006 	 5.6281923938910815e-08
0.7730219978922006 	 4.688841744143031e-08
0.7740219978922006 	 3.8594875861288167e-08
0.7750219978922006 	 3.136212008218941e-08
0.7760219978922006 	 2.5152014874332075e-08
0.7770219978922006 	 1.9927445577801053e-08
0.7780219978922006 	 1.565228469889267e-08
0.7790219978922006 	 1.2291331805406437e-08
0.7800219978922006 	 9.810181589357706e-09
0.7810219978922006 	 8.174978646609866e-09
0.7820219978922006 	 7.352163508517195e-09
0.7830219978922006 	 7.309159694255515e-09
0.7840219978922006 	 8.015367097898019e-09
0.7850219978922006 	 9.441822856232176e-09
0.7860219978922006 	 1.1560415857961928e-08
0.7870219978922006 	 1.4343399737558043e-08
0.7880219978922006 	 1.776334785904171e-08
0.7890219978922006 	 2.1793390644023665e-08
0.7900219978922006 	 2.640735865110334e-08
0.7910219978922006 	 3.157982671944472e-08
0.7920219978922006 	 3.728610796421591e-08
0.7930219978922006 	 4.350223326389275e-08
0.7940219978922006 	 5.0204928104653226e-08
0.7950219978922006 	 5.737159084196009e-08
0.7960219978922006 	 6.498027282158512e-08
0.7970219978922006 	 7.300966016189602e-08
0.7980219978922006 	 8.143905680757792e-08
0.7990219978922006 	 9.024836855598404e-08
0.8000219978922006 	 9.941808783457435e-08
0.8010219978922006 	 1.0892927908091345e-07
0.8020219978922006 	 1.1876356462445344e-07
0.8030219978922006 	 1.2890311100229922e-07
0.8040219978922006 	 1.3933061566228198e-07
0.8050219978922006 	 1.5002929402060406e-07
0.8060219978922006 	 1.6098286685033073e-07
0.8070219978922006 	 1.7217554798294274e-07
0.8080219978922006 	 1.8359203230921817e-07
0.8090219978922006 	 1.952174840682957e-07
0.8100219978922006 	 2.0703752541568724e-07
0.8110219978922006 	 2.1903822526224143e-07
0.8120219978922006 	 2.3120608837699495e-07
0.8130219978922006 	 2.4352804474750976e-07
0.8140219978922006 	 2.559914391917549e-07
0.8150219978922006 	 2.685840212159973e-07
0.8160219978922006 	 2.8129393511343945e-07
0.8170219978922006 	 2.941097102985625e-07
0.8180219978922006 	 3.0702025187234903e-07
0.8190219978922006 	 3.200148314136972e-07
0.8200219978922006 	 3.330830779924881e-07
0.8210219978922007 	 3.462149693998961e-07
0.8220219978922007 	 3.5940082359163766e-07
0.8230219978922007 	 3.7263129033995195e-07
0.8240219978922007 	 3.858973430902111e-07
0.8250219978922007 	 3.9919027101815445e-07
0.8260219978922007 	 4.125016712838057e-07
0.8270219978922007 	 4.258234414782344e-07
0.8280219978922007 	 4.3914777225939243e-07
0.8290219978922007 	 4.524671401733352e-07
0.8300219978922007 	 4.657743006572051e-07
0.8310219978922007 	 4.790622812204415e-07
0.8320219978922007 	 4.923243748007259e-07
0.8330219978922007 	 5.055541332912614e-07
0.8340219978922007 	 5.187453612360358e-07
0.8350219978922007 	 5.318921096897715e-07
0.8360219978922007 	 5.44988670239366e-07
0.8370219978922007 	 5.580295691836155e-07
0.8380219978922007 	 5.710095618681431e-07
0.8390219978922007 	 5.839236271724384e-07
0.8400219978922007 	 5.967669621460235e-07
0.8410219978922007 	 6.095349767907629e-07
0.8420219978922007 	 6.222232889863987e-07
0.8430219978922007 	 6.348277195564325e-07
0.8440219978922007 	 6.47344287471516e-07
0.8450219978922007 	 6.597692051875294e-07
0.8460219978922007 	 6.720988741155867e-07
0.8470219978922007 	 6.843298802212116e-07
0.8480219978922007 	 6.964589897499391e-07
0.8490219978922007 	 7.084831450767914e-07
0.8500219978922007 	 7.203994606765829e-07
0.8510219978922007 	 7.322052192128602e-07
0.8520219978922007 	 7.438978677424798e-07
0.8530219978922007 	 7.554750140332979e-07
0.8540219978922007 	 7.669344229923288e-07
0.8550219978922007 	 7.782740132017081e-07
0.8560219978922007 	 7.894918535598373e-07
0.8570219978922007 	 8.005861600250541e-07
0.8580219978922007 	 8.115552924591766e-07
0.8590219978922007 	 8.223977515682482e-07
0.8600219978922007 	 8.331121759378261e-07
0.8610219978922007 	 8.436973391601171e-07
0.8620219978922007 	 8.541521470502427e-07
0.8630219978922007 	 8.644756349489478e-07
0.8640219978922007 	 8.74666965108985e-07
0.8650219978922007 	 8.847254241624549e-07
0.8660219978922007 	 8.94650420666327e-07
0.8670219978922007 	 9.044414827233806e-07
0.8680219978922007 	 9.140982556757751e-07
0.8690219978922007 	 9.236204998684865e-07
0.8700219978922007 	 9.33008088479822e-07
0.8710219978922007 	 9.42261005416187e-07
0.8720219978922007 	 9.513793432687534e-07
0.8730219978922007 	 9.603633013282783e-07
0.8740219978922007 	 9.692131836567979e-07
0.8750219978922007 	 9.779293972124626e-07
0.8760219978922007 	 9.86512450025443e-07
0.8770219978922007 	 9.949629494222764e-07
0.8780219978922007 	 1.0032816002962984e-06
0.8790219978922007 	 1.011469203421889e-06
0.8800219978922007 	 1.0195266538103598e-06
0.8810219978922007 	 1.027454939105544e-06
0.8820219978922007 	 1.0352551380172328e-06
0.8830219978922007 	 1.042928418790921e-06
0.8840219978922007 	 1.0504760377124372e-06
0.8850219978922007 	 1.0578993376463792e-06
0.8860219978922007 	 1.0651997466075222e-06
0.8870219978922007 	 1.0723787763646701e-06
0.8880219978922007 	 1.0794380210767943e-06
0.8890219978922007 	 1.0863791559616367e-06
0.8900219978922007 	 1.0932039359973774e-06
0.8910219978922007 	 1.0999141946583893e-06
0.8920219978922007 	 1.1065118426865432e-06
0.8930219978922007 	 1.1129988669000526e-06
0.8940219978922007 	 1.1193773290422719e-06
0.8950219978922007 	 1.1256493646737222e-06
0.8960219978922007 	 1.131817182109623e-06
0.8970219978922007 	 1.1378830614102627e-06
0.8980219978922007 	 1.1438493534247014e-06
0.8990219978922007 	 1.1497184788964144e-06
0.9000219978922007 	 1.1554929276356875e-06
0.9010219978922007 	 1.16117525776558e-06
0.9020219978922007 	 1.166768095048783e-06
0.9030219978922007 	 1.1722741323019081e-06
0.9040219978922007 	 1.1776961289182188e-06
0.9050219978922007 	 1.18303691047573e-06
0.9060219978922007 	 1.1882993684862983e-06
0.9070219978922007 	 1.1934864602612477e-06
0.9080219978922007 	 1.1986012089214801e-06
0.9090219978922007 	 1.2036467035602874e-06
0.9100219978922007 	 1.2086260995742547e-06
0.9110219978922007 	 1.213542619175504e-06
0.9120219978922007 	 1.2183995521022192e-06
0.9130219978922007 	 1.223200256542006e-06
0.9140219978922007 	 1.2279481602875733e-06
0.9150219978922007 	 1.232646762142467e-06
0.9160219978922007 	 1.2372996335971174e-06
0.9170219978922007 	 1.2419104207958751e-06
0.9180219978922007 	 1.2464828468189744e-06
0.9190219978922007 	 1.2510207143023856e-06
0.9200219978922007 	 1.2555279084225364e-06
0.9210219978922007 	 1.2600084002734137e-06
0.9220219978922007 	 1.2644662506661945e-06
0.9230219978922007 	 1.2689056143842028e-06
0.9240219978922007 	 1.2733307449273525e-06
0.9250219978922007 	 1.2777459997852497e-06
0.9260219978922007 	 1.2821558462794742e-06
0.9270219978922007 	 1.2865648680200824e-06
0.9280219978922007 	 1.2909777720255152e-06
0.9290219978922007 	 1.2953993965605997e-06
0.9300219978922007 	 1.299834719748298e-06
0.9310219978922007 	 1.3042888690264943e-06
0.9320219978922007 	 1.308767131512275e-06
0.9330219978922007 	 1.313274965361211e-06
0.9340219978922008 	 1.317818012203484e-06
0.9350219978922008 	 1.3224021107556972e-06
0.9360219978922008 	 1.327033311715231e-06
0.9370219978922008 	 1.3317178940578208e-06
0.9380219978922008 	 1.3364623828694816e-06
0.9390219978922008 	 1.3412735688645765e-06
0.9400219978922008 	 1.3461585297546495e-06
0.9410219978922008 	 1.351124653655652e-06
0.9420219978922008 	 1.3561796647431219e-06
0.9430219978922008 	 1.3613316513909685e-06
0.9440219978922008 	 1.3665890970606936e-06
0.9450219978922008 	 1.3719609142386168e-06
0.9460219978922008 	 1.3774564817616319e-06
0.9470219978922008 	 1.3830856859211786e-06
0.9480219978922008 	 1.3888589658051805e-06
0.9490219978922008 	 1.3947873629782984e-06
0.9500219978922008 	 1.400882577839826e-06
0.9510219978922008 	 1.407157028950529e-06
0.9520219978922008 	 1.4136239227260195e-06
0.9530219978922008 	 1.4202973277300352e-06
0.9540219978922008 	 1.4271922587676612e-06
0.9550219978922008 	 1.4343247702684877e-06
0.9560219978922008 	 1.4417120604154909e-06
0.9570219978922008 	 1.4493725879598442e-06
0.9580219978922008 	 1.4573262028115122e-06
0.9590219978922008 	 1.4655942929254826e-06
0.9600219978922008 	 1.474199949491468e-06
0.9610219978922008 	 1.4831681536842375e-06
0.9620219978922008 	 1.4925259873897356e-06
0.9630219978922008 	 1.5023028725384259e-06
0.9640219978922008 	 1.51253084302441e-06
0.9650219978922008 	 1.5232448547073296e-06
0.9660219978922008 	 1.5344831397905672e-06
0.9670219978922008 	 1.546287613128986e-06
0.9680219978922008 	 1.5587043395105652e-06
0.9690219978922008 	 1.57178407278761e-06
0.9700219978922008 	 1.5855828800048199e-06
0.9710219978922008 	 1.6001628664613258e-06
0.9720219978922008 	 1.6155930211407864e-06
0.9730219978922008 	 1.6319502062925724e-06
0.9740219978922008 	 1.649320320443705e-06
0.9750219978922008 	 1.6677996710715085e-06
0.9760219978922008 	 1.6874966019572472e-06
0.9770219978922008 	 1.7085334310309233e-06
0.9780219978922008 	 1.731048774178799e-06
0.9790219978922008 	 1.7552003275074657e-06
0.9800219978922008 	 1.7811682610613054e-06
0.9810219978922008 	 1.809159317518629e-06
0.9820219978922008 	 1.8394118539340027e-06
0.9830219978922008 	 1.8722020479341725e-06
0.9840219978922008 	 1.9078516033822358e-06
0.9850219978922008 	 1.9467373868734716e-06
0.9860219978922008 	 1.9893035746776494e-06
0.9870219978922008 	 2.0360770936676946e-06
0.9880219978922008 	 2.08142674426764e-06
0.9890219978922008 	 2.1177261954721115e-06
0.9900219978922008 	 2.148092803223678e-06
0.9910219978922008 	 2.17234022112013e-06
0.9920219978922008 	 2.1895391399142473e-06
0.9930219978922008 	 2.19833506223574e-06
0.9940219978922008 	 2.1970514143759444e-06
0.9950219978922008 	 2.1837665549432806e-06
0.9960219978922008 	 2.140878065245956e-06
0.9970219978922008 	 2.0597073098103743e-06
0.9980219978922008 	 1.9489172383750587e-06
0.9990219978922008 	 1.8133296763425826e-06
1.0000219978922007 	 1.658492258164169e-06
1.0010219978922006 	 1.4908028055356963e-06
1.0020219978922005 	 1.3170426699509846e-06
1.0030219978922004 	 1.1437471883452477e-06
1.0040219978922003 	 9.766297933057692e-07
1.0050219978922001 	 8.201897959059162e-07
1.0060219978922 	 6.775504482968536e-07
1.0070219978922 	 5.505037348565546e-07
1.0080219978921998 	 4.3969780409592815e-07
1.0090219978921997 	 3.448940307965491e-07
1.0100219978921996 	 2.6523348666086156e-07
1.0110219978921995 	 1.9947413119748772e-07
1.0120219978921994 	 1.4618052545245692e-07
1.0130219978921993 	 1.038628420390584e-07
1.0140219978921992 	 7.107041870402563e-08
1.015021997892199 	 4.644901469493259e-08
1.016021997892199 	 2.8770918774491646e-08
1.0170219978921988 	 1.6946737933882092e-08
1.0180219978921987 	 1.002436399865898e-08
1.0190219978921986 	 7.180498437823685e-09
1.0200219978921985 	 7.702312302243241e-09
1.0210219978921984 	 1.099814145372324e-08
1.0220219978921983 	 1.6562724835095542e-08
1.0230219978921982 	 2.397140485827353e-08
1.024021997892198 	 3.2863706412607e-08
1.025021997892198 	 4.293899440583238e-08
1.0260219978921978 	 5.394522874925116e-08
1.0270219978921977 	 6.567234743112911e-08
1.0280219978921976 	 7.794505725546707e-08
1.0290219978921975 	 9.061747992718388e-08
1.0300219978921974 	 1.0356832040414404e-07
1.0310219978921973 	 1.1669693175609695e-07
1.0320219978921972 	 1.2991996127393546e-07
1.033021997892197 	 1.4316855606919222e-07
1.034021997892197 	 1.5638601487444469e-07
1.0350219978921968 	 1.6952582319659457e-07
1.0360219978921967 	 1.8255000663392417e-07
1.0370219978921966 	 1.9542775137848687e-07
1.0380219978921965 	 2.0813424774625522e-07
1.0390219978921964 	 2.2064972019303952e-07
1.0400219978921963 	 2.3295861314647038e-07
1.0410219978921962 	 2.450489071100646e-07
1.042021997892196 	 2.5691154373248633e-07
1.043021997892196 	 2.6853994209112555e-07
1.0440219978921959 	 2.7992959139658765e-07
1.0450219978921957 	 2.9107770778657235e-07
1.0460219978921956 	 3.0198294490863447e-07
1.0470219978921955 	 3.126451497768372e-07
1.0480219978921954 	 3.2306515657857755e-07
1.0490219978921953 	 3.3324461260112323e-07
1.0500219978921952 	 3.431858311592586e-07
1.051021997892195 	 3.5289166732972043e-07
1.052021997892195 	 3.623654129336363e-07
1.0530219978921949 	 3.7161070791779334e-07
1.0540219978921948 	 3.806314654083924e-07
1.0550219978921946 	 3.8943180857477565e-07
1.0560219978921945 	 3.9801601737107636e-07
1.0570219978921944 	 4.0638848371308917e-07
1.0580219978921943 	 4.1455367381083595e-07
1.0590219978921942 	 4.22516096584439e-07
1.060021997892194 	 4.3028027725212927e-07
1.061021997892194 	 4.3785073531853885e-07
1.0620219978921939 	 4.4523191861570734e-07
1.0630219978921938 	 4.524276879825862e-07
1.0640219978921936 	 4.5944244414310237e-07
1.0650219978921935 	 4.662805441278799e-07
1.0660219978921934 	 4.729462416993354e-07
1.0670219978921933 	 4.79443705885179e-07
1.0680219978921932 	 4.857770215090149e-07
1.069021997892193 	 4.919501871089145e-07
1.070021997892193 	 4.979671135058809e-07
1.0710219978921929 	 5.038316217743337e-07
1.0720219978921928 	 5.095474428339292e-07
1.0730219978921927 	 5.151182167070129e-07
1.0740219978921925 	 5.20547492599962e-07
1.0750219978921924 	 5.258387292998562e-07
1.0760219978921923 	 5.309952958567501e-07
1.0770219978921922 	 5.360204727608115e-07
1.078021997892192 	 5.409174529096785e-07
1.079021997892192 	 5.456893431996899e-07
1.0800219978921919 	 5.503391660011573e-07
1.0810219978921918 	 5.548698610331849e-07
1.0820219978921917 	 5.592842868520016e-07
1.0830219978921916 	 5.635852228376051e-07
1.0840219978921914 	 5.67775371240725e-07
1.0850219978921913 	 5.718573586942272e-07
1.0860219978921912 	 5.758337387404077e-07
1.0870219978921911 	 5.797069932899532e-07
1.088021997892191 	 5.834795346261399e-07
1.089021997892191 	 5.871537075503081e-07
1.0900219978921908 	 5.907317913064504e-07
1.0910219978921907 	 5.942160012358184e-07
1.0920219978921906 	 5.976084906878228e-07
1.0930219978921905 	 6.009113527892064e-07
1.0940219978921903 	 6.04126622881679e-07
1.0950219978921902 	 6.072562791416658e-07
1.0960219978921901 	 6.103022451138974e-07
1.09702199789219 	 6.132663913096495e-07
1.09802199789219 	 6.161505364151287e-07
1.0990219978921898 	 6.189564493484838e-07
1.1000219978921897 	 6.216858494221453e-07
1.1010219978921896 	 6.243404149435779e-07
1.1020219978921895 	 6.26922049747476e-07
1.1030219978921894 	 6.294322321585723e-07
1.1040219978921892 	 6.318723262249538e-07
1.1050219978921891 	 6.34243706208036e-07
1.106021997892189 	 6.365477564191261e-07
1.107021997892189 	 6.387858719389654e-07
1.1080219978921888 	 6.409594581659199e-07
1.1090219978921887 	 6.430699310186602e-07
1.1100219978921886 	 6.451187170233683e-07
1.1110219978921885 	 6.471072526510712e-07
1.1120219978921884 	 6.490369149755625e-07
1.1130219978921883 	 6.509088264564641e-07
1.1140219978921881 	 6.527240500861189e-07
1.115021997892188 	 6.54483649260988e-07
1.116021997892188 	 6.56188688927042e-07
1.1170219978921878 	 6.578402344296373e-07
1.1180219978921877 	 6.594393525555386e-07
1.1190219978921876 	 6.609871114110594e-07
1.1200219978921875 	 6.624845798938329e-07
1.1210219978921874 	 6.639328286230181e-07
1.1220219978921873 	 6.653328887705614e-07
1.1230219978921872 	 6.666856435640788e-07
1.124021997892187 	 6.679919381669134e-07
1.125021997892187 	 6.692526160229271e-07
1.1260219978921868 	 6.704685175269098e-07
1.1270219978921867 	 6.716404811005322e-07
1.1280219978921866 	 6.727693424808978e-07
1.1290219978921865 	 6.738559357719552e-07
1.1300219978921864 	 6.749010919803313e-07
1.1310219978921863 	 6.759056408106988e-07
1.1320219978921862 	 6.768703827776292e-07
1.133021997892186 	 6.777960190582573e-07
1.134021997892186 	 6.786832236884588e-07
1.1350219978921858 	 6.795255671619123e-07
1.1360219978921857 	 6.803382184734556e-07
1.1370219978921856 	 6.811144306894874e-07
1.1380219978921855 	 6.818548635258006e-07
1.1390219978921854 	 6.825601729527157e-07
1.1400219978921853 	 6.832310121388122e-07
1.1410219978921852 	 6.838680299233311e-07
1.142021997892185 	 6.844718560473258e-07
1.143021997892185 	 6.850430539151492e-07
1.1440219978921848 	 6.855821688660122e-07
1.1450219978921847 	 6.860897419040856e-07
1.1460219978921846 	 6.865663108287149e-07
1.1470219978921845 	 6.870124087413004e-07
1.1480219978921844 	 6.874285657234147e-07
1.1490219978921843 	 6.878153081606503e-07
1.1500219978921842 	 6.881731580195883e-07
1.151021997892184 	 6.885026345387021e-07
1.152021997892184 	 6.888042418083926e-07
1.1530219978921838 	 6.890784399612819e-07
1.1540219978921837 	 6.893256754505211e-07
1.1550219978921836 	 6.89546391529028e-07
1.1560219978921835 	 6.897410275655732e-07
1.1570219978921834 	 6.899100190720923e-07
1.1580219978921833 	 6.900537986815003e-07
1.1590219978921832 	 6.90172794593455e-07
1.160021997892183 	 6.902674324415214e-07
1.161021997892183 	 6.903381337443413e-07
1.1620219978921829 	 6.903853098785149e-07
1.1630219978921827 	 6.904093429735661e-07
1.1640219978921826 	 6.904106050857186e-07
1.1650219978921825 	 6.903894656948564e-07
1.1660219978921824 	 6.903462900637912e-07
1.1670219978921823 	 6.902814409486706e-07
1.1680219978921822 	 6.901952778896412e-07
1.169021997892182 	 6.900881564749581e-07
1.170021997892182 	 6.899604300564056e-07
1.1710219978921819 	 6.898124481771348e-07
1.1720219978921818 	 6.896445534615115e-07
1.1730219978921816 	 6.894570691974855e-07
1.1740219978921815 	 6.892503123681474e-07
1.1750219978921814 	 6.890245970676316e-07
1.1760219978921813 	 6.88780233684997e-07
1.1770219978921812 	 6.885175306105078e-07
1.178021997892181 	 6.88236792673552e-07
1.179021997892181 	 6.879383220850745e-07
1.1800219978921809 	 6.876224184621952e-07
1.1810219978921808 	 6.872893780111038e-07
1.1820219978921807 	 6.869394925686912e-07
1.1830219978921805 	 6.865730428603038e-07
1.1840219978921804 	 6.861902795387127e-07
1.1850219978921803 	 6.857915023922052e-07
1.1860219978921802 	 6.853769442442678e-07
1.18702199789218 	 6.849468945051479e-07
1.18802199789218 	 6.845016364698181e-07
1.1890219978921799 	 6.840414324578114e-07
1.1900219978921798 	 6.835665426215828e-07
1.1910219978921797 	 6.83077224120789e-07
1.1920219978921796 	 6.825737315183897e-07
1.1930219978921794 	 6.820563152235339e-07
1.1940219978921793 	 6.815252219845255e-07
1.1950219978921792 	 6.809806968000638e-07
1.1960219978921791 	 6.804229821087696e-07
1.197021997892179 	 6.798523174618053e-07
1.198021997892179 	 6.792689403754956e-07
1.1990219978921788 	 6.786730855096462e-07
1.2000219978921787 	 6.780649855901287e-07
1.2010219978921786 	 6.774448706852109e-07
1.2020219978921785 	 6.76812969251964e-07
1.2030219978921783 	 6.761695116747635e-07
1.2040219978921782 	 6.755147269167443e-07
1.2050219978921781 	 6.748488407815835e-07
1.206021997892178 	 6.741720775684514e-07
1.207021997892178 	 6.734846584408771e-07
1.2080219978921778 	 6.727868027430059e-07
1.2090219978921777 	 6.720787271972058e-07
1.2100219978921776 	 6.713606459041533e-07
1.2110219978921775 	 6.706327710102521e-07
1.2120219978921773 	 6.698953148599745e-07
1.2130219978921772 	 6.691484959232941e-07
1.2140219978921771 	 6.683925331121009e-07
1.215021997892177 	 6.676276428040437e-07
1.216021997892177 	 6.66854038515871e-07
1.2170219978921768 	 6.660719317302449e-07
1.2180219978921767 	 6.652815310852916e-07
1.2190219978921766 	 6.64483043189912e-07
1.2200219978921765 	 6.636766723100988e-07
1.2210219978921764 	 6.628626195659287e-07
1.2220219978921762 	 6.620410882408922e-07
1.2230219978921761 	 6.612122935833559e-07
1.224021997892176 	 6.603764512411991e-07
1.225021997892176 	 6.595337744956474e-07
1.2260219978921758 	 6.586844742551775e-07
1.2270219978921757 	 6.57828758248288e-07
1.2280219978921756 	 6.569668320843236e-07
1.2290219978921755 	 6.560988987878392e-07
1.2300219978921754 	 6.552251583250409e-07
1.2310219978921753 	 6.543458087186579e-07
1.2320219978921751 	 6.53461050064722e-07
1.233021997892175 	 6.525711000812459e-07
1.234021997892175 	 6.516761781237946e-07
1.2350219978921748 	 6.507765006832732e-07
1.2360219978921747 	 6.498722813848342e-07
1.2370219978921746 	 6.489637309736222e-07
1.2380219978921745 	 6.480510573471537e-07
1.2390219978921744 	 6.471344655719086e-07
1.2400219978921743 	 6.462141578934706e-07
1.2410219978921742 	 6.452903337379992e-07
1.242021997892174 	 6.443631963834578e-07
1.243021997892174 	 6.434329711992971e-07
1.2440219978921738 	 6.424998862403805e-07
1.2450219978921737 	 6.41564166366263e-07
1.2460219978921736 	 6.406260332432755e-07
1.2470219978921735 	 6.396857053290019e-07
1.2480219978921734 	 6.38743397918946e-07
1.2490219978921733 	 6.377993231720495e-07
1.2500219978921732 	 6.368536901275287e-07
1.251021997892173 	 6.359067047099311e-07
1.252021997892173 	 6.349585776610935e-07
1.2530219978921728 	 6.340095461236736e-07
1.2540219978921727 	 6.330598509821479e-07
1.2550219978921726 	 6.321097292564448e-07
1.2560219978921725 	 6.311594145241846e-07
1.2570219978921724 	 6.302091368027257e-07
1.2580219978921723 	 6.292591226172513e-07
1.2590219978921722 	 6.283095950404168e-07
1.260021997892172 	 6.273607737202188e-07
1.261021997892172 	 6.264128748919214e-07
1.2620219978921718 	 6.254661202594464e-07
1.2630219978921717 	 6.245207612894565e-07
1.2640219978921716 	 6.235770533890191e-07
1.2650219978921715 	 6.226352480978965e-07
1.2660219978921714 	 6.216955931076091e-07
1.2670219978921713 	 6.20758332247888e-07
1.2680219978921712 	 6.198237055858304e-07
1.269021997892171 	 6.188919494859716e-07
1.270021997892171 	 6.17963296653996e-07
1.2710219978921709 	 6.170379761584806e-07
1.2720219978921707 	 6.161162226468842e-07
1.2730219978921706 	 6.15198301588638e-07
1.2740219978921705 	 6.142844825067164e-07
1.2750219978921704 	 6.133750308951996e-07
1.2760219978921703 	 6.124702082514119e-07
1.2770219978921702 	 6.115702720629725e-07
1.27802199789217 	 6.10675475948602e-07
1.27902199789217 	 6.097860697450598e-07
1.2800219978921699 	 6.089022995713049e-07
1.2810219978921698 	 6.080244078619695e-07
1.2820219978921696 	 6.071526421372657e-07
1.2830219978921695 	 6.062872773841847e-07
1.2840219978921694 	 6.054285928827436e-07
1.2850219978921693 	 6.045768637515174e-07
1.2860219978921692 	 6.037323612454984e-07
1.287021997892169 	 6.02895352738165e-07
1.288021997892169 	 6.020661019164212e-07
1.2890219978921689 	 6.012448689003102e-07
1.2900219978921688 	 6.00431908358328e-07
1.2910219978921686 	 5.996274655916248e-07
1.2920219978921685 	 5.988317957553291e-07
1.2930219978921684 	 5.980451749985521e-07
1.2940219978921683 	 5.972678815131001e-07
1.2950219978921682 	 5.965001901242161e-07
1.296021997892168 	 5.957423723213146e-07
1.297021997892168 	 5.949946962292705e-07
1.2980219978921679 	 5.94257426875351e-07
1.2990219978921678 	 5.935308243863042e-07
1.3000219978921677 	 5.928151316157823e-07
1.3010219978921675 	 5.92110601220551e-07
1.3020219978921674 	 5.914174886382021e-07
1.3030219978921673 	 5.907360540318374e-07
1.3040219978921672 	 5.900665567938638e-07
1.305021997892167 	 5.894092539455765e-07
1.306021997892167 	 5.887644001996135e-07
1.3070219978921669 	 5.881322478397256e-07
1.3080219978921668 	 5.87513047100201e-07
1.3090219978921667 	 5.869070463415049e-07
1.3100219978921666 	 5.863144921706841e-07
1.3110219978921664 	 5.857356294884388e-07
1.3120219978921663 	 5.851706965240694e-07
1.3130219978921662 	 5.846199120529702e-07
1.3140219978921661 	 5.840834895711246e-07
1.315021997892166 	 5.835616416724292e-07
1.316021997892166 	 5.830545800380865e-07
1.3170219978921658 	 5.825625152558632e-07
1.3180219978921657 	 5.820856572688535e-07
1.3190219978921656 	 5.8162421560522e-07
1.3200219978921655 	 5.811783995081934e-07
1.3210219978921653 	 5.80748417902249e-07
1.3220219978921652 	 5.803344651870071e-07
1.3230219978921651 	 5.799366836000481e-07
1.324021997892165 	 5.795552037411125e-07
1.325021997892165 	 5.791901569674079e-07
1.3260219978921648 	 5.788416752884912e-07
1.3270219978921647 	 5.78509890985056e-07
1.3280219978921646 	 5.781949370344579e-07
1.3290219978921645 	 5.778969481509663e-07
1.3300219978921644 	 5.776160597027832e-07
1.3310219978921642 	 5.773507092302252e-07
1.3320219978921641 	 5.770973383799154e-07
1.333021997892164 	 5.768581412990263e-07
1.334021997892164 	 5.766337321114795e-07
1.3350219978921638 	 5.764243906723908e-07
1.3360219978921637 	 5.762302754518073e-07
1.3370219978921636 	 5.760514861304169e-07
1.3380219978921635 	 5.758880881147669e-07
1.3390219978921634 	 5.757401257803123e-07
1.3400219978921633 	 5.756076296388868e-07
1.3410219978921631 	 5.754906204027762e-07
1.342021997892163 	 5.753890762152909e-07
1.343021997892163 	 5.753028407704378e-07
1.3440219978921628 	 5.752317244465509e-07
1.3450219978921627 	 5.751755357287913e-07
1.3460219978921626 	 5.751340815048271e-07
1.3470219978921625 	 5.751071663646345e-07
1.3480219978921624 	 5.750945945374299e-07
1.3490219978921623 	 5.750961707575253e-07
1.3500219978921622 	 5.751117007136033e-07
1.351021997892162 	 5.751409908331188e-07
1.352021997892162 	 5.751838057174657e-07
1.3530219978921618 	 5.752397567005329e-07
1.3540219978921617 	 5.753084212320576e-07
1.3550219978921616 	 5.753893794830353e-07
1.3560219978921615 	 5.754822138538594e-07
1.3570219978921614 	 5.755865072636418e-07
1.3580219978921613 	 5.757018458363175e-07
1.3590219978921612 	 5.758278201820247e-07
1.360021997892161 	 5.759640258911514e-07
1.361021997892161 	 5.761100632089339e-07
1.3620219978921608 	 5.762654930920047e-07
1.3630219978921607 	 5.764297261873937e-07
1.3640219978921606 	 5.766021439241858e-07
1.3650219978921605 	 5.767821359917e-07
1.3660219978921604 	 5.769690999274636e-07
1.3670219978921603 	 5.771624387164555e-07
1.3680219978921602 	 5.773615655027022e-07
1.36902199789216 	 5.775659059978817e-07
1.37002199789216 	 5.777748997159035e-07
1.3710219978921598 	 5.779879999789307e-07
1.3720219978921597 	 5.7820463717319e-07
1.3730219978921596 	 5.784241306337564e-07
1.3740219978921595 	 5.786457891617523e-07
1.3750219978921594 	 5.788689426370398e-07
1.3760219978921593 	 5.790929423472061e-07
1.3770219978921592 	 5.793171589417132e-07
1.378021997892159 	 5.795409883226601e-07
1.379021997892159 	 5.797638546716869e-07
1.3800219978921588 	 5.799852123278294e-07
1.3810219978921587 	 5.802045465832331e-07
1.3820219978921586 	 5.804213536179452e-07
1.3830219978921585 	 5.806350914006331e-07
1.3840219978921584 	 5.808452376830496e-07
1.3850219978921583 	 5.810513053552627e-07
1.3860219978921582 	 5.812528472065057e-07
1.387021997892158 	 5.814494538965853e-07
1.388021997892158 	 5.816407544294107e-07
1.3890219978921579 	 5.818264155378183e-07
1.3900219978921577 	 5.820061405821019e-07
1.3910219978921576 	 5.821796687406448e-07
1.3920219978921575 	 5.823467742950097e-07
1.3930219978921574 	 5.825072587143177e-07
1.3940219978921573 	 5.826609478856092e-07
1.3950219978921572 	 5.828076878661764e-07
1.396021997892157 	 5.8294734018113e-07
1.397021997892157 	 5.83079778285924e-07
1.3980219978921569 	 5.832048766216501e-07
1.3990219978921568 	 5.833225011017706e-07
1.4000219978921566 	 5.834324999366757e-07
1.4010219978921565 	 5.835346945203325e-07
1.4020219978921564 	 5.8362888806383e-07
1.4030219978921563 	 5.837148981747497e-07
1.4040219978921562 	 5.837924974945528e-07
1.405021997892156 	 5.838613883238456e-07
1.406021997892156 	 5.839211924157702e-07
1.4070219978921559 	 5.839714421299275e-07
1.4080219978921558 	 5.84011570444298e-07
1.4090219978921557 	 5.840409028809929e-07
1.4100219978921555 	 5.840586512166146e-07
1.4110219978921554 	 5.840639082107179e-07
1.4120219978921553 	 5.840556751173191e-07
1.4130219978921552 	 5.84032937820997e-07
1.414021997892155 	 5.839945874458294e-07
1.415021997892155 	 5.839393983507048e-07
1.4160219978921549 	 5.83866033611683e-07
1.4170219978921548 	 5.837730523131621e-07
1.4180219978921547 	 5.836589201437287e-07
1.4190219978921546 	 5.835220212761754e-07
1.4200219978921544 	 5.833606715526768e-07
1.4210219978921543 	 5.831731320690963e-07
1.4220219978921542 	 5.829576564745515e-07
1.4230219978921541 	 5.827126013369919e-07
1.424021997892154 	 5.824363449980288e-07
1.425021997892154 	 5.821272734565108e-07
1.4260219978921538 	 5.817837946343673e-07
1.4270219978921537 	 5.814043509152372e-07
1.4280219978921536 	 5.809874341869865e-07
1.4290219978921535 	 5.805315983466967e-07
1.4300219978921533 	 5.800354699677877e-07
1.4310219978921532 	 5.794977566603483e-07
1.4320219978921531 	 5.789172860698947e-07
1.433021997892153 	 5.782930985539099e-07
1.434021997892153 	 5.776243641474079e-07
1.4350219978921528 	 5.76910352980955e-07
1.4360219978921527 	 5.76150436817446e-07
1.4370219978921526 	 5.753440869138858e-07
1.4380219978921525 	 5.744908755961626e-07
1.4390219978921523 	 5.73590474988152e-07
1.4400219978921522 	 5.726426542869937e-07
1.4410219978921521 	 5.716472754481916e-07
1.442021997892152 	 5.706043135267677e-07
1.443021997892152 	 5.695139273614073e-07
1.4440219978921518 	 5.68376377375927e-07
1.4450219978921517 	 5.671919967137428e-07
1.4460219978921516 	 5.659611850855749e-07
1.4470219978921515 	 5.646844009510807e-07
1.4480219978921514 	 5.633621588085203e-07
1.4490219978921512 	 5.619950248865852e-07
1.4500219978921511 	 5.605836120322057e-07
1.451021997892151 	 5.59128574020241e-07
1.452021997892151 	 5.576306181086034e-07
1.4530219978921508 	 5.560905562740596e-07
1.4540219978921507 	 5.545092442599603e-07
1.4550219978921506 	 5.528875602504714e-07
1.4560219978921505 	 5.512264001230814e-07
1.4570219978921504 	 5.495266714358567e-07
1.4580219978921503 	 5.477892931925844e-07
1.4590219978921501 	 5.460151938116782e-07
1.46002199789215 	 5.442053085880268e-07
1.46102199789215 	 5.423605764652167e-07
1.4620219978921498 	 5.404819491127065e-07
1.4630219978921497 	 5.38570426707669e-07
1.4640219978921496 	 5.366270177265113e-07
1.4650219978921495 	 5.34652725640138e-07
1.4660219978921494 	 5.326485460338e-07
1.4670219978921493 	 5.306154615297103e-07
1.4680219978921492 	 5.285544448857008e-07
1.469021997892149 	 5.264664592190356e-07
1.470021997892149 	 5.243524571470287e-07
1.4710219978921488 	 5.222133796707302e-07
1.4720219978921487 	 5.200501632135113e-07
1.4730219978921486 	 5.178637633504914e-07
1.4740219978921485 	 5.156551288695884e-07
1.4750219978921484 	 5.134251936402555e-07
1.4760219978921483 	 5.111748748987441e-07
1.4770219978921482 	 5.08905069308488e-07
1.478021997892148 	 5.066166568425711e-07
1.479021997892148 	 5.043105029533859e-07
1.4800219978921478 	 5.019874540073288e-07
1.4810219978921477 	 4.996483432720811e-07
1.4820219978921476 	 4.972939910004967e-07
1.4830219978921475 	 4.949252238644386e-07
1.4840219978921474 	 4.925428570139452e-07
1.4850219978921473 	 4.901476885992063e-07
1.4860219978921472 	 4.877404986956741e-07
1.487021997892147 	 4.85322046349081e-07
1.488021997892147 	 4.828930731227898e-07
1.4890219978921468 	 4.80454304247188e-07
1.4900219978921467 	 4.780064487599589e-07
1.4910219978921466 	 4.75550199252354e-07
1.4920219978921465 	 4.7308623640397115e-07
1.4930219978921464 	 4.706152449059462e-07
1.4940219978921463 	 4.6813789763223037e-07
1.4950219978921462 	 4.656548509580941e-07
1.496021997892146 	 4.6316674405857776e-07
1.497021997892146 	 4.6067419671267026e-07
1.4980219978921459 	 4.581778122516526e-07
1.4990219978921457 	 4.556781785898599e-07
1.5000219978921456 	 4.5317586844697964e-07
1.5010219978921455 	 4.5067143912265495e-07
1.5020219978921454 	 4.4816543747138473e-07
1.5030219978921453 	 4.456584172936488e-07
1.5040219978921452 	 4.431509215438568e-07
1.505021997892145 	 4.406434793664015e-07
1.506021997892145 	 4.3813660276051524e-07
1.5070219978921449 	 4.3563078783311915e-07
1.5080219978921447 	 4.3312651580888446e-07
1.5090219978921446 	 4.306242536399197e-07
1.5100219978921445 	 4.2812445430314527e-07
1.5110219978921444 	 4.256275568256106e-07
1.5120219978921443 	 4.231339931237332e-07
1.5130219978921442 	 4.206442077959728e-07
1.514021997892144 	 4.181586370668383e-07
1.515021997892144 	 4.1567770269124893e-07
1.5160219978921439 	 4.1320181223893315e-07
1.5170219978921438 	 4.107313593599687e-07
1.5180219978921436 	 4.082667241196141e-07
1.5190219978921435 	 4.058082733080859e-07
1.5200219978921434 	 4.0335636074010733e-07
1.5210219978921433 	 4.0091132584475437e-07
1.5220219978921432 	 3.984735015990377e-07
1.523021997892143 	 3.9604324536093494e-07
1.524021997892143 	 3.9362090833171267e-07
1.5250219978921429 	 3.9120682695801787e-07
1.5260219978921428 	 3.88801153061248e-07
1.5270219978921427 	 3.864040900152349e-07
1.5280219978921425 	 3.840159388555265e-07
1.5290219978921424 	 3.8163698811222583e-07
1.5300219978921423 	 3.7926750932717357e-07
1.5310219978921422 	 3.7690776550055443e-07
1.532021997892142 	 3.745580233928745e-07
1.533021997892142 	 3.722185743147274e-07
1.5340219978921419 	 3.698897047797022e-07
1.5350219978921418 	 3.6757168794330685e-07
1.5360219978921417 	 3.6526478553494924e-07
1.5370219978921416 	 3.6296925105150644e-07
1.5380219978921414 	 3.606853269811559e-07
1.5390219978921413 	 3.5841324408885477e-07
1.5400219978921412 	 3.561532219310185e-07
1.5410219978921411 	 3.539054708603197e-07
1.542021997892141 	 3.516702067673303e-07
1.543021997892141 	 3.494476740009655e-07
1.5440219978921408 	 3.472381135637499e-07
1.5450219978921407 	 3.4504175453875264e-07
1.5460219978921406 	 3.4285881661070364e-07
1.5470219978921405 	 3.4068951573941074e-07
1.5480219978921403 	 3.3853405899896853e-07
1.5490219978921402 	 3.3639264352364627e-07
1.5500219978921401 	 3.3426545718139e-07
1.55102199789214 	 3.321526815727666e-07
1.55202199789214 	 3.3005450859255843e-07
1.5530219978921398 	 3.279711599449891e-07
1.5540219978921397 	 3.259028563974075e-07
1.5550219978921396 	 3.238498096079118e-07
1.5560219978921395 	 3.2181222583252684e-07
1.5570219978921394 	 3.197903138355232e-07
1.5580219978921392 	 3.177842777169171e-07
1.5590219978921391 	 3.1579431510704054e-07
1.560021997892139 	 3.1382061818962474e-07
1.561021997892139 	 3.118633774687174e-07
1.5620219978921388 	 3.0992279885938936e-07
1.5630219978921387 	 3.079991160132512e-07
1.5640219978921386 	 3.060925640708407e-07
1.5650219978921385 	 3.042033728639796e-07
1.5660219978921384 	 3.0233177071249473e-07
1.5670219978921383 	 3.0047799306335756e-07
1.5680219978921381 	 2.9863930727628945e-07
1.569021997892138 	 2.968135785738149e-07
1.570021997892138 	 2.9500331577181276e-07
1.5710219978921378 	 2.932093589032788e-07
1.5720219978921377 	 2.914322475799832e-07
1.5730219978921376 	 2.8967239436031847e-07
1.5740219978921375 	 2.87930116725023e-07
1.5750219978921374 	 2.862056457679879e-07
1.5760219978921373 	 2.8449912749617967e-07
1.5770219978921372 	 2.8281062022191157e-07
1.578021997892137 	 2.811400615176574e-07
1.579021997892137 	 2.794872359799675e-07
1.5800219978921368 	 2.7785173818966753e-07
1.5810219978921367 	 2.76232932628386e-07
1.5820219978921366 	 2.746299147317489e-07
1.5830219978921365 	 2.730414479532122e-07
1.5840219978921364 	 2.7146591187575004e-07
1.5850219978921363 	 2.6990126743227484e-07
1.5860219978921362 	 2.683450540699532e-07
1.587021997892136 	 2.6679443802450723e-07
1.588021997892136 	 2.6524630272777505e-07
1.5890219978921358 	 2.636974271303158e-07
1.5900219978921357 	 2.621447505893631e-07
1.5910219978921356 	 2.6058571120611725e-07
1.5920219978921355 	 2.590186131495138e-07
1.5930219978921354 	 2.5744293132284216e-07
1.5940219978921353 	 2.5585953883813734e-07
1.5950219978921352 	 2.542707505898766e-07
1.596021997892135 	 2.526801586999153e-07
1.597021997892135 	 2.510922903795251e-07
1.5980219978921348 	 2.495121363158503e-07
1.5990219978921347 	 2.479446668468264e-07
1.6000219978921346 	 2.46394421084104e-07
1.6010219978921345 	 2.4486522377911237e-07
1.6020219978921344 	 2.4336004016710786e-07
1.6030219978921343 	 2.4188092771981015e-07
1.6040219978921342 	 2.4042914195122874e-07
1.605021997892134 	 2.390052752206215e-07
1.606021997892134 	 2.3760940809966538e-07
1.6070219978921338 	 2.3624125779407262e-07
1.6080219978921337 	 2.3490030013126308e-07
1.6090219978921336 	 2.335858713547889e-07
1.6100219978921335 	 2.322972450027983e-07
1.6110219978921334 	 2.31033689589018e-07
1.6120219978921333 	 2.2979449557341533e-07
1.6130219978921332 	 2.2857896196148747e-07
1.614021997892133 	 2.2738645075925163e-07
1.615021997892133 	 2.2621640585306827e-07
1.6160219978921329 	 2.2506835519697963e-07
1.6170219978921327 	 2.2394190729389369e-07
1.6180219978921326 	 2.2283675190339796e-07
1.6190219978921325 	 2.2175265474049267e-07
1.6200219978921324 	 2.2068945322827133e-07
1.6210219978921323 	 2.1964705132418673e-07
1.6220219978921322 	 2.186253969484441e-07
1.623021997892132 	 2.1762444290836558e-07
1.624021997892132 	 2.1664418778502874e-07
1.6250219978921319 	 2.1568468615307102e-07
1.6260219978921318 	 2.1474604313457673e-07
1.6270219978921316 	 2.1382840668636725e-07
1.6280219978921315 	 2.1293197128494124e-07
1.6290219978921314 	 2.1205697756982564e-07
1.6300219978921313 	 2.112037108523289e-07
1.6310219978921312 	 2.1037249641670384e-07
1.632021997892131 	 2.09563677679716e-07
1.633021997892131 	 2.087775865427592e-07
1.6340219978921309 	 2.080145846038349e-07
1.6350219978921308 	 2.0727507316921366e-07
1.6360219978921307 	 2.065594889568469e-07
1.6370219978921305 	 2.0586829374291593e-07
1.6380219978921304 	 2.0520198233314735e-07
1.6390219978921303 	 2.0456108429727393e-07
1.6400219978921302 	 2.0394616190212187e-07
1.64102199789213 	 2.03357805353677e-07
1.64202199789213 	 2.0279661107180992e-07
1.6430219978921299 	 2.0226316362681314e-07
1.6440219978921298 	 2.0175806598195537e-07
1.6450219978921297 	 2.0128194594019831e-07
1.6460219978921296 	 2.0083545060527717e-07
1.6470219978921294 	 2.0041923374223455e-07
1.6480219978921293 	 2.000339642059787e-07
1.6490219978921292 	 1.9968032631439403e-07
1.650021997892129 	 1.9935901694575973e-07
1.651021997892129 	 1.990707396618583e-07
1.652021997892129 	 1.9881618653833373e-07
1.6530219978921288 	 1.9859603090779606e-07
1.6540219978921287 	 1.9841094264869101e-07
1.6550219978921286 	 1.9826159018370567e-07
1.6560219978921285 	 1.9814863394560106e-07
1.6570219978921283 	 1.9807271434599816e-07
1.6580219978921282 	 1.980344580667104e-07
1.6590219978921281 	 1.9803447719103824e-07
1.660021997892128 	 1.9807336631380896e-07
1.661021997892128 	 1.981516970131874e-07
1.6620219978921278 	 1.9827000449879793e-07
1.6630219978921277 	 1.9842879330564366e-07
1.6640219978921276 	 1.9862853693874608e-07
1.6650219978921275 	 1.98869676225324e-07
1.6660219978921273 	 1.9915261443830258e-07
1.6670219978921272 	 1.9947770868932206e-07
1.6680219978921271 	 1.9984527390357505e-07
1.669021997892127 	 2.0025558263960033e-07
1.670021997892127 	 2.0070886320966658e-07
1.6710219978921268 	 2.012052964004875e-07
1.6720219978921267 	 2.017450128092249e-07
1.6730219978921266 	 2.0232810555939937e-07
1.6740219978921265 	 2.029546217353191e-07
1.6750219978921264 	 2.0362455905455354e-07
1.6760219978921262 	 2.0433786461035317e-07
1.6770219978921261 	 2.0509443196709084e-07
1.678021997892126 	 2.0589410451796624e-07
1.679021997892126 	 2.0673667706679228e-07
1.6800219978921258 	 2.0762189658493832e-07
1.6810219978921257 	 2.0854946298246304e-07
1.6820219978921256 	 2.0951903525223617e-07
1.6830219978921255 	 2.105302524161778e-07
1.6840219978921254 	 2.11582718209162e-07
1.6850219978921253 	 2.1267599755707934e-07
1.6860219978921251 	 2.1380961867245556e-07
1.687021997892125 	 2.1498307525803662e-07
1.688021997892125 	 2.1619582870173612e-07
1.6890219978921248 	 2.1744731032486492e-07
1.6900219978921247 	 2.1873692364476626e-07
1.6910219978921246 	 2.2006404710288982e-07
1.6920219978921245 	 2.2142804601424116e-07
1.6930219978921244 	 2.2282829718548032e-07
1.6940219978921243 	 2.242641680043279e-07
1.6950219978921242 	 2.2573501142129141e-07
1.696021997892124 	 2.272401688711436e-07
1.697021997892124 	 2.2877897471990664e-07
1.6980219978921238 	 2.3035075559848104e-07
1.6990219978921237 	 2.319548312526338e-07
1.7000219978921236 	 2.3359051600361088e-07
1.7010219978921235 	 2.3525712129058237e-07
1.7020219978921234 	 2.3695396961756393e-07
1.7030219978921233 	 2.3868041867908463e-07
1.7040219978921232 	 2.404358364017815e-07
1.705021997892123 	 2.4221959391198556e-07
1.706021997892123 	 2.4403106842914586e-07
1.7070219978921228 	 2.458696454649679e-07
1.7080219978921227 	 2.477347191266523e-07
1.7090219978921226 	 2.496256885811863e-07
1.7100219978921225 	 2.5154195878957674e-07
1.7110219978921224 	 2.5348294227998335e-07
1.7120219978921223 	 2.554480731336516e-07
1.7130219978921222 	 2.574368284726048e-07
1.714021997892122 	 2.594487023835152e-07
1.715021997892122 	 2.6148319792532424e-07
1.7160219978921218 	 2.635398286867049e-07
1.7170219978921217 	 2.6561812371253093e-07
1.7180219978921216 	 2.6771762212548695e-07
1.7190219978921215 	 2.698378710666865e-07
1.7200219978921214 	 2.7197842515133793e-07
1.7210219978921213 	 2.741388473751579e-07
1.7220219978921212 	 2.7631872389731203e-07
1.723021997892121 	 2.7851767944798374e-07
1.724021997892121 	 2.8073535472569563e-07
1.7250219978921209 	 2.8297139836531905e-07
1.7260219978921207 	 2.852254682459247e-07
1.7270219978921206 	 2.874972363932814e-07
1.7280219978921205 	 2.897863832008793e-07
1.7290219978921204 	 2.9209259486249167e-07
1.7300219978921203 	 2.9441556307014794e-07
1.7310219978921202 	 2.9675498599172966e-07
1.73202199789212 	 2.9911057995066125e-07
1.73302199789212 	 3.014820931999142e-07
1.7340219978921199 	 3.0386928548403024e-07
1.7350219978921197 	 3.0627192165004314e-07
1.7360219978921196 	 3.0868977288253174e-07
1.7370219978921195 	 3.0990144570155397e-07
1.7380219978921194 	 3.099059934829079e-07
1.7390219978921193 	 3.0991053884586075e-07
1.7400219978921192 	 3.0991508178847566e-07
1.741021997892119 	 3.0991962230884226e-07
1.742021997892119 	 3.099241604050765e-07
1.7430219978921189 	 3.099286960753201e-07
1.7440219978921188 	 3.099332293177406e-07
1.7450219978921186 	 3.0993776013053144e-07
1.7460219978921185 	 3.0994228851191127e-07
1.7470219978921184 	 3.0994681446012405e-07
1.7480219978921183 	 3.099513379734388e-07
1.7490219978921182 	 3.0995585905015e-07
1.750021997892118 	 3.0996037768857605e-07
1.751021997892118 	 3.099648938870609e-07
1.7520219978921179 	 3.0996940764397234e-07
1.7530219978921178 	 3.099739189577026e-07
1.7540219978921177 	 3.099784278266684e-07
1.7550219978921175 	 3.099829342493098e-07
1.7560219978921174 	 3.099874382240911e-07
1.7570219978921173 	 3.0999193974950036e-07
1.7580219978921172 	 3.0999643882404865e-07
1.759021997892117 	 3.10000935446271e-07
1.760021997892117 	 3.1000542961472495e-07
1.7610219978921169 	 3.1000992132799163e-07
1.7620219978921168 	 3.1001441058467483e-07
1.7630219978921167 	 3.1001889738340103e-07
1.7640219978921166 	 3.1002338172281917e-07
1.7650219978921164 	 3.1002786360160076e-07
1.7660219978921163 	 3.1003234301843975e-07
1.7670219978921162 	 3.1003681997205204e-07
1.7680219978921161 	 3.100412944611751e-07
1.769021997892116 	 3.10045766484569e-07
1.770021997892116 	 3.100502360410149e-07
1.7710219978921158 	 3.100547031293156e-07
1.7720219978921157 	 3.1005916774829544e-07
1.7730219978921156 	 3.100636298967998e-07
1.7740219978921155 	 3.100680895736955e-07
1.7750219978921153 	 3.100725467778699e-07
1.7760219978921152 	 3.100770015082316e-07
1.7770219978921151 	 3.1008145376370906e-07
1.778021997892115 	 3.100859035432525e-07
1.779021997892115 	 3.1009035084583137e-07
1.7800219978921148 	 3.100947956704362e-07
1.7810219978921147 	 3.1009923801607715e-07
1.7820219978921146 	 3.1010367788178486e-07
1.7830219978921145 	 3.101081152666093e-07
1.7840219978921144 	 3.1011255016962036e-07
1.7850219978921142 	 3.101169825899074e-07
1.7860219978921141 	 3.101214125265798e-07
1.787021997892114 	 3.1012583997876555e-07
1.788021997892114 	 3.1013026494561206e-07
1.7890219978921138 	 3.101346874262859e-07
1.7900219978921137 	 3.1013910741997263e-07
1.7910219978921136 	 3.101435249258765e-07
1.7920219978921135 	 3.101479399432205e-07
1.7930219978921134 	 3.101523524712459e-07
1.7940219978921133 	 3.101567625092129e-07
1.7950219978921131 	 3.1016117005639956e-07
1.796021997892113 	 3.101655751121025e-07
1.797021997892113 	 3.10169977675636e-07
1.7980219978921128 	 3.1017437774633235e-07
1.7990219978921127 	 3.10178775323542e-07
1.8000219978921126 	 3.101831704066329e-07
1.8010219978921125 	 3.1018756299499017e-07
1.8020219978921124 	 3.101919530880173e-07
1.8030219978921123 	 3.1019634068513406e-07
1.8040219978921122 	 3.102007257857782e-07
1.805021997892112 	 3.102051083894041e-07
1.806021997892112 	 3.102094884954835e-07
1.8070219978921118 	 3.1021386610350496e-07
1.8080219978921117 	 3.102182412129732e-07
1.8090219978921116 	 3.1022261382341056e-07
1.8100219978921115 	 3.10226983934355e-07
1.8110219978921114 	 3.1023135154536155e-07
1.8120219978921113 	 3.1023571665600105e-07
1.8130219978921112 	 3.1024007926586085e-07
1.814021997892111 	 3.102444393745445e-07
1.815021997892111 	 3.102487969816709e-07
1.8160219978921108 	 3.102531520868757e-07
1.8170219978921107 	 3.102575046898094e-07
1.8180219978921106 	 3.1026185479013883e-07
1.8190219978921105 	 3.1026620238754587e-07
1.8200219978921104 	 3.102705474817283e-07
1.8210219978921103 	 3.1027489007239875e-07
1.8220219978921102 	 3.102792301592856e-07
1.82302199789211 	 3.1028356774213185e-07
1.82402199789211 	 3.102879028206957e-07
1.8250219978921098 	 3.1029223539475046e-07
1.8260219978921097 	 3.1029656546408385e-07
1.8270219978921096 	 3.1030089302849877e-07
1.8280219978921095 	 3.1030521808781217e-07
1.8290219978921094 	 3.103095406418562e-07
1.8300219978921093 	 3.1031386069047675e-07
1.8310219978921092 	 3.1031817823353434e-07
1.832021997892109 	 3.103224932709036e-07
1.833021997892109 	 3.103268058024736e-07
1.8340219978921088 	 3.1033111582814683e-07
1.8350219978921087 	 3.103354233478402e-07
1.8360219978921086 	 3.103397283614841e-07
1.8370219978921085 	 3.1034403086902305e-07
1.8380219978921084 	 3.1034833087041487e-07
1.8390219978921083 	 3.103526283656309e-07
1.8400219978921082 	 3.103569233546561e-07
1.841021997892108 	 3.103612158374888e-07
1.842021997892108 	 3.1036550581414016e-07
1.8430219978921079 	 3.1036979328463545e-07
1.8440219978921077 	 3.103740782490118e-07
1.8450219978921076 	 3.1037836070732046e-07
1.8460219978921075 	 3.1038264065962463e-07
1.8470219978921074 	 3.103869181060008e-07
1.8480219978921073 	 3.103911930465386e-07
1.8490219978921072 	 3.1039546548133906e-07
1.850021997892107 	 3.1039973541051713e-07
1.851021997892107 	 3.1040400283419917e-07
1.8520219978921069 	 3.104082677525243e-07
1.8530219978921068 	 3.1041253016564434e-07
1.8540219978921066 	 3.104167900737226e-07
1.8550219978921065 	 3.1042104747693475e-07
1.8560219978921064 	 3.104253023754687e-07
1.8570219978921063 	 3.1042955476952396e-07
1.8580219978921062 	 3.104338046593122e-07
1.859021997892106 	 3.104380520450567e-07
1.860021997892106 	 3.104422969269924e-07
1.8610219978921059 	 3.1044653930536604e-07
1.8620219978921058 	 3.1045077918043586e-07
1.8630219978921057 	 3.104550165524711e-07
1.8640219978921055 	 3.104592514217529e-07
1.8650219978921054 	 3.1046348378857367e-07
1.8660219978921053 	 3.1046771365323664e-07
1.8670219978921052 	 3.1047194101605636e-07
1.868021997892105 	 3.1047616587735866e-07
1.869021997892105 	 3.1048038823748013e-07
1.8700219978921049 	 3.1048460809676817e-07
1.8710219978921048 	 3.1048882545558106e-07
1.8720219978921047 	 3.1049304031428786e-07
1.8730219978921046 	 3.104972526732687e-07
1.8740219978921044 	 3.105014625329132e-07
1.8750219978921043 	 3.105056698936228e-07
1.8760219978921042 	 3.105098747558084e-07
1.877021997892104 	 3.105140771198919e-07
1.878021997892104 	 3.10518276986305e-07
1.879021997892104 	 3.1052247435549007e-07
1.8800219978921038 	 3.1052666922789935e-07
1.8810219978921037 	 3.105308616039951e-07
1.8820219978921036 	 3.1053505148424987e-07
1.8830219978921034 	 3.1053923886914587e-07
1.8840219978921033 	 3.1054342375917525e-07
1.8850219978921032 	 3.1054760615484004e-07
1.8860219978921031 	 3.1055178605665184e-07
1.887021997892103 	 3.1055596346513207e-07
1.888021997892103 	 3.105601383808117e-07
1.8890219978921028 	 3.10564310804231e-07
1.8900219978921027 	 3.105684807359399e-07
1.8910219978921026 	 3.105726481764979e-07
1.8920219978921025 	 3.1057681312647303e-07
1.8930219978921023 	 3.1058097558644353e-07
1.8940219978921022 	 3.105851355569964e-07
1.8950219978921021 	 3.105892930387273e-07
1.896021997892102 	 3.105934480322418e-07
1.897021997892102 	 3.105976005381538e-07
1.8980219978921018 	 3.106017505570865e-07
1.8990219978921017 	 3.106058980896715e-07
1.9000219978921016 	 3.1061004313654965e-07
1.9010219978921015 	 3.106141856983703e-07
1.9020219978921014 	 3.106183257757914e-07
1.9030219978921012 	 3.106224633694798e-07
1.9040219978921011 	 3.1062659848011036e-07
1.905021997892101 	 3.10630731108367e-07
1.906021997892101 	 3.1063486125494143e-07
1.9070219978921008 	 3.106389889205344e-07
1.9080219978921007 	 3.1064311410585434e-07
1.9090219978921006 	 3.1064723681161815e-07
1.9100219978921005 	 3.106513570385509e-07
1.9110219978921004 	 3.1065547478738594e-07
1.9120219978921003 	 3.106595900588643e-07
1.9130219978921001 	 3.106637028537353e-07
1.9140219978921 	 3.106678131727559e-07
1.9150219978921 	 3.106719210166912e-07
1.9160219978920998 	 3.1067602638631406e-07
1.9170219978920997 	 3.10680129282405e-07
1.9180219978920996 	 3.10684229705752e-07
1.9190219978920995 	 3.1068832765715146e-07
1.9200219978920994 	 3.1069242313740636e-07
1.9210219978920993 	 3.106965161473281e-07
1.9220219978920992 	 3.107006066877348e-07
1.923021997892099 	 3.107046947594526e-07
1.924021997892099 	 3.1070878036331475e-07
1.9250219978920988 	 3.1071286350016154e-07
1.9260219978920987 	 3.107169441708408e-07
1.9270219978920986 	 3.107210223762079e-07
1.9280219978920985 	 3.107250981171247e-07
1.9290219978920984 	 3.1072917139446027e-07
1.9300219978920983 	 3.107332422090911e-07
1.9310219978920982 	 3.1073731056190024e-07
1.932021997892098 	 3.1074137645377816e-07
1.933021997892098 	 3.1074543988562157e-07
1.9340219978920978 	 3.1074950085833447e-07
1.9350219978920977 	 3.1075355937282753e-07
1.9360219978920976 	 3.10757615430018e-07
1.9370219978920975 	 3.1076166903083e-07
1.9380219978920974 	 3.107657201761943e-07
1.9390219978920973 	 3.1076976886704783e-07
1.9400219978920972 	 3.1077381510433455e-07
1.941021997892097 	 3.107778588890046e-07
1.942021997892097 	 3.1078190022201474e-07
1.9430219978920968 	 3.107859391043277e-07
1.9440219978920967 	 3.1078997553691307e-07
1.9450219978920966 	 3.107940095207463e-07
1.9460219978920965 	 3.107980410568092e-07
1.9470219978920964 	 3.1080207014609e-07
1.9480219978920963 	 3.1080609678958256e-07
1.9490219978920962 	 3.1081012098828736e-07
1.950021997892096 	 3.1081414274321043e-07
1.951021997892096 	 3.108181620553639e-07
1.9520219978920959 	 3.108221789257665e-07
1.9530219978920957 	 3.1082619335544186e-07
1.9540219978920956 	 3.108302053454201e-07
1.9550219978920955 	 3.108342148967368e-07
1.9560219978920954 	 3.1083822201043355e-07
1.9570219978920953 	 3.1084222668755774e-07
1.9580219978920952 	 3.1084622892916214e-07
1.959021997892095 	 3.1085022873630514e-07
1.960021997892095 	 3.108542261100509e-07
1.9610219978920949 	 3.108582210514691e-07
1.9620219978920947 	 3.1086221356163494e-07
1.9630219978920946 	 3.10866203641629e-07
1.9640219978920945 	 3.10870191292537e-07
1.9650219978920944 	 3.108741765154507e-07
1.9660219978920943 	 3.108781593114664e-07
1.9670219978920942 	 3.108821396816863e-07
1.968021997892094 	 3.108861176272177e-07
1.969021997892094 	 3.108900931491725e-07
1.9700219978920939 	 3.108940662486688e-07
1.9710219978920938 	 3.108980369268289e-07
1.9720219978920936 	 3.109020051847808e-07
1.9730219978920935 	 3.1090597102365685e-07
1.9740219978920934 	 3.109099344445954e-07
1.9750219978920933 	 3.109138954487387e-07
1.9760219978920932 	 3.109178540372344e-07
1.977021997892093 	 3.10921810211235e-07
1.978021997892093 	 3.109257639718982e-07
1.9790219978920929 	 3.109297153203857e-07
1.9800219978920928 	 3.109336642578644e-07
1.9810219978920927 	 3.1093761078550613e-07
1.9820219978920925 	 3.1094155490448685e-07
1.9830219978920924 	 3.109454966159876e-07
1.9840219978920923 	 3.109494359211938e-07
1.9850219978920922 	 3.1095337282129555e-07
1.986021997892092 	 3.1095730731748743e-07
1.987021997892092 	 3.109612394109685e-07
1.9880219978920919 	 3.1096516910294233e-07
1.9890219978920918 	 3.1096909639461676e-07
1.9900219978920917 	 3.1097302128720403e-07
1.9910219978920916 	 3.10976943781921e-07
1.9920219978920914 	 3.109808638799884e-07
1.9930219978920913 	 3.109847815826316e-07
1.9940219978920912 	 3.109886968910799e-07
1.9950219978920911 	 3.1099260980656695e-07
1.996021997892091 	 3.1099652033033067e-07
1.997021997892091 	 3.1100042846361277e-07
1.9980219978920908 	 3.110043342076594e-07
1.9990219978920907 	 3.110082375637208e-07
