0.0010219978922 	 0
0.0020219978922 	 0.0
0.0030219978922 	 0.0
0.0040219978922 	 0.0
0.0050219978922 	 0.0
0.0060219978922 	 0.0
0.0070219978922 	 0.0
0.0080219978922 	 0.0
0.009021997892200002 	 0.0
0.010021997892200003 	 0.0
0.011021997892200004 	 0.0
0.012021997892200004 	 0.0
0.013021997892200005 	 0.0
0.014021997892200006 	 0.0
0.015021997892200007 	 0.0
0.016021997892200008 	 0.0
0.01702199789220001 	 0.0
0.01802199789220001 	 0.0
0.01902199789220001 	 0.0
0.02002199789220001 	 0.0
0.021021997892200012 	 0.0
0.022021997892200013 	 0.0
0.023021997892200014 	 0.0
0.024021997892200015 	 0.0
0.025021997892200016 	 0.0
0.026021997892200017 	 0.0
0.027021997892200018 	 0.0
0.02802199789220002 	 0.0
0.02902199789220002 	 0.0
0.03002199789220002 	 0.0
0.03102199789220002 	 0.0
0.03202199789220002 	 0.0
0.03302199789220002 	 0.0
0.03402199789220002 	 0.0
0.03502199789220002 	 0.0
0.03602199789220002 	 0.0
0.03702199789220002 	 0.0
0.038021997892200024 	 0.0
0.039021997892200025 	 0.0
0.040021997892200026 	 0.0
0.04102199789220003 	 0.0
0.04202199789220003 	 0.0
0.04302199789220003 	 0.0
0.04402199789220003 	 0.0
0.04502199789220003 	 0.0
0.04602199789220003 	 0.0
0.04702199789220003 	 0.0
0.04802199789220003 	 0.0
0.049021997892200034 	 0.0
0.050021997892200035 	 0.0
0.051021997892200036 	 0.0
0.052021997892200036 	 0.0
0.05302199789220004 	 0.0
0.05402199789220004 	 0.0
0.05502199789220004 	 0.0
0.05602199789220004 	 0.0
0.05702199789220004 	 0.0
0.05802199789220004 	 0.0
0.05902199789220004 	 0.0
0.060021997892200044 	 0.0
0.061021997892200044 	 0.0
0.062021997892200045 	 0.0
0.06302199789220005 	 0.0
0.06402199789220005 	 0.0
0.06502199789220005 	 0.0
0.06602199789220005 	 0.0
0.06702199789220005 	 0.0
0.06802199789220005 	 0.0
0.06902199789220005 	 0.0
0.07002199789220005 	 0.0
0.07102199789220005 	 0.0
0.07202199789220005 	 0.0
0.07302199789220006 	 0.0
0.07402199789220006 	 0.0
0.07502199789220006 	 0.0
0.07602199789220006 	 0.0
0.07702199789220006 	 0.0
0.07802199789220006 	 0.0
0.07902199789220006 	 0.0
0.08002199789220006 	 0.0
0.08102199789220006 	 0.0
0.08202199789220006 	 0.0
0.08302199789220006 	 0.0
0.08402199789220006 	 0.0
0.08502199789220007 	 0.0
0.08602199789220007 	 0.0
0.08702199789220007 	 0.0
0.08802199789220007 	 0.0
0.08902199789220007 	 0.0
0.09002199789220007 	 0.0
0.09102199789220007 	 0.0
0.09202199789220007 	 0.0
0.09302199789220007 	 0.0
0.09402199789220007 	 0.0
0.09502199789220007 	 0.0
0.09602199789220008 	 0.0
0.09702199789220008 	 0.0
0.09802199789220008 	 0.0
0.09902199789220008 	 0.0
0.10002199789220008 	 0.0
0.10102199789220008 	 0.0
0.10202199789220008 	 0.0
0.10302199789220008 	 0.0
0.10402199789220008 	 0.0
0.10502199789220008 	 0.0
0.10602199789220008 	 0.0
0.10702199789220009 	 0.0
0.10802199789220009 	 0.0
0.10902199789220009 	 0.0
0.11002199789220009 	 0.0
0.11102199789220009 	 0.0
0.11202199789220009 	 0.0
0.11302199789220009 	 0.0
0.11402199789220009 	 0.0
0.11502199789220009 	 0.0
0.1160219978922001 	 0.0
0.1170219978922001 	 0.0
0.1180219978922001 	 0.0
0.1190219978922001 	 0.0
0.1200219978922001 	 0.0
0.1210219978922001 	 0.0
0.1220219978922001 	 0.0
0.1230219978922001 	 0.0
0.1240219978922001 	 0.0
0.1250219978922001 	 0.0
0.1260219978922001 	 0.0
0.1270219978922001 	 0.0
0.1280219978922001 	 0.0
0.1290219978922001 	 0.0
0.1300219978922001 	 0.0
0.1310219978922001 	 0.0
0.1320219978922001 	 0.0
0.1330219978922001 	 0.0
0.1340219978922001 	 0.0
0.1350219978922001 	 0.0
0.1360219978922001 	 0.0
0.1370219978922001 	 0.0
0.1380219978922001 	 0.0
0.1390219978922001 	 0.0
0.1400219978922001 	 0.0
0.1410219978922001 	 0.0
0.1420219978922001 	 0.0
0.1430219978922001 	 0.0
0.1440219978922001 	 0.0
0.1450219978922001 	 0.0
0.1460219978922001 	 0.0
0.1470219978922001 	 0.0
0.1480219978922001 	 0.0
0.1490219978922001 	 0.0
0.1500219978922001 	 0.0
0.1510219978922001 	 0.0
0.1520219978922001 	 0.0
0.1530219978922001 	 0.0
0.1540219978922001 	 0.0
0.15502199789220011 	 0.0
0.15602199789220011 	 0.0
0.15702199789220012 	 0.0
0.15802199789220012 	 0.0
0.15902199789220012 	 0.0
0.16002199789220012 	 0.0
0.16102199789220012 	 0.0
0.16202199789220012 	 0.0
0.16302199789220012 	 0.0
0.16402199789220012 	 0.0
0.16502199789220012 	 0.0
0.16602199789220012 	 0.0
0.16702199789220012 	 0.0
0.16802199789220013 	 0.0
0.16902199789220013 	 0.0
0.17002199789220013 	 0.0
0.17102199789220013 	 0.0
0.17202199789220013 	 0.0
0.17302199789220013 	 0.0
0.17402199789220013 	 0.0
0.17502199789220013 	 0.0
0.17602199789220013 	 0.0
0.17702199789220013 	 0.0
0.17802199789220013 	 0.0
0.17902199789220014 	 0.0
0.18002199789220014 	 0.0
0.18102199789220014 	 0.0
0.18202199789220014 	 0.0
0.18302199789220014 	 0.0
0.18402199789220014 	 0.0
0.18502199789220014 	 0.0
0.18602199789220014 	 0.0
0.18702199789220014 	 0.0
0.18802199789220014 	 0.0
0.18902199789220014 	 0.0
0.19002199789220015 	 0.0
0.19102199789220015 	 0.0
0.19202199789220015 	 0.0
0.19302199789220015 	 0.0
0.19402199789220015 	 0.0
0.19502199789220015 	 0.0
0.19602199789220015 	 0.0
0.19702199789220015 	 0.0
0.19802199789220015 	 0.0
0.19902199789220015 	 0.0
0.20002199789220015 	 0.0
0.20102199789220015 	 0.0
0.20202199789220016 	 0.0
0.20302199789220016 	 0.0
0.20402199789220016 	 0.0
0.20502199789220016 	 0.0
0.20602199789220016 	 0.0
0.20702199789220016 	 0.0
0.20802199789220016 	 0.0
0.20902199789220016 	 0.0
0.21002199789220016 	 0.0
0.21102199789220016 	 0.0
0.21202199789220016 	 0.0
0.21302199789220017 	 0.0
0.21402199789220017 	 0.0
0.21502199789220017 	 0.0
0.21602199789220017 	 0.0
0.21702199789220017 	 0.0
0.21802199789220017 	 0.0
0.21902199789220017 	 0.0
0.22002199789220017 	 0.0
0.22102199789220017 	 0.0
0.22202199789220017 	 0.0
0.22302199789220017 	 0.0
0.22402199789220018 	 0.0
0.22502199789220018 	 0.0
0.22602199789220018 	 0.0
0.22702199789220018 	 0.0
0.22802199789220018 	 0.0
0.22902199789220018 	 0.0
0.23002199789220018 	 0.0
0.23102199789220018 	 0.0
0.23202199789220018 	 0.0
0.23302199789220018 	 0.0
0.23402199789220018 	 0.0
0.23502199789220019 	 0.0
0.23602199789220019 	 0.0
0.2370219978922002 	 0.0
0.2380219978922002 	 0.0
0.2390219978922002 	 0.0
0.2400219978922002 	 0.0
0.2410219978922002 	 0.0
0.2420219978922002 	 0.0
0.2430219978922002 	 0.0
0.2440219978922002 	 0.0
0.2450219978922002 	 0.0
0.2460219978922002 	 0.0
0.2470219978922002 	 0.0
0.2480219978922002 	 0.0
0.2490219978922002 	 0.0
0.2500219978922002 	 0.0
0.2510219978922002 	 0.0
0.2520219978922002 	 0.0
0.2530219978922002 	 0.0
0.2540219978922002 	 0.0
0.2550219978922002 	 0.0
0.2560219978922002 	 0.0
0.2570219978922002 	 0.0
0.2580219978922002 	 0.0
0.2590219978922002 	 0.0
0.2600219978922002 	 0.0
0.2610219978922002 	 0.0
0.2620219978922002 	 0.0
0.2630219978922002 	 0.0
0.2640219978922002 	 0.0
0.2650219978922002 	 0.0
0.2660219978922002 	 0.0
0.2670219978922002 	 0.0
0.2680219978922002 	 0.0
0.2690219978922002 	 0.0
0.2700219978922002 	 0.0
0.2710219978922002 	 0.0
0.2720219978922002 	 0.0
0.2730219978922002 	 0.0
0.2740219978922002 	 0.0
0.2750219978922002 	 0.0
0.2760219978922002 	 0.0
0.2770219978922002 	 0.0
0.2780219978922002 	 0.0
0.2790219978922002 	 0.0
0.2800219978922002 	 0.0
0.2810219978922002 	 0.0
0.2820219978922002 	 0.0
0.2830219978922002 	 0.0
0.28402199789220023 	 0.0
0.28502199789220023 	 0.0
0.28602199789220023 	 0.0
0.28702199789220023 	 0.0
0.28802199789220023 	 0.0
0.28902199789220023 	 0.0
0.29002199789220023 	 0.0
0.29102199789220023 	 0.0
0.29202199789220024 	 0.0
0.29302199789220024 	 0.0
0.29402199789220024 	 0.0
0.29502199789220024 	 0.0
0.29602199789220024 	 0.0
0.29702199789220024 	 0.0
0.29802199789220024 	 0.0
0.29902199789220024 	 0.0
0.30002199789220024 	 0.0
0.30102199789220024 	 0.0
0.30202199789220024 	 0.0
0.30302199789220025 	 0.0
0.30402199789220025 	 0.0
0.30502199789220025 	 0.0
0.30602199789220025 	 0.0
0.30702199789220025 	 0.0
0.30802199789220025 	 0.0
0.30902199789220025 	 0.0
0.31002199789220025 	 0.0
0.31102199789220025 	 0.0
0.31202199789220025 	 0.0
0.31302199789220025 	 0.0
0.31402199789220026 	 0.0
0.31502199789220026 	 0.0
0.31602199789220026 	 0.0
0.31702199789220026 	 0.0
0.31802199789220026 	 0.0
0.31902199789220026 	 0.0
0.32002199789220026 	 0.0
0.32102199789220026 	 0.0
0.32202199789220026 	 0.0
0.32302199789220026 	 0.0
0.32402199789220026 	 0.0
0.32502199789220027 	 0.0
0.32602199789220027 	 0.0
0.32702199789220027 	 0.0
0.32802199789220027 	 0.0
0.32902199789220027 	 0.0
0.33002199789220027 	 0.0
0.33102199789220027 	 0.0
0.33202199789220027 	 0.0
0.33302199789220027 	 0.0
0.3340219978922003 	 0.0
0.3350219978922003 	 0.0
0.3360219978922003 	 0.0
0.3370219978922003 	 0.0
0.3380219978922003 	 0.0
0.3390219978922003 	 0.0
0.3400219978922003 	 0.0
0.3410219978922003 	 0.0
0.3420219978922003 	 0.0
0.3430219978922003 	 0.0
0.3440219978922003 	 0.0
0.3450219978922003 	 0.0
0.3460219978922003 	 0.0
0.3470219978922003 	 0.0
0.3480219978922003 	 0.0
0.3490219978922003 	 0.0
0.3500219978922003 	 0.0
0.3510219978922003 	 0.0
0.3520219978922003 	 0.0
0.3530219978922003 	 0.0
0.3540219978922003 	 0.0
0.3550219978922003 	 0.0
0.3560219978922003 	 0.0
0.3570219978922003 	 0.0
0.3580219978922003 	 0.0
0.3590219978922003 	 0.0
0.3600219978922003 	 0.0
0.3610219978922003 	 0.0
0.3620219978922003 	 0.0
0.3630219978922003 	 0.0
0.3640219978922003 	 0.0
0.3650219978922003 	 0.0
0.3660219978922003 	 0.0
0.3670219978922003 	 0.0
0.3680219978922003 	 0.0
0.3690219978922003 	 0.0
0.3700219978922003 	 0.0
0.3710219978922003 	 0.0
0.3720219978922003 	 0.0
0.3730219978922003 	 0.0
0.3740219978922003 	 0.0
0.3750219978922003 	 0.0
0.3760219978922003 	 0.0
0.3770219978922003 	 0.0
0.3780219978922003 	 0.0
0.3790219978922003 	 0.0
0.3800219978922003 	 0.0
0.3810219978922003 	 0.0
0.3820219978922003 	 0.0
0.3830219978922003 	 0.0
0.3840219978922003 	 0.0
0.3850219978922003 	 0.0
0.3860219978922003 	 0.0
0.3870219978922003 	 0.0
0.3880219978922003 	 0.0
0.3890219978922003 	 0.0
0.3900219978922003 	 0.0
0.3910219978922003 	 0.0
0.3920219978922003 	 0.0
0.3930219978922003 	 0.0
0.3940219978922003 	 0.0
0.3950219978922003 	 0.0
0.39602199789220033 	 0.0
0.39702199789220033 	 0.0
0.39802199789220033 	 0.0
0.39902199789220033 	 0.0
0.40002199789220033 	 0.0
0.40102199789220033 	 0.0
0.40202199789220033 	 0.0
0.40302199789220033 	 0.0
0.40402199789220034 	 0.0
0.40502199789220034 	 0.0
0.40602199789220034 	 0.0
0.40702199789220034 	 0.0
0.40802199789220034 	 0.0
0.40902199789220034 	 0.0
0.41002199789220034 	 0.0
0.41102199789220034 	 0.0
0.41202199789220034 	 0.0
0.41302199789220034 	 0.0
0.41402199789220034 	 0.0
0.41502199789220034 	 0.0
0.41602199789220035 	 0.0
0.41702199789220035 	 0.0
0.41802199789220035 	 0.0
0.41902199789220035 	 0.0
0.42002199789220035 	 0.0
0.42102199789220035 	 0.0
0.42202199789220035 	 0.0
0.42302199789220035 	 0.0
0.42402199789220035 	 0.0
0.42502199789220035 	 0.0
0.42602199789220035 	 0.0
0.42702199789220036 	 0.0
0.42802199789220036 	 0.0
0.42902199789220036 	 0.0
0.43002199789220036 	 0.0
0.43102199789220036 	 0.0
0.43202199789220036 	 0.0
0.43302199789220036 	 0.0
0.43402199789220036 	 0.0
0.43502199789220036 	 0.0
0.43602199789220036 	 0.0
0.43702199789220036 	 0.0
0.43802199789220037 	 0.0
0.43902199789220037 	 0.0
0.44002199789220037 	 0.0
0.44102199789220037 	 0.0
0.44202199789220037 	 0.0
0.44302199789220037 	 0.0
0.44402199789220037 	 0.0
0.44502199789220037 	 0.0
0.4460219978922004 	 0.0
0.4470219978922004 	 0.0
0.4480219978922004 	 0.0
0.4490219978922004 	 0.0
0.4500219978922004 	 0.0
0.4510219978922004 	 0.0
0.4520219978922004 	 0.0
0.4530219978922004 	 0.0
0.4540219978922004 	 0.0
0.4550219978922004 	 0.0
0.4560219978922004 	 0.0
0.4570219978922004 	 0.0
0.4580219978922004 	 0.0
0.4590219978922004 	 0.0
0.4600219978922004 	 0.0
0.4610219978922004 	 0.0
0.4620219978922004 	 0.0
0.4630219978922004 	 0.0
0.4640219978922004 	 0.0
0.4650219978922004 	 0.0
0.4660219978922004 	 0.0
0.4670219978922004 	 0.0
0.4680219978922004 	 0.0
0.4690219978922004 	 0.0
0.4700219978922004 	 0.0
0.4710219978922004 	 0.0
0.4720219978922004 	 0.0
0.4730219978922004 	 0.0
0.4740219978922004 	 0.0
0.4750219978922004 	 0.0
0.4760219978922004 	 0.0
0.4770219978922004 	 0.0
0.4780219978922004 	 0.0
0.4790219978922004 	 0.0
0.4800219978922004 	 0.0
0.4810219978922004 	 0.0
0.4820219978922004 	 0.0
0.4830219978922004 	 0.0
0.4840219978922004 	 0.0
0.4850219978922004 	 0.0
0.4860219978922004 	 0.0
0.4870219978922004 	 0.0
0.4880219978922004 	 0.0
0.4890219978922004 	 0.0
0.4900219978922004 	 0.0
0.4910219978922004 	 0.0
0.4920219978922004 	 0.0
0.4930219978922004 	 0.0
0.4940219978922004 	 0.0
0.4950219978922004 	 0.0
0.4960219978922004 	 0.0
0.4970219978922004 	 0.0
0.4980219978922004 	 0.0
0.4990219978922004 	 0.0
0.5000219978922004 	 0.0
0.5010219978922004 	 0.0
0.5020219978922004 	 0.0
0.5030219978922004 	 0.0
0.5040219978922004 	 0.0
0.5050219978922004 	 0.0
0.5060219978922004 	 0.0
0.5070219978922004 	 0.0
0.5080219978922004 	 0.0
0.5090219978922004 	 0.0
0.5100219978922004 	 0.0
0.5110219978922004 	 0.0
0.5120219978922004 	 0.0
0.5130219978922004 	 0.0
0.5140219978922004 	 0.0
0.5150219978922004 	 0.0
0.5160219978922004 	 0.0
0.5170219978922004 	 0.0
0.5180219978922004 	 0.0
0.5190219978922004 	 0.0
0.5200219978922004 	 0.0
0.5210219978922004 	 0.0
0.5220219978922004 	 0.0
0.5230219978922004 	 0.0
0.5240219978922004 	 0.0
0.5250219978922004 	 0.0
0.5260219978922004 	 0.0
0.5270219978922004 	 0.0
0.5280219978922004 	 0.0
0.5290219978922004 	 0.0
0.5300219978922004 	 0.0
0.5310219978922004 	 0.0
0.5320219978922004 	 0.0
0.5330219978922004 	 0.0
0.5340219978922004 	 0.0
0.5350219978922004 	 0.0
0.5360219978922004 	 0.0
0.5370219978922004 	 0.0
0.5380219978922004 	 0.0
0.5390219978922004 	 0.0
0.5400219978922004 	 0.0
0.5410219978922004 	 0.0
0.5420219978922004 	 0.0
0.5430219978922004 	 0.0
0.5440219978922004 	 0.0
0.5450219978922004 	 0.0
0.5460219978922004 	 0.0
0.5470219978922004 	 0.0
0.5480219978922004 	 0.0
0.5490219978922004 	 0.0
0.5500219978922004 	 0.0
0.5510219978922004 	 0.0
0.5520219978922004 	 0.0
0.5530219978922004 	 0.0
0.5540219978922004 	 0.0
0.5550219978922004 	 0.0
0.5560219978922004 	 0.0
0.5570219978922004 	 0.0
0.5580219978922004 	 0.0
0.5590219978922004 	 0.0
0.5600219978922004 	 0.0
0.5610219978922004 	 0.0
0.5620219978922004 	 0.0
0.5630219978922004 	 0.0
0.5640219978922004 	 0.0
0.5650219978922004 	 0.0
0.5660219978922004 	 0.0
0.5670219978922004 	 0.0
0.5680219978922004 	 0.0
0.5690219978922004 	 0.0
0.5700219978922004 	 0.0
0.5710219978922004 	 0.0
0.5720219978922004 	 0.0
0.5730219978922004 	 0.0
0.5740219978922004 	 0.0
0.5750219978922004 	 0.0
0.5760219978922004 	 0.0
0.5770219978922004 	 0.0
0.5780219978922004 	 0.0
0.5790219978922004 	 0.0
0.5800219978922004 	 0.0
0.5810219978922004 	 0.0
0.5820219978922004 	 0.0
0.5830219978922004 	 0.0
0.5840219978922004 	 0.0
0.5850219978922004 	 0.0
0.5860219978922004 	 0.0
0.5870219978922004 	 0.0
0.5880219978922004 	 0.0
0.5890219978922004 	 0.0
0.5900219978922004 	 0.0
0.5910219978922004 	 0.0
0.5920219978922004 	 0.0
0.5930219978922004 	 0.0
0.5940219978922004 	 0.0
0.5950219978922004 	 0.0
0.5960219978922005 	 0.0
0.5970219978922005 	 0.0
0.5980219978922005 	 0.0
0.5990219978922005 	 0.0
0.6000219978922005 	 0.0
0.6010219978922005 	 0.0
0.6020219978922005 	 0.0
0.6030219978922005 	 0.0
0.6040219978922005 	 0.0
0.6050219978922005 	 0.0
0.6060219978922005 	 0.0
0.6070219978922005 	 0.0
0.6080219978922005 	 0.0
0.6090219978922005 	 0.0
0.6100219978922005 	 0.0
0.6110219978922005 	 0.0
0.6120219978922005 	 0.0
0.6130219978922005 	 0.0
0.6140219978922005 	 0.0
0.6150219978922005 	 0.0
0.6160219978922005 	 0.0
0.6170219978922005 	 0.0
0.6180219978922005 	 0.0
0.6190219978922005 	 0.0
0.6200219978922005 	 0.0
0.6210219978922005 	 0.0
0.6220219978922005 	 0.0
0.6230219978922005 	 0.0
0.6240219978922005 	 0.0
0.6250219978922005 	 0.0
0.6260219978922005 	 0.0
0.6270219978922005 	 0.0
0.6280219978922005 	 0.0
0.6290219978922005 	 0.0
0.6300219978922005 	 0.0
0.6310219978922005 	 0.0
0.6320219978922005 	 0.0
0.6330219978922005 	 0.0
0.6340219978922005 	 0.0
0.6350219978922005 	 0.0
0.6360219978922005 	 0.0
0.6370219978922005 	 0.0
0.6380219978922005 	 0.0
0.6390219978922005 	 0.0
0.6400219978922005 	 0.0
0.6410219978922005 	 0.0
0.6420219978922005 	 0.0
0.6430219978922005 	 0.0
0.6440219978922005 	 0.0
0.6450219978922005 	 0.0
0.6460219978922005 	 0.0
0.6470219978922005 	 0.0
0.6480219978922005 	 0.0
0.6490219978922005 	 0.0
0.6500219978922005 	 0.0
0.6510219978922005 	 0.0
0.6520219978922005 	 0.0
0.6530219978922005 	 0.0
0.6540219978922005 	 0.0
0.6550219978922005 	 0.0
0.6560219978922005 	 0.0
0.6570219978922005 	 0.0
0.6580219978922005 	 0.0
0.6590219978922005 	 0.0
0.6600219978922005 	 0.0
0.6610219978922005 	 0.0
0.6620219978922005 	 0.0
0.6630219978922005 	 0.0
0.6640219978922005 	 0.0
0.6650219978922005 	 0.0
0.6660219978922005 	 0.0
0.6670219978922005 	 0.0
0.6680219978922005 	 0.0
0.6690219978922005 	 0.0
0.6700219978922005 	 0.0
0.6710219978922005 	 0.0
0.6720219978922005 	 0.0
0.6730219978922005 	 0.0
0.6740219978922005 	 0.0
0.6750219978922005 	 0.0
0.6760219978922005 	 0.0
0.6770219978922005 	 0.0
0.6780219978922005 	 0.0
0.6790219978922005 	 0.0
0.6800219978922005 	 0.0
0.6810219978922005 	 0.0
0.6820219978922005 	 0.0
0.6830219978922005 	 0.0
0.6840219978922005 	 0.0
0.6850219978922005 	 0.0
0.6860219978922005 	 0.0
0.6870219978922005 	 0.0
0.6880219978922005 	 0.0
0.6890219978922005 	 0.0
0.6900219978922005 	 0.0
0.6910219978922005 	 0.0
0.6920219978922005 	 0.0
0.6930219978922005 	 0.0
0.6940219978922005 	 0.0
0.6950219978922005 	 0.0
0.6960219978922005 	 0.0
0.6970219978922005 	 0.0
0.6980219978922005 	 0.0
0.6990219978922005 	 0.0
0.7000219978922005 	 0.0
0.7010219978922005 	 0.0
0.7020219978922005 	 0.0
0.7030219978922005 	 0.0
0.7040219978922005 	 0.0
0.7050219978922005 	 0.0
0.7060219978922005 	 0.0
0.7070219978922005 	 0.0
0.7080219978922005 	 0.0
0.7090219978922006 	 0.0
0.7100219978922006 	 0.0
0.7110219978922006 	 0.0
0.7120219978922006 	 0.0
0.7130219978922006 	 0.0
0.7140219978922006 	 0.0
0.7150219978922006 	 0.0
0.7160219978922006 	 0.0
0.7170219978922006 	 0.0
0.7180219978922006 	 0.0
0.7190219978922006 	 0.0
0.7200219978922006 	 0.0
0.7210219978922006 	 0.0
0.7220219978922006 	 0.0
0.7230219978922006 	 0.0
0.7240219978922006 	 0.0
0.7250219978922006 	 0.0
0.7260219978922006 	 0.0
0.7270219978922006 	 0.0
0.7280219978922006 	 0.0
0.7290219978922006 	 0.0
0.7300219978922006 	 0.0
0.7310219978922006 	 0.0
0.7320219978922006 	 0.0
0.7330219978922006 	 0.0
0.7340219978922006 	 0.0
0.7350219978922006 	 0.0
0.7360219978922006 	 0.0
0.7370219978922006 	 0.0
0.7380219978922006 	 0.0
0.7390219978922006 	 0.0
0.7400219978922006 	 0.0
0.7410219978922006 	 0.0
0.7420219978922006 	 0.0
0.7430219978922006 	 0.0
0.7440219978922006 	 0.0
0.7450219978922006 	 0.0
0.7460219978922006 	 0.0
0.7470219978922006 	 0.0
0.7480219978922006 	 0.0
0.7490219978922006 	 0.0
0.7500219978922006 	 0.0
0.7510219978922006 	 0.0
0.7520219978922006 	 0.0
0.7530219978922006 	 0.0
0.7540219978922006 	 0.0
0.7550219978922006 	 0.0
0.7560219978922006 	 0.0
0.7570219978922006 	 0.0
0.7580219978922006 	 0.0
0.7590219978922006 	 0.0
0.7600219978922006 	 0.0
0.7610219978922006 	 0.0
0.7620219978922006 	 0.0
0.7630219978922006 	 0.0
0.7640219978922006 	 0.0
0.7650219978922006 	 0.0
0.7660219978922006 	 0.0
0.7670219978922006 	 0.0
0.7680219978922006 	 0.0
0.7690219978922006 	 0.0
0.7700219978922006 	 0.0
0.7710219978922006 	 0.0
0.7720219978922006 	 0.0
0.7730219978922006 	 0.0
0.7740219978922006 	 0.0
0.7750219978922006 	 0.0
0.7760219978922006 	 0.0
0.7770219978922006 	 0.0
0.7780219978922006 	 0.0
0.7790219978922006 	 0.0
0.7800219978922006 	 0.0
0.7810219978922006 	 0.0
0.7820219978922006 	 0.0
0.7830219978922006 	 0.0
0.7840219978922006 	 0.0
0.7850219978922006 	 0.0
0.7860219978922006 	 0.0
0.7870219978922006 	 0.0
0.7880219978922006 	 0.0
0.7890219978922006 	 0.0
0.7900219978922006 	 0.0
0.7910219978922006 	 0.0
0.7920219978922006 	 0.0
0.7930219978922006 	 0.0
0.7940219978922006 	 0.0
0.7950219978922006 	 0.0
0.7960219978922006 	 0.0
0.7970219978922006 	 0.0
0.7980219978922006 	 0.0
0.7990219978922006 	 0.0
0.8000219978922006 	 0.0
0.8010219978922006 	 0.0
0.8020219978922006 	 0.0
0.8030219978922006 	 0.0
0.8040219978922006 	 0.0
0.8050219978922006 	 0.0
0.8060219978922006 	 0.0
0.8070219978922006 	 0.0
0.8080219978922006 	 0.0
0.8090219978922006 	 0.0
0.8100219978922006 	 0.0
0.8110219978922006 	 0.0
0.8120219978922006 	 0.0
0.8130219978922006 	 0.0
0.8140219978922006 	 0.0
0.8150219978922006 	 0.0
0.8160219978922006 	 0.0
0.8170219978922006 	 0.0
0.8180219978922006 	 0.0
0.8190219978922006 	 0.0
0.8200219978922006 	 0.0
0.8210219978922007 	 0.0
0.8220219978922007 	 0.0
0.8230219978922007 	 0.0
0.8240219978922007 	 0.0
0.8250219978922007 	 0.0
0.8260219978922007 	 0.0
0.8270219978922007 	 0.0
0.8280219978922007 	 0.0
0.8290219978922007 	 0.0
0.8300219978922007 	 0.0
0.8310219978922007 	 0.0
0.8320219978922007 	 0.0
0.8330219978922007 	 0.0
0.8340219978922007 	 0.0
0.8350219978922007 	 0.0
0.8360219978922007 	 0.0
0.8370219978922007 	 0.0
0.8380219978922007 	 0.0
0.8390219978922007 	 0.0
0.8400219978922007 	 0.0
0.8410219978922007 	 0.0
0.8420219978922007 	 0.0
0.8430219978922007 	 0.0
0.8440219978922007 	 0.0
0.8450219978922007 	 0.0
0.8460219978922007 	 0.0
0.8470219978922007 	 0.0
0.8480219978922007 	 0.0
0.8490219978922007 	 0.0
0.8500219978922007 	 0.0
0.8510219978922007 	 0.0
0.8520219978922007 	 0.0
0.8530219978922007 	 0.0
0.8540219978922007 	 0.0
0.8550219978922007 	 0.0
0.8560219978922007 	 0.0
0.8570219978922007 	 0.0
0.8580219978922007 	 0.0
0.8590219978922007 	 0.0
0.8600219978922007 	 0.0
0.8610219978922007 	 0.0
0.8620219978922007 	 0.0
0.8630219978922007 	 0.0
0.8640219978922007 	 0.0
0.8650219978922007 	 0.0
0.8660219978922007 	 0.0
0.8670219978922007 	 0.0
0.8680219978922007 	 0.0
0.8690219978922007 	 0.0
0.8700219978922007 	 0.0
0.8710219978922007 	 0.0
0.8720219978922007 	 0.0
0.8730219978922007 	 0.0
0.8740219978922007 	 0.0
0.8750219978922007 	 0.0
0.8760219978922007 	 0.0
0.8770219978922007 	 0.0
0.8780219978922007 	 0.0
0.8790219978922007 	 0.0
0.8800219978922007 	 0.0
0.8810219978922007 	 0.0
0.8820219978922007 	 0.0
0.8830219978922007 	 0.0
0.8840219978922007 	 0.0
0.8850219978922007 	 0.0
0.8860219978922007 	 0.0
0.8870219978922007 	 0.0
0.8880219978922007 	 0.0
0.8890219978922007 	 0.0
0.8900219978922007 	 0.0
0.8910219978922007 	 0.0
0.8920219978922007 	 0.0
0.8930219978922007 	 0.0
0.8940219978922007 	 0.0
0.8950219978922007 	 0.0
0.8960219978922007 	 0.0
0.8970219978922007 	 0.0
0.8980219978922007 	 0.0
0.8990219978922007 	 0.0
0.9000219978922007 	 0.0
0.9010219978922007 	 0.0
0.9020219978922007 	 0.0
0.9030219978922007 	 0.0
0.9040219978922007 	 0.0
0.9050219978922007 	 0.0
0.9060219978922007 	 0.0
0.9070219978922007 	 0.0
0.9080219978922007 	 0.0
0.9090219978922007 	 0.0
0.9100219978922007 	 0.0
0.9110219978922007 	 0.0
0.9120219978922007 	 0.0
0.9130219978922007 	 0.0
0.9140219978922007 	 0.0
0.9150219978922007 	 0.0
0.9160219978922007 	 0.0
0.9170219978922007 	 0.0
0.9180219978922007 	 0.0
0.9190219978922007 	 0.0
0.9200219978922007 	 0.0
0.9210219978922007 	 0.0
0.9220219978922007 	 0.0
0.9230219978922007 	 0.0
0.9240219978922007 	 0.0
0.9250219978922007 	 0.0
0.9260219978922007 	 0.0
0.9270219978922007 	 0.0
0.9280219978922007 	 0.0
0.9290219978922007 	 0.0
0.9300219978922007 	 0.0
0.9310219978922007 	 0.0
0.9320219978922007 	 0.0
0.9330219978922007 	 0.0
0.9340219978922008 	 0.0
0.9350219978922008 	 0.0
0.9360219978922008 	 0.0
0.9370219978922008 	 0.0
0.9380219978922008 	 0.0
0.9390219978922008 	 0.0
0.9400219978922008 	 0.0
0.9410219978922008 	 0.0
0.9420219978922008 	 0.0
0.9430219978922008 	 0.0
0.9440219978922008 	 0.0
0.9450219978922008 	 0.0
0.9460219978922008 	 0.0
0.9470219978922008 	 0.0
0.9480219978922008 	 0.0
0.9490219978922008 	 0.0
0.9500219978922008 	 0.0
0.9510219978922008 	 0.0
0.9520219978922008 	 0.0
0.9530219978922008 	 0.0
0.9540219978922008 	 0.0
0.9550219978922008 	 0.0
0.9560219978922008 	 0.0
0.9570219978922008 	 0.0
0.9580219978922008 	 0.0
0.9590219978922008 	 0.0
0.9600219978922008 	 0.0
0.9610219978922008 	 0.0
0.9620219978922008 	 0.0
0.9630219978922008 	 0.0
0.9640219978922008 	 0.0
0.9650219978922008 	 0.0
0.9660219978922008 	 0.0
0.9670219978922008 	 0.0
0.9680219978922008 	 0.0
0.9690219978922008 	 0.0
0.9700219978922008 	 0.0
0.9710219978922008 	 0.0
0.9720219978922008 	 0.0
0.9730219978922008 	 0.0
0.9740219978922008 	 0.0
0.9750219978922008 	 0.0
0.9760219978922008 	 0.0
0.9770219978922008 	 0.0
0.9780219978922008 	 0.0
0.9790219978922008 	 0.0
0.9800219978922008 	 0.0
0.9810219978922008 	 0.0
0.9820219978922008 	 0.0
0.9830219978922008 	 0.0
0.9840219978922008 	 0.0
0.9850219978922008 	 0.0
0.9860219978922008 	 0.0
0.9870219978922008 	 0.0
0.9880219978922008 	 0.0029988602062144183
0.9890219978922008 	 0.012665469992304067
0.9900219978922008 	 0.027401048818181506
0.9910219978922008 	 0.047206435512096856
0.9920219978922008 	 0.0723701591634564
0.9930219978922008 	 0.1032753131532548
0.9940219978922008 	 0.1403113842212453
0.9950219978922008 	 0.18379875230546672
0.9960219978922008 	 0.2394253686016652
0.9970219978922008 	 0.30842641425227013
0.9980219978922008 	 0.3856508830307857
0.9990219978922008 	 0.4675434856850941
1.0000219978922007 	 0.5505497116836293
1.0010219978922006 	 0.6312175444584003
1.0020219978922005 	 0.7064704352476702
1.0030219978922004 	 0.7738617453498102
1.0040219978922003 	 0.8317292910121691
1.0050219978922001 	 0.879223745398035
1.0060219978922 	 0.9162265635610075
1.0070219978922 	 0.943197206770497
1.0080219978921998 	 0.9609942014002336
1.0090219978921997 	 0.9707055575129534
1.0100219978921996 	 0.9735095408269654
1.0110219978921995 	 0.9705733339235758
1.0120219978921994 	 0.9629876179369811
1.0130219978921993 	 0.951730224263491
1.0140219978921992 	 0.9376483805281252
1.015021997892199 	 0.9214466797775357
1.016021997892199 	 0.9036448588835428
1.0170219978921988 	 0.8844194797745276
1.0180219978921987 	 0.8631340081589384
1.0190219978921986 	 0.8386786122882651
1.0200219978921985 	 0.8131476713953182
1.0210219978921984 	 0.791157142590098
1.0220219978921983 	 0.7712058749058036
1.0230219978921982 	 0.7519196859318674
1.024021997892198 	 0.7328672766969705
1.025021997892198 	 0.7140702198377119
1.0260219978921978 	 0.6955921578457062
1.0270219978921977 	 0.6774977840368736
1.0280219978921976 	 0.6598307445492466
1.0290219978921975 	 0.6426196885918586
1.0300219978921974 	 0.6258807697903528
1.0310219978921973 	 0.6096212728150054
1.0320219978921972 	 0.5938419321750261
1.033021997892197 	 0.5785387727824659
1.034021997892197 	 0.5637044270938514
1.0350219978921968 	 0.549329123064305
1.0360219978921967 	 0.5354014181431634
1.0370219978921966 	 0.5219087512699467
1.0380219978921965 	 0.5088378584688688
1.0390219978921964 	 0.496175086429466
1.0400219978921963 	 0.483906628702383
1.0410219978921962 	 0.472018702865891
1.042021997892196 	 0.46049768237817396
1.043021997892196 	 0.44933019351167625
1.0440219978921959 	 0.4385031853103231
1.0450219978921957 	 0.4280039786821869
1.0460219978921956 	 0.4178202993398667
1.0470219978921955 	 0.4079402983707988
1.0480219978921954 	 0.39835256309669576
1.0490219978921953 	 0.3890461207192772
1.0500219978921952 	 0.3800104363740103
1.051021997892195 	 0.37123540700630686
1.052021997892195 	 0.3627113521357573
1.0530219978921949 	 0.3544290024871831
1.0540219978921948 	 0.34637948692059417
1.0550219978921946 	 0.3385543184371042
1.0560219978921945 	 0.3309453795050953
1.0570219978921944 	 0.3235449070818188
1.0580219978921943 	 0.3163454775617396
1.0590219978921942 	 0.3093399918377995
1.060021997892194 	 0.3025216606137573
1.061021997892194 	 0.2958839900706264
1.0620219978921939 	 0.289420736959509
1.0630219978921938 	 0.2831255879128449
1.0640219978921936 	 0.27699289547241607
1.0650219978921935 	 0.27101726096180184
1.0660219978921934 	 0.26519349251257823
1.0670219978921933 	 0.2595166112167894
1.0680219978921932 	 0.25398184430390786
1.069021997892193 	 0.24858461617985114
1.070021997892193 	 0.24332053956665617
1.0710219978921929 	 0.23818540628927126
1.0720219978921928 	 0.23317517894817902
1.0730219978921927 	 0.22828598255203142
1.0740219978921925 	 0.22351409673316455
1.0750219978921924 	 0.21885594831843705
1.0760219978921923 	 0.2143081042643628
1.0770219978921922 	 0.20986726504914469
1.078021997892192 	 0.20553025823794585
1.079021997892192 	 0.2012940325634426
1.0800219978921919 	 0.19715565221762013
1.0810219978921918 	 0.193112291549202
1.0820219978921917 	 0.1891612298736942
1.0830219978921916 	 0.18529984671202443
1.0840219978921914 	 0.18152561727951166
1.0850219978921913 	 0.17783610803114572
1.0860219978921912 	 0.1742289727577914
1.0870219978921911 	 0.17070194855081436
1.088021997892191 	 0.16725285215082122
1.089021997892191 	 0.16387957652656954
1.0900219978921908 	 0.1605800875691875
1.0910219978921907 	 0.15735242089103
1.0920219978921906 	 0.15419467886814464
1.0930219978921905 	 0.1511050278038106
1.0940219978921903 	 0.14808169540899538
1.0950219978921902 	 0.14512296796754753
1.0960219978921901 	 0.1422271881252757
1.09702199789219 	 0.1393927525652046
1.09802199789219 	 0.13661810972155913
1.0990219978921898 	 0.13390175780704283
1.1000219978921897 	 0.1312422425342598
1.1010219978921896 	 0.12863815672208773
1.1020219978921895 	 0.12608819166406954
1.1030219978921894 	 0.12359100084988627
1.1040219978921892 	 0.1211452669572409
1.1050219978921891 	 0.1187497248052704
1.106021997892189 	 0.11640315824035789
1.107021997892189 	 0.11410439740658615
1.1080219978921888 	 0.11185231599809119
1.1090219978921887 	 0.10964582882258588
1.1100219978921886 	 0.10748388951363726
1.1110219978921885 	 0.10536548827816553
1.1120219978921884 	 0.10328963887556976
1.1130219978921883 	 0.1012553476408697
1.1140219978921881 	 0.09926164598019507
1.115021997892188 	 0.09730759853107934
1.116021997892188 	 0.09539230163242371
1.1170219978921878 	 0.0935148815555262
1.1180219978921877 	 0.09167449316425921
1.1190219978921876 	 0.08987031849170153
1.1200219978921875 	 0.0881015653530594
1.1210219978921874 	 0.08636746623915587
1.1220219978921873 	 0.08466727191201774
1.1230219978921872 	 0.08300023737059198
1.124021997892187 	 0.08136563619141784
1.125021997892187 	 0.07976276428980056
1.1260219978921868 	 0.07819093875573627
1.1270219978921867 	 0.07664949704313814
1.1280219978921866 	 0.07513779599734416
1.1290219978921865 	 0.07365521113645894
1.1300219978921864 	 0.07220113569590045
1.1310219978921863 	 0.07077498007893165
1.1320219978921862 	 0.06937616828154919
1.133021997892186 	 0.0680041304789936
1.134021997892186 	 0.06665831049855683
1.1350219978921858 	 0.06533748501224962
1.1360219978921857 	 0.06404253638416967
1.1370219978921856 	 0.06277222545562884
1.1380219978921855 	 0.06152605462832413
1.1390219978921854 	 0.06030353951048487
1.1400219978921853 	 0.059104208499176795
1.1410219978921852 	 0.05792760216833959
1.142021997892185 	 0.05677327159898648
1.143021997892185 	 0.05564077424673658
1.1440219978921848 	 0.05452967789575633
1.1450219978921847 	 0.05343956143056844
1.1460219978921846 	 0.052370014526408354
1.1470219978921845 	 0.05132063715184785
1.1480219978921844 	 0.05029103933566614
1.1490219978921843 	 0.04928084076647502
1.1500219978921842 	 0.04828967041155605
1.151021997892184 	 0.04731716632314384
1.152021997892184 	 0.046362974494643217
1.1530219978921838 	 0.04542674675369528
1.1540219978921837 	 0.04450814271272809
1.1550219978921836 	 0.04360683022135616
1.1560219978921835 	 0.042722485053682625
1.1570219978921834 	 0.041854790655903744
1.1580219978921833 	 0.04100343796121776
1.1590219978921832 	 0.040168125060665714
1.160021997892183 	 0.03934855709044478
1.161021997892183 	 0.03854444592455569
1.1620219978921829 	 0.037755509642586185
1.1630219978921827 	 0.03698147134595492
1.1640219978921826 	 0.036222060114393655
1.1650219978921825 	 0.03547701123756421
1.1660219978921824 	 0.03474606594479942
1.1670219978921823 	 0.034028971317896256
1.1680219978921822 	 0.033325480083452784
1.169021997892182 	 0.032635350415148826
1.170021997892182 	 0.03195834586028672
1.1710219978921819 	 0.03129423511327884
1.1720219978921818 	 0.030642791735720747
1.1730219978921816 	 0.03000379349387174
1.1740219978921815 	 0.029377022851874858
1.1750219978921814 	 0.028762266995629445
1.1760219978921813 	 0.028159317670155812
1.1770219978921812 	 0.027567971126929908
1.178021997892181 	 0.02698802793901313
1.179021997892181 	 0.026419292924596653
1.1800219978921809 	 0.02586157503559435
1.1810219978921808 	 0.025314687219217733
1.1820219978921807 	 0.024778446282114487
1.1830219978921805 	 0.024252672558053558
1.1840219978921804 	 0.023737189185716236
1.1850219978921803 	 0.02323182479517207
1.1860219978921802 	 0.022736409378881904
1.18702199789218 	 0.022250778441629183
1.18802199789218 	 0.02177477071518407
1.1890219978921799 	 0.021308227627065267
1.1900219978921798 	 0.020850993856024163
1.1910219978921797 	 0.020402917228519495
1.1920219978921796 	 0.019963848656695943
1.1930219978921794 	 0.01953364202140028
1.1940219978921793 	 0.01911215412065912
1.1950219978921792 	 0.018699244657392596
1.1960219978921791 	 0.018294776149418702
1.197021997892179 	 0.017898613857185865
1.198021997892179 	 0.01751062574505816
1.1990219978921788 	 0.01713068239951223
1.2000219978921787 	 0.01675865699502667
1.2010219978921786 	 0.016394425219060094
1.2020219978921785 	 0.016037865243022986
1.2030219978921783 	 0.015688857749650356
1.2040219978921782 	 0.015347285795423837
1.2050219978921781 	 0.015013034720576886
1.206021997892178 	 0.014685992139508892
1.207021997892178 	 0.014366047857954173
1.2080219978921778 	 0.014053093857594116
1.2090219978921777 	 0.013747024235161769
1.2100219978921776 	 0.013447735161056691
1.2110219978921775 	 0.01315512485228427
1.2120219978921773 	 0.012869093573489252
1.2130219978921772 	 0.012589543705139674
1.2140219978921771 	 0.01231637958546519
1.215021997892177 	 0.012049507416391471
1.216021997892177 	 0.011788835224326399
1.2170219978921768 	 0.01153427284260889
1.2180219978921767 	 0.011285731865340456
1.2190219978921766 	 0.011043125630893512
1.2200219978921765 	 0.01080636918624327
1.2210219978921764 	 0.01057537924503578
1.2220219978921762 	 0.010350074243617878
1.2230219978921761 	 0.010130374456669729
1.224021997892176 	 0.00991620177539576
1.225021997892176 	 0.009707479638276941
1.2260219978921758 	 0.009504133007495858
1.2270219978921757 	 0.009306088334739197
1.2280219978921756 	 0.009113273554927304
1.2290219978921755 	 0.008925618058050056
1.2300219978921754 	 0.008743052662300528
1.2310219978921753 	 0.008565509609331603
1.2320219978921751 	 0.008392922595680651
1.233021997892175 	 0.008225226944423517
1.234021997892175 	 0.008062359366054022
1.2350219978921748 	 0.007904257883084876
1.2360219978921747 	 0.007750861815181576
1.2370219978921746 	 0.007602111764605436
1.2380219978921745 	 0.007457949602664345
1.2390219978921744 	 0.007318318456390743
1.2400219978921743 	 0.007183162695568907
1.2410219978921742 	 0.007052427920090931
1.242021997892174 	 0.006926061019431864
1.243021997892174 	 0.006804010347907911
1.2440219978921738 	 0.006686225490826095
1.2450219978921737 	 0.006572657190734332
1.2460219978921736 	 0.006463257339394078
1.2470219978921735 	 0.006357978969906924
1.2480219978921734 	 0.006256776249792932
1.2490219978921733 	 0.00615960447415354
1.2500219978921732 	 0.006066420059061953
1.251021997892173 	 0.005977180535161558
1.252021997892173 	 0.005891844615148336
1.2530219978921728 	 0.005810372381240848
1.2540219978921727 	 0.005732725058916984
1.2550219978921726 	 0.005658864942279638
1.2560219978921725 	 0.005588755395853692
1.2570219978921724 	 0.005522360851658012
1.2580219978921723 	 0.005459646808233644
1.2590219978921722 	 0.005400579829669144
1.260021997892172 	 0.0053451275447923
1.261021997892172 	 0.005293258646507198
1.2620219978921718 	 0.0052449429658010275
1.2630219978921717 	 0.00520015167124479
1.2640219978921716 	 0.005158857047092098
1.2650219978921715 	 0.005121032430006265
1.2660219978921714 	 0.005086652212725517
1.2670219978921713 	 0.0050556918477267935
1.2680219978921712 	 0.005028127852083882
1.269021997892171 	 0.00500393781227784
1.270021997892171 	 0.004983100389167463
1.2710219978921709 	 0.00496559532309111
1.2720219978921707 	 0.004951403513179648
1.2730219978921706 	 0.004940507225395849
1.2740219978921705 	 0.004932889883905174
1.2750219978921704 	 0.004928536014885304
1.2760219978921703 	 0.004927431256089848
1.2770219978921702 	 0.004929562366382998
1.27802199789217 	 0.004934917236859095
1.27902199789217 	 0.0049434849019004985
1.2800219978921699 	 0.004955255550440412
1.2810219978921698 	 0.00497022053737933
1.2820219978921696 	 0.00498837246719373
1.2830219978921695 	 0.005009705392898929
1.2840219978921694 	 0.005034214644348097
1.2850219978921693 	 0.005061896774687727
1.2860219978921692 	 0.005092749578544054
1.287021997892169 	 0.005126772108072374
1.288021997892169 	 0.0051639646912832035
1.2890219978921689 	 0.00520432895027602
1.2900219978921688 	 0.005247867802504753
1.2910219978921686 	 0.005294585443601823
1.2920219978921685 	 0.005344487534823334
1.2930219978921684 	 0.005397581329191717
1.2940219978921683 	 0.005453875531568469
1.2950219978921682 	 0.005513380273770103
1.296021997892168 	 0.005576107137810887
1.297021997892168 	 0.0056420691791659325
1.2980219978921679 	 0.005711280953416561
1.2990219978921678 	 0.005783758523496228
1.3000219978921677 	 0.005859519361526246
1.3010219978921675 	 0.005938582635925648
1.3020219978921674 	 0.006020969175240761
1.3030219978921673 	 0.006106701519704056
1.3040219978921672 	 0.0061958038975854805
1.305021997892167 	 0.006288302238726768
1.306021997892167 	 0.00638422420510187
1.3070219978921669 	 0.006483599219926014
1.3080219978921668 	 0.006586458502689515
1.3090219978921667 	 0.006692835102704252
1.3100219978921666 	 0.006802763932593989
1.3110219978921664 	 0.00691628180139121
1.3120219978921663 	 0.007033427387710992
1.3130219978921662 	 0.007154241110942362
1.3140219978921661 	 0.007278765320757087
1.315021997892166 	 0.007407044380125189
1.316021997892166 	 0.00753912469727793
1.3170219978921658 	 0.007675054755140051
1.3180219978921657 	 0.007814885148500898
1.3190219978921656 	 0.007958668618237701
1.3200219978921655 	 0.008106460083703674
1.3210219978921653 	 0.008258316671979645
1.3220219978921652 	 0.0084142975403175
1.3230219978921651 	 0.008574463326200167
1.324021997892165 	 0.008738876706258837
1.325021997892165 	 0.008907602587693105
1.3260219978921648 	 0.009080708122450595
1.3270219978921647 	 0.00925826271363632
1.3280219978921646 	 0.009440338030683972
1.3290219978921645 	 0.009627008031339094
1.3300219978921644 	 0.009818348944823389
1.3310219978921642 	 0.01001440980518202
1.3320219978921641 	 0.010215204143699893
1.333021997892164 	 0.01042084617072594
1.334021997892164 	 0.010631425950932298
1.3350219978921638 	 0.010847029968823843
1.3360219978921637 	 0.011067744556037236
1.3370219978921636 	 0.011293656826393413
1.3380219978921635 	 0.011524854972981054
1.3390219978921634 	 0.011761428373857555
1.3400219978921633 	 0.012003467584012486
1.3410219978921631 	 0.012251064259039436
1.342021997892163 	 0.012504310267240524
1.343021997892163 	 0.012763295377660251
1.3440219978921628 	 0.013028109033669657
1.3450219978921627 	 0.013298840754874771
1.3460219978921626 	 0.013575579860268262
1.3470219978921625 	 0.013858415134865038
1.3480219978921624 	 0.014147434522593856
1.3490219978921623 	 0.014442724758247772
1.3500219978921622 	 0.014744370948123415
1.351021997892162 	 0.015052456087588399
1.352021997892162 	 0.015367059395312707
1.3530219978921618 	 0.015688252571475592
1.3540219978921617 	 0.016016102035817027
1.3550219978921616 	 0.016350669136502922
1.3560219978921615 	 0.016692009335763227
1.3570219978921614 	 0.017040171281860163
1.3580219978921613 	 0.017395195926234563
1.3590219978921612 	 0.01775711552001098
1.360021997892161 	 0.01812595249795155
1.361021997892161 	 0.01850171823980417
1.3620219978921608 	 0.01888441029716271
1.3630219978921607 	 0.01927400709227643
1.3640219978921606 	 0.019670469961897072
1.3650219978921605 	 0.020073742646460196
1.3660219978921604 	 0.020483749462593275
1.3670219978921603 	 0.02090039327614208
1.3680219978921602 	 0.021323553599713312
1.36902199789216 	 0.021753084495387112
1.37002199789216 	 0.022188812316176126
1.3710219978921598 	 0.022630533281682883
1.3720219978921597 	 0.023078009469668613
1.3730219978921596 	 0.02353096243999144
1.3740219978921595 	 0.023989074167751624
1.3750219978921594 	 0.02445198544504203
1.3760219978921593 	 0.024919293027652847
1.3770219978921592 	 0.025390546651027184
1.378021997892159 	 0.025865246395330534
1.379021997892159 	 0.026342839993154343
1.3800219978921588 	 0.026822720190375602
1.3810219978921587 	 0.027304222211641197
1.3820219978921586 	 0.027786620440402664
1.3830219978921585 	 0.0282691238682741
1.3840219978921584 	 0.02875087696770356
1.3850219978921583 	 0.02923095915469019
1.3860219978921582 	 0.029708384334753517
1.387021997892158 	 0.030182100773885254
1.388021997892158 	 0.03065099185639368
1.3890219978921579 	 0.031113877666145023
1.3900219978921577 	 0.03156951753418255
1.3910219978921576 	 0.03201661370795757
1.3920219978921575 	 0.03245381624264306
1.3930219978921574 	 0.032879728803491486
1.3940219978921573 	 0.033292916135165974
1.3950219978921572 	 0.0336919129078334
1.396021997892157 	 0.03407523403328021
1.397021997892157 	 0.03444138655315047
1.3980219978921569 	 0.03478888256273606
1.3990219978921568 	 0.03511625359867193
1.4000219978921566 	 0.03542206631003768
1.4010219978921565 	 0.03570493922427432
1.4020219978921564 	 0.03596356146994207
1.4030219978921563 	 0.036196713606445656
1.4040219978921562 	 0.03640328304056234
1.405021997892156 	 0.03658228130385838
1.406021997892156 	 0.03673286169413938
1.4070219978921559 	 0.0368543360005495
1.4080219978921558 	 0.03694618969718514
1.4090219978921557 	 0.037008095341783245
1.4100219978921555 	 0.037039923738347434
1.4110219978921554 	 0.03704175241964157
1.4120219978921553 	 0.03701387312354399
1.4130219978921552 	 0.036956798979770604
1.414021997892155 	 0.03687125826294995
1.415021997892155 	 0.03675818817079286
1.4160219978921549 	 0.03661872677028757
1.4170219978921548 	 0.03645420161923462
1.4180219978921547 	 0.036266115396101424
1.4190219978921546 	 0.036056128745459395
1.4200219978921544 	 0.03582604075884821
1.4210219978921543 	 0.0355777675203931
1.4220219978921542 	 0.03531332126879141
1.4230219978921541 	 0.035034792393403374
1.424021997892154 	 0.03474431942110963
1.425021997892154 	 0.03444406346193071
1.4260219978921538 	 0.03413618515955718
1.4270219978921537 	 0.03382282275909692
1.4280219978921536 	 0.03350607193236033
1.4290219978921535 	 0.033187967379934354
1.4300219978921533 	 0.03287046649653394
1.4310219978921532 	 0.03255543523876808
1.4320219978921531 	 0.03224463812092972
1.433021997892153 	 0.03193973352298914
1.434021997892153 	 0.03164226153496923
1.4350219978921528 	 0.03135363725575201
1.4360219978921527 	 0.031075148009949653
1.4370219978921526 	 0.030807952338451686
1.4380219978921525 	 0.030553080958053605
1.4390219978921523 	 0.03031143911268112
1.4400219978921522 	 0.030083810170542787
1.4410219978921521 	 0.029870860238825903
1.442021997892152 	 0.0296731449468613
1.443021997892152 	 0.02949111948500284
1.4440219978921518 	 0.02932514117513167
1.4450219978921517 	 0.029175475228265153
1.4460219978921516 	 0.02904230186924249
1.4470219978921515 	 0.028925723417386612
1.4480219978921514 	 0.02882577155772399
1.4490219978921512 	 0.02874241436407045
1.4500219978921511 	 0.02867556304093836
1.451021997892151 	 0.028625078337181618
1.452021997892151 	 0.028590777551791187
1.4530219978921508 	 0.02857244316378727
1.4540219978921507 	 0.028569825343152284
1.4550219978921506 	 0.028582646081573432
1.4560219978921505 	 0.02861060376228619
1.4570219978921504 	 0.028653377258434334
1.4580219978921503 	 0.028710629935257966
1.4590219978921501 	 0.02878201318075026
1.46002199789215 	 0.028867169547437118
1.46102199789215 	 0.02896573551353299
1.4620219978921498 	 0.0290773445809368
1.4630219978921497 	 0.029201631547674918
1.4640219978921496 	 0.029338232452850894
1.4650219978921495 	 0.029486785657617854
1.4660219978921494 	 0.029646933237895464
1.4670219978921493 	 0.029818322031809816
1.4680219978921492 	 0.030000604940451397
1.469021997892149 	 0.030193441898180986
1.470021997892149 	 0.03039650062361411
1.4710219978921488 	 0.03060945721163398
1.4720219978921487 	 0.030831997078902704
1.4730219978921486 	 0.031063816828354022
1.4740219978921485 	 0.03130462310556778
1.4750219978921484 	 0.03155413235800654
1.4760219978921483 	 0.031812070881514845
1.4770219978921482 	 0.03207817465078029
1.478021997892148 	 0.0323521895704469
1.479021997892148 	 0.032633871582347346
1.4800219978921478 	 0.03292298629815016
1.4810219978921477 	 0.03321930927182796
1.4820219978921476 	 0.03352262587422516
1.4830219978921475 	 0.033832732464877745
1.4840219978921474 	 0.034149435064509175
1.4850219978921473 	 0.03447254878601853
1.4860219978921472 	 0.03480189753223971
1.487021997892147 	 0.035137313537974155
1.488021997892147 	 0.03547863736007538
1.4890219978921468 	 0.03582571770246977
1.4900219978921467 	 0.036178411166122464
1.4910219978921466 	 0.03653658196530824
1.4920219978921465 	 0.036900102012602486
1.4930219978921464 	 0.037268851936220766
1.4940219978921463 	 0.037642719661142236
1.4950219978921462 	 0.038021599789677604
1.496021997892146 	 0.0384053932784546
1.497021997892146 	 0.03879400698483542
1.4980219978921459 	 0.03918735363670326
1.4990219978921457 	 0.03958535165952798
1.5000219978921456 	 0.03998792494186963
1.5010219978921455 	 0.04039500256433019
1.5020219978921454 	 0.04080651900181919
1.5030219978921453 	 0.04122241551894755
1.5040219978921452 	 0.041642638416104306
1.505021997892145 	 0.04206713854115146
1.506021997892145 	 0.04249587074069715
1.5070219978921449 	 0.0429287937336236
1.5080219978921447 	 0.04336586997162582
1.5090219978921446 	 0.04380706546827061
1.5100219978921445 	 0.04425234960120553
1.5110219978921444 	 0.044701694887967755
1.5120219978921443 	 0.04515507748799194
1.5130219978921442 	 0.04561247917799989
1.514021997892144 	 0.046073885034745576
1.515021997892144 	 0.04653928257691337
1.5160219978921439 	 0.04700866156577518
1.5170219978921438 	 0.04748201380242697
1.5180219978921436 	 0.047959332931138576
1.5190219978921435 	 0.04844061423785369
1.5200219978921434 	 0.04892585444467941
1.5210219978921433 	 0.04941505129007069
1.5220219978921432 	 0.049908204254571154
1.523021997892143 	 0.050405318287801044
1.524021997892143 	 0.05090639997211103
1.5250219978921429 	 0.05141145619413638
1.5260219978921428 	 0.05192047116201962
1.5270219978921427 	 0.052433436310286616
1.5280219978921425 	 0.052950356998234055
1.5290219978921424 	 0.05347123794377811
1.5300219978921423 	 0.05399608224957702
1.5310219978921422 	 0.05452489221892434
1.532021997892142 	 0.05505767083330188
1.533021997892142 	 0.055594424651707906
1.5340219978921419 	 0.05613515938484968
1.5350219978921418 	 0.056679878238572026
1.5360219978921417 	 0.05722858174928444
1.5370219978921416 	 0.05778126781716788
1.5380219978921414 	 0.05833793078872017
1.5390219978921413 	 0.058898560799715005
1.5400219978921412 	 0.05946314327196594
1.5410219978921411 	 0.06003165862693256
1.542021997892141 	 0.06060408417911672
1.543021997892141 	 0.06118039765351891
1.5440219978921408 	 0.06176057130622259
1.5450219978921407 	 0.06234456966642755
1.5460219978921406 	 0.0629323491065402
1.5470219978921405 	 0.06352385797269901
1.5480219978921403 	 0.06411903468841809
1.5490219978921402 	 0.06471780647874893
1.5500219978921401 	 0.06532008832731781
1.55102199789214 	 0.0659257823159991
1.55202199789214 	 0.06653477965911185
1.5530219978921398 	 0.06714696355783616
1.5540219978921397 	 0.06776220188795798
1.5550219978921396 	 0.06838034398093416
1.5560219978921395 	 0.06900121969872205
1.5570219978921394 	 0.06962463940679799
1.5580219978921392 	 0.07025039069730821
1.5590219978921391 	 0.07087823612412623
1.560021997892139 	 0.07150791152853435
1.561021997892139 	 0.07213912505355614
1.5620219978921388 	 0.07277155947129371
1.5630219978921387 	 0.07340487394479672
1.5640219978921386 	 0.07403869707994291
1.5650219978921385 	 0.07467262474041896
1.5660219978921384 	 0.07530622115342793
1.5670219978921383 	 0.07593902246621571
1.5680219978921381 	 0.07656977705534712
1.569021997892138 	 0.07719732343663042
1.570021997892138 	 0.07782167626181717
1.5710219978921378 	 0.07844243615784434
1.5720219978921377 	 0.07905914792214322
1.5730219978921376 	 0.07967136760506871
1.5740219978921375 	 0.08027870328409409
1.5750219978921374 	 0.08088086183871988
1.5760219978921373 	 0.08147770878699592
1.5770219978921372 	 0.0820693455514447
1.578021997892137 	 0.08265620003648266
1.579021997892137 	 0.08323914259810448
1.5800219978921368 	 0.0838196283246372
1.5810219978921367 	 0.08439986630842056
1.5820219978921366 	 0.08498301304308165
1.5830219978921365 	 0.08557337084260142
1.5840219978921364 	 0.0861765797382005
1.5850219978921363 	 0.0867997686423746
1.5860219978921362 	 0.08745161762133903
1.587021997892136 	 0.0881422690055999
1.588021997892136 	 0.08888300806303694
1.5890219978921358 	 0.08968566181584617
1.5900219978921357 	 0.09056168851923432
1.5910219978921356 	 0.09152099972704762
1.5920219978921355 	 0.09257064656029995
1.5930219978921354 	 0.09371358462300372
1.5940219978921353 	 0.09494781403851839
1.5950219978921352 	 0.0962661260030759
1.596021997892135 	 0.09765658121375963
1.597021997892135 	 0.0991036650545023
1.5980219978921348 	 0.10058987875269429
1.5990219978921347 	 0.10209744565892177
1.6000219978921346 	 0.10360981466349285
1.6010219978921345 	 0.10511274441632526
1.6020219978921344 	 0.10659488760557957
1.6030219978921343 	 0.10804790633508989
1.6040219978921342 	 0.10946627340172599
1.605021997892134 	 0.11084686097093133
1.606021997892134 	 0.11218844180182866
1.6070219978921338 	 0.11349119383526188
1.6080219978921337 	 0.11475625576493821
1.6090219978921336 	 0.11598536277447548
1.6100219978921335 	 0.11718056461351542
1.6110219978921334 	 0.11834402044561965
1.6120219978921333 	 0.11947785037540314
1.6130219978921332 	 0.12058402234184679
1.614021997892133 	 0.12166431656021956
1.615021997892133 	 0.1227203034386785
1.6160219978921329 	 0.12375333423585651
1.6170219978921327 	 0.12476454269839832
1.6180219978921326 	 0.12575485784998297
1.6190219978921325 	 0.12672501863797164
1.6200219978921324 	 0.12767559169676335
1.6210219978921323 	 0.128606989435698
1.6220219978921322 	 0.12951947756453258
1.623021997892132 	 0.13041317110013395
1.624021997892132 	 0.1312880761934572
1.6250219978921319 	 0.13214411361418515
1.6260219978921318 	 0.1329811316414271
1.6270219978921316 	 0.13379891603335275
1.6280219978921315 	 0.13459720568556027
1.6290219978921314 	 0.13537570472582203
1.6300219978921313 	 0.13613409283218858
1.6310219978921312 	 0.1368720324738301
1.632021997892131 	 0.13758916388657763
1.633021997892131 	 0.13828509336311173
1.6340219978921309 	 0.13895942723374313
1.6350219978921308 	 0.1396117856922711
1.6360219978921307 	 0.14024180669639352
1.6370219978921305 	 0.14084914507689442
1.6380219978921304 	 0.14143348349389157
1.6390219978921303 	 0.14199453888317617
1.6400219978921302 	 0.1425320658819632
1.64102199789213 	 0.1430458579025843
1.64202199789213 	 0.14353573568534891
1.6430219978921299 	 0.14400153754780728
1.6440219978921298 	 0.14444314348872514
1.6450219978921297 	 0.14486048261313575
1.6460219978921296 	 0.14525353170190528
1.6470219978921294 	 0.1456223081657934
1.6480219978921293 	 0.14596687780745574
1.6490219978921292 	 0.1462873565411051
1.650021997892129 	 0.1465839093942485
1.651021997892129 	 0.14685674695624032
1.652021997892129 	 0.14710611234830143
1.6530219978921288 	 0.14733227579372593
1.6540219978921287 	 0.14753554566614926
1.6550219978921286 	 0.14771626959227374
1.6560219978921285 	 0.14787482897476134
1.6570219978921283 	 0.1480116291429766
1.6580219978921282 	 0.14812710296373105
1.6590219978921281 	 0.1482217089742549
1.660021997892128 	 0.1482959278520336
1.661021997892128 	 0.14835025677689048
1.6620219978921278 	 0.1483851978377266
1.6630219978921277 	 0.14840126064982107
1.6640219978921276 	 0.1483989604144971
1.6650219978921275 	 0.1483788149966149
1.6660219978921273 	 0.14834133960371856
1.6670219978921272 	 0.14828703874818744
1.6680219978921271 	 0.1482164076714252
1.669021997892127 	 0.14812993073027717
1.670021997892127 	 0.1480280786098494
1.6710219978921268 	 0.14791130462062643
1.6720219978921267 	 0.147780041597195
1.6730219978921266 	 0.14763471018010063
1.6740219978921265 	 0.14747571152972097
1.6750219978921264 	 0.14730342408730637
1.6760219978921262 	 0.14711820201510928
1.6770219978921261 	 0.14692037261450117
1.678021997892126 	 0.14671023840549058
1.679021997892126 	 0.14648807800595742
1.6800219978921258 	 0.14625414651619537
1.6810219978921257 	 0.14600867601151898
1.6820219978921256 	 0.145751879863301
1.6830219978921255 	 0.14548396722328658
1.6840219978921254 	 0.14520513211019062
1.6850219978921253 	 0.14491555102145245
1.6860219978921251 	 0.14461538451949937
1.687021997892125 	 0.144304778897348
1.688021997892125 	 0.14398386783195832
1.6890219978921248 	 0.14365277405698837
1.6900219978921247 	 0.14331161101856663
1.6910219978921246 	 0.14296048479829082
1.6920219978921245 	 0.1425995019164263
1.6930219978921244 	 0.14222878483958323
1.6940219978921243 	 0.14184845784947192
1.6950219978921242 	 0.14145864359291213
1.696021997892124 	 0.14105946475102688
1.697021997892124 	 0.1406510465592657
1.6980219978921238 	 0.14023351606914722
1.6990219978921237 	 0.13980700236037727
1.7000219978921236 	 0.1393716370996888
1.7010219978921235 	 0.13892755569852827
1.7020219978921234 	 0.13847490505542084
1.7030219978921233 	 0.13801385668222343
1.7040219978921232 	 0.13754459086897794
1.705021997892123 	 0.13706729192967923
1.706021997892123 	 0.13658214928419737
1.7070219978921228 	 0.13608935807033187
1.7080219978921227 	 0.13558911865939013
1.7090219978921226 	 0.13508163410719648
1.7100219978921225 	 0.13456711004539842
1.7110219978921224 	 0.13404575512030079
1.7120219978921223 	 0.13351778777547801
1.7130219978921222 	 0.13298344642288026
1.714021997892122 	 0.1324429745802725
1.715021997892122 	 0.13189661612071485
1.7160219978921218 	 0.13134461560405153
1.7170219978921217 	 0.1307872202408331
1.7180219978921216 	 0.13022467669726734
1.7190219978921215 	 0.12965722971817975
1.7200219978921214 	 0.12908512157023233
1.7210219978921213 	 0.12850859221064043
1.7220219978921212 	 0.12792788587372972
1.723021997892121 	 0.1273432574571299
1.724021997892121 	 0.12675496125209798
1.7250219978921209 	 0.12616324698226813
1.7260219978921207 	 0.12556836025250817
1.7270219978921206 	 0.12497054453756136
1.7280219978921205 	 0.12437003844506783
1.7290219978921204 	 0.12376707455168882
1.7300219978921203 	 0.12316187928758145
1.7310219978921202 	 0.12255467337314727
1.73202199789212 	 0.12194567660058923
1.73302199789212 	 0.12133511310393688
1.7340219978921199 	 0.12072320263045531
1.7350219978921197 	 0.12011015798125041
1.7360219978921196 	 0.11949618561088717
1.7370219978921195 	 0.11841487026469093
1.7380219978921194 	 0.1168842451215441
1.7390219978921193 	 0.1153716546214735
1.7400219978921192 	 0.11387713799522298
1.741021997892119 	 0.11240071679843325
1.742021997892119 	 0.11094239595461189
1.7430219978921189 	 0.10950216475916984
1.7440219978921188 	 0.10807999784476388
1.7450219978921186 	 0.10667585610829503
1.7460219978921185 	 0.10528968760005095
1.7470219978921184 	 0.10392142837555675
1.7480219978921183 	 0.10257100331081893
1.7490219978921182 	 0.10123832688168365
1.750021997892118 	 0.09992330390812658
1.751021997892118 	 0.09862583026433529
1.7520219978921179 	 0.09734579355547225
1.7530219978921178 	 0.0960830737620686
1.7540219978921177 	 0.09483754385300744
1.7550219978921175 	 0.09360907036807585
1.7560219978921174 	 0.09239751397108663
1.7570219978921173 	 0.0912027299745768
1.7580219978921172 	 0.09002456883707735
1.759021997892117 	 0.08886287663397029
1.760021997892117 	 0.08771749550292579
1.7610219978921169 	 0.08658826406490566
1.7620219978921168 	 0.08547501782171074
1.7630219978921167 	 0.0843775895310283
1.7640219978921166 	 0.08329580955992871
1.7650219978921164 	 0.08222950621772197
1.7660219978921163 	 0.08117850606908433
1.7670219978921162 	 0.08014263422832811
1.7680219978921161 	 0.07912171463566833
1.769021997892116 	 0.07811557031632031
1.770021997892116 	 0.07712402362322542
1.7710219978921158 	 0.07614689646419233
1.7720219978921157 	 0.07518401051419749
1.7730219978921156 	 0.07423518741357966
1.7740219978921155 	 0.0733002489528223
1.7750219978921153 	 0.07237901724460799
1.7760219978921152 	 0.0714713148837814
1.7770219978921151 	 0.07057696509585719
1.778021997892115 	 0.06969579187466439
1.779021997892115 	 0.06882762010970496
1.7800219978921148 	 0.06797227570377358
1.7810219978921147 	 0.0671295856813725
1.7820219978921146 	 0.06629937828841564
1.7830219978921145 	 0.06548148308371451
1.7840219978921144 	 0.06467573102269847
1.7850219978921142 	 0.0638819545338106
1.7860219978921141 	 0.0630999875880016
1.787021997892114 	 0.06232966576171594
1.788021997892114 	 0.061570826293754495
1.7890219978921138 	 0.06082330813637226
1.7900219978921137 	 0.06008695200096081
1.7910219978921136 	 0.059361600398636506
1.7920219978921135 	 0.05864709767605213
1.7930219978921134 	 0.05794329004672143
1.7940219978921133 	 0.05725002561814281
1.7950219978921131 	 0.05656715441498385
1.796021997892113 	 0.055894528398582076
1.797021997892113 	 0.055232001482998574
1.7980219978921128 	 0.05457942954785423
1.7990219978921127 	 0.053936670448160556
1.8000219978921126 	 0.0533035840213479
1.8010219978921125 	 0.052680032091686084
1.8020219978921124 	 0.052065878472275146
1.8030219978921123 	 0.05146098896478191
1.8040219978921122 	 0.050865231357079314
1.805021997892112 	 0.05027847541894744
1.806021997892112 	 0.04970059289597534
1.8070219978921118 	 0.049131457501803116
1.8080219978921117 	 0.048570944908832014
1.8090219978921116 	 0.04801893273752167
1.8100219978921115 	 0.047475300544391044
1.8110219978921114 	 0.046939929808829446
1.8120219978921113 	 0.04641270391881707
1.8130219978921112 	 0.04589350815565187
1.814021997892111 	 0.04538222967777136
1.815021997892111 	 0.04487875750375261
1.8160219978921108 	 0.04438298249456971
1.8170219978921107 	 0.0438947973351824
1.8180219978921106 	 0.043414096515524775
1.8190219978921105 	 0.042940776310958696
1.8200219978921104 	 0.04247473476225517
1.8210219978921103 	 0.042015871655155364
1.8220219978921102 	 0.04156408849957016
1.82302199789211 	 0.04111928850846458
1.82402199789211 	 0.040681376576473506
1.8250219978921098 	 0.040250259258294396
1.8260219978921097 	 0.03982584474689445
1.8270219978921096 	 0.03940804285157222
1.8280219978921095 	 0.03899676497590674
1.8290219978921094 	 0.03859192409562854
1.8300219978921093 	 0.03819343473644149
1.8310219978921092 	 0.03780121295182425
1.832021997892109 	 0.037415176300836156
1.833021997892109 	 0.03703524382595438
1.8340219978921088 	 0.03666133603095998
1.8350219978921087 	 0.03629337485889898
1.8360219978921086 	 0.035931283670131556
1.8370219978921085 	 0.0355749872204926
1.8380219978921084 	 0.035224411639573135
1.8390219978921083 	 0.03487948440914388
1.8400219978921082 	 0.03454013434172952
1.841021997892108 	 0.03420629155934606
1.842021997892108 	 0.03387788747241651
1.8430219978921079 	 0.03355485475886978
1.8440219978921077 	 0.03323712734343422
1.8450219978921076 	 0.03292464037713481
1.8460219978921075 	 0.03261733021699898
1.8470219978921074 	 0.032315134405978795
1.8480219978921073 	 0.03201799165309582
1.8490219978921072 	 0.03172584181381175
1.850021997892107 	 0.03143862587063131
1.851021997892107 	 0.031156285913939326
1.8520219978921069 	 0.03087876512307611
1.8530219978921068 	 0.030606007747654096
1.8540219978921066 	 0.03033795908911625
1.8550219978921065 	 0.030074565482540117
1.8560219978921064 	 0.02981577427868656
1.8570219978921063 	 0.029561533826296157
1.8580219978921062 	 0.029311793454631554
1.859021997892106 	 0.02906650345626822
1.860021997892106 	 0.02882561507013039
1.8610219978921059 	 0.028589080464775405
1.8620219978921058 	 0.028356852721923093
1.8630219978921057 	 0.028128885820228874
1.8640219978921055 	 0.027905134619302146
1.8650219978921054 	 0.027685554843965066
1.8660219978921053 	 0.027470103068753176
1.8670219978921052 	 0.02725873670265337
1.868021997892105 	 0.02705141397407941
1.869021997892105 	 0.026848093916081468
1.8700219978921049 	 0.02664873635178752
1.8710219978921048 	 0.026453301880076687
1.8720219978921047 	 0.02626175186147627
1.8730219978921046 	 0.026074048404287585
1.8740219978921044 	 0.02589015435093106
1.8750219978921043 	 0.025710033264511885
1.8760219978921042 	 0.025533649415602735
1.877021997892104 	 0.02536096776923891
1.878021997892104 	 0.025191953972125345
1.879021997892104 	 0.02502657434005093
1.8800219978921038 	 0.024864795845508193
1.8810219978921037 	 0.02470658610551417
1.8820219978921036 	 0.02455191336963045
1.8830219978921034 	 0.024400746508178518
1.8840219978921033 	 0.024253055000648466
1.8850219978921032 	 0.024108808924296444
1.8860219978921031 	 0.02396797894292868
1.887021997892103 	 0.023830536295869557
1.888021997892103 	 0.023696452787108684
1.8890219978921028 	 0.023565700774626407
1.8900219978921027 	 0.02343825315989253
1.8910219978921026 	 0.023314083377536404
1.8920219978921025 	 0.02319316538518516
1.8930219978921023 	 0.023075473653466953
1.8940219978921022 	 0.022960983156175844
1.8950219978921021 	 0.0228496693605959
1.896021997892102 	 0.022741508217982015
1.897021997892102 	 0.022636476154192915
1.8980219978921018 	 0.022534550060475365
1.8990219978921017 	 0.022435707284395225
1.9000219978921016 	 0.02233992562091375
1.9010219978921015 	 0.022247183303605426
1.9020219978921014 	 0.022157458996015147
1.9030219978921012 	 0.022070731783151547
1.9040219978921011 	 0.021986981163114983
1.905021997892101 	 0.021906187038855374
1.906021997892101 	 0.02182832971006007
1.9070219978921008 	 0.02175338986516664
1.9080219978921007 	 0.02168134857350014
1.9090219978921006 	 0.021612187277530618
1.9100219978921005 	 0.021545887785250045
1.9110219978921004 	 0.02148243226266513
1.9120219978921003 	 0.021421803226404672
1.9130219978921001 	 0.021363983536437373
1.9140219978921 	 0.02130895638890103
1.9150219978921 	 0.021256705309036943
1.9160219978920998 	 0.021207214144231108
1.9170219978920997 	 0.021160467057157146
1.9180219978920996 	 0.0211164485190212
1.9190219978920995 	 0.02107514330290499
1.9200219978920994 	 0.021036536477205922
1.9210219978920993 	 0.021000613399172266
1.9220219978920992 	 0.02096735970853173
1.923021997892099 	 0.020936761321210532
1.924021997892099 	 0.02090880442314266
1.9250219978920988 	 0.020883475464165923
1.9260219978920987 	 0.02086076115200489
1.9270219978920986 	 0.020840648446337203
1.9280219978920985 	 0.020823124552943016
1.9290219978920984 	 0.020808176917935222
1.9300219978920983 	 0.02079579322206906
1.9310219978920982 	 0.020785961375129808
1.932021997892098 	 0.020778669510396645
1.933021997892098 	 0.020773905979181693
1.9340219978920978 	 0.020771659345442683
1.9350219978920977 	 0.0207719183804678
1.9360219978920976 	 0.020774672057631106
1.9370219978920975 	 0.020779909547218187
1.9380219978920974 	 0.020787620211319826
1.9390219978920973 	 0.020797793598792604
1.9400219978920972 	 0.020810419440286228
1.941021997892097 	 0.02082548764333471
1.942021997892097 	 0.02084298828751229
1.9430219978920968 	 0.020862911619651564
1.9440219978920967 	 0.02088524804912294
1.9450219978920966 	 0.020909988143175764
1.9460219978920965 	 0.02093712262233804
1.9470219978920964 	 0.020966642355875816
1.9480219978920963 	 0.020998538357309516
1.9490219978920962 	 0.02103280177998907
1.950021997892096 	 0.021069423912722558
1.951021997892096 	 0.02110839617546294
1.9520219978920959 	 0.021149710115047727
1.9530219978920957 	 0.02119335740099298
1.9540219978920956 	 0.021239329821341336
1.9550219978920955 	 0.0212876192785608
1.9560219978920954 	 0.021338217785497066
1.9570219978920953 	 0.02139111746137694
1.9580219978920952 	 0.021446310527860404
1.959021997892095 	 0.02150378930514641
1.960021997892095 	 0.021563546208124295
1.9610219978920949 	 0.02162557374257753
1.9620219978920947 	 0.02168986450143355
1.9630219978920946 	 0.02175641116106353
1.9640219978920945 	 0.021825206477628593
1.9650219978920944 	 0.021896243283474243
1.9660219978920943 	 0.021969514483570575
1.9670219978920942 	 0.022045013051999865
1.968021997892094 	 0.022122732028489956
1.969021997892094 	 0.022202664514993753
1.9700219978920939 	 0.02228480367231371
1.9710219978920938 	 0.022369142716771588
1.9720219978920936 	 0.022455674916924476
1.9730219978920935 	 0.022544393590323394
1.9740219978920934 	 0.022635292100318154
1.9750219978920933 	 0.022728363852905813
1.9760219978920932 	 0.022823602293623062
1.977021997892093 	 0.022921000904483155
1.978021997892093 	 0.023020553200955984
1.9790219978920929 	 0.023122252728992147
1.9800219978920928 	 0.023226093062090128
1.9810219978920927 	 0.02333206779840767
1.9820219978920925 	 0.023440170557915273
1.9830219978920924 	 0.02355039497959401
1.9840219978920923 	 0.023662734718675534
1.9850219978920922 	 0.02377718344392562
1.986021997892092 	 0.023893734834970648
1.987021997892092 	 0.024012382579667185
1.9880219978920919 	 0.02413312037151369
1.9890219978920918 	 0.024255941907106237
1.9900219978920917 	 0.02438084088363634
1.9910219978920916 	 0.02450781099643147
1.9920219978920914 	 0.024636845936539545
1.9930219978920913 	 0.024767939388354622
1.9940219978920912 	 0.024901085027287197
1.9950219978920911 	 0.025036276517475267
1.996021997892091 	 0.025173507509541365
1.997021997892091 	 0.0253127716383887
1.9980219978920908 	 0.02545406252104349
1.9990219978920907 	 0.025597373754538383
