0.0010219978922 	 0
0.0020219978922 	 0.0
0.0030219978922 	 0.0
0.0040219978922 	 0.0
0.0050219978922 	 0.0
0.0060219978922 	 0.0
0.0070219978922 	 0.0
0.0080219978922 	 0.0
0.009021997892200002 	 0.0
0.010021997892200003 	 0.0
0.011021997892200004 	 0.0
0.012021997892200004 	 0.0
0.013021997892200005 	 0.0
0.014021997892200006 	 0.0
0.015021997892200007 	 0.0
0.016021997892200008 	 0.0
0.01702199789220001 	 0.0
0.01802199789220001 	 0.0
0.01902199789220001 	 0.0
0.02002199789220001 	 0.0
0.021021997892200012 	 0.0
0.022021997892200013 	 0.0
0.023021997892200014 	 0.0
0.024021997892200015 	 0.0
0.025021997892200016 	 0.0
0.026021997892200017 	 0.0
0.027021997892200018 	 0.0
0.02802199789220002 	 0.0
0.02902199789220002 	 0.0
0.03002199789220002 	 0.0
0.03102199789220002 	 0.0
0.03202199789220002 	 0.0
0.03302199789220002 	 0.0
0.03402199789220002 	 0.0
0.03502199789220002 	 0.0
0.03602199789220002 	 0.0
0.03702199789220002 	 0.0
0.038021997892200024 	 0.0
0.039021997892200025 	 0.0
0.040021997892200026 	 0.0
0.04102199789220003 	 0.0
0.04202199789220003 	 0.0
0.04302199789220003 	 0.0
0.04402199789220003 	 0.0
0.04502199789220003 	 0.0
0.04602199789220003 	 0.0
0.04702199789220003 	 0.0
0.04802199789220003 	 0.0
0.049021997892200034 	 0.0
0.050021997892200035 	 0.0
0.051021997892200036 	 0.0
0.052021997892200036 	 0.0
0.05302199789220004 	 0.0
0.05402199789220004 	 0.0
0.05502199789220004 	 0.0
0.05602199789220004 	 0.0
0.05702199789220004 	 0.0
0.05802199789220004 	 0.0
0.05902199789220004 	 0.0
0.060021997892200044 	 0.0
0.061021997892200044 	 0.0
0.062021997892200045 	 0.0
0.06302199789220005 	 0.0
0.06402199789220005 	 0.0
0.06502199789220005 	 0.0
0.06602199789220005 	 0.0
0.06702199789220005 	 0.0
0.06802199789220005 	 0.0
0.06902199789220005 	 0.0
0.07002199789220005 	 0.0
0.07102199789220005 	 0.0
0.07202199789220005 	 0.0
0.07302199789220006 	 0.0
0.07402199789220006 	 0.0
0.07502199789220006 	 0.0
0.07602199789220006 	 0.0
0.07702199789220006 	 0.0
0.07802199789220006 	 0.0
0.07902199789220006 	 0.0
0.08002199789220006 	 0.0
0.08102199789220006 	 0.0
0.08202199789220006 	 0.0
0.08302199789220006 	 0.0
0.08402199789220006 	 0.0
0.08502199789220007 	 0.0
0.08602199789220007 	 0.0
0.08702199789220007 	 0.0
0.08802199789220007 	 0.0
0.08902199789220007 	 0.0
0.09002199789220007 	 0.0
0.09102199789220007 	 0.0
0.09202199789220007 	 0.0
0.09302199789220007 	 0.0
0.09402199789220007 	 0.0
0.09502199789220007 	 0.0
0.09602199789220008 	 0.0
0.09702199789220008 	 0.0
0.09802199789220008 	 0.0
0.09902199789220008 	 0.0
0.10002199789220008 	 0.0
0.10102199789220008 	 0.0
0.10202199789220008 	 0.0
0.10302199789220008 	 0.0
0.10402199789220008 	 0.0
0.10502199789220008 	 0.0
0.10602199789220008 	 0.0
0.10702199789220009 	 0.0
0.10802199789220009 	 0.0
0.10902199789220009 	 0.0
0.11002199789220009 	 0.0
0.11102199789220009 	 0.0
0.11202199789220009 	 0.0
0.11302199789220009 	 0.0
0.11402199789220009 	 0.0
0.11502199789220009 	 0.0
0.1160219978922001 	 0.0
0.1170219978922001 	 0.0
0.1180219978922001 	 0.0
0.1190219978922001 	 0.0
0.1200219978922001 	 0.0
0.1210219978922001 	 0.0
0.1220219978922001 	 0.0
0.1230219978922001 	 0.0
0.1240219978922001 	 0.0
0.1250219978922001 	 0.0
0.1260219978922001 	 0.0
0.1270219978922001 	 0.0
0.1280219978922001 	 0.0
0.1290219978922001 	 0.0
0.1300219978922001 	 0.0
0.1310219978922001 	 0.0
0.1320219978922001 	 0.0
0.1330219978922001 	 0.0
0.1340219978922001 	 0.0
0.1350219978922001 	 0.0
0.1360219978922001 	 0.0
0.1370219978922001 	 0.0
0.1380219978922001 	 0.0
0.1390219978922001 	 0.0
0.1400219978922001 	 0.0
0.1410219978922001 	 0.0
0.1420219978922001 	 0.0
0.1430219978922001 	 0.0
0.1440219978922001 	 0.0
0.1450219978922001 	 0.0
0.1460219978922001 	 0.0
0.1470219978922001 	 0.0
0.1480219978922001 	 0.0
0.1490219978922001 	 0.0
0.1500219978922001 	 0.0
0.1510219978922001 	 0.0
0.1520219978922001 	 0.0
0.1530219978922001 	 0.0
0.1540219978922001 	 0.0
0.15502199789220011 	 0.0
0.15602199789220011 	 0.0
0.15702199789220012 	 0.0
0.15802199789220012 	 0.0
0.15902199789220012 	 0.0
0.16002199789220012 	 0.0
0.16102199789220012 	 0.0
0.16202199789220012 	 0.0
0.16302199789220012 	 0.0
0.16402199789220012 	 0.0
0.16502199789220012 	 0.0
0.16602199789220012 	 0.0
0.16702199789220012 	 0.0
0.16802199789220013 	 0.0
0.16902199789220013 	 0.0
0.17002199789220013 	 0.0
0.17102199789220013 	 0.0
0.17202199789220013 	 0.0
0.17302199789220013 	 0.0
0.17402199789220013 	 0.0
0.17502199789220013 	 0.0
0.17602199789220013 	 0.0
0.17702199789220013 	 0.0
0.17802199789220013 	 0.0
0.17902199789220014 	 0.0
0.18002199789220014 	 0.0
0.18102199789220014 	 0.0
0.18202199789220014 	 0.0
0.18302199789220014 	 0.0
0.18402199789220014 	 0.0
0.18502199789220014 	 0.0
0.18602199789220014 	 0.0
0.18702199789220014 	 0.0
0.18802199789220014 	 0.0
0.18902199789220014 	 0.0
0.19002199789220015 	 0.0
0.19102199789220015 	 0.0
0.19202199789220015 	 0.0
0.19302199789220015 	 0.0
0.19402199789220015 	 0.0
0.19502199789220015 	 0.0
0.19602199789220015 	 0.0
0.19702199789220015 	 0.0
0.19802199789220015 	 0.0
0.19902199789220015 	 0.0
0.20002199789220015 	 0.0
0.20102199789220015 	 0.0
0.20202199789220016 	 0.0
0.20302199789220016 	 0.0
0.20402199789220016 	 0.0
0.20502199789220016 	 0.0
0.20602199789220016 	 0.0
0.20702199789220016 	 0.0
0.20802199789220016 	 0.0
0.20902199789220016 	 0.0
0.21002199789220016 	 0.0
0.21102199789220016 	 0.0
0.21202199789220016 	 0.0
0.21302199789220017 	 0.0
0.21402199789220017 	 0.0
0.21502199789220017 	 0.0
0.21602199789220017 	 0.0
0.21702199789220017 	 0.0
0.21802199789220017 	 0.0
0.21902199789220017 	 0.0
0.22002199789220017 	 0.0
0.22102199789220017 	 0.0
0.22202199789220017 	 0.0
0.22302199789220017 	 0.0
0.22402199789220018 	 0.0
0.22502199789220018 	 0.0
0.22602199789220018 	 0.0
0.22702199789220018 	 0.0
0.22802199789220018 	 0.0
0.22902199789220018 	 0.0
0.23002199789220018 	 0.0
0.23102199789220018 	 0.0
0.23202199789220018 	 0.0
0.23302199789220018 	 0.0
0.23402199789220018 	 0.0
0.23502199789220019 	 0.0
0.23602199789220019 	 0.0
0.2370219978922002 	 0.0
0.2380219978922002 	 0.0
0.2390219978922002 	 0.0
0.2400219978922002 	 0.0
0.2410219978922002 	 0.0
0.2420219978922002 	 0.0
0.2430219978922002 	 0.0
0.2440219978922002 	 0.0
0.2450219978922002 	 0.0
0.2460219978922002 	 0.0
0.2470219978922002 	 0.0
0.2480219978922002 	 0.0
0.2490219978922002 	 0.0
0.2500219978922002 	 0.0
0.2510219978922002 	 0.0
0.2520219978922002 	 0.0
0.2530219978922002 	 0.0
0.2540219978922002 	 0.0
0.2550219978922002 	 0.0
0.2560219978922002 	 0.0
0.2570219978922002 	 0.0
0.2580219978922002 	 0.0
0.2590219978922002 	 0.0
0.2600219978922002 	 0.0
0.2610219978922002 	 0.0
0.2620219978922002 	 0.0
0.2630219978922002 	 0.0
0.2640219978922002 	 0.0
0.2650219978922002 	 0.0
0.2660219978922002 	 0.0
0.2670219978922002 	 0.0
0.2680219978922002 	 0.0
0.2690219978922002 	 0.0
0.2700219978922002 	 0.0
0.2710219978922002 	 0.0
0.2720219978922002 	 0.0
0.2730219978922002 	 0.0
0.2740219978922002 	 0.0
0.2750219978922002 	 0.0
0.2760219978922002 	 0.0
0.2770219978922002 	 0.0
0.2780219978922002 	 0.0
0.2790219978922002 	 0.0
0.2800219978922002 	 0.0
0.2810219978922002 	 0.0
0.2820219978922002 	 0.0
0.2830219978922002 	 0.0
0.28402199789220023 	 0.0
0.28502199789220023 	 0.0
0.28602199789220023 	 0.0
0.28702199789220023 	 0.0
0.28802199789220023 	 0.0
0.28902199789220023 	 0.0
0.29002199789220023 	 0.0
0.29102199789220023 	 0.0
0.29202199789220024 	 0.0
0.29302199789220024 	 0.0
0.29402199789220024 	 0.0
0.29502199789220024 	 0.0
0.29602199789220024 	 0.0
0.29702199789220024 	 0.0
0.29802199789220024 	 0.0
0.29902199789220024 	 0.0
0.30002199789220024 	 0.0
0.30102199789220024 	 0.0
0.30202199789220024 	 0.0
0.30302199789220025 	 0.0
0.30402199789220025 	 0.0
0.30502199789220025 	 0.0
0.30602199789220025 	 0.0
0.30702199789220025 	 0.0
0.30802199789220025 	 0.0
0.30902199789220025 	 0.0
0.31002199789220025 	 0.0
0.31102199789220025 	 0.0
0.31202199789220025 	 0.0
0.31302199789220025 	 0.0
0.31402199789220026 	 0.0
0.31502199789220026 	 0.0
0.31602199789220026 	 0.0
0.31702199789220026 	 0.0
0.31802199789220026 	 0.0
0.31902199789220026 	 0.0
0.32002199789220026 	 0.0
0.32102199789220026 	 0.0
0.32202199789220026 	 0.0
0.32302199789220026 	 0.0
0.32402199789220026 	 0.0
0.32502199789220027 	 0.0
0.32602199789220027 	 0.0
0.32702199789220027 	 0.0
0.32802199789220027 	 0.0
0.32902199789220027 	 0.0
0.33002199789220027 	 0.0
0.33102199789220027 	 0.0
0.33202199789220027 	 0.0
0.33302199789220027 	 0.0
0.3340219978922003 	 0.0
0.3350219978922003 	 0.0
0.3360219978922003 	 0.0
0.3370219978922003 	 0.0
0.3380219978922003 	 0.0
0.3390219978922003 	 0.0
0.3400219978922003 	 0.0
0.3410219978922003 	 0.0
0.3420219978922003 	 0.0
0.3430219978922003 	 0.0
0.3440219978922003 	 0.0
0.3450219978922003 	 0.0
0.3460219978922003 	 0.0
0.3470219978922003 	 0.0
0.3480219978922003 	 0.0
0.3490219978922003 	 0.0
0.3500219978922003 	 0.0
0.3510219978922003 	 0.0
0.3520219978922003 	 0.0
0.3530219978922003 	 0.0
0.3540219978922003 	 0.0
0.3550219978922003 	 0.0
0.3560219978922003 	 0.0
0.3570219978922003 	 0.0
0.3580219978922003 	 0.0
0.3590219978922003 	 0.0
0.3600219978922003 	 0.0
0.3610219978922003 	 0.0
0.3620219978922003 	 0.0
0.3630219978922003 	 0.0
0.3640219978922003 	 0.0
0.3650219978922003 	 0.0
0.3660219978922003 	 0.0
0.3670219978922003 	 0.0
0.3680219978922003 	 0.0
0.3690219978922003 	 0.0
0.3700219978922003 	 0.0
0.3710219978922003 	 0.0
0.3720219978922003 	 0.0
0.3730219978922003 	 0.0
0.3740219978922003 	 0.0
0.3750219978922003 	 0.0
0.3760219978922003 	 0.0
0.3770219978922003 	 0.0
0.3780219978922003 	 0.0
0.3790219978922003 	 0.0
0.3800219978922003 	 0.0
0.3810219978922003 	 0.0
0.3820219978922003 	 0.0
0.3830219978922003 	 0.0
0.3840219978922003 	 0.0
0.3850219978922003 	 0.0
0.3860219978922003 	 0.0
0.3870219978922003 	 0.0
0.3880219978922003 	 0.0
0.3890219978922003 	 0.0
0.3900219978922003 	 0.0
0.3910219978922003 	 0.0
0.3920219978922003 	 0.0
0.3930219978922003 	 0.0
0.3940219978922003 	 0.0
0.3950219978922003 	 0.0
0.39602199789220033 	 0.0
0.39702199789220033 	 0.0
0.39802199789220033 	 0.0
0.39902199789220033 	 0.0
0.40002199789220033 	 0.0
0.40102199789220033 	 0.0
0.40202199789220033 	 0.0
0.40302199789220033 	 0.0
0.40402199789220034 	 0.0
0.40502199789220034 	 0.0
0.40602199789220034 	 0.0
0.40702199789220034 	 0.0
0.40802199789220034 	 0.0
0.40902199789220034 	 0.0
0.41002199789220034 	 0.0
0.41102199789220034 	 0.0
0.41202199789220034 	 0.0
0.41302199789220034 	 0.0
0.41402199789220034 	 0.0
0.41502199789220034 	 0.0
0.41602199789220035 	 0.0
0.41702199789220035 	 0.0
0.41802199789220035 	 0.0
0.41902199789220035 	 0.0
0.42002199789220035 	 0.0
0.42102199789220035 	 0.0
0.42202199789220035 	 0.0
0.42302199789220035 	 0.0
0.42402199789220035 	 0.0
0.42502199789220035 	 0.0
0.42602199789220035 	 0.0
0.42702199789220036 	 0.0
0.42802199789220036 	 0.0
0.42902199789220036 	 0.0
0.43002199789220036 	 0.0
0.43102199789220036 	 0.0
0.43202199789220036 	 0.0
0.43302199789220036 	 0.0
0.43402199789220036 	 0.0
0.43502199789220036 	 0.0
0.43602199789220036 	 0.0
0.43702199789220036 	 0.0
0.43802199789220037 	 0.0
0.43902199789220037 	 0.0
0.44002199789220037 	 0.0
0.44102199789220037 	 0.0
0.44202199789220037 	 0.0
0.44302199789220037 	 0.0
0.44402199789220037 	 0.0
0.44502199789220037 	 0.0
0.4460219978922004 	 0.0
0.4470219978922004 	 0.0
0.4480219978922004 	 0.0
0.4490219978922004 	 0.0
0.4500219978922004 	 0.0
0.4510219978922004 	 0.0
0.4520219978922004 	 0.0
0.4530219978922004 	 0.0
0.4540219978922004 	 0.0
0.4550219978922004 	 0.0
0.4560219978922004 	 0.0
0.4570219978922004 	 0.0
0.4580219978922004 	 0.0
0.4590219978922004 	 0.0
0.4600219978922004 	 0.0
0.4610219978922004 	 0.0
0.4620219978922004 	 0.0
0.4630219978922004 	 0.0
0.4640219978922004 	 0.0
0.4650219978922004 	 0.0
0.4660219978922004 	 0.0
0.4670219978922004 	 0.0
0.4680219978922004 	 0.0
0.4690219978922004 	 0.0
0.4700219978922004 	 0.0
0.4710219978922004 	 0.0
0.4720219978922004 	 0.0
0.4730219978922004 	 0.0
0.4740219978922004 	 0.0
0.4750219978922004 	 0.0
0.4760219978922004 	 0.0
0.4770219978922004 	 0.0
0.4780219978922004 	 0.0
0.4790219978922004 	 0.0
0.4800219978922004 	 0.0
0.4810219978922004 	 0.0
0.4820219978922004 	 0.0
0.4830219978922004 	 0.0
0.4840219978922004 	 0.0
0.4850219978922004 	 0.0
0.4860219978922004 	 0.0
0.4870219978922004 	 0.0
0.4880219978922004 	 0.0
0.4890219978922004 	 0.0
0.4900219978922004 	 0.0
0.4910219978922004 	 0.0
0.4920219978922004 	 0.0
0.4930219978922004 	 0.0
0.4940219978922004 	 0.0
0.4950219978922004 	 0.0
0.4960219978922004 	 0.0
0.4970219978922004 	 0.0
0.4980219978922004 	 0.0
0.4990219978922004 	 0.0
0.5000219978922004 	 0.0
0.5010219978922004 	 0.0
0.5020219978922004 	 0.0
0.5030219978922004 	 0.0
0.5040219978922004 	 0.0
0.5050219978922004 	 0.0
0.5060219978922004 	 0.0
0.5070219978922004 	 0.0
0.5080219978922004 	 0.0
0.5090219978922004 	 0.0
0.5100219978922004 	 0.0
0.5110219978922004 	 0.0
0.5120219978922004 	 0.0
0.5130219978922004 	 0.0
0.5140219978922004 	 0.0
0.5150219978922004 	 0.0
0.5160219978922004 	 0.0
0.5170219978922004 	 0.0
0.5180219978922004 	 0.0
0.5190219978922004 	 0.0
0.5200219978922004 	 0.0
0.5210219978922004 	 0.0
0.5220219978922004 	 0.0
0.5230219978922004 	 0.0
0.5240219978922004 	 0.0
0.5250219978922004 	 0.0
0.5260219978922004 	 0.0
0.5270219978922004 	 0.0
0.5280219978922004 	 0.0
0.5290219978922004 	 0.0
0.5300219978922004 	 0.0
0.5310219978922004 	 0.0
0.5320219978922004 	 0.0
0.5330219978922004 	 0.0
0.5340219978922004 	 0.0
0.5350219978922004 	 0.0
0.5360219978922004 	 0.0
0.5370219978922004 	 0.0
0.5380219978922004 	 0.0
0.5390219978922004 	 0.0
0.5400219978922004 	 0.0
0.5410219978922004 	 0.0
0.5420219978922004 	 0.0
0.5430219978922004 	 0.0
0.5440219978922004 	 0.0
0.5450219978922004 	 0.0
0.5460219978922004 	 0.0
0.5470219978922004 	 0.0
0.5480219978922004 	 0.0
0.5490219978922004 	 0.0
0.5500219978922004 	 0.0
0.5510219978922004 	 0.0
0.5520219978922004 	 0.0
0.5530219978922004 	 0.0
0.5540219978922004 	 0.0
0.5550219978922004 	 0.0
0.5560219978922004 	 0.0
0.5570219978922004 	 0.0
0.5580219978922004 	 0.0
0.5590219978922004 	 0.0
0.5600219978922004 	 0.0
0.5610219978922004 	 0.0
0.5620219978922004 	 0.0
0.5630219978922004 	 0.0
0.5640219978922004 	 0.0
0.5650219978922004 	 0.0
0.5660219978922004 	 0.0
0.5670219978922004 	 0.0
0.5680219978922004 	 0.0
0.5690219978922004 	 0.0
0.5700219978922004 	 0.0
0.5710219978922004 	 0.0
0.5720219978922004 	 0.0
0.5730219978922004 	 0.0
0.5740219978922004 	 0.0
0.5750219978922004 	 0.0
0.5760219978922004 	 0.0
0.5770219978922004 	 0.0
0.5780219978922004 	 0.0
0.5790219978922004 	 0.0
0.5800219978922004 	 0.0
0.5810219978922004 	 0.0
0.5820219978922004 	 0.0
0.5830219978922004 	 0.0
0.5840219978922004 	 0.0
0.5850219978922004 	 0.0
0.5860219978922004 	 0.0
0.5870219978922004 	 0.0
0.5880219978922004 	 0.0
0.5890219978922004 	 0.0
0.5900219978922004 	 0.0
0.5910219978922004 	 0.0
0.5920219978922004 	 0.0
0.5930219978922004 	 0.0
0.5940219978922004 	 0.0
0.5950219978922004 	 0.0
0.5960219978922005 	 0.0
0.5970219978922005 	 0.0
0.5980219978922005 	 0.0
0.5990219978922005 	 0.0
0.6000219978922005 	 0.0
0.6010219978922005 	 0.0
0.6020219978922005 	 0.0
0.6030219978922005 	 0.0
0.6040219978922005 	 0.0
0.6050219978922005 	 0.0
0.6060219978922005 	 0.0
0.6070219978922005 	 0.0
0.6080219978922005 	 0.0
0.6090219978922005 	 0.0
0.6100219978922005 	 0.0
0.6110219978922005 	 0.0
0.6120219978922005 	 0.0
0.6130219978922005 	 0.0
0.6140219978922005 	 0.0
0.6150219978922005 	 0.0
0.6160219978922005 	 0.0
0.6170219978922005 	 0.0
0.6180219978922005 	 0.0
0.6190219978922005 	 0.0
0.6200219978922005 	 0.0
0.6210219978922005 	 0.0
0.6220219978922005 	 0.0
0.6230219978922005 	 0.0
0.6240219978922005 	 0.0
0.6250219978922005 	 0.0
0.6260219978922005 	 0.0
0.6270219978922005 	 0.0
0.6280219978922005 	 0.0
0.6290219978922005 	 0.0
0.6300219978922005 	 0.0
0.6310219978922005 	 0.0
0.6320219978922005 	 0.0
0.6330219978922005 	 0.0
0.6340219978922005 	 0.0
0.6350219978922005 	 0.0
0.6360219978922005 	 0.0
0.6370219978922005 	 0.0
0.6380219978922005 	 0.0
0.6390219978922005 	 0.0
0.6400219978922005 	 0.0
0.6410219978922005 	 0.0
0.6420219978922005 	 0.0
0.6430219978922005 	 0.0
0.6440219978922005 	 0.0
0.6450219978922005 	 0.0
0.6460219978922005 	 0.0
0.6470219978922005 	 0.0
0.6480219978922005 	 0.0
0.6490219978922005 	 0.0
0.6500219978922005 	 0.0
0.6510219978922005 	 0.0
0.6520219978922005 	 0.0
0.6530219978922005 	 0.0
0.6540219978922005 	 0.0
0.6550219978922005 	 0.0
0.6560219978922005 	 0.0
0.6570219978922005 	 0.0
0.6580219978922005 	 0.0
0.6590219978922005 	 0.0
0.6600219978922005 	 0.0
0.6610219978922005 	 0.0
0.6620219978922005 	 0.0
0.6630219978922005 	 0.0
0.6640219978922005 	 0.0
0.6650219978922005 	 0.0
0.6660219978922005 	 0.0
0.6670219978922005 	 0.0
0.6680219978922005 	 0.0
0.6690219978922005 	 0.0
0.6700219978922005 	 0.0
0.6710219978922005 	 0.0
0.6720219978922005 	 0.0
0.6730219978922005 	 0.0
0.6740219978922005 	 0.0
0.6750219978922005 	 0.0
0.6760219978922005 	 0.0
0.6770219978922005 	 0.0
0.6780219978922005 	 0.0
0.6790219978922005 	 0.0
0.6800219978922005 	 0.0
0.6810219978922005 	 0.0
0.6820219978922005 	 0.0
0.6830219978922005 	 0.0
0.6840219978922005 	 0.0
0.6850219978922005 	 0.0
0.6860219978922005 	 0.0
0.6870219978922005 	 0.0
0.6880219978922005 	 0.0
0.6890219978922005 	 0.0
0.6900219978922005 	 0.0
0.6910219978922005 	 0.0
0.6920219978922005 	 0.0
0.6930219978922005 	 0.0
0.6940219978922005 	 0.0
0.6950219978922005 	 0.0
0.6960219978922005 	 0.0
0.6970219978922005 	 0.0
0.6980219978922005 	 0.0
0.6990219978922005 	 0.0
0.7000219978922005 	 0.0
0.7010219978922005 	 0.0
0.7020219978922005 	 0.0
0.7030219978922005 	 0.0
0.7040219978922005 	 0.0
0.7050219978922005 	 0.0
0.7060219978922005 	 0.0
0.7070219978922005 	 0.0
0.7080219978922005 	 0.0
0.7090219978922006 	 0.0
0.7100219978922006 	 0.0
0.7110219978922006 	 0.0
0.7120219978922006 	 0.0
0.7130219978922006 	 0.0
0.7140219978922006 	 0.0
0.7150219978922006 	 0.0
0.7160219978922006 	 0.0
0.7170219978922006 	 0.0
0.7180219978922006 	 0.0
0.7190219978922006 	 0.0
0.7200219978922006 	 0.0
0.7210219978922006 	 0.0
0.7220219978922006 	 0.0
0.7230219978922006 	 0.0
0.7240219978922006 	 0.0
0.7250219978922006 	 0.0
0.7260219978922006 	 0.0
0.7270219978922006 	 0.0
0.7280219978922006 	 0.0
0.7290219978922006 	 0.0
0.7300219978922006 	 0.0
0.7310219978922006 	 0.0
0.7320219978922006 	 0.0
0.7330219978922006 	 0.0
0.7340219978922006 	 0.0
0.7350219978922006 	 0.0
0.7360219978922006 	 0.0
0.7370219978922006 	 0.0
0.7380219978922006 	 0.0
0.7390219978922006 	 0.0
0.7400219978922006 	 0.0
0.7410219978922006 	 0.0
0.7420219978922006 	 0.0
0.7430219978922006 	 0.0
0.7440219978922006 	 0.0
0.7450219978922006 	 0.0
0.7460219978922006 	 0.0
0.7470219978922006 	 0.0
0.7480219978922006 	 0.0
0.7490219978922006 	 0.0
0.7500219978922006 	 0.0
0.7510219978922006 	 0.0
0.7520219978922006 	 0.0
0.7530219978922006 	 0.0
0.7540219978922006 	 0.0
0.7550219978922006 	 0.0
0.7560219978922006 	 0.0
0.7570219978922006 	 0.0
0.7580219978922006 	 0.0
0.7590219978922006 	 0.0
0.7600219978922006 	 0.0
0.7610219978922006 	 0.0
0.7620219978922006 	 0.0
0.7630219978922006 	 0.0
0.7640219978922006 	 0.0
0.7650219978922006 	 0.0
0.7660219978922006 	 0.0
0.7670219978922006 	 0.0
0.7680219978922006 	 0.0
0.7690219978922006 	 0.0
0.7700219978922006 	 0.0
0.7710219978922006 	 0.0
0.7720219978922006 	 0.0
0.7730219978922006 	 0.0
0.7740219978922006 	 0.0
0.7750219978922006 	 0.0
0.7760219978922006 	 0.0
0.7770219978922006 	 0.0
0.7780219978922006 	 0.0
0.7790219978922006 	 0.0
0.7800219978922006 	 0.0
0.7810219978922006 	 0.0
0.7820219978922006 	 0.0
0.7830219978922006 	 0.0
0.7840219978922006 	 0.0
0.7850219978922006 	 0.0
0.7860219978922006 	 0.0
0.7870219978922006 	 0.0
0.7880219978922006 	 0.0
0.7890219978922006 	 0.0
0.7900219978922006 	 0.0
0.7910219978922006 	 0.0
0.7920219978922006 	 0.0
0.7930219978922006 	 0.0
0.7940219978922006 	 0.0
0.7950219978922006 	 0.0
0.7960219978922006 	 0.0
0.7970219978922006 	 0.0
0.7980219978922006 	 0.0
0.7990219978922006 	 0.0
0.8000219978922006 	 0.0
0.8010219978922006 	 0.0
0.8020219978922006 	 0.0
0.8030219978922006 	 0.0
0.8040219978922006 	 0.0
0.8050219978922006 	 0.0
0.8060219978922006 	 0.0
0.8070219978922006 	 0.0
0.8080219978922006 	 0.0
0.8090219978922006 	 0.0
0.8100219978922006 	 0.0
0.8110219978922006 	 0.0
0.8120219978922006 	 0.0
0.8130219978922006 	 0.0
0.8140219978922006 	 0.0
0.8150219978922006 	 0.0
0.8160219978922006 	 0.0
0.8170219978922006 	 0.0
0.8180219978922006 	 0.0
0.8190219978922006 	 0.0
0.8200219978922006 	 0.0
0.8210219978922007 	 0.0
0.8220219978922007 	 0.0
0.8230219978922007 	 0.0
0.8240219978922007 	 0.0
0.8250219978922007 	 0.0
0.8260219978922007 	 0.0
0.8270219978922007 	 0.0
0.8280219978922007 	 0.0
0.8290219978922007 	 0.0
0.8300219978922007 	 0.0
0.8310219978922007 	 0.0
0.8320219978922007 	 0.0
0.8330219978922007 	 0.0
0.8340219978922007 	 0.0
0.8350219978922007 	 0.0
0.8360219978922007 	 0.0
0.8370219978922007 	 0.0
0.8380219978922007 	 0.0
0.8390219978922007 	 0.0
0.8400219978922007 	 0.0
0.8410219978922007 	 0.0
0.8420219978922007 	 0.0
0.8430219978922007 	 0.0
0.8440219978922007 	 0.0
0.8450219978922007 	 0.0
0.8460219978922007 	 0.0
0.8470219978922007 	 0.0
0.8480219978922007 	 0.0
0.8490219978922007 	 0.0
0.8500219978922007 	 0.0
0.8510219978922007 	 0.0
0.8520219978922007 	 0.0
0.8530219978922007 	 0.0
0.8540219978922007 	 0.0
0.8550219978922007 	 0.0
0.8560219978922007 	 0.0
0.8570219978922007 	 0.0
0.8580219978922007 	 0.0
0.8590219978922007 	 0.0
0.8600219978922007 	 0.0
0.8610219978922007 	 0.0
0.8620219978922007 	 0.0
0.8630219978922007 	 0.0
0.8640219978922007 	 0.0
0.8650219978922007 	 0.0
0.8660219978922007 	 0.0
0.8670219978922007 	 0.0
0.8680219978922007 	 0.0
0.8690219978922007 	 0.0
0.8700219978922007 	 0.0
0.8710219978922007 	 0.0
0.8720219978922007 	 0.0
0.8730219978922007 	 0.0
0.8740219978922007 	 0.0
0.8750219978922007 	 0.0
0.8760219978922007 	 0.0
0.8770219978922007 	 0.0
0.8780219978922007 	 0.0
0.8790219978922007 	 0.0
0.8800219978922007 	 0.0
0.8810219978922007 	 0.0
0.8820219978922007 	 0.0
0.8830219978922007 	 0.0
0.8840219978922007 	 0.0
0.8850219978922007 	 0.0
0.8860219978922007 	 0.0
0.8870219978922007 	 0.0
0.8880219978922007 	 0.0
0.8890219978922007 	 0.0
0.8900219978922007 	 0.0
0.8910219978922007 	 0.0
0.8920219978922007 	 0.0
0.8930219978922007 	 0.0
0.8940219978922007 	 0.0
0.8950219978922007 	 0.0
0.8960219978922007 	 0.0
0.8970219978922007 	 0.0
0.8980219978922007 	 0.0
0.8990219978922007 	 0.0
0.9000219978922007 	 0.0
0.9010219978922007 	 0.0
0.9020219978922007 	 0.0
0.9030219978922007 	 0.0
0.9040219978922007 	 0.0
0.9050219978922007 	 0.0
0.9060219978922007 	 0.0
0.9070219978922007 	 0.0
0.9080219978922007 	 0.0
0.9090219978922007 	 0.0
0.9100219978922007 	 0.0
0.9110219978922007 	 0.0
0.9120219978922007 	 0.0
0.9130219978922007 	 0.0
0.9140219978922007 	 0.0
0.9150219978922007 	 0.0
0.9160219978922007 	 0.0
0.9170219978922007 	 0.0
0.9180219978922007 	 0.0
0.9190219978922007 	 0.0
0.9200219978922007 	 0.0
0.9210219978922007 	 0.0
0.9220219978922007 	 0.0
0.9230219978922007 	 0.0
0.9240219978922007 	 0.0
0.9250219978922007 	 0.0
0.9260219978922007 	 0.0
0.9270219978922007 	 0.0
0.9280219978922007 	 0.0
0.9290219978922007 	 0.0
0.9300219978922007 	 0.0
0.9310219978922007 	 0.0
0.9320219978922007 	 0.0
0.9330219978922007 	 0.0
0.9340219978922008 	 0.0
0.9350219978922008 	 0.0
0.9360219978922008 	 0.0
0.9370219978922008 	 0.0
0.9380219978922008 	 0.0
0.9390219978922008 	 0.0
0.9400219978922008 	 0.0
0.9410219978922008 	 0.0
0.9420219978922008 	 0.0
0.9430219978922008 	 0.0
0.9440219978922008 	 0.0
0.9450219978922008 	 0.0
0.9460219978922008 	 0.0
0.9470219978922008 	 0.0
0.9480219978922008 	 0.0
0.9490219978922008 	 0.0
0.9500219978922008 	 0.0
0.9510219978922008 	 0.0
0.9520219978922008 	 0.0
0.9530219978922008 	 0.0
0.9540219978922008 	 0.0
0.9550219978922008 	 0.0
0.9560219978922008 	 0.0
0.9570219978922008 	 0.0
0.9580219978922008 	 0.0
0.9590219978922008 	 0.0
0.9600219978922008 	 0.0
0.9610219978922008 	 0.0
0.9620219978922008 	 0.0
0.9630219978922008 	 0.0
0.9640219978922008 	 0.0
0.9650219978922008 	 0.0
0.9660219978922008 	 0.0
0.9670219978922008 	 0.0
0.9680219978922008 	 0.0
0.9690219978922008 	 0.0
0.9700219978922008 	 0.0
0.9710219978922008 	 0.0
0.9720219978922008 	 0.0
0.9730219978922008 	 0.0
0.9740219978922008 	 0.0
0.9750219978922008 	 0.0
0.9760219978922008 	 0.0
0.9770219978922008 	 0.0
0.9780219978922008 	 0.0
0.9790219978922008 	 0.0
0.9800219978922008 	 0.0
0.9810219978922008 	 0.0
0.9820219978922008 	 0.0
0.9830219978922008 	 0.0
0.9840219978922008 	 0.0
0.9850219978922008 	 0.0
0.9860219978922008 	 0.0
0.9870219978922008 	 0.0
0.9880219978922008 	 0.0
0.9890219978922008 	 0.0
0.9900219978922008 	 0.0
0.9910219978922008 	 0.0
0.9920219978922008 	 0.0
0.9930219978922008 	 0.0
0.9940219978922008 	 0.0
0.9950219978922008 	 0.0
0.9960219978922008 	 0.0
0.9970219978922008 	 0.0
0.9980219978922008 	 0.0
0.9990219978922008 	 0.0
1.0000219978922007 	 0.0
1.0010219978922006 	 0.0
1.0020219978922005 	 0.0
1.0030219978922004 	 0.0
1.0040219978922003 	 0.0
1.0050219978922001 	 0.0
1.0060219978922 	 0.0
1.0070219978922 	 0.0
1.0080219978921998 	 0.0
1.0090219978921997 	 0.0
1.0100219978921996 	 0.0
1.0110219978921995 	 0.0
1.0120219978921994 	 0.0
1.0130219978921993 	 0.0
1.0140219978921992 	 0.0
1.015021997892199 	 0.0
1.016021997892199 	 0.0
1.0170219978921988 	 0.0
1.0180219978921987 	 0.0
1.0190219978921986 	 0.0
1.0200219978921985 	 0.0
1.0210219978921984 	 0.0
1.0220219978921983 	 0.0
1.0230219978921982 	 0.0
1.024021997892198 	 0.0
1.025021997892198 	 0.0
1.0260219978921978 	 0.0
1.0270219978921977 	 0.0
1.0280219978921976 	 0.0
1.0290219978921975 	 0.0
1.0300219978921974 	 0.0
1.0310219978921973 	 0.0
1.0320219978921972 	 0.0
1.033021997892197 	 0.0
1.034021997892197 	 0.0
1.0350219978921968 	 0.0
1.0360219978921967 	 0.0
1.0370219978921966 	 0.0
1.0380219978921965 	 0.0
1.0390219978921964 	 0.0
1.0400219978921963 	 0.0
1.0410219978921962 	 0.0
1.042021997892196 	 0.0
1.043021997892196 	 0.0
1.0440219978921959 	 0.0
1.0450219978921957 	 0.0
1.0460219978921956 	 0.0
1.0470219978921955 	 0.0
1.0480219978921954 	 0.0
1.0490219978921953 	 0.0
1.0500219978921952 	 0.0
1.051021997892195 	 0.0
1.052021997892195 	 0.0
1.0530219978921949 	 0.0
1.0540219978921948 	 0.0
1.0550219978921946 	 0.0
1.0560219978921945 	 0.0
1.0570219978921944 	 0.0
1.0580219978921943 	 0.0
1.0590219978921942 	 0.0
1.060021997892194 	 0.0
1.061021997892194 	 0.0
1.0620219978921939 	 0.0
1.0630219978921938 	 0.0
1.0640219978921936 	 0.0
1.0650219978921935 	 0.0
1.0660219978921934 	 0.0
1.0670219978921933 	 0.0
1.0680219978921932 	 0.0
1.069021997892193 	 0.0
1.070021997892193 	 0.0
1.0710219978921929 	 0.0
1.0720219978921928 	 0.0
1.0730219978921927 	 0.0
1.0740219978921925 	 0.0
1.0750219978921924 	 0.0
1.0760219978921923 	 0.0
1.0770219978921922 	 0.0
1.078021997892192 	 0.0
1.079021997892192 	 0.0
1.0800219978921919 	 0.0
1.0810219978921918 	 0.0
1.0820219978921917 	 0.0
1.0830219978921916 	 0.0
1.0840219978921914 	 0.0
1.0850219978921913 	 0.0
1.0860219978921912 	 0.0
1.0870219978921911 	 0.0
1.088021997892191 	 0.0
1.089021997892191 	 0.0
1.0900219978921908 	 0.0
1.0910219978921907 	 0.0
1.0920219978921906 	 0.0
1.0930219978921905 	 0.0
1.0940219978921903 	 0.0
1.0950219978921902 	 0.0
1.0960219978921901 	 0.0
1.09702199789219 	 0.0
1.09802199789219 	 0.0
1.0990219978921898 	 0.0
1.1000219978921897 	 0.0
1.1010219978921896 	 0.0
1.1020219978921895 	 0.0
1.1030219978921894 	 0.0
1.1040219978921892 	 0.0
1.1050219978921891 	 0.0
1.106021997892189 	 0.0
1.107021997892189 	 0.0
1.1080219978921888 	 0.0
1.1090219978921887 	 0.0
1.1100219978921886 	 0.0
1.1110219978921885 	 0.0
1.1120219978921884 	 0.0
1.1130219978921883 	 0.0
1.1140219978921881 	 0.0
1.115021997892188 	 0.0
1.116021997892188 	 0.0
1.1170219978921878 	 0.0
1.1180219978921877 	 0.0
1.1190219978921876 	 0.0
1.1200219978921875 	 0.0
1.1210219978921874 	 0.0
1.1220219978921873 	 0.0
1.1230219978921872 	 0.0
1.124021997892187 	 0.0
1.125021997892187 	 0.0
1.1260219978921868 	 0.0
1.1270219978921867 	 0.0
1.1280219978921866 	 0.0
1.1290219978921865 	 0.0
1.1300219978921864 	 0.0
1.1310219978921863 	 0.0
1.1320219978921862 	 0.0
1.133021997892186 	 0.0
1.134021997892186 	 0.0
1.1350219978921858 	 2.878731910208643e-06
1.1360219978921857 	 2.752790190597901e-06
1.1370219978921856 	 2.630598265858102e-06
1.1380219978921855 	 2.5121085102447555e-06
1.1390219978921854 	 2.3972714312361788e-06
1.1400219978921853 	 2.2860357593556908e-06
1.1410219978921852 	 2.1783485270350688e-06
1.142021997892185 	 2.0741551067064797e-06
1.143021997892185 	 1.973399166444322e-06
1.1440219978921848 	 1.8760229245428143e-06
1.1450219978921847 	 1.7819672671888756e-06
1.1460219978921846 	 1.69117182111337e-06
1.1470219978921845 	 1.603575017407559e-06
1.1480219978921844 	 1.5191141617311493e-06
1.1490219978921843 	 1.4377254965854293e-06
1.1500219978921842 	 1.3593442622920954e-06
1.151021997892184 	 1.28390476126309e-06
1.152021997892184 	 1.2113403946621466e-06
1.1530219978921838 	 1.1415836779311331e-06
1.1540219978921837 	 1.0745663630066328e-06
1.1550219978921836 	 1.0102195105023815e-06
1.1560219978921835 	 9.48473538851785e-07
1.1570219978921834 	 8.892582733413834e-07
1.1580219978921833 	 8.325029948818233e-07
1.1590219978921832 	 7.781364840883081e-07
1.160021997892183 	 7.260870683649917e-07
1.161021997892183 	 6.762826634759877e-07
1.1620219978921829 	 6.286508104359427e-07
1.1630219978921827 	 5.831187024426711e-07
1.1640219978921826 	 5.396132474075295e-07
1.1650219978921825 	 4.980611128261013e-07
1.1660219978921824 	 4.583887605931373e-07
1.1670219978921823 	 4.205224833351449e-07
1.1680219978921822 	 3.843884377478611e-07
1.169021997892182 	 3.4991267710730956e-07
1.170021997892182 	 3.1702118408108363e-07
1.1710219978921819 	 2.856399006700308e-07
1.1720219978921818 	 2.5569475702095965e-07
1.1730219978921816 	 2.271116969452055e-07
1.1740219978921815 	 1.998167126919222e-07
1.1750219978921814 	 1.73735872984591e-07
1.1760219978921813 	 1.4879534844192909e-07
1.1770219978921812 	 1.2492143677126032e-07
1.178021997892181 	 1.0204058628180552e-07
1.179021997892181 	 8.007941918401851e-08
1.1800219978921809 	 5.8964753816945136e-08
1.1810219978921808 	 3.86236260368424e-08
1.1820219978921807 	 1.8983309969840934e-08
1.1830219978921805 	 2.8661845307412598e-11
1.1840219978921804 	 1.848447766060408e-08
1.1850219978921803 	 3.645602876932447e-08
1.1860219978921802 	 5.401488948321374e-08
1.18702199789218 	 7.123230474976024e-08
1.18802199789218 	 8.817917324504403e-08
1.1890219978921799 	 1.049260289041715e-07
1.1900219978921798 	 1.2154302694943373e-07
1.1910219978921797 	 1.3809992937179056e-07
1.1920219978921796 	 1.546660911769344e-07
1.1930219978921794 	 1.713104467945848e-07
1.1940219978921793 	 1.8810149740433875e-07
1.1950219978921792 	 2.051072993246741e-07
1.1960219978921791 	 2.2239545235341327e-07
1.197021997892179 	 2.4003308869781284e-07
1.198021997892179 	 2.5808686282926273e-07
1.1990219978921788 	 2.7662294131003897e-07
1.2000219978921787 	 2.957069937509901e-07
1.2010219978921786 	 3.154041836545738e-07
1.2020219978921785 	 3.357791604938258e-07
1.2030219978921783 	 3.5689605377372024e-07
1.2040219978921782 	 3.7881846440583634e-07
1.2050219978921781 	 4.0160945689104345e-07
1.206021997892178 	 4.253315537394684e-07
1.207021997892178 	 4.500467284867665e-07
1.2080219978921778 	 4.7581640086203787e-07
1.2090219978921777 	 5.027014310908505e-07
1.2100219978921776 	 5.307621150486888e-07
1.2110219978921775 	 5.600581803605209e-07
1.2120219978921773 	 5.906487843734382e-07
1.2130219978921772 	 6.225925166581527e-07
1.2140219978921771 	 6.559473923780637e-07
1.215021997892177 	 6.907708472978922e-07
1.216021997892177 	 7.271197351530239e-07
1.2170219978921768 	 7.65050326582591e-07
1.2180219978921767 	 8.046183067134267e-07
1.2190219978921766 	 8.458787748554177e-07
1.2200219978921765 	 8.888862433439866e-07
1.2210219978921764 	 9.336973416421354e-07
1.2220219978921762 	 9.80378207158179e-07
1.2230219978921761 	 1.0289966683332643e-06
1.224021997892176 	 1.0796198497457673e-06
1.225021997892176 	 1.1323141687347235e-06
1.2260219978921758 	 1.1871477524517612e-06
1.2270219978921757 	 1.2441970300884803e-06
1.2280219978921756 	 1.303539738468762e-06
1.2290219978921755 	 1.3652527957106819e-06
1.2300219978921754 	 1.4294123016206713e-06
1.2310219978921753 	 1.4960965332703062e-06
1.2320219978921751 	 1.5653941177670307e-06
1.233021997892175 	 1.6373954115890944e-06
1.234021997892175 	 1.7121898400651308e-06
1.2350219978921748 	 1.7898658915401072e-06
1.2360219978921747 	 1.8705145421785475e-06
1.2370219978921746 	 1.9542385903215014e-06
1.2380219978921745 	 2.041142753049176e-06
1.2390219978921744 	 2.1313306609341326e-06
1.2400219978921743 	 2.224904864083905e-06
1.2410219978921742 	 2.321970825221064e-06
1.242021997892174 	 2.4226478245882565e-06
1.243021997892174 	 2.5270574936797213e-06
1.2440219978921738 	 2.6353202561569076e-06
1.2450219978921737 	 2.7475553181581064e-06
1.2460219978921736 	 2.863885313442656e-06
1.2470219978921735 	 2.984448952604971e-06
1.2480219978921734 	 3.1093876074702632e-06
1.2490219978921733 	 3.23884124498075e-06
1.2500219978921732 	 3.3729484413672563e-06
1.251021997892173 	 3.5118517975724826e-06
1.252021997892173 	 3.6557127278574177e-06
1.2530219978921728 	 3.8046959638656e-06
1.2540219978921727 	 3.958964713620412e-06
1.2550219978921726 	 4.118680642678372e-06
1.2560219978921725 	 4.284010204440531e-06
1.2570219978921724 	 4.45514185664534e-06
1.2580219978921723 	 4.632267812988387e-06
1.2590219978921722 	 4.815578518957683e-06
1.260021997892172 	 5.005262679917918e-06
1.261021997892172 	 5.2015146681907556e-06
1.2620219978921718 	 5.404554748985379e-06
1.2630219978921717 	 5.614607962030483e-06
1.2640219978921716 	 5.831897479114957e-06
1.2650219978921715 	 6.056644582377563e-06
1.2660219978921714 	 6.289077362101487e-06
1.2670219978921713 	 6.529454363492373e-06
1.2680219978921712 	 6.778039547539286e-06
1.269021997892171 	 7.035094720249772e-06
1.270021997892171 	 7.300879584103199e-06
1.2710219978921709 	 7.575661974710738e-06
1.2720219978921707 	 7.85974580476629e-06
1.2730219978921706 	 8.153441965627568e-06
1.2740219978921705 	 8.457059144403622e-06
1.2750219978921704 	 8.770903799850284e-06
1.2760219978921703 	 9.095292257154362e-06
1.2770219978921702 	 9.430583567881883e-06
1.27802199789217 	 9.77714475971129e-06
1.27902199789217 	 1.0135340341554759e-05
1.2800219978921699 	 1.0505532393671536e-05
1.2810219978921698 	 1.0888094900619184e-05
1.2820219978921696 	 1.128345285161168e-05
1.2830219978921695 	 1.1692041544030187e-05
1.2840219978921694 	 1.2114293805764763e-05
1.2850219978921693 	 1.2550639969519314e-05
1.2860219978921692 	 1.3001524941750272e-05
1.287021997892169 	 1.3467454540153571e-05
1.288021997892169 	 1.3948946568061932e-05
1.2890219978921689 	 1.444651605377207e-05
1.2900219978921688 	 1.4960675354429052e-05
1.2910219978921686 	 1.5491954440636498e-05
1.2920219978921685 	 1.6040956765821523e-05
1.2930219978921684 	 1.6608301197214194e-05
1.2940219978921683 	 1.7194603965226198e-05
1.2950219978921682 	 1.78004787277474e-05
1.296021997892168 	 1.842656108003723e-05
1.297021997892168 	 1.9073575092895755e-05
1.2980219978921679 	 1.974226318610732e-05
1.2990219978921678 	 2.043336492070334e-05
1.3000219978921677 	 2.1147616794413297e-05
1.3010219978921675 	 2.188578275231438e-05
1.3020219978921674 	 2.264873436978155e-05
1.3030219978921673 	 2.3437366321014876e-05
1.3040219978921672 	 2.4252570688470907e-05
1.305021997892167 	 2.509523722346625e-05
1.306021997892167 	 2.596628932903365e-05
1.3070219978921669 	 2.686678174456114e-05
1.3080219978921668 	 2.779779779053297e-05
1.3090219978921667 	 2.876041840187209e-05
1.3100219978921666 	 2.9755722533653793e-05
1.3110219978921664 	 3.078483118239519e-05
1.3120219978921663 	 3.1849026649166326e-05
1.3130219978921662 	 3.294962614901569e-05
1.3140219978921661 	 3.4087944594283266e-05
1.315021997892166 	 3.526529530708167e-05
1.316021997892166 	 3.648304425101418e-05
1.3170219978921658 	 3.774275734480536e-05
1.3180219978921657 	 3.904604579022133e-05
1.3190219978921656 	 4.0394519447957744e-05
1.3200219978921655 	 4.178978746658002e-05
1.3210219978921653 	 4.323352565026147e-05
1.3220219978921652 	 4.4727658427105556e-05
1.3230219978921651 	 4.627416364314786e-05
1.324021997892165 	 4.787501726959564e-05
1.325021997892165 	 4.953219501408211e-05
1.3260219978921648 	 5.1247756648435265e-05
1.3270219978921647 	 5.302407533440363e-05
1.3280219978921646 	 5.4863597199180536e-05
1.3290219978921645 	 5.676876885501938e-05
1.3300219978921644 	 5.874203821008205e-05
1.3310219978921642 	 6.0785782259258815e-05
1.3320219978921641 	 6.290253313317963e-05
1.333021997892164 	 6.509550802061558e-05
1.334021997892164 	 6.736777019802567e-05
1.3350219978921638 	 6.972235089835218e-05
1.3360219978921637 	 7.216240536702816e-05
1.3370219978921636 	 7.469158857944586e-05
1.3380219978921635 	 7.731366963716336e-05
1.3390219978921634 	 8.003241552498e-05
1.3400219978921633 	 8.285159276075198e-05
1.3410219978921631 	 8.577514236404044e-05
1.342021997892163 	 8.880765090314035e-05
1.343021997892163 	 9.19538357545762e-05
1.3440219978921628 	 9.521840681267821e-05
1.3450219978921627 	 9.860607184618475e-05
1.3460219978921626 	 0.00010212176252189217
1.3470219978921625 	 0.00010577125171494099
1.3480219978921624 	 0.0001095605065181686
1.3490219978921623 	 0.00011349549178309386
1.3500219978921622 	 0.0001175821712392429
1.351021997892162 	 0.00012182680169687948
1.352021997892162 	 0.00012623672803210363
1.3530219978921618 	 0.00013081951356431405
1.3540219978921617 	 0.00013558270560506418
1.3550219978921616 	 0.0001405338434901127
1.3560219978921615 	 0.00014568083956984057
1.3570219978921614 	 0.00015103302227810903
1.3580219978921613 	 0.00015660004255007882
1.3590219978921612 	 0.00016239154075384511
1.360021997892161 	 0.00016841714735657486
1.361021997892161 	 0.0001746869686657402
1.3620219978921608 	 0.00018121290388024229
1.3630219978921607 	 0.00018800721146051605
1.3640219978921606 	 0.00019508211515978542
1.3650219978921605 	 0.00020244981442899598
1.3660219978921604 	 0.00021012307416410852
1.3670219978921603 	 0.00021811684219002876
1.3680219978921602 	 0.00022644655266391864
1.36902199789216 	 0.00023512760810063724
1.37002199789216 	 0.00024417537897839073
1.3710219978921598 	 0.0002536058498500191
1.3720219978921597 	 0.0002634373758124581
1.3730219978921596 	 0.0002736887772147948
1.3740219978921595 	 0.00028437880854365326
1.3750219978921594 	 0.0002955261695132348
1.3760219978921593 	 0.00030715006456602815
1.3770219978921592 	 0.00031927173964004456
1.378021997892159 	 0.00033191286862601174
1.379021997892159 	 0.0003450950599674882
1.3800219978921588 	 0.00035883985556397813
1.3810219978921587 	 0.00037316898225208534
1.3820219978921586 	 0.0003881050302724177
1.3830219978921585 	 0.0004036706877149193
1.3840219978921584 	 0.0004198885490042677
1.3850219978921583 	 0.00043678112221194084
1.3860219978921582 	 0.00045437063884178525
1.387021997892158 	 0.0004726785249109256
1.388021997892158 	 0.000491725951981437
1.3890219978921579 	 0.0005115340046052151
1.3900219978921577 	 0.0005321236793208835
1.3910219978921576 	 0.0005535153919728154
1.3920219978921575 	 0.0005757276283193163
1.3930219978921574 	 0.0005987783518152153
1.3940219978921573 	 0.0006226854328127442
1.3950219978921572 	 0.0006474666441496601
1.396021997892157 	 0.0006731391715985457
1.397021997892157 	 0.000699718282291313
1.3980219978921569 	 0.0007272187009977349
1.3990219978921568 	 0.0007556550187872949
1.4000219978921566 	 0.000785041674728664
1.4010219978921565 	 0.0008153926496728626
1.4020219978921564 	 0.0008467206865254655
1.4030219978921563 	 0.0008790381486882872
1.4040219978921562 	 0.0009123571762342691
1.405021997892156 	 0.0009466896266721143
1.406021997892156 	 0.0009820469632645286
1.4070219978921559 	 0.0010184400224931681
1.4080219978921558 	 0.0010558791528490037
1.4090219978921557 	 0.0010943742157522893
1.4100219978921555 	 0.001133934524473577
1.4110219978921554 	 0.0011745688713897832
1.4120219978921553 	 0.0012162857780352605
1.4130219978921552 	 0.0012590933405148507
1.414021997892155 	 0.001302998943560427
1.415021997892155 	 0.001348009150250509
1.4160219978921549 	 0.0013941298412379407
1.4170219978921548 	 0.0014413667005710306
1.4180219978921547 	 0.0014897245993523345
1.4190219978921546 	 0.001539207379767835
1.4200219978921544 	 0.0015898178187819694
1.4210219978921543 	 0.0016415578591550556
1.4220219978921542 	 0.0016944293986478516
1.4230219978921541 	 0.0017484338178010365
1.424021997892154 	 0.0018035715027389268
1.425021997892154 	 0.0018598417672315317
1.4260219978921538 	 0.0019172431631503195
1.4270219978921537 	 0.001975774319605211
1.4280219978921536 	 0.0020354330926243475
1.4290219978921535 	 0.002096216324338441
1.4300219978921533 	 0.0021581198710986455
1.4310219978921532 	 0.0022211389710246553
1.4320219978921531 	 0.0022852693283004445
1.433021997892153 	 0.002350506534860722
1.434021997892153 	 0.0024168455095581634
1.4350219978921528 	 0.0024842804126810674
1.4360219978921527 	 0.0025528050404729848
1.4370219978921526 	 0.002622413829460827
1.4380219978921525 	 0.0026931008556095506
1.4390219978921523 	 0.0027648595490852032
1.4400219978921522 	 0.002837682721160036
1.4410219978921521 	 0.002911562969171232
1.442021997892152 	 0.0029864938742049266
1.443021997892152 	 0.0030624693263045636
1.4440219978921518 	 0.003139482848095362
1.4450219978921517 	 0.003217527494022412
1.4460219978921516 	 0.003296596262694277
1.4470219978921515 	 0.0033766831901189676
1.4480219978921514 	 0.003457782203832005
1.4490219978921512 	 0.0035398867816728513
1.4500219978921511 	 0.0036229899589210212
1.451021997892151 	 0.003707084750118652
1.452021997892151 	 0.0037921654149949096
1.4530219978921508 	 0.003878226639974706
1.4540219978921507 	 0.0039652628282244
1.4550219978921506 	 0.004053267991343728
1.4560219978921505 	 0.004142236181788474
1.4570219978921504 	 0.004232162661268636
1.4580219978921503 	 0.0043230426494482894
1.4590219978921501 	 0.004414870946856629
1.46002199789215 	 0.004507641938232194
1.46102199789215 	 0.004601350037099701
1.4620219978921498 	 0.004695991003046958
1.4630219978921497 	 0.004791560980281332
1.4640219978921496 	 0.004888055805218576
1.4650219978921495 	 0.0049854709131137405
1.4660219978921494 	 0.005083801786036652
1.4670219978921493 	 0.005183045159125181
1.4680219978921492 	 0.005283197721325666
1.469021997892149 	 0.0053842557258512985
1.470021997892149 	 0.005486214994950436
1.4710219978921488 	 0.005589071384282267
1.4720219978921487 	 0.00569282212599411
1.4730219978921486 	 0.005797464758333933
1.4740219978921485 	 0.005902996470444662
1.4750219978921484 	 0.006009414027709028
1.4760219978921483 	 0.006116714224625808
1.4770219978921482 	 0.006224895096962562
1.478021997892148 	 0.006333954615150988
1.479021997892148 	 0.006443890309970264
1.4800219978921478 	 0.006554699223624929
1.4810219978921477 	 0.006666378444665827
1.4820219978921476 	 0.0067789263401709324
1.4830219978921475 	 0.0068923415149192875
1.4840219978921474 	 0.00700662219876411
1.4850219978921473 	 0.007121766183192483
1.4860219978921472 	 0.007237771256785926
1.487021997892147 	 0.007354636364354784
1.488021997892147 	 0.007472360358374123
1.4890219978921468 	 0.007590941630113408
1.4900219978921467 	 0.007710378119478037
1.4910219978921466 	 0.007830667715150817
1.4920219978921465 	 0.00795180940866488
1.4930219978921464 	 0.008073802413790862
1.4940219978921463 	 0.008196645580049497
1.4950219978921462 	 0.008320337324481302
1.496021997892146 	 0.008444875994558097
1.497021997892146 	 0.008570260827492347
1.4980219978921459 	 0.008696490919872327
1.4990219978921457 	 0.008823564925867573
1.5000219978921456 	 0.008951481068466008
1.5010219978921455 	 0.00908023744416297
1.5020219978921454 	 0.00920983294654184
1.5030219978921453 	 0.00934026675432565
1.5040219978921452 	 0.009471537734241137
1.505021997892145 	 0.009603644392006906
1.506021997892145 	 0.009736585039148109
1.5070219978921449 	 0.009870358447636144
1.5080219978921447 	 0.0100049631921662
1.5090219978921446 	 0.01014039746348462
1.5100219978921445 	 0.010276659080949777
1.5110219978921444 	 0.010413745618141818
1.5120219978921443 	 0.010551654900364353
1.5130219978921442 	 0.010690385174777835
1.514021997892144 	 0.010829934527162003
1.515021997892144 	 0.01097030073964048
1.5160219978921439 	 0.011111481305934702
1.5170219978921438 	 0.011253473453572662
1.5180219978921436 	 0.011396274142732992
1.5190219978921435 	 0.011539880073671361
1.5200219978921434 	 0.01168428769782108
1.5210219978921433 	 0.011829493017772603
1.5220219978921432 	 0.011975491390516188
1.523021997892143 	 0.012122278964210536
1.524021997892143 	 0.012269851973536083
1.5250219978921429 	 0.012418206487590512
1.5260219978921428 	 0.012567332575613781
1.5270219978921427 	 0.012717220661546099
1.5280219978921425 	 0.012867864247998318
1.5290219978921424 	 0.013019256781501709
1.5300219978921423 	 0.013171391493669526
1.5310219978921422 	 0.013324261110492426
1.532021997892142 	 0.013477856764799023
1.533021997892142 	 0.0136321704910098
1.5340219978921419 	 0.013787194750918523
1.5350219978921418 	 0.013942922128263162
1.5360219978921417 	 0.014099344574647493
1.5370219978921416 	 0.014256451326268503
1.5380219978921414 	 0.01441423122042567
1.5390219978921413 	 0.01457267338710687
1.5400219978921412 	 0.014731767259223335
1.5410219978921411 	 0.014891501529976982
1.542021997892141 	 0.015051861775153772
1.543021997892141 	 0.01521283480084668
1.5440219978921408 	 0.015374408358733332
1.5450219978921407 	 0.015536570776022383
1.5460219978921406 	 0.015699309617615873
1.5470219978921405 	 0.015862608076731274
1.5480219978921403 	 0.016026448990658793
1.5490219978921402 	 0.016190816053771005
1.5500219978921401 	 0.01635569383228328
1.55102199789214 	 0.01652106609968656
1.55202199789214 	 0.016686911833074008
1.5530219978921398 	 0.01685321159178329
1.5540219978921397 	 0.017019947648271295
1.5550219978921396 	 0.017187103567968126
1.5560219978921395 	 0.017354662229207583
1.5570219978921394 	 0.017522600441320455
1.5580219978921392 	 0.017690894953920303
1.5590219978921391 	 0.017859524261149923
1.560021997892139 	 0.018028468639810856
1.561021997892139 	 0.018197707815165144
1.5620219978921388 	 0.018367215144603818
1.5630219978921387 	 0.01853696593559041
1.5640219978921386 	 0.018706938223431183
1.5650219978921385 	 0.018877112357195584
1.5660219978921384 	 0.019047468323628074
1.5670219978921383 	 0.019217978509585523
1.5680219978921381 	 0.019388423117348105
1.569021997892138 	 0.019558613264317445
1.570021997892138 	 0.019728664225724533
1.5710219978921378 	 0.019898586599004092
1.5720219978921377 	 0.020068363750223084
1.5730219978921376 	 0.02023797192775602
1.5740219978921375 	 0.020407384734339905
1.5750219978921374 	 0.020576573255740926
1.5760219978921373 	 0.020745502243964684
1.5770219978921372 	 0.020914120168204983
1.578021997892137 	 0.02108236642788558
1.579021997892137 	 0.021250171280945085
1.5800219978921368 	 0.021417452125660836
1.5810219978921367 	 0.021584105717002547
1.5820219978921366 	 0.021749994134781965
1.5830219978921365 	 0.02191494877997586
1.5840219978921364 	 0.022078767453425158
1.5850219978921363 	 0.022241209316951532
1.5860219978921362 	 0.02240198869447483
1.587021997892136 	 0.022560767082503895
1.588021997892136 	 0.022717169344660205
1.5890219978921358 	 0.022870800715057652
1.5900219978921357 	 0.023021269396328207
1.5910219978921356 	 0.02316821406676466
1.5920219978921355 	 0.023311330523205654
1.5930219978921354 	 0.02345041412190268
1.5940219978921353 	 0.023585390150458862
1.5950219978921352 	 0.023716325548914338
1.596021997892135 	 0.023843418239109463
1.597021997892135 	 0.023966963275602486
1.5980219978921348 	 0.024087321297852765
1.5990219978921347 	 0.024204876386479612
1.6000219978921346 	 0.024319995222203378
1.6010219978921345 	 0.024432993875657
1.6020219978921344 	 0.024544112591116246
1.6030219978921343 	 0.024653513096044632
1.6040219978921342 	 0.024761286511529014
1.605021997892134 	 0.024867463276247267
1.606021997892134 	 0.024972023692001896
1.6070219978921338 	 0.025074906399739513
1.6080219978921337 	 0.025176024190770366
1.6090219978921336 	 0.02527527506362114
1.6100219978921335 	 0.025372549772343937
1.6110219978921334 	 0.025467737069979113
1.6120219978921333 	 0.025560724742720618
1.6130219978921332 	 0.02565140012923199
1.614021997892133 	 0.02573965684296928
1.615021997892133 	 0.02582539715164944
1.6160219978921329 	 0.025908532902556593
1.6170219978921327 	 0.025988986406273326
1.6180219978921326 	 0.02606668974229461
1.6190219978921325 	 0.026141584094232773
1.6200219978921324 	 0.026213619489631478
1.6210219978921323 	 0.026282755848296455
1.6220219978921322 	 0.026348964372837663
1.623021997892132 	 0.02641221860083897
1.624021997892132 	 0.026472498013429015
1.6250219978921319 	 0.02652978935943636
1.6260219978921318 	 0.02658408854122461
1.6270219978921316 	 0.026635406383739443
1.6280219978921315 	 0.026683761892433672
1.6290219978921314 	 0.02672918005566658
1.6300219978921313 	 0.02677169166779545
1.6310219978921312 	 0.026811336104805968
1.632021997892131 	 0.026848167655457254
1.633021997892131 	 0.02688224168438057
1.6340219978921309 	 0.026913616764143826
1.6350219978921308 	 0.026942355894655302
1.6360219978921307 	 0.026968529920218223
1.6370219978921305 	 0.02699222705296389
1.6380219978921304 	 0.027013541991158053
1.6390219978921303 	 0.02703257247456744
1.6400219978921302 	 0.02704941889942606
1.64102199789213 	 0.027064188035024504
1.64202199789213 	 0.02707700214862172
1.6430219978921299 	 0.02708798333962008
1.6440219978921298 	 0.027097253428305552
1.6450219978921297 	 0.02710493466260149
1.6460219978921296 	 0.027111153425299673
1.6470219978921294 	 0.027116050914376702
1.6480219978921293 	 0.027119770701643765
1.6490219978921292 	 0.02712245455726358
1.650021997892129 	 0.02712424189048942
1.651021997892129 	 0.027125273253205566
1.652021997892129 	 0.027125699902347686
1.6530219978921288 	 0.027125669674098896
1.6540219978921287 	 0.02712532497627958
1.6550219978921286 	 0.027124802921180344
1.6560219978921285 	 0.027124238395914074
1.6570219978921283 	 0.027123773505602734
1.6580219978921282 	 0.02712354650135263
1.6590219978921281 	 0.02712368797554855
1.660021997892128 	 0.027124320392129562
1.661021997892128 	 0.02712556080235583
1.6620219978921278 	 0.02712752867413446
1.6630219978921277 	 0.02713033650160498
1.6640219978921276 	 0.027134086667927024
1.6650219978921275 	 0.0271388712481499
1.6660219978921273 	 0.027144774234948866
1.6670219978921272 	 0.02715187826742816
1.6680219978921271 	 0.027160257139330565
1.669021997892127 	 0.027169973412420043
1.670021997892127 	 0.02718107830803098
1.6710219978921268 	 0.027193613524137926
1.6720219978921267 	 0.027207616848018108
1.6730219978921266 	 0.02722311812454957
1.6740219978921265 	 0.027240136498142834
1.6750219978921264 	 0.027258680216023602
1.6760219978921262 	 0.027278748066238676
1.6770219978921261 	 0.027300332979231717
1.678021997892126 	 0.027323418998637234
1.679021997892126 	 0.027347980647691335
1.6800219978921258 	 0.02737398335970943
1.6810219978921257 	 0.027401384536078436
1.6820219978921256 	 0.02743013641191788
1.6830219978921255 	 0.02746018738947288
1.6840219978921254 	 0.027491479808788875
1.6850219978921253 	 0.027523949830013387
1.6860219978921251 	 0.0275575280259739
1.687021997892125 	 0.027592139934951975
1.688021997892125 	 0.027627706764540755
1.6890219978921248 	 0.02766414604145374
1.6900219978921247 	 0.02770137223127798
1.6910219978921246 	 0.027739296827278544
1.6920219978921245 	 0.02777782854574443
1.6930219978921244 	 0.02781687829896051
1.6940219978921243 	 0.027856357293129918
1.6950219978921242 	 0.027896176657904757
1.696021997892124 	 0.027936247038832223
1.697021997892124 	 0.02797647651845794
1.6980219978921238 	 0.028016773624516867
1.6990219978921237 	 0.028057048539168673
1.7000219978921236 	 0.028097213483154974
1.7010219978921235 	 0.02813718184991003
1.7020219978921234 	 0.02817686622260566
1.7030219978921233 	 0.028216185158054567
1.7040219978921232 	 0.028255061466095095
1.705021997892123 	 0.02829342149668102
1.706021997892123 	 0.028331194003828414
1.7070219978921228 	 0.028368306034925895
1.7080219978921227 	 0.02840468750327182
1.7090219978921226 	 0.028440272250785353
1.7100219978921225 	 0.02847499822182683
1.7110219978921224 	 0.028508805995180127
1.7120219978921223 	 0.028541635516364773
1.7130219978921222 	 0.028573433353540293
1.714021997892122 	 0.028604151258285138
1.715021997892122 	 0.02863374530523192
1.7160219978921218 	 0.028662174295158285
1.7170219978921217 	 0.02868939525642499
1.7180219978921216 	 0.028715367886592357
1.7190219978921215 	 0.028740055913457872
1.7200219978921214 	 0.028763427061886206
1.7210219978921213 	 0.028785451366722364
1.7220219978921212 	 0.02880609767151932
1.723021997892121 	 0.028825340187752808
1.724021997892121 	 0.028843157625586247
1.7250219978921209 	 0.028859532351225445
1.7260219978921207 	 0.02887444877411429
1.7270219978921206 	 0.028887888933920663
1.7280219978921205 	 0.028899836753221962
1.7290219978921204 	 0.02891027928885563
1.7300219978921203 	 0.02891920670463883
1.7310219978921202 	 0.028926610710762437
1.73202199789212 	 0.028932481045170346
1.73302199789212 	 0.028936811344840378
1.7340219978921199 	 0.028939598528358416
1.7350219978921197 	 0.02894084216498043
1.7360219978921196 	 0.028940543050674363
1.7370219978921195 	 0.028825113133499374
1.7380219978921194 	 0.028597183324609754
1.7390219978921193 	 0.028369961265520435
1.7400219978921192 	 0.028143483341484057
1.741021997892119 	 0.027917784504329222
1.742021997892119 	 0.02769289456768774
1.7430219978921189 	 0.027468842095037506
1.7440219978921188 	 0.027245655586075765
1.7450219978921186 	 0.027023363476887746
1.7460219978921185 	 0.026801992975466652
1.7470219978921184 	 0.026581566870266634
1.7480219978921183 	 0.02636210687944695
1.7490219978921182 	 0.026143634672830377
1.750021997892118 	 0.025926171872029388
1.751021997892118 	 0.025709739060438067
1.7520219978921179 	 0.02549435306997126
1.7530219978921178 	 0.02528002982841125
1.7540219978921177 	 0.025066785228213564
1.7550219978921175 	 0.024854635126597798
1.7560219978921174 	 0.024643594518971232
1.7570219978921173 	 0.024433675273591356
1.7580219978921172 	 0.02422488850879626
1.759021997892117 	 0.02401724531835774
1.760021997892117 	 0.02381075677154317
1.7610219978921169 	 0.023605433229845093
1.7620219978921168 	 0.023401282474407096
1.7630219978921167 	 0.023198311671041298
1.7640219978921166 	 0.02299652796979824
1.7650219978921164 	 0.022795938505005255
1.7660219978921163 	 0.02259654984467244
1.7670219978921162 	 0.022398366481545345
1.7680219978921161 	 0.022201392416502923
1.769021997892116 	 0.02200563164168119
1.770021997892116 	 0.021811088140492863
1.7710219978921158 	 0.021617765448834102
1.7720219978921157 	 0.021425665452549536
1.7730219978921156 	 0.021234789649263293
1.7740219978921155 	 0.021045139533380965
1.7750219978921153 	 0.020856716596094824
1.7760219978921152 	 0.020669521988055873
1.7770219978921151 	 0.020483555594922587
1.778021997892115 	 0.02029881700736519
1.779021997892115 	 0.02011530581702152
1.7800219978921148 	 0.019933021616491683
1.7810219978921147 	 0.019751963747663054
1.7820219978921146 	 0.019572130612005814
1.7830219978921145 	 0.019393520394235822
1.7840219978921144 	 0.019216131283104367
1.7850219978921142 	 0.019039961471385005
1.7860219978921141 	 0.018865008978993094
1.787021997892114 	 0.018691271168266323
1.788021997892114 	 0.018518745252525236
1.7890219978921138 	 0.018347428451229324
1.7900219978921137 	 0.018177317989958763
1.7910219978921136 	 0.018008410987925674
1.7920219978921135 	 0.01784070414972828
1.7930219978921134 	 0.017674194088734142
1.7940219978921133 	 0.01750887742573443
1.7950219978921131 	 0.017344750788922624
1.796021997892113 	 0.017181810756906113
1.797021997892113 	 0.017020053702564226
1.7980219978921128 	 0.016859475956831915
1.7990219978921127 	 0.01670007385865716
1.8000219978921126 	 0.016541843754978615
1.8010219978921125 	 0.01638478199126998
1.8020219978921124 	 0.016228884885664985
1.8030219978921123 	 0.016074148756060308
1.8040219978921122 	 0.015920569928369686
1.805021997892112 	 0.015768144736502093
1.806021997892112 	 0.015616869553954324
1.8070219978921118 	 0.015466740880429979
1.8080219978921117 	 0.015317755250914965
1.8090219978921116 	 0.015169909207920522
1.8100219978921115 	 0.015023199301463104
1.8110219978921114 	 0.014877622156993954
1.8120219978921113 	 0.014733174661599256
1.8130219978921112 	 0.0145898537686014
1.814021997892111 	 0.014447656437926686
1.815021997892111 	 0.014306579636088088
1.8160219978921108 	 0.014166620433388696
1.8170219978921107 	 0.014027776270344914
1.8180219978921106 	 0.013890044678127975
1.8190219978921105 	 0.013753423193254923
1.8200219978921104 	 0.013617909357575219
1.8210219978921103 	 0.013483500843337241
1.8220219978921102 	 0.013350195795967412
1.82302199789211 	 0.013217992474412708
1.82402199789211 	 0.013086889141394553
1.8250219978921098 	 0.012956884063399907
1.8260219978921097 	 0.01282797565726858
1.8270219978921096 	 0.012700162891946002
1.8280219978921095 	 0.012573444866966647
1.8290219978921094 	 0.012447820683836364
1.8300219978921093 	 0.012323289446028566
1.8310219978921092 	 0.012199850425181602
1.832021997892109 	 0.012077503516587915
1.833021997892109 	 0.011956248761315425
1.8340219978921088 	 0.011836086200395796
1.8350219978921087 	 0.011717015874826242
1.8360219978921086 	 0.011599038005881225
1.8370219978921085 	 0.011482153489275984
1.8380219978921084 	 0.011366363376729974
1.8390219978921083 	 0.011251668717783408
1.8400219978921082 	 0.01113807055980486
1.841021997892108 	 0.011025570140298206
1.842021997892108 	 0.010914169413932284
1.8430219978921079 	 0.01080387049964132
1.8440219978921077 	 0.010694675511929493
1.8450219978921076 	 0.010586586560884672
1.8460219978921075 	 0.010479605950641643
1.8470219978921074 	 0.010373736723275845
1.8480219978921073 	 0.010268982088229727
1.8490219978921072 	 0.010165345248228187
1.850021997892107 	 0.01006282939929837
1.851021997892107 	 0.009961437931174195
1.8520219978921069 	 0.009861174976502077
1.8530219978921068 	 0.00976204483471284
1.8540219978921066 	 0.00966405179624582
1.8550219978921065 	 0.009567200142574634
1.8560219978921064 	 0.009471494342428733
1.8570219978921063 	 0.00937693958952672
1.8580219978921062 	 0.00928354123850179
1.859021997892106 	 0.009191304632807117
1.860021997892106 	 0.009100235104747185
1.8610219978921059 	 0.00901033816101463
1.8620219978921058 	 0.008921619991132527
1.8630219978921057 	 0.00883408693412548
1.8640219978921055 	 0.00874774531580947
1.8650219978921054 	 0.008662601448828305
1.8660219978921053 	 0.008578661799543823
1.8670219978921052 	 0.008495933445366753
1.868021997892105 	 0.008414423595062639
1.869021997892105 	 0.008334139442409938
1.8700219978921049 	 0.008255088166240777
1.8710219978921048 	 0.008177277070337306
1.8720219978921047 	 0.008100713966774817
1.8730219978921046 	 0.00802540677385821
1.8740219978921044 	 0.007951363393469692
1.8750219978921043 	 0.0078785917111128
1.8760219978921042 	 0.007807099698573739
1.877021997892104 	 0.007736895695209829
1.878021997892104 	 0.007667988112956158
1.879021997892104 	 0.00760038534634517
1.8800219978921038 	 0.007534095772552656
1.8810219978921037 	 0.007469127806702426
1.8820219978921036 	 0.007405490053361047
1.8830219978921034 	 0.00734319114770891
1.8840219978921033 	 0.007282239707108532
1.8850219978921032 	 0.007222644331150935
1.8860219978921031 	 0.007164413599045822
1.887021997892103 	 0.007107556062388188
1.888021997892103 	 0.007052080252840589
1.8890219978921028 	 0.0069979946845090246
1.8900219978921027 	 0.006945307853987825
1.8910219978921026 	 0.006894028167487533
1.8920219978921025 	 0.006844163741033279
1.8930219978921023 	 0.006795722610149631
1.8940219978921022 	 0.006748712793872647
1.8950219978921021 	 0.006703142294791098
1.896021997892102 	 0.00665901894907221
1.897021997892102 	 0.00661635001534778
1.8980219978921018 	 0.006575142606055634
1.8990219978921017 	 0.006535403819083948
1.9000219978921016 	 0.006497140737806409
1.9010219978921015 	 0.006460360191979445
1.9020219978921014 	 0.00642506810235713
1.9030219978921012 	 0.006391270168253663
1.9040219978921011 	 0.0063589720773654925
1.905021997892101 	 0.006328179505797907
1.906021997892101 	 0.006298897788965137
1.9070219978921008 	 0.006271131019556095
1.9080219978921007 	 0.006244882993802111
1.9090219978921006 	 0.006220157500233737
1.9100219978921005 	 0.006196958319696186
1.9110219978921004 	 0.006175288798531883
1.9120219978921003 	 0.006155150678739586
1.9130219978921001 	 0.006136545325130625
1.9140219978921 	 0.006119474099787992
1.9150219978921 	 0.0061039383620680844
1.9160219978920998 	 0.006089938954045028
1.9170219978920997 	 0.006077474790216942
1.9180219978920996 	 0.006066544336847118
1.9190219978920995 	 0.006057146063365832
1.9200219978920994 	 0.006049278442356083
1.9210219978920993 	 0.006042939350576688
1.9220219978920992 	 0.006038124427309093
1.923021997892099 	 0.006034828796335634
1.924021997892099 	 0.006033047591369536
1.9250219978920988 	 0.006032775956022749
1.9260219978920987 	 0.006034008377916788
1.9270219978920986 	 0.00603673686366074
1.9280219978920985 	 0.006040952853118826
1.9290219978920984 	 0.006046647803504807
1.9300219978920983 	 0.0060538131893304505
1.9310219978920982 	 0.006062439789392001
1.932021997892098 	 0.006072515732615339
1.933021997892098 	 0.006084028547716898
1.9340219978920978 	 0.0060969657886006555
1.9350219978920977 	 0.006111315034286574
1.9360219978920976 	 0.006127063155017379
1.9370219978920975 	 0.006144194300903621
1.9380219978920974 	 0.006162692011522585
1.9390219978920973 	 0.006182539859593143
1.9400219978920972 	 0.006203721450884312
1.941021997892097 	 0.006226219699669664
1.942021997892097 	 0.006250014843020239
1.9430219978920968 	 0.0062750865234408254
1.9440219978920967 	 0.006301414424305984
1.9450219978920966 	 0.006328978269749638
1.9460219978920965 	 0.006357757140988434
1.9470219978920964 	 0.006387727602656023
1.9480219978920963 	 0.006418865667861418
1.9490219978920962 	 0.00645114739773611
1.950021997892096 	 0.006484548901306648
1.951021997892096 	 0.006519045726620868
1.9520219978920959 	 0.006554611192129501
1.9530219978920957 	 0.006591218136619945
1.9540219978920956 	 0.006628839453109888
1.9550219978920955 	 0.006667448088705592
1.9560219978920954 	 0.006707016536094651
1.9570219978920953 	 0.006747515440038599
1.9580219978920952 	 0.0067889150587035745
1.959021997892095 	 0.006831185709480241
1.960021997892095 	 0.0068742977688311955
1.9610219978920949 	 0.00691822129240206
1.9620219978920947 	 0.00696292497405585
1.9630219978920946 	 0.007008377237398207
1.9640219978920945 	 0.007054546568746813
1.9650219978920944 	 0.0071014015169719065
1.9660219978920943 	 0.007148910456502615
1.9670219978920942 	 0.0071970409380302134
1.968021997892094 	 0.0072457603692040575
1.969021997892094 	 0.00729503622223425
1.9700219978920939 	 0.0073448360337294025
1.9710219978920938 	 0.007395127317043777
1.9720219978920936 	 0.007445877322311466
1.9730219978920935 	 0.007497053287804346
1.9740219978920934 	 0.0075486225165221285
1.9750219978920933 	 0.007600552376031667
1.9760219978920932 	 0.007652810366075157
1.977021997892093 	 0.007705364304157575
1.978021997892093 	 0.007758182130568564
1.9790219978920929 	 0.007811231848774966
1.9800219978920928 	 0.007864481525265875
1.9810219978920927 	 0.007917899500310594
1.9820219978920925 	 0.007971454965899114
1.9830219978920924 	 0.008025117359265848
1.9840219978920923 	 0.008078856177717418
1.9850219978920922 	 0.008132640978486882
1.986021997892092 	 0.00818644169711498
1.987021997892092 	 0.008240229520364739
1.9880219978920919 	 0.008293975970394517
1.9890219978920918 	 0.00834765262519296
1.9900219978920917 	 0.008401231118445426
1.9910219978920916 	 0.00845468358548335
1.9920219978920914 	 0.008507983885837508
1.9930219978920913 	 0.008561106320739175
1.9940219978920912 	 0.008614025241672058
1.9950219978920911 	 0.008666715050253406
1.996021997892091 	 0.00871915070414697
1.997021997892091 	 0.008771309103951947
1.9980219978920908 	 0.00882316763839
1.9990219978920907 	 0.008874703740283893
