0.0010219978922 	 0
0.0020219978922 	 0.0
0.0030219978922 	 0.0
0.0040219978922 	 0.0
0.0050219978922 	 0.0
0.0060219978922 	 0.0
0.0070219978922 	 0.0
0.0080219978922 	 0.0
0.009021997892200002 	 0.0
0.010021997892200003 	 0.0
0.011021997892200004 	 0.0
0.012021997892200004 	 0.0
0.013021997892200005 	 0.0
0.014021997892200006 	 0.0
0.015021997892200007 	 0.0
0.016021997892200008 	 0.0
0.01702199789220001 	 0.0
0.01802199789220001 	 0.0
0.01902199789220001 	 0.0
0.02002199789220001 	 0.0
0.021021997892200012 	 0.0
0.022021997892200013 	 0.0
0.023021997892200014 	 0.0
0.024021997892200015 	 0.0
0.025021997892200016 	 0.0
0.026021997892200017 	 0.0
0.027021997892200018 	 0.0
0.02802199789220002 	 0.0
0.02902199789220002 	 0.0
0.03002199789220002 	 0.0
0.03102199789220002 	 0.0
0.03202199789220002 	 0.0
0.03302199789220002 	 0.0
0.03402199789220002 	 0.0
0.03502199789220002 	 0.0
0.03602199789220002 	 0.0
0.03702199789220002 	 0.0
0.038021997892200024 	 0.0
0.039021997892200025 	 0.0
0.040021997892200026 	 0.0
0.04102199789220003 	 0.0
0.04202199789220003 	 0.0
0.04302199789220003 	 0.0
0.04402199789220003 	 0.0
0.04502199789220003 	 0.0
0.04602199789220003 	 0.0
0.04702199789220003 	 0.0
0.04802199789220003 	 0.0
0.049021997892200034 	 0.0
0.050021997892200035 	 0.0
0.051021997892200036 	 0.0
0.052021997892200036 	 0.0
0.05302199789220004 	 0.0
0.05402199789220004 	 0.0
0.05502199789220004 	 0.0
0.05602199789220004 	 0.0
0.05702199789220004 	 0.0
0.05802199789220004 	 0.0
0.05902199789220004 	 0.0
0.060021997892200044 	 0.0
0.061021997892200044 	 0.0
0.062021997892200045 	 0.0
0.06302199789220005 	 0.0
0.06402199789220005 	 0.0
0.06502199789220005 	 0.0
0.06602199789220005 	 0.0
0.06702199789220005 	 0.0
0.06802199789220005 	 0.0
0.06902199789220005 	 0.0
0.07002199789220005 	 0.0
0.07102199789220005 	 0.0
0.07202199789220005 	 0.0
0.07302199789220006 	 0.0
0.07402199789220006 	 0.0
0.07502199789220006 	 0.0
0.07602199789220006 	 0.0
0.07702199789220006 	 0.0
0.07802199789220006 	 0.0
0.07902199789220006 	 0.0
0.08002199789220006 	 0.0
0.08102199789220006 	 0.0
0.08202199789220006 	 0.0
0.08302199789220006 	 0.0
0.08402199789220006 	 0.0
0.08502199789220007 	 0.0
0.08602199789220007 	 0.0
0.08702199789220007 	 0.0
0.08802199789220007 	 0.0
0.08902199789220007 	 0.0
0.09002199789220007 	 0.0
0.09102199789220007 	 0.0
0.09202199789220007 	 0.0
0.09302199789220007 	 0.0
0.09402199789220007 	 0.0
0.09502199789220007 	 0.0
0.09602199789220008 	 0.0
0.09702199789220008 	 0.0
0.09802199789220008 	 0.0
0.09902199789220008 	 0.0
0.10002199789220008 	 0.0
0.10102199789220008 	 0.0
0.10202199789220008 	 0.0
0.10302199789220008 	 0.0
0.10402199789220008 	 0.0
0.10502199789220008 	 0.0
0.10602199789220008 	 0.0
0.10702199789220009 	 0.0
0.10802199789220009 	 0.0
0.10902199789220009 	 0.0
0.11002199789220009 	 0.0
0.11102199789220009 	 0.0
0.11202199789220009 	 0.0
0.11302199789220009 	 0.0
0.11402199789220009 	 0.0
0.11502199789220009 	 0.0
0.1160219978922001 	 0.0
0.1170219978922001 	 0.0
0.1180219978922001 	 0.0
0.1190219978922001 	 0.0
0.1200219978922001 	 0.0
0.1210219978922001 	 0.0
0.1220219978922001 	 0.0
0.1230219978922001 	 0.0
0.1240219978922001 	 0.0
0.1250219978922001 	 0.0
0.1260219978922001 	 0.0
0.1270219978922001 	 0.0
0.1280219978922001 	 0.0
0.1290219978922001 	 0.0
0.1300219978922001 	 0.0
0.1310219978922001 	 0.0
0.1320219978922001 	 0.0
0.1330219978922001 	 0.0
0.1340219978922001 	 0.0
0.1350219978922001 	 0.0
0.1360219978922001 	 0.0
0.1370219978922001 	 0.0
0.1380219978922001 	 0.0
0.1390219978922001 	 0.0
0.1400219978922001 	 0.0
0.1410219978922001 	 0.0
0.1420219978922001 	 0.0
0.1430219978922001 	 0.0
0.1440219978922001 	 0.0
0.1450219978922001 	 0.0
0.1460219978922001 	 0.0
0.1470219978922001 	 0.0
0.1480219978922001 	 0.0
0.1490219978922001 	 0.0
0.1500219978922001 	 0.0
0.1510219978922001 	 0.0
0.1520219978922001 	 0.0
0.1530219978922001 	 0.0
0.1540219978922001 	 0.0
0.15502199789220011 	 0.0
0.15602199789220011 	 0.0
0.15702199789220012 	 0.0
0.15802199789220012 	 0.0
0.15902199789220012 	 0.0
0.16002199789220012 	 0.0
0.16102199789220012 	 0.0
0.16202199789220012 	 0.0
0.16302199789220012 	 0.0
0.16402199789220012 	 0.0
0.16502199789220012 	 0.0
0.16602199789220012 	 0.0
0.16702199789220012 	 0.0
0.16802199789220013 	 0.0
0.16902199789220013 	 0.0
0.17002199789220013 	 0.0
0.17102199789220013 	 0.0
0.17202199789220013 	 0.0
0.17302199789220013 	 0.0
0.17402199789220013 	 0.0
0.17502199789220013 	 0.0
0.17602199789220013 	 0.0
0.17702199789220013 	 0.0
0.17802199789220013 	 0.0
0.17902199789220014 	 0.0
0.18002199789220014 	 0.0
0.18102199789220014 	 0.0
0.18202199789220014 	 0.0
0.18302199789220014 	 0.0
0.18402199789220014 	 0.0
0.18502199789220014 	 0.0
0.18602199789220014 	 0.0
0.18702199789220014 	 0.0
0.18802199789220014 	 0.0
0.18902199789220014 	 0.0
0.19002199789220015 	 0.0
0.19102199789220015 	 0.0
0.19202199789220015 	 0.0
0.19302199789220015 	 0.0
0.19402199789220015 	 0.0
0.19502199789220015 	 0.0
0.19602199789220015 	 0.0
0.19702199789220015 	 0.0
0.19802199789220015 	 0.0
0.19902199789220015 	 0.0
0.20002199789220015 	 0.0
0.20102199789220015 	 0.0
0.20202199789220016 	 0.0
0.20302199789220016 	 0.0
0.20402199789220016 	 0.0
0.20502199789220016 	 0.0
0.20602199789220016 	 0.0
0.20702199789220016 	 0.0
0.20802199789220016 	 0.0
0.20902199789220016 	 0.0
0.21002199789220016 	 0.0
0.21102199789220016 	 0.0
0.21202199789220016 	 0.0
0.21302199789220017 	 0.0
0.21402199789220017 	 0.0
0.21502199789220017 	 0.0
0.21602199789220017 	 0.0
0.21702199789220017 	 0.0
0.21802199789220017 	 0.0
0.21902199789220017 	 0.0
0.22002199789220017 	 0.0
0.22102199789220017 	 0.0
0.22202199789220017 	 0.0
0.22302199789220017 	 0.0
0.22402199789220018 	 0.0
0.22502199789220018 	 0.0
0.22602199789220018 	 0.0
0.22702199789220018 	 0.0
0.22802199789220018 	 0.0
0.22902199789220018 	 0.0
0.23002199789220018 	 0.0
0.23102199789220018 	 0.0
0.23202199789220018 	 0.0
0.23302199789220018 	 0.0
0.23402199789220018 	 0.0
0.23502199789220019 	 0.0
0.23602199789220019 	 0.0
0.2370219978922002 	 0.0
0.2380219978922002 	 0.0
0.2390219978922002 	 0.0
0.2400219978922002 	 0.0
0.2410219978922002 	 0.0
0.2420219978922002 	 0.0
0.2430219978922002 	 0.0
0.2440219978922002 	 0.0
0.2450219978922002 	 0.0
0.2460219978922002 	 0.0
0.2470219978922002 	 0.0
0.2480219978922002 	 0.0
0.2490219978922002 	 0.0
0.2500219978922002 	 0.0
0.2510219978922002 	 0.0
0.2520219978922002 	 0.0
0.2530219978922002 	 0.0
0.2540219978922002 	 0.0
0.2550219978922002 	 0.0
0.2560219978922002 	 0.0
0.2570219978922002 	 0.0
0.2580219978922002 	 0.0
0.2590219978922002 	 0.0
0.2600219978922002 	 0.0
0.2610219978922002 	 0.0
0.2620219978922002 	 0.0
0.2630219978922002 	 0.0
0.2640219978922002 	 0.0
0.2650219978922002 	 0.0
0.2660219978922002 	 0.0
0.2670219978922002 	 0.0
0.2680219978922002 	 0.0
0.2690219978922002 	 0.0
0.2700219978922002 	 0.0
0.2710219978922002 	 0.0
0.2720219978922002 	 0.0
0.2730219978922002 	 0.0
0.2740219978922002 	 0.0
0.2750219978922002 	 0.0
0.2760219978922002 	 0.0
0.2770219978922002 	 0.0
0.2780219978922002 	 0.0
0.2790219978922002 	 0.0
0.2800219978922002 	 0.0
0.2810219978922002 	 0.0
0.2820219978922002 	 0.0
0.2830219978922002 	 0.0
0.28402199789220023 	 0.0
0.28502199789220023 	 0.0
0.28602199789220023 	 0.0
0.28702199789220023 	 0.0
0.28802199789220023 	 0.0
0.28902199789220023 	 0.0
0.29002199789220023 	 0.0
0.29102199789220023 	 0.0
0.29202199789220024 	 0.0
0.29302199789220024 	 0.0
0.29402199789220024 	 0.0
0.29502199789220024 	 0.0
0.29602199789220024 	 0.0
0.29702199789220024 	 0.0
0.29802199789220024 	 0.0
0.29902199789220024 	 0.0
0.30002199789220024 	 0.0
0.30102199789220024 	 0.0
0.30202199789220024 	 0.0
0.30302199789220025 	 0.0
0.30402199789220025 	 0.0
0.30502199789220025 	 0.0
0.30602199789220025 	 0.0
0.30702199789220025 	 0.0
0.30802199789220025 	 0.0
0.30902199789220025 	 0.0
0.31002199789220025 	 0.0
0.31102199789220025 	 0.0
0.31202199789220025 	 0.0
0.31302199789220025 	 0.0
0.31402199789220026 	 0.0
0.31502199789220026 	 0.0
0.31602199789220026 	 0.0
0.31702199789220026 	 0.0
0.31802199789220026 	 0.0
0.31902199789220026 	 0.0
0.32002199789220026 	 0.0
0.32102199789220026 	 0.0
0.32202199789220026 	 0.0
0.32302199789220026 	 0.0
0.32402199789220026 	 0.0
0.32502199789220027 	 0.0
0.32602199789220027 	 0.0
0.32702199789220027 	 0.0
0.32802199789220027 	 0.0
0.32902199789220027 	 0.0
0.33002199789220027 	 0.0
0.33102199789220027 	 0.0
0.33202199789220027 	 0.0
0.33302199789220027 	 0.0
0.3340219978922003 	 0.0
0.3350219978922003 	 0.0
0.3360219978922003 	 0.0
0.3370219978922003 	 0.0
0.3380219978922003 	 0.0
0.3390219978922003 	 0.0
0.3400219978922003 	 0.0
0.3410219978922003 	 0.0
0.3420219978922003 	 0.0
0.3430219978922003 	 0.0
0.3440219978922003 	 0.0
0.3450219978922003 	 0.0
0.3460219978922003 	 0.0
0.3470219978922003 	 0.0
0.3480219978922003 	 0.0
0.3490219978922003 	 0.0
0.3500219978922003 	 0.0
0.3510219978922003 	 0.0
0.3520219978922003 	 0.0
0.3530219978922003 	 0.0
0.3540219978922003 	 0.0
0.3550219978922003 	 0.0
0.3560219978922003 	 0.0
0.3570219978922003 	 0.0
0.3580219978922003 	 0.0
0.3590219978922003 	 0.0
0.3600219978922003 	 0.0
0.3610219978922003 	 0.0
0.3620219978922003 	 0.0
0.3630219978922003 	 0.0
0.3640219978922003 	 0.0
0.3650219978922003 	 0.0
0.3660219978922003 	 0.0
0.3670219978922003 	 0.0
0.3680219978922003 	 0.0
0.3690219978922003 	 0.0
0.3700219978922003 	 0.0
0.3710219978922003 	 0.0
0.3720219978922003 	 0.0
0.3730219978922003 	 0.0
0.3740219978922003 	 0.0
0.3750219978922003 	 0.0
0.3760219978922003 	 0.0
0.3770219978922003 	 0.0
0.3780219978922003 	 0.0
0.3790219978922003 	 0.0
0.3800219978922003 	 0.0
0.3810219978922003 	 0.0
0.3820219978922003 	 0.0
0.3830219978922003 	 0.0
0.3840219978922003 	 0.0
0.3850219978922003 	 0.0
0.3860219978922003 	 0.0
0.3870219978922003 	 0.0
0.3880219978922003 	 0.0
0.3890219978922003 	 0.0
0.3900219978922003 	 0.0
0.3910219978922003 	 0.0
0.3920219978922003 	 0.0
0.3930219978922003 	 0.0
0.3940219978922003 	 0.0
0.3950219978922003 	 0.0
0.39602199789220033 	 0.0
0.39702199789220033 	 0.0
0.39802199789220033 	 0.0
0.39902199789220033 	 0.0
0.40002199789220033 	 0.0
0.40102199789220033 	 0.0
0.40202199789220033 	 0.0
0.40302199789220033 	 0.0
0.40402199789220034 	 0.0
0.40502199789220034 	 0.0
0.40602199789220034 	 0.0
0.40702199789220034 	 0.0
0.40802199789220034 	 0.0
0.40902199789220034 	 0.0
0.41002199789220034 	 0.0
0.41102199789220034 	 0.0
0.41202199789220034 	 0.0
0.41302199789220034 	 0.0
0.41402199789220034 	 0.0
0.41502199789220034 	 0.0
0.41602199789220035 	 0.0
0.41702199789220035 	 0.0
0.41802199789220035 	 0.0
0.41902199789220035 	 0.0
0.42002199789220035 	 0.0
0.42102199789220035 	 0.0
0.42202199789220035 	 0.0
0.42302199789220035 	 0.0
0.42402199789220035 	 0.0
0.42502199789220035 	 0.0
0.42602199789220035 	 0.0
0.42702199789220036 	 0.0
0.42802199789220036 	 0.0
0.42902199789220036 	 0.0
0.43002199789220036 	 0.0
0.43102199789220036 	 0.0
0.43202199789220036 	 0.0
0.43302199789220036 	 0.0
0.43402199789220036 	 0.0
0.43502199789220036 	 0.0
0.43602199789220036 	 0.0
0.43702199789220036 	 0.0
0.43802199789220037 	 0.0
0.43902199789220037 	 0.0
0.44002199789220037 	 0.0
0.44102199789220037 	 0.0
0.44202199789220037 	 0.0
0.44302199789220037 	 0.0
0.44402199789220037 	 0.0
0.44502199789220037 	 0.0
0.4460219978922004 	 0.0
0.4470219978922004 	 0.0
0.4480219978922004 	 0.0
0.4490219978922004 	 0.0
0.4500219978922004 	 0.0
0.4510219978922004 	 0.0
0.4520219978922004 	 0.0
0.4530219978922004 	 0.0
0.4540219978922004 	 0.0
0.4550219978922004 	 0.0
0.4560219978922004 	 0.0
0.4570219978922004 	 0.0
0.4580219978922004 	 0.0
0.4590219978922004 	 0.0
0.4600219978922004 	 0.0
0.4610219978922004 	 0.0
0.4620219978922004 	 0.0
0.4630219978922004 	 0.0
0.4640219978922004 	 0.0
0.4650219978922004 	 0.0
0.4660219978922004 	 0.0
0.4670219978922004 	 0.0
0.4680219978922004 	 0.0
0.4690219978922004 	 0.0
0.4700219978922004 	 0.0
0.4710219978922004 	 0.0
0.4720219978922004 	 0.0
0.4730219978922004 	 0.0
0.4740219978922004 	 0.0
0.4750219978922004 	 0.0
0.4760219978922004 	 0.0
0.4770219978922004 	 0.0
0.4780219978922004 	 0.0
0.4790219978922004 	 0.0
0.4800219978922004 	 0.0
0.4810219978922004 	 0.0
0.4820219978922004 	 0.0
0.4830219978922004 	 0.0
0.4840219978922004 	 0.0
0.4850219978922004 	 0.0
0.4860219978922004 	 0.0
0.4870219978922004 	 0.0
0.4880219978922004 	 0.0
0.4890219978922004 	 0.0
0.4900219978922004 	 0.0
0.4910219978922004 	 0.0
0.4920219978922004 	 0.0
0.4930219978922004 	 0.0
0.4940219978922004 	 0.0
0.4950219978922004 	 0.0
0.4960219978922004 	 0.0
0.4970219978922004 	 0.0
0.4980219978922004 	 0.0
0.4990219978922004 	 0.0
0.5000219978922004 	 0.0
0.5010219978922004 	 0.0
0.5020219978922004 	 0.0
0.5030219978922004 	 0.0
0.5040219978922004 	 0.0
0.5050219978922004 	 0.0
0.5060219978922004 	 0.0
0.5070219978922004 	 0.0
0.5080219978922004 	 0.0
0.5090219978922004 	 0.0
0.5100219978922004 	 0.0
0.5110219978922004 	 0.0
0.5120219978922004 	 0.0
0.5130219978922004 	 0.0
0.5140219978922004 	 0.0
0.5150219978922004 	 0.0
0.5160219978922004 	 0.0
0.5170219978922004 	 0.0
0.5180219978922004 	 0.0
0.5190219978922004 	 0.0
0.5200219978922004 	 0.0
0.5210219978922004 	 0.0
0.5220219978922004 	 0.0
0.5230219978922004 	 0.0
0.5240219978922004 	 0.0
0.5250219978922004 	 0.0
0.5260219978922004 	 0.0
0.5270219978922004 	 0.0
0.5280219978922004 	 0.0
0.5290219978922004 	 0.0
0.5300219978922004 	 0.0
0.5310219978922004 	 0.0
0.5320219978922004 	 0.0
0.5330219978922004 	 0.0
0.5340219978922004 	 0.0
0.5350219978922004 	 0.0
0.5360219978922004 	 0.0
0.5370219978922004 	 0.0
0.5380219978922004 	 0.0
0.5390219978922004 	 0.0
0.5400219978922004 	 0.0
0.5410219978922004 	 0.0
0.5420219978922004 	 0.0
0.5430219978922004 	 0.0
0.5440219978922004 	 0.0
0.5450219978922004 	 0.0
0.5460219978922004 	 0.0
0.5470219978922004 	 0.0
0.5480219978922004 	 0.0
0.5490219978922004 	 0.0
0.5500219978922004 	 0.0
0.5510219978922004 	 0.0
0.5520219978922004 	 0.0
0.5530219978922004 	 0.0
0.5540219978922004 	 0.0
0.5550219978922004 	 0.0
0.5560219978922004 	 0.0
0.5570219978922004 	 0.0
0.5580219978922004 	 0.0
0.5590219978922004 	 0.0
0.5600219978922004 	 0.0
0.5610219978922004 	 0.0
0.5620219978922004 	 0.0
0.5630219978922004 	 0.0
0.5640219978922004 	 0.0
0.5650219978922004 	 0.0
0.5660219978922004 	 0.0
0.5670219978922004 	 0.0
0.5680219978922004 	 0.0
0.5690219978922004 	 0.0
0.5700219978922004 	 0.0
0.5710219978922004 	 0.0
0.5720219978922004 	 0.0
0.5730219978922004 	 0.0
0.5740219978922004 	 0.0
0.5750219978922004 	 0.0
0.5760219978922004 	 0.0
0.5770219978922004 	 0.0
0.5780219978922004 	 0.0
0.5790219978922004 	 0.0
0.5800219978922004 	 0.0
0.5810219978922004 	 0.0
0.5820219978922004 	 0.0
0.5830219978922004 	 0.0
0.5840219978922004 	 0.0
0.5850219978922004 	 0.0
0.5860219978922004 	 0.0
0.5870219978922004 	 0.0
0.5880219978922004 	 0.0
0.5890219978922004 	 0.0
0.5900219978922004 	 0.0
0.5910219978922004 	 0.0
0.5920219978922004 	 0.0
0.5930219978922004 	 0.0
0.5940219978922004 	 0.0
0.5950219978922004 	 0.0
0.5960219978922005 	 0.0
0.5970219978922005 	 0.0
0.5980219978922005 	 0.0
0.5990219978922005 	 0.0
0.6000219978922005 	 0.0
0.6010219978922005 	 0.0
0.6020219978922005 	 0.0
0.6030219978922005 	 0.0
0.6040219978922005 	 0.0
0.6050219978922005 	 0.0
0.6060219978922005 	 0.0
0.6070219978922005 	 0.0
0.6080219978922005 	 0.0
0.6090219978922005 	 0.0
0.6100219978922005 	 0.0
0.6110219978922005 	 0.0
0.6120219978922005 	 0.0
0.6130219978922005 	 0.0
0.6140219978922005 	 0.0
0.6150219978922005 	 0.0
0.6160219978922005 	 0.0
0.6170219978922005 	 0.0
0.6180219978922005 	 0.0
0.6190219978922005 	 0.0
0.6200219978922005 	 0.0
0.6210219978922005 	 0.0
0.6220219978922005 	 0.0
0.6230219978922005 	 0.0
0.6240219978922005 	 0.0
0.6250219978922005 	 0.0
0.6260219978922005 	 0.0
0.6270219978922005 	 0.0
0.6280219978922005 	 0.0
0.6290219978922005 	 0.0
0.6300219978922005 	 0.0
0.6310219978922005 	 0.0
0.6320219978922005 	 0.0
0.6330219978922005 	 0.0
0.6340219978922005 	 0.0
0.6350219978922005 	 0.0
0.6360219978922005 	 0.0
0.6370219978922005 	 0.0
0.6380219978922005 	 0.0
0.6390219978922005 	 0.0
0.6400219978922005 	 0.0
0.6410219978922005 	 0.0
0.6420219978922005 	 0.0
0.6430219978922005 	 0.0
0.6440219978922005 	 0.0
0.6450219978922005 	 0.0
0.6460219978922005 	 0.0
0.6470219978922005 	 0.0
0.6480219978922005 	 0.0
0.6490219978922005 	 0.0
0.6500219978922005 	 0.0
0.6510219978922005 	 0.0
0.6520219978922005 	 0.0
0.6530219978922005 	 0.0
0.6540219978922005 	 0.0
0.6550219978922005 	 0.0
0.6560219978922005 	 0.0
0.6570219978922005 	 0.0
0.6580219978922005 	 0.0
0.6590219978922005 	 0.0
0.6600219978922005 	 0.0
0.6610219978922005 	 0.0
0.6620219978922005 	 0.0
0.6630219978922005 	 0.0
0.6640219978922005 	 0.0
0.6650219978922005 	 0.0
0.6660219978922005 	 0.0
0.6670219978922005 	 0.0
0.6680219978922005 	 0.0
0.6690219978922005 	 0.0
0.6700219978922005 	 0.0
0.6710219978922005 	 0.0
0.6720219978922005 	 0.0
0.6730219978922005 	 0.0
0.6740219978922005 	 0.0
0.6750219978922005 	 0.0
0.6760219978922005 	 0.0
0.6770219978922005 	 0.0
0.6780219978922005 	 0.0
0.6790219978922005 	 0.0
0.6800219978922005 	 0.0
0.6810219978922005 	 0.0
0.6820219978922005 	 0.0
0.6830219978922005 	 0.0
0.6840219978922005 	 0.0
0.6850219978922005 	 0.0
0.6860219978922005 	 0.0
0.6870219978922005 	 0.0
0.6880219978922005 	 0.0
0.6890219978922005 	 0.0
0.6900219978922005 	 0.0
0.6910219978922005 	 0.0
0.6920219978922005 	 0.0
0.6930219978922005 	 0.0
0.6940219978922005 	 0.0
0.6950219978922005 	 0.0
0.6960219978922005 	 0.0
0.6970219978922005 	 0.0
0.6980219978922005 	 0.0
0.6990219978922005 	 0.0
0.7000219978922005 	 0.0
0.7010219978922005 	 0.0
0.7020219978922005 	 0.0
0.7030219978922005 	 0.0
0.7040219978922005 	 0.0
0.7050219978922005 	 0.0
0.7060219978922005 	 0.0
0.7070219978922005 	 0.0
0.7080219978922005 	 0.0
0.7090219978922006 	 0.0
0.7100219978922006 	 0.0
0.7110219978922006 	 0.0
0.7120219978922006 	 0.0
0.7130219978922006 	 0.0
0.7140219978922006 	 0.0
0.7150219978922006 	 0.0
0.7160219978922006 	 0.0
0.7170219978922006 	 0.0
0.7180219978922006 	 0.0
0.7190219978922006 	 0.0
0.7200219978922006 	 0.0
0.7210219978922006 	 0.0
0.7220219978922006 	 0.0
0.7230219978922006 	 0.0
0.7240219978922006 	 0.0
0.7250219978922006 	 0.0
0.7260219978922006 	 0.0
0.7270219978922006 	 0.0
0.7280219978922006 	 0.0
0.7290219978922006 	 0.0
0.7300219978922006 	 0.0
0.7310219978922006 	 0.0
0.7320219978922006 	 0.0
0.7330219978922006 	 0.0
0.7340219978922006 	 0.0
0.7350219978922006 	 0.0
0.7360219978922006 	 0.0
0.7370219978922006 	 0.0
0.7380219978922006 	 0.0
0.7390219978922006 	 0.0
0.7400219978922006 	 0.0
0.7410219978922006 	 0.0
0.7420219978922006 	 0.0
0.7430219978922006 	 0.0
0.7440219978922006 	 0.0
0.7450219978922006 	 0.0
0.7460219978922006 	 0.0
0.7470219978922006 	 0.0
0.7480219978922006 	 0.0
0.7490219978922006 	 0.0
0.7500219978922006 	 0.0
0.7510219978922006 	 0.0
0.7520219978922006 	 0.0
0.7530219978922006 	 0.0
0.7540219978922006 	 0.0
0.7550219978922006 	 0.0
0.7560219978922006 	 0.0
0.7570219978922006 	 0.0
0.7580219978922006 	 0.0
0.7590219978922006 	 0.0
0.7600219978922006 	 0.0
0.7610219978922006 	 0.0
0.7620219978922006 	 0.0
0.7630219978922006 	 0.0
0.7640219978922006 	 0.0
0.7650219978922006 	 0.0
0.7660219978922006 	 0.0
0.7670219978922006 	 0.0
0.7680219978922006 	 0.0
0.7690219978922006 	 0.0
0.7700219978922006 	 0.0
0.7710219978922006 	 0.0
0.7720219978922006 	 0.0
0.7730219978922006 	 0.0
0.7740219978922006 	 0.0
0.7750219978922006 	 0.0
0.7760219978922006 	 0.0
0.7770219978922006 	 0.0
0.7780219978922006 	 0.0
0.7790219978922006 	 0.0
0.7800219978922006 	 0.0
0.7810219978922006 	 0.0
0.7820219978922006 	 0.0
0.7830219978922006 	 0.0
0.7840219978922006 	 0.0
0.7850219978922006 	 0.0
0.7860219978922006 	 0.0
0.7870219978922006 	 0.0
0.7880219978922006 	 0.0
0.7890219978922006 	 0.0
0.7900219978922006 	 0.0
0.7910219978922006 	 0.0
0.7920219978922006 	 0.0
0.7930219978922006 	 0.0
0.7940219978922006 	 0.0
0.7950219978922006 	 0.0
0.7960219978922006 	 0.0
0.7970219978922006 	 0.0
0.7980219978922006 	 0.0
0.7990219978922006 	 0.0
0.8000219978922006 	 0.0
0.8010219978922006 	 0.0
0.8020219978922006 	 0.0
0.8030219978922006 	 0.0
0.8040219978922006 	 0.0
0.8050219978922006 	 0.0
0.8060219978922006 	 0.0
0.8070219978922006 	 0.0
0.8080219978922006 	 0.0
0.8090219978922006 	 0.0
0.8100219978922006 	 0.0
0.8110219978922006 	 0.0
0.8120219978922006 	 0.0
0.8130219978922006 	 0.0
0.8140219978922006 	 0.0
0.8150219978922006 	 0.0
0.8160219978922006 	 0.0
0.8170219978922006 	 0.0
0.8180219978922006 	 0.0
0.8190219978922006 	 0.0
0.8200219978922006 	 0.0
0.8210219978922007 	 0.0
0.8220219978922007 	 0.0
0.8230219978922007 	 0.0
0.8240219978922007 	 0.0
0.8250219978922007 	 0.0
0.8260219978922007 	 0.0
0.8270219978922007 	 0.0
0.8280219978922007 	 0.0
0.8290219978922007 	 0.0
0.8300219978922007 	 0.0
0.8310219978922007 	 0.0
0.8320219978922007 	 0.0
0.8330219978922007 	 0.0
0.8340219978922007 	 0.0
0.8350219978922007 	 0.0
0.8360219978922007 	 0.0
0.8370219978922007 	 0.0
0.8380219978922007 	 0.0
0.8390219978922007 	 0.0
0.8400219978922007 	 0.0
0.8410219978922007 	 0.0
0.8420219978922007 	 0.0
0.8430219978922007 	 0.0
0.8440219978922007 	 0.0
0.8450219978922007 	 0.0
0.8460219978922007 	 0.0
0.8470219978922007 	 0.0
0.8480219978922007 	 0.0
0.8490219978922007 	 0.0
0.8500219978922007 	 0.0
0.8510219978922007 	 0.0
0.8520219978922007 	 0.0
0.8530219978922007 	 0.0
0.8540219978922007 	 0.0
0.8550219978922007 	 0.0
0.8560219978922007 	 0.0
0.8570219978922007 	 0.0
0.8580219978922007 	 0.0
0.8590219978922007 	 0.0
0.8600219978922007 	 0.0
0.8610219978922007 	 0.0
0.8620219978922007 	 0.0
0.8630219978922007 	 0.0
0.8640219978922007 	 0.0
0.8650219978922007 	 0.0
0.8660219978922007 	 0.0
0.8670219978922007 	 0.0
0.8680219978922007 	 0.0
0.8690219978922007 	 0.0
0.8700219978922007 	 0.0
0.8710219978922007 	 0.0
0.8720219978922007 	 0.0
0.8730219978922007 	 0.0
0.8740219978922007 	 0.0
0.8750219978922007 	 0.0
0.8760219978922007 	 0.0
0.8770219978922007 	 0.0
0.8780219978922007 	 0.0
0.8790219978922007 	 0.0
0.8800219978922007 	 0.0
0.8810219978922007 	 0.0
0.8820219978922007 	 0.0
0.8830219978922007 	 0.0
0.8840219978922007 	 0.0
0.8850219978922007 	 0.0
0.8860219978922007 	 0.0
0.8870219978922007 	 0.0
0.8880219978922007 	 0.0
0.8890219978922007 	 0.0
0.8900219978922007 	 0.0
0.8910219978922007 	 0.0
0.8920219978922007 	 0.0
0.8930219978922007 	 0.0
0.8940219978922007 	 0.0
0.8950219978922007 	 0.0
0.8960219978922007 	 0.0
0.8970219978922007 	 0.0
0.8980219978922007 	 0.0
0.8990219978922007 	 0.0
0.9000219978922007 	 0.0
0.9010219978922007 	 0.0
0.9020219978922007 	 0.0
0.9030219978922007 	 0.0
0.9040219978922007 	 0.0
0.9050219978922007 	 0.0
0.9060219978922007 	 0.0
0.9070219978922007 	 0.0
0.9080219978922007 	 0.0
0.9090219978922007 	 0.0
0.9100219978922007 	 0.0
0.9110219978922007 	 0.0
0.9120219978922007 	 0.0
0.9130219978922007 	 0.0
0.9140219978922007 	 0.0
0.9150219978922007 	 0.0
0.9160219978922007 	 0.0
0.9170219978922007 	 0.0
0.9180219978922007 	 0.0
0.9190219978922007 	 0.0
0.9200219978922007 	 0.0
0.9210219978922007 	 0.0
0.9220219978922007 	 0.0
0.9230219978922007 	 0.0
0.9240219978922007 	 0.0
0.9250219978922007 	 0.0
0.9260219978922007 	 0.0
0.9270219978922007 	 0.0
0.9280219978922007 	 0.0
0.9290219978922007 	 0.0
0.9300219978922007 	 0.0
0.9310219978922007 	 0.0
0.9320219978922007 	 0.0
0.9330219978922007 	 0.0
0.9340219978922008 	 0.0
0.9350219978922008 	 0.0
0.9360219978922008 	 0.0
0.9370219978922008 	 0.0
0.9380219978922008 	 0.0
0.9390219978922008 	 0.0
0.9400219978922008 	 0.0
0.9410219978922008 	 0.0
0.9420219978922008 	 0.0
0.9430219978922008 	 0.0
0.9440219978922008 	 0.0
0.9450219978922008 	 0.0
0.9460219978922008 	 0.0
0.9470219978922008 	 0.0
0.9480219978922008 	 0.0
0.9490219978922008 	 0.0
0.9500219978922008 	 0.0
0.9510219978922008 	 0.0
0.9520219978922008 	 0.0
0.9530219978922008 	 0.0
0.9540219978922008 	 0.0
0.9550219978922008 	 0.0
0.9560219978922008 	 0.0
0.9570219978922008 	 0.0
0.9580219978922008 	 0.0
0.9590219978922008 	 0.0
0.9600219978922008 	 0.0
0.9610219978922008 	 0.0
0.9620219978922008 	 0.0
0.9630219978922008 	 0.0
0.9640219978922008 	 0.0
0.9650219978922008 	 0.0
0.9660219978922008 	 0.0
0.9670219978922008 	 0.0
0.9680219978922008 	 0.0
0.9690219978922008 	 0.0
0.9700219978922008 	 0.0
0.9710219978922008 	 0.0
0.9720219978922008 	 0.0
0.9730219978922008 	 0.0
0.9740219978922008 	 0.0
0.9750219978922008 	 0.0
0.9760219978922008 	 0.0
0.9770219978922008 	 0.0
0.9780219978922008 	 0.0
0.9790219978922008 	 0.0
0.9800219978922008 	 0.0
0.9810219978922008 	 0.0
0.9820219978922008 	 0.0
0.9830219978922008 	 0.0
0.9840219978922008 	 0.0
0.9850219978922008 	 0.0
0.9860219978922008 	 0.0
0.9870219978922008 	 0.0
0.9880219978922008 	 0.0
0.9890219978922008 	 0.0
0.9900219978922008 	 0.0
0.9910219978922008 	 0.0
0.9920219978922008 	 0.0
0.9930219978922008 	 0.0
0.9940219978922008 	 0.0
0.9950219978922008 	 0.0
0.9960219978922008 	 0.0
0.9970219978922008 	 0.0
0.9980219978922008 	 0.0
0.9990219978922008 	 0.0
1.0000219978922007 	 0.0
1.0010219978922006 	 0.0
1.0020219978922005 	 0.0
1.0030219978922004 	 0.0
1.0040219978922003 	 0.0
1.0050219978922001 	 0.0
1.0060219978922 	 0.0
1.0070219978922 	 0.0
1.0080219978921998 	 0.0
1.0090219978921997 	 0.0
1.0100219978921996 	 0.0
1.0110219978921995 	 0.0
1.0120219978921994 	 0.0
1.0130219978921993 	 0.0
1.0140219978921992 	 0.0
1.015021997892199 	 0.0
1.016021997892199 	 0.0
1.0170219978921988 	 0.0
1.0180219978921987 	 0.0
1.0190219978921986 	 0.0
1.0200219978921985 	 0.0
1.0210219978921984 	 0.0
1.0220219978921983 	 0.0
1.0230219978921982 	 0.0
1.024021997892198 	 0.0
1.025021997892198 	 0.0
1.0260219978921978 	 0.0
1.0270219978921977 	 0.0
1.0280219978921976 	 0.0
1.0290219978921975 	 0.0
1.0300219978921974 	 0.0
1.0310219978921973 	 0.0
1.0320219978921972 	 0.0
1.033021997892197 	 0.0
1.034021997892197 	 0.0
1.0350219978921968 	 0.0
1.0360219978921967 	 0.0
1.0370219978921966 	 0.0
1.0380219978921965 	 0.0
1.0390219978921964 	 0.0
1.0400219978921963 	 0.0
1.0410219978921962 	 0.0
1.042021997892196 	 0.0
1.043021997892196 	 0.0
1.0440219978921959 	 0.0
1.0450219978921957 	 0.0
1.0460219978921956 	 0.0
1.0470219978921955 	 0.0
1.0480219978921954 	 0.0
1.0490219978921953 	 0.0
1.0500219978921952 	 0.0
1.051021997892195 	 0.0
1.052021997892195 	 0.0
1.0530219978921949 	 0.0
1.0540219978921948 	 0.0
1.0550219978921946 	 0.0
1.0560219978921945 	 0.0
1.0570219978921944 	 0.0
1.0580219978921943 	 0.0
1.0590219978921942 	 0.0
1.060021997892194 	 0.0
1.061021997892194 	 0.0
1.0620219978921939 	 0.0
1.0630219978921938 	 0.0
1.0640219978921936 	 0.0
1.0650219978921935 	 0.0
1.0660219978921934 	 0.0
1.0670219978921933 	 0.0
1.0680219978921932 	 0.0
1.069021997892193 	 0.0
1.070021997892193 	 0.0
1.0710219978921929 	 0.0
1.0720219978921928 	 0.0
1.0730219978921927 	 0.0
1.0740219978921925 	 0.0
1.0750219978921924 	 0.0
1.0760219978921923 	 0.0
1.0770219978921922 	 0.0
1.078021997892192 	 0.0
1.079021997892192 	 0.0
1.0800219978921919 	 0.0
1.0810219978921918 	 0.0
1.0820219978921917 	 0.0
1.0830219978921916 	 0.0
1.0840219978921914 	 0.0
1.0850219978921913 	 0.0
1.0860219978921912 	 0.0
1.0870219978921911 	 0.0
1.088021997892191 	 0.0
1.089021997892191 	 0.0
1.0900219978921908 	 0.0
1.0910219978921907 	 0.0
1.0920219978921906 	 0.0
1.0930219978921905 	 0.0
1.0940219978921903 	 0.0
1.0950219978921902 	 0.0
1.0960219978921901 	 0.0
1.09702199789219 	 0.0
1.09802199789219 	 0.0
1.0990219978921898 	 0.0
1.1000219978921897 	 0.0
1.1010219978921896 	 0.0
1.1020219978921895 	 0.0
1.1030219978921894 	 0.0
1.1040219978921892 	 0.0
1.1050219978921891 	 0.0
1.106021997892189 	 0.0
1.107021997892189 	 0.0
1.1080219978921888 	 0.0
1.1090219978921887 	 0.0
1.1100219978921886 	 0.0
1.1110219978921885 	 0.0
1.1120219978921884 	 0.0
1.1130219978921883 	 0.0
1.1140219978921881 	 0.0
1.115021997892188 	 0.0
1.116021997892188 	 0.0
1.1170219978921878 	 0.0
1.1180219978921877 	 0.0
1.1190219978921876 	 0.0
1.1200219978921875 	 0.0
1.1210219978921874 	 0.0
1.1220219978921873 	 0.0
1.1230219978921872 	 0.0
1.124021997892187 	 0.0
1.125021997892187 	 0.0
1.1260219978921868 	 0.0
1.1270219978921867 	 0.0
1.1280219978921866 	 0.0
1.1290219978921865 	 0.0
1.1300219978921864 	 0.0
1.1310219978921863 	 0.0
1.1320219978921862 	 0.0
1.133021997892186 	 0.0
1.134021997892186 	 0.0
1.1350219978921858 	 0.0
1.1360219978921857 	 0.0
1.1370219978921856 	 0.0
1.1380219978921855 	 0.0
1.1390219978921854 	 0.0
1.1400219978921853 	 0.0
1.1410219978921852 	 0.0
1.142021997892185 	 0.0
1.143021997892185 	 0.0
1.1440219978921848 	 0.0
1.1450219978921847 	 0.0
1.1460219978921846 	 0.0
1.1470219978921845 	 0.0
1.1480219978921844 	 0.0
1.1490219978921843 	 0.0
1.1500219978921842 	 0.0
1.151021997892184 	 0.0
1.152021997892184 	 0.0
1.1530219978921838 	 0.0
1.1540219978921837 	 0.0
1.1550219978921836 	 0.0
1.1560219978921835 	 0.0
1.1570219978921834 	 0.0
1.1580219978921833 	 0.0
1.1590219978921832 	 0.0
1.160021997892183 	 0.0
1.161021997892183 	 0.0
1.1620219978921829 	 0.0
1.1630219978921827 	 0.0
1.1640219978921826 	 0.0
1.1650219978921825 	 0.0
1.1660219978921824 	 0.0
1.1670219978921823 	 0.0
1.1680219978921822 	 0.0
1.169021997892182 	 0.0
1.170021997892182 	 0.0
1.1710219978921819 	 0.0
1.1720219978921818 	 0.0
1.1730219978921816 	 0.0
1.1740219978921815 	 0.0
1.1750219978921814 	 0.0
1.1760219978921813 	 0.0
1.1770219978921812 	 0.0
1.178021997892181 	 0.0
1.179021997892181 	 0.0
1.1800219978921809 	 0.0
1.1810219978921808 	 0.0
1.1820219978921807 	 0.0
1.1830219978921805 	 0.0
1.1840219978921804 	 0.0
1.1850219978921803 	 0.0
1.1860219978921802 	 0.0
1.18702199789218 	 0.0
1.18802199789218 	 0.0
1.1890219978921799 	 0.0
1.1900219978921798 	 0.0
1.1910219978921797 	 0.0
1.1920219978921796 	 0.0
1.1930219978921794 	 0.0
1.1940219978921793 	 0.0
1.1950219978921792 	 0.0
1.1960219978921791 	 0.0
1.197021997892179 	 0.0
1.198021997892179 	 0.0
1.1990219978921788 	 0.0
1.2000219978921787 	 0.0
1.2010219978921786 	 0.0
1.2020219978921785 	 0.0
1.2030219978921783 	 0.0
1.2040219978921782 	 0.0
1.2050219978921781 	 0.0
1.206021997892178 	 0.0
1.207021997892178 	 0.0
1.2080219978921778 	 0.0
1.2090219978921777 	 0.0
1.2100219978921776 	 0.0
1.2110219978921775 	 0.0
1.2120219978921773 	 0.0
1.2130219978921772 	 0.0
1.2140219978921771 	 0.0
1.215021997892177 	 0.0
1.216021997892177 	 0.0
1.2170219978921768 	 0.0
1.2180219978921767 	 0.0
1.2190219978921766 	 0.0
1.2200219978921765 	 0.0
1.2210219978921764 	 0.0
1.2220219978921762 	 0.0
1.2230219978921761 	 0.0
1.224021997892176 	 0.0
1.225021997892176 	 0.0
1.2260219978921758 	 0.0
1.2270219978921757 	 0.0
1.2280219978921756 	 0.0
1.2290219978921755 	 0.0
1.2300219978921754 	 0.0
1.2310219978921753 	 0.0
1.2320219978921751 	 0.0
1.233021997892175 	 0.0
1.234021997892175 	 0.0
1.2350219978921748 	 0.0
1.2360219978921747 	 0.0
1.2370219978921746 	 0.0
1.2380219978921745 	 0.0
1.2390219978921744 	 0.0
1.2400219978921743 	 0.0
1.2410219978921742 	 0.0
1.242021997892174 	 0.0
1.243021997892174 	 0.0
1.2440219978921738 	 0.0
1.2450219978921737 	 0.0
1.2460219978921736 	 0.0
1.2470219978921735 	 0.0
1.2480219978921734 	 0.0
1.2490219978921733 	 0.0
1.2500219978921732 	 0.0
1.251021997892173 	 0.0
1.252021997892173 	 0.0
1.2530219978921728 	 0.0
1.2540219978921727 	 0.0
1.2550219978921726 	 0.0
1.2560219978921725 	 0.0
1.2570219978921724 	 0.0
1.2580219978921723 	 0.0
1.2590219978921722 	 0.0
1.260021997892172 	 0.0
1.261021997892172 	 0.0
1.2620219978921718 	 0.0
1.2630219978921717 	 0.0
1.2640219978921716 	 0.0
1.2650219978921715 	 0.0
1.2660219978921714 	 0.0
1.2670219978921713 	 0.0
1.2680219978921712 	 0.0
1.269021997892171 	 0.0
1.270021997892171 	 0.0
1.2710219978921709 	 0.0
1.2720219978921707 	 0.0
1.2730219978921706 	 0.0
1.2740219978921705 	 0.0
1.2750219978921704 	 0.0
1.2760219978921703 	 0.0
1.2770219978921702 	 0.0
1.27802199789217 	 0.0
1.27902199789217 	 0.0
1.2800219978921699 	 0.0
1.2810219978921698 	 0.0
1.2820219978921696 	 0.0
1.2830219978921695 	 0.0
1.2840219978921694 	 0.0
1.2850219978921693 	 0.0
1.2860219978921692 	 0.0
1.287021997892169 	 0.0
1.288021997892169 	 0.0
1.2890219978921689 	 0.0
1.2900219978921688 	 0.0
1.2910219978921686 	 0.0
1.2920219978921685 	 0.0
1.2930219978921684 	 0.0
1.2940219978921683 	 0.0
1.2950219978921682 	 0.0
1.296021997892168 	 0.0
1.297021997892168 	 0.0
1.2980219978921679 	 0.0
1.2990219978921678 	 3.2897393897379643e-09
1.3000219978921677 	 3.75330476154126e-08
1.3010219978921675 	 1.0924776609815846e-07
1.3020219978921674 	 2.187733328414597e-07
1.3030219978921673 	 3.664445731452347e-07
1.3040219978921672 	 5.526114822500954e-07
1.305021997892167 	 7.776408236911732e-07
1.306021997892167 	 1.041885064769461e-06
1.3070219978921669 	 1.3457385581456742e-06
1.3080219978921668 	 1.6895820136173618e-06
1.3090219978921667 	 2.0738061859472635e-06
1.3100219978921666 	 2.4988378213731163e-06
1.3110219978921664 	 2.9650905172250863e-06
1.3120219978921663 	 3.472997687644327e-06
1.3130219978921662 	 4.0230047762340935e-06
1.3140219978921661 	 4.61556965198651e-06
1.315021997892166 	 5.251162997324675e-06
1.316021997892166 	 5.930268684886811e-06
1.3170219978921658 	 6.653384159786443e-06
1.3180219978921657 	 7.421020835999167e-06
1.3190219978921656 	 8.233713161464715e-06
1.3200219978921655 	 9.091984272656324e-06
1.3210219978921653 	 9.996398717660014e-06
1.3220219978921652 	 1.0947527646371542e-05
1.3230219978921651 	 1.1945957115453789e-05
1.324021997892165 	 1.2992297828544657e-05
1.325021997892165 	 1.4087150080547364e-05
1.3260219978921648 	 1.523115790617285e-05
1.3270219978921647 	 1.6424973480267826e-05
1.3280219978921646 	 1.7669275570461205e-05
1.3290219978921645 	 1.896473391914342e-05
1.3300219978921644 	 2.0312064113104167e-05
1.3310219978921642 	 2.171193681256203e-05
1.3320219978921641 	 2.3164917065516337e-05
1.333021997892164 	 2.467182394949286e-05
1.334021997892164 	 2.623344422401972e-05
1.3350219978921638 	 2.7850544738735673e-05
1.3360219978921637 	 2.952393570666226e-05
1.3370219978921636 	 3.1254444407000263e-05
1.3380219978921635 	 3.3042888186032635e-05
1.3390219978921634 	 3.489013181263352e-05
1.3400219978921633 	 3.679705932209665e-05
1.3410219978921631 	 3.87645465089595e-05
1.342021997892163 	 4.079352508668071e-05
1.343021997892163 	 4.2884898953698235e-05
1.3440219978921628 	 4.503961764711117e-05
1.3450219978921627 	 4.7258649000632757e-05
1.3460219978921626 	 4.9542950919811766e-05
1.3470219978921625 	 5.18935389185529e-05
1.3480219978921624 	 5.431140869784726e-05
1.3490219978921623 	 5.679761492557765e-05
1.3500219978921622 	 5.935319228678089e-05
1.351021997892162 	 6.197923558284285e-05
1.352021997892162 	 6.467681462667806e-05
1.3530219978921618 	 6.744703140732874e-05
1.3540219978921617 	 7.02910000513733e-05
1.3550219978921616 	 7.320982113837566e-05
1.3560219978921615 	 7.620465168071287e-05
1.3570219978921614 	 7.927662427910991e-05
1.3580219978921613 	 8.242692855113766e-05
1.3590219978921612 	 8.565672972566376e-05
1.360021997892161 	 8.896725084237449e-05
1.361021997892161 	 9.235969022534612e-05
1.3620219978921608 	 9.583529720896925e-05
1.3630219978921607 	 9.939526830915131e-05
1.3640219978921606 	 0.00010304084781415791
1.3650219978921605 	 0.00010677324921876757
1.3660219978921604 	 0.00011059373956873173
1.3670219978921603 	 0.00011450355388159803
1.3680219978921602 	 0.00011850398115911117
1.36902199789216 	 0.00012259627919148378
1.37002199789216 	 0.0001267817607907048
1.3710219978921598 	 0.00013106170760128954
1.3720219978921597 	 0.00013543744814531168
1.3730219978921596 	 0.00013991024835795866
1.3740219978921595 	 0.0001444814190090898
1.3750219978921594 	 0.0001491522353512504
1.3760219978921593 	 0.00015392402501170066
1.3770219978921592 	 0.00015879809093074636
1.378021997892159 	 0.00016377574518195811
1.379021997892159 	 0.00016885834541809056
1.3800219978921588 	 0.00017404721598540402
1.3810219978921587 	 0.00017934374031352787
1.3820219978921586 	 0.00018474926374472954
1.3830219978921585 	 0.00019026516919588054
1.3840219978921584 	 0.00019589280234656118
1.3850219978921583 	 0.00020163356943901246
1.3860219978921582 	 0.00020748884776219064
1.387021997892158 	 0.0002134600788314558
1.388021997892158 	 0.0002195486891340056
1.3890219978921579 	 0.00022575612530270048
1.3900219978921577 	 0.0002320838920298734
1.3910219978921576 	 0.00023853346951618667
1.3920219978921575 	 0.0002451064106259687
1.3930219978921574 	 0.00025180424337266035
1.3940219978921573 	 0.00025862856707883225
1.3950219978921572 	 0.0002655809678887285
1.396021997892157 	 0.0002726630529009144
1.397021997892157 	 0.000279876487332925
1.3980219978921569 	 0.00028722290314680225
1.3990219978921568 	 0.00029470399331901753
1.4000219978921566 	 0.0003023214074946411
1.4010219978921565 	 0.0003100768451094555
1.4020219978921564 	 0.00031797197161746027
1.4030219978921563 	 0.00032600847170069546
1.4040219978921562 	 0.0003341880551510648
1.405021997892156 	 0.00034251234930744766
1.406021997892156 	 0.0003509829895099356
1.4070219978921559 	 0.00035960151818917763
1.4080219978921558 	 0.00036836940860745983
1.4090219978921557 	 0.0003772880911413377
1.4100219978921555 	 0.0003863588478094111
1.4110219978921554 	 0.00039558290274314766
1.4120219978921553 	 0.00040496133830763734
1.4130219978921552 	 0.0004144951777150863
1.414021997892155 	 0.0004241853643531879
1.415021997892155 	 0.0004340326405795424
1.4160219978921549 	 0.00044403764580608693
1.4170219978921548 	 0.00045420081508846844
1.4180219978921547 	 0.0004645224135628352
1.4190219978921546 	 0.00047500257496590906
1.4200219978921544 	 0.00048564120393686965
1.4210219978921543 	 0.0004964380853740397
1.4220219978921542 	 0.0005073928187718279
1.4230219978921541 	 0.0005185049498547451
1.424021997892154 	 0.0005297739433102135
1.425021997892154 	 0.000541199067452261
1.4260219978921538 	 0.0005527795141445007
1.4270219978921537 	 0.0005645143089578451
1.4280219978921536 	 0.0005764023643017361
1.4290219978921535 	 0.0005884425342536109
1.4300219978921533 	 0.0006006335400069034
1.4310219978921532 	 0.0006129740221545669
1.4320219978921531 	 0.0006254626297154525
1.433021997892153 	 0.0006380980277035188
1.434021997892153 	 0.0006508789384285314
1.4350219978921528 	 0.0006638040157696869
1.4360219978921527 	 0.000676871896655138
1.4370219978921526 	 0.0006900812509999913
1.4380219978921525 	 0.0007034306877992583
1.4390219978921523 	 0.0007169188799262936
1.4400219978921522 	 0.0007305444663697823
1.4410219978921521 	 0.0007443060990194242
1.442021997892152 	 0.000758202524111922
1.443021997892152 	 0.0007722326003770157
1.4440219978921518 	 0.0007863952521175155
1.4450219978921517 	 0.0008006894869083076
1.4460219978921516 	 0.0008151143042872271
1.4470219978921515 	 0.0008296687375324789
1.4480219978921514 	 0.0008443519040880362
1.4490219978921512 	 0.0008591628986325821
1.4500219978921511 	 0.0008741009154678016
1.451021997892151 	 0.0008891651391074335
1.452021997892151 	 0.000904354816460342
1.4530219978921508 	 0.000919669397524223
1.4540219978921507 	 0.0009351083569203374
1.4550219978921506 	 0.0009506712115513968
1.4560219978921505 	 0.0009663575651504293
1.4570219978921504 	 0.000982167007782322
1.4580219978921503 	 0.0009980991657182283
1.4590219978921501 	 0.0010141537497508533
1.46002199789215 	 0.00103033044277505
1.46102199789215 	 0.0010466290236219706
1.4620219978921498 	 0.0010630492772940386
1.4630219978921497 	 0.0010795911182326656
1.4640219978921496 	 0.0010962545683188725
1.4650219978921495 	 0.0011130396379942006
1.4660219978921494 	 0.0011299463694946672
1.4670219978921493 	 0.0011469748761804511
1.4680219978921492 	 0.0011641252533439066
1.469021997892149 	 0.0011813976439513203
1.470021997892149 	 0.0011987922219150672
1.4710219978921488 	 0.0012163091905244114
1.4720219978921487 	 0.001233948799940411
1.4730219978921486 	 0.0012517114068998447
1.4740219978921485 	 0.0012695974186125978
1.4750219978921484 	 0.0012876072745275574
1.4760219978921483 	 0.001305741442274133
1.4770219978921482 	 0.0013240004072927606
1.478021997892148 	 0.0013423846819979664
1.479021997892148 	 0.001360894811349425
1.4800219978921478 	 0.001379531360494597
1.4810219978921477 	 0.0013982949305194907
1.4820219978921476 	 0.0014171861591154638
1.4830219978921475 	 0.001436205777392076
1.4840219978921474 	 0.0014553545623939646
1.4850219978921473 	 0.001474633321540619
1.4860219978921472 	 0.0014940428887465769
1.487021997892147 	 0.001513584114234577
1.488021997892147 	 0.0015332578738901678
1.4890219978921468 	 0.001553065071936179
1.4900219978921467 	 0.0015730066405817732
1.4910219978921466 	 0.0015930835383065084
1.4920219978921465 	 0.0016132967642847752
1.4930219978921464 	 0.0016336474139008346
1.4940219978921463 	 0.0016541366279635415
1.4950219978921462 	 0.0016747655762102997
1.496021997892146 	 0.001695535453536174
1.497021997892146 	 0.0017164474702633054
1.4980219978921459 	 0.001737502860911005
1.4990219978921457 	 0.0017587028865803259
1.5000219978921456 	 0.0017800488344511549
1.5010219978921455 	 0.0018015420154583355
1.5020219978921454 	 0.0018231837829016135
1.5030219978921453 	 0.0018449756044644423
1.5040219978921452 	 0.001866918993568012
1.505021997892145 	 0.0018890154966289187
1.506021997892145 	 0.001911266677295767
1.5070219978921449 	 0.001933674119399609
1.5080219978921447 	 0.001956239429205005
1.5090219978921446 	 0.001978964236128088
1.5100219978921445 	 0.00200185019212778
1.5110219978921444 	 0.0020248989697928136
1.5120219978921443 	 0.0020481122932663022
1.5130219978921442 	 0.0020714920362539424
1.514021997892144 	 0.0020950401255064
1.515021997892144 	 0.002118758509945011
1.5160219978921439 	 0.0021426491595852065
1.5170219978921438 	 0.0021667140643263144
1.5180219978921436 	 0.0021909552330691175
1.5190219978921435 	 0.002215374692690998
1.5200219978921434 	 0.0022399744869464615
1.5210219978921433 	 0.0022647566656872854
1.5220219978921432 	 0.0022897233267558325
1.523021997892143 	 0.0023148767961904556
1.524021997892143 	 0.002340219428492219
1.5250219978921429 	 0.002365753689046604
1.5260219978921428 	 0.002391480905000431
1.5270219978921427 	 0.0024174027823238037
1.5280219978921425 	 0.002443521694096967
1.5290219978921424 	 0.002469840021989297
1.5300219978921423 	 0.002496360122982504
1.5310219978921422 	 0.002523084379386912
1.532021997892142 	 0.002550015280504307
1.533021997892142 	 0.0025771555714400674
1.5340219978921419 	 0.002604508063721221
1.5350219978921418 	 0.00263207557449103
1.5360219978921417 	 0.002659860935834307
1.5370219978921416 	 0.0026878670145744406
1.5380219978921414 	 0.002716096689259174
1.5390219978921413 	 0.0027445528406450695
1.5400219978921412 	 0.0027732383509376235
1.5410219978921411 	 0.002802156114940533
1.542021997892141 	 0.002831309155061964
1.543021997892141 	 0.0028607008150049263
1.5440219978921408 	 0.0028903345170571584
1.5450219978921407 	 0.0029202136903265265
1.5460219978921406 	 0.0029503417871051666
1.5470219978921405 	 0.002980722328656967
1.5480219978921403 	 0.003011358859345819
1.5490219978921402 	 0.003042254933225908
1.5500219978921401 	 0.003073414115299601
1.55102199789214 	 0.003104840004820506
1.55202199789214 	 0.0031365363899816118
1.5530219978921398 	 0.0031685074466201663
1.5540219978921397 	 0.0032007574624493052
1.5550219978921396 	 0.0032332907577641615
1.5560219978921395 	 0.00326611171861584
1.5570219978921394 	 0.0032992248767687465
1.5580219978921392 	 0.003332634839382676
1.5590219978921391 	 0.003366346268585283
1.560021997892139 	 0.0034003638896268613
1.561021997892139 	 0.0034346925301025275
1.5620219978921388 	 0.003469337312194109
1.5630219978921387 	 0.0035043038094346828
1.5640219978921386 	 0.0035395977718104153
1.5650219978921385 	 0.00357522505084269
1.5660219978921384 	 0.00361119164346482
1.5670219978921383 	 0.0036475037988912863
1.5680219978921381 	 0.0036841313256637197
1.569021997892138 	 0.003721049328351364
1.570021997892138 	 0.003758290274134418
1.5710219978921378 	 0.0037958669917302727
1.5720219978921377 	 0.0038337889971582916
1.5730219978921376 	 0.003872064513389415
1.5740219978921375 	 0.003910700780022619
1.5750219978921374 	 0.003949704077800958
1.5760219978921373 	 0.0039890796567050675
1.5770219978921372 	 0.004028831606111886
1.578021997892137 	 0.00406896221843934
1.579021997892137 	 0.004109471606078341
1.5800219978921368 	 0.004150356614047903
1.5810219978921367 	 0.0041916102065023214
1.5820219978921366 	 0.004233220514120555
1.5830219978921365 	 0.004275169495322828
1.5840219978921364 	 0.004317431666585881
1.5850219978921363 	 0.004359973014635626
1.5860219978921362 	 0.004402750360511024
1.587021997892136 	 0.004445711549657192
1.588021997892136 	 0.00448879640873249
1.5890219978921358 	 0.004531939336809239
1.5900219978921357 	 0.0045750736776431775
1.5910219978921356 	 0.004618137816563796
1.5920219978921355 	 0.004661082361023941
1.5930219978921354 	 0.00470387681047647
1.5940219978921353 	 0.004746515349414515
1.5950219978921352 	 0.004789019622570113
1.596021997892135 	 0.004831437676472225
1.597021997892135 	 0.004873839241134754
1.5980219978921348 	 0.004916307923571395
1.5990219978921347 	 0.004958932365296334
1.6000219978921346 	 0.0050017980333774276
1.6010219978921345 	 0.005044980894514138
1.6020219978921344 	 0.005088543431240047
1.6030219978921343 	 0.005132532408202846
1.6040219978921342 	 0.005176979821407952
1.605021997892134 	 0.005221904723581465
1.606021997892134 	 0.005267315554157345
1.6070219978921338 	 0.005313212663335911
1.6080219978921337 	 0.005359590498222562
1.6090219978921336 	 0.005406439544927054
1.6100219978921335 	 0.005453747877201267
1.6110219978921334 	 0.005501502396246008
1.6120219978921333 	 0.005549689443346203
1.6130219978921332 	 0.005598294479176485
1.614021997892133 	 0.005647303422221027
1.615021997892133 	 0.005696703205656519
1.6160219978921329 	 0.005746481951032815
1.6170219978921327 	 0.005796629003010161
1.6180219978921326 	 0.005847135071640643
1.6190219978921325 	 0.005897992220232308
1.6200219978921324 	 0.005949193873962991
1.6210219978921323 	 0.006000734797400479
1.6220219978921322 	 0.00605261058219191
1.623021997892132 	 0.00610481662486987
1.624021997892132 	 0.006157349292616595
1.6250219978921319 	 0.006210206297766994
1.6260219978921318 	 0.006263386640125913
1.6270219978921316 	 0.006316890472050621
1.6280219978921315 	 0.006370719288749764
1.6290219978921314 	 0.006424875913598329
1.6300219978921313 	 0.006479364909205894
1.6310219978921312 	 0.006534191967845476
1.632021997892131 	 0.006589363669810067
1.633021997892131 	 0.006644886485791956
1.6340219978921309 	 0.0067007680846258725
1.6350219978921308 	 0.006757017718888367
1.6360219978921307 	 0.006813646161729629
1.6370219978921305 	 0.006870665431452163
1.6380219978921304 	 0.006928089110285232
1.6390219978921303 	 0.006985932468108003
1.6400219978921302 	 0.00704421245813653
1.64102199789213 	 0.007102947612800255
1.64202199789213 	 0.007162157328069303
1.6430219978921299 	 0.007221861226489081
1.6440219978921298 	 0.007282080220229002
1.6450219978921297 	 0.007342836774952525
1.6460219978921296 	 0.007404154745077937
1.6470219978921294 	 0.007466058929805133
1.6480219978921293 	 0.007528575390937394
1.6490219978921292 	 0.007591731481935599
1.650021997892129 	 0.007655555749924274
1.651021997892129 	 0.007720077713518971
1.652021997892129 	 0.0077853271437330835
1.6530219978921288 	 0.007851333733225477
1.6540219978921287 	 0.007918127647505028
1.6550219978921286 	 0.007985739573691178
1.6560219978921285 	 0.008054200425263263
1.6570219978921283 	 0.008123540805405251
1.6580219978921282 	 0.008193791201015405
1.6590219978921281 	 0.008264981890887306
1.660021997892128 	 0.008337142766266743
1.661021997892128 	 0.008410303032839236
1.6620219978921278 	 0.008484490566210213
1.6630219978921277 	 0.008559732061724147
1.6640219978921276 	 0.008636052934355605
1.6650219978921275 	 0.008713477162651487
1.6660219978921273 	 0.008792026988559902
1.6670219978921272 	 0.008871722443867091
1.6680219978921271 	 0.008952581426343923
1.669021997892127 	 0.009034619599708561
1.670021997892127 	 0.009117850219787949
1.6710219978921268 	 0.009202283897262556
1.6720219978921267 	 0.009287928387311677
1.6730219978921266 	 0.00937478909222444
1.6740219978921265 	 0.009462868599551501
1.6750219978921264 	 0.009552166456099194
1.6760219978921262 	 0.009642679039768749
1.6770219978921261 	 0.00973439935742198
1.678021997892126 	 0.009827317143570278
1.679021997892126 	 0.00992141874368803
1.6800219978921258 	 0.010016687677704155
1.6810219978921257 	 0.01011310379370358
1.6820219978921256 	 0.010210644106958136
1.6830219978921255 	 0.010309283672934334
1.6840219978921254 	 0.01040899485214166
1.6850219978921253 	 0.010509747141543051
1.6860219978921251 	 0.010611507285756968
1.687021997892125 	 0.010714239402030772
1.688021997892125 	 0.010817905112886494
1.6890219978921248 	 0.01092246368907747
1.6900219978921247 	 0.011027872200479603
1.6910219978921246 	 0.01113408569723797
1.6920219978921245 	 0.011241057865693778
1.6930219978921244 	 0.011348742344637784
1.6940219978921243 	 0.01145709174062649
1.6950219978921242 	 0.011566057437689686
1.696021997892124 	 0.011675589811617204
1.697021997892124 	 0.011785638526442696
1.6980219978921238 	 0.011896152570961178
1.6990219978921237 	 0.012007080373229015
1.7000219978921236 	 0.012118369947142065
1.7010219978921235 	 0.01222996909569708
1.7020219978921234 	 0.012341826208922664
1.7030219978921233 	 0.012453891599353556
1.7040219978921232 	 0.012566116281628195
1.705021997892123 	 0.012678451672948354
1.706021997892123 	 0.012790849807625397
1.7070219978921228 	 0.012903263513793688
1.7080219978921227 	 0.013015646488355887
1.7090219978921226 	 0.013127953166889174
1.7100219978921225 	 0.013240138814002437
1.7110219978921224 	 0.013352159665541425
1.7120219978921223 	 0.013463973711677867
1.7130219978921222 	 0.013575541874428533
1.714021997892122 	 0.013686826673922254
1.715021997892122 	 0.013797791840134955
1.7160219978921218 	 0.013908402424141644
1.7170219978921217 	 0.01401862508386934
1.7180219978921216 	 0.014128427822503701
1.7190219978921215 	 0.014237779898561708
1.7200219978921214 	 0.014346651812848492
1.7210219978921213 	 0.014455015369010523
1.7220219978921212 	 0.01456284446244592
1.723021997892121 	 0.014670115896548538
1.724021997892121 	 0.014776808191059441
1.7250219978921209 	 0.0148829011574933
1.7260219978921207 	 0.014988375964624313
1.7270219978921206 	 0.015093215390053163
1.7280219978921205 	 0.01519740328952191
1.7290219978921204 	 0.015300925323676605
1.7300219978921203 	 0.01540376762663044
1.7310219978921202 	 0.015505917712393475
1.73202199789212 	 0.015607364853238577
1.73302199789212 	 0.01570810077698745
1.7340219978921199 	 0.015808118575869272
1.7350219978921197 	 0.015907412352741568
1.7360219978921196 	 0.016005977264700433
1.7370219978921195 	 0.01604060128646309
1.7380219978921194 	 0.016011589616543618
1.7390219978921193 	 0.01598157031671534
1.7400219978921192 	 0.01595058020053017
1.741021997892119 	 0.015918655723603674
1.742021997892119 	 0.01588583295474749
1.7430219978921189 	 0.015852147549057647
1.7440219978921188 	 0.015817634722922913
1.7450219978921186 	 0.015782329230913137
1.7460219978921185 	 0.015746265344504386
1.7470219978921184 	 0.015709476832593817
1.7480219978921183 	 0.015671996943755297
1.7490219978921182 	 0.015633858390183882
1.750021997892118 	 0.015595093333274966
1.751021997892118 	 0.01555573337078327
1.7520219978921179 	 0.015515809525504192
1.7530219978921178 	 0.01547535223542027
1.7540219978921177 	 0.015434391345253566
1.7550219978921175 	 0.015392956099365543
1.7560219978921174 	 0.015351075135944654
1.7570219978921173 	 0.015308776482422834
1.7580219978921172 	 0.015266087552061595
1.759021997892117 	 0.015223035141649454
1.760021997892117 	 0.015179645430252632
1.7610219978921169 	 0.015135943978961989
1.7620219978921168 	 0.015091955731579875
1.7630219978921167 	 0.015047705016191987
1.7640219978921166 	 0.01500321554757024
1.7650219978921164 	 0.014958510430353771
1.7660219978921163 	 0.014913612162957182
1.7670219978921162 	 0.014868542642155933
1.7680219978921161 	 0.014823323168300538
1.769021997892116 	 0.014777974451112967
1.770021997892116 	 0.014732516616020036
1.7710219978921158 	 0.014686969210980064
1.7720219978921157 	 0.014641351213761157
1.7730219978921156 	 0.014595681039630841
1.7740219978921155 	 0.014549976549418184
1.7750219978921153 	 0.014504255057912054
1.7760219978921152 	 0.01445853334255984
1.7770219978921151 	 0.014412827445303516
1.778021997892115 	 0.014367153510798241
1.779021997892115 	 0.014321526551542221
1.7800219978921148 	 0.014275961287473925
1.7810219978921147 	 0.014230471948073453
1.7820219978921146 	 0.014185072282215218
1.7830219978921145 	 0.014139775568119184
1.7840219978921144 	 0.014094594623377844
1.7850219978921142 	 0.014049541815037309
1.7860219978921141 	 0.014004629069712508
1.787021997892114 	 0.013959867883717602
1.788021997892114 	 0.013915269333193883
1.7890219978921138 	 0.013870844084219054
1.7900219978921137 	 0.013826602402882547
1.7910219978921136 	 0.013782554165312436
1.7920219978921135 	 0.013738708867641612
1.7930219978921134 	 0.013695075635900401
1.7940219978921133 	 0.013651663235825248
1.7950219978921131 	 0.013608480082572826
1.796021997892113 	 0.013565534250330816
1.797021997892113 	 0.013522833481816428
1.7980219978921128 	 0.01348038519765568
1.7990219978921127 	 0.01343819650563613
1.8000219978921126 	 0.013396274209827173
1.8010219978921125 	 0.013354624819562387
1.8020219978921124 	 0.01331325455827932
1.8030219978921123 	 0.013272169372212272
1.8040219978921122 	 0.01323137493893465
1.805021997892112 	 0.013190876675747731
1.806021997892112 	 0.013150679747913372
1.8070219978921118 	 0.013110789076728387
1.8080219978921117 	 0.013071209347439003
1.8090219978921116 	 0.013031945016994256
1.8100219978921115 	 0.01299300032163718
1.8110219978921114 	 0.012954379284333673
1.8120219978921113 	 0.012916085722038239
1.8130219978921112 	 0.012878123252797536
1.814021997892111 	 0.012840495302691258
1.815021997892111 	 0.012803205112611661
1.8160219978921108 	 0.012766255744882363
1.8170219978921107 	 0.012729650089717442
1.8180219978921106 	 0.01269339087152239
1.8190219978921105 	 0.012657480655038147
1.8200219978921104 	 0.012621921851330117
1.8210219978921103 	 0.012586716723623829
1.8220219978921102 	 0.012551867392989132
1.82302199789211 	 0.012517375843875243
1.82402199789211 	 0.012483243929498478
1.8250219978921098 	 0.012449473198134485
1.8260219978921097 	 0.012416065614366648
1.8270219978921096 	 0.012383022489302089
1.8280219978921095 	 0.012350345202241658
1.8290219978921094 	 0.012318035026067166
1.8300219978921093 	 0.012286093131796322
1.8310219978921092 	 0.012254520593007901
1.832021997892109 	 0.012223318390139596
1.833021997892109 	 0.012192487414661259
1.8340219978921088 	 0.012162028473126208
1.8350219978921087 	 0.012131942291103334
1.8360219978921086 	 0.012102229516992568
1.8370219978921085 	 0.012072890725726586
1.8380219978921084 	 0.01204392642236124
1.8390219978921083 	 0.012015337045557377
1.8400219978921082 	 0.011987122970956991
1.841021997892108 	 0.01195928451445588
1.842021997892108 	 0.011931821935375772
1.8430219978921079 	 0.011904735439538364
1.8440219978921077 	 0.011878025182243795
1.8450219978921076 	 0.011851691271156171
1.8460219978921075 	 0.011825733769098486
1.8470219978921074 	 0.011800152696759592
1.8480219978921073 	 0.011774948035315418
1.8490219978921072 	 0.011750119728966908
1.850021997892107 	 0.011725667687397147
1.851021997892107 	 0.011701591788149671
1.8520219978921069 	 0.011677891878930547
1.8530219978921068 	 0.011654567779836198
1.8540219978921066 	 0.01163161928550917
1.8550219978921065 	 0.011609046167224127
1.8560219978921064 	 0.011586848174906057
1.8570219978921063 	 0.01156502503908257
1.8580219978921062 	 0.011543576472772607
1.859021997892106 	 0.011522502173313205
1.860021997892106 	 0.011501801824126433
1.8610219978921059 	 0.01148147509642819
1.8620219978921058 	 0.011461521650880886
1.8630219978921057 	 0.011441941139191534
1.8640219978921055 	 0.011422733205657171
1.8650219978921054 	 0.011403897488659219
1.8660219978921053 	 0.011385433622108459
1.8670219978921052 	 0.011367341236842111
1.868021997892105 	 0.011349619961974769
1.869021997892105 	 0.011332269426204498
1.8700219978921049 	 0.011315289259075744
1.8710219978921048 	 0.011298679092200363
1.8720219978921047 	 0.011282438560438241
1.8730219978921046 	 0.011266567141040556
1.8740219978921044 	 0.011251064802847892
1.8750219978921043 	 0.011235931035058941
1.8760219978921042 	 0.011221165496569622
1.877021997892104 	 0.011206767854866413
1.878021997892104 	 0.011192737786991503
1.879021997892104 	 0.011179074980476121
1.8800219978921038 	 0.011165779134243194
1.8810219978921037 	 0.011152849959480524
1.8820219978921036 	 0.011140287180485315
1.8830219978921034 	 0.011128090535481219
1.8840219978921033 	 0.01111625977740867
1.8850219978921032 	 0.011104794674689653
1.8860219978921031 	 0.011093695011967686
1.887021997892103 	 0.011082960590823894
1.888021997892103 	 0.011072591230470007
1.8890219978921028 	 0.011062586768419199
1.8900219978921027 	 0.011052947061135352
1.8910219978921026 	 0.011043671984661727
1.8920219978921025 	 0.011034761435229593
1.8930219978921023 	 0.011026215329847584
1.8940219978921022 	 0.011018033606872493
1.8950219978921021 	 0.011010216226562055
1.896021997892102 	 0.01100276317161047
1.897021997892102 	 0.010995674447667065
1.8980219978921018 	 0.010988950083838963
1.8990219978921017 	 0.010982590133177967
1.9000219978921016 	 0.010976594673152474
1.9010219978921015 	 0.01097096380610471
1.9020219978921014 	 0.010965697659693912
1.9030219978921012 	 0.010960796387325824
1.9040219978921011 	 0.010956260168568951
1.905021997892101 	 0.010952089209558046
1.906021997892101 	 0.01094828374338506
1.9070219978921008 	 0.010944844030478195
1.9080219978921007 	 0.010941770358969065
1.9090219978921006 	 0.010939063045048596
1.9100219978921005 	 0.010936722433311777
1.9110219978921004 	 0.0109347488970916
1.9120219978921003 	 0.010933142838782503
1.9130219978921001 	 0.010931904690153454
1.9140219978921 	 0.010931034912650997
1.9150219978921 	 0.01093053399769243
1.9160219978920998 	 0.010930402466949252
1.9170219978920997 	 0.010930640872621078
1.9180219978920996 	 0.010931249797700212
1.9190219978920995 	 0.010932229856226914
1.9200219978920994 	 0.010933581693535446
1.9210219978920993 	 0.010935305829204909
1.9220219978920992 	 0.010937403286285004
1.923021997892099 	 0.010939874648233698
1.924021997892099 	 0.01094272068784154
1.9250219978920988 	 0.010945942210288292
1.9260219978920987 	 0.01094954005333498
1.9270219978920986 	 0.010953515087507035
1.9280219978920985 	 0.010957868216268226
1.9290219978920984 	 0.010962600376185516
1.9300219978920983 	 0.010967712537084602
1.9310219978920982 	 0.01097320570219604
1.932021997892098 	 0.010979080908291883
1.933021997892098 	 0.010985339225812484
1.9340219978920978 	 0.010991981758983504
1.9350219978920977 	 0.010999009645922674
1.9360219978920976 	 0.011006424058736265
1.9370219978920975 	 0.011014226203604816
1.9380219978920974 	 0.011022417320858043
1.9390219978920973 	 0.011030998685038339
1.9400219978920972 	 0.01103997160495277
1.941021997892097 	 0.011049337423713132
1.942021997892097 	 0.011059097518763491
1.9430219978920968 	 0.01106925330189509
1.9440219978920967 	 0.01107980621924785
1.9450219978920966 	 0.011090757751298265
1.9460219978920965 	 0.011102109412832975
1.9470219978920964 	 0.011113862752907518
1.9480219978920963 	 0.011126019354789744
1.9490219978920962 	 0.011138580835887275
1.950021997892096 	 0.01115154884765819
1.951021997892096 	 0.01116492507550457
1.9520219978920959 	 0.011178711238647875
1.9530219978920957 	 0.011192909089985601
1.9540219978920956 	 0.011207520415928303
1.9550219978920955 	 0.011222547036216309
1.9560219978920954 	 0.011237990803714997
1.9570219978920953 	 0.011253853604188024
1.9580219978920952 	 0.011270137356047283
1.959021997892095 	 0.011286844010078819
1.960021997892095 	 0.011303975549143372
1.9610219978920949 	 0.011321533987850801
1.9620219978920947 	 0.011339521372206935
1.9630219978920946 	 0.011357939779231873
1.9640219978920945 	 0.01137679131654823
1.9650219978920944 	 0.011396078121938474
1.9660219978920943 	 0.011415802362869407
1.9670219978920942 	 0.011435966235982913
1.968021997892094 	 0.01145657196655117
1.969021997892094 	 0.011477621642764505
1.9700219978920939 	 0.011499117875201718
1.9710219978920938 	 0.011521062806673218
1.9720219978920936 	 0.011543458770761022
1.9730219978920935 	 0.011566308126366236
1.9740219978920934 	 0.011589613256917248
1.9750219978920933 	 0.01161337656953034
1.9760219978920932 	 0.011637600494120739
1.977021997892093 	 0.011662287482462076
1.978021997892093 	 0.011687440007191982
1.9790219978920929 	 0.011713060560761504
1.9800219978920928 	 0.011739151654326305
1.9810219978920927 	 0.01176571581657682
1.9820219978920925 	 0.011792755592505274
1.9830219978920924 	 0.011820273542106529
1.9840219978920923 	 0.011848272239010455
1.9850219978920922 	 0.011876754269042788
1.986021997892092 	 0.011905722228711666
1.987021997892092 	 0.011935178723616859
1.9880219978920919 	 0.011965126366778543
1.9890219978920918 	 0.011995567776882559
1.9900219978920917 	 0.012026505576438654
1.9910219978920916 	 0.012057942389848418
1.9920219978920914 	 0.01208988084137939
1.9930219978920913 	 0.012122323553041603
1.9940219978920912 	 0.01215527314236286
1.9950219978920911 	 0.012188732220058942
1.996021997892091 	 0.012222703387594513
1.997021997892091 	 0.012257189234630846
1.9980219978920908 	 0.012292192336356042
1.9990219978920907 	 0.012327715250693237
