0.0100  10
0.0100  0.0000082912
0.010304 0.0000083500
0.012037 0.0000084666
0.014929 0.0000085849
0.019893 0.0000087048
0.023803 0.0000088264
0.028142 0.0000089497
0.032485 0.0000090747
0.037500 0.0000092014
0.043288 0.0000093300
0.049969 0.0000094603
0.057682 0.0000095924
0.068197 0.0000097264
0.077787 0.0000098622
0.096475 0.000010000
0.11004 0.000010140
0.13486 0.000010425
0.16136 0.000010718
0.20497 0.000011330
0.23945 0.000011811
0.26037 0.000012143
0.2698664074903723	0.000012322012348527328
0.3414866608564933	0.000012322747911517162
0.4321143214057789	0.000012323703929707268
0.5467937936306256	0.000012324953269586587
0.6919082241484181	0.000012326596520323314
0.8755347924955005	0.000012328773876691893
1.012441994948205	0.000012330467337523225
1.0312398176842719	0.000012330704481821944
1.050386656108525	0.00001233094717199461
1.0698889903305149	0.000012331195551926581
1.089753420774781	0.000012331449770059434
1.109986670414721	0.000012331709971152106
1.1305955870479354	0.000012331975462508971
1.1515871456138094	0.000012332248991830939
1.1729684505541373	0.000012332528131475049
1.1947467382175643	0.000012332813916977945
1.2169293793086775	0.000012333106524289422
1.2395238813825733	0.000012333406134514716
1.2625378913857273	0.000012333712934078303
1.285979198244052	0.000012334027114893166
1.3098557354990064	0.000012334348874535739
1.3341755839926384	0.00001233467841642666
1.3589469746024914	0.000012335015950017895
1.3841782910272895	0.000012335361690985823
1.4098780726243307	0.000012335715861248797
1.4360550172995816	0.000012336078689903143
1.4627179844514113	0.00001233645041234254
1.4898759979689955	0.000012336831271208413
1.5175382492863905	0.000012337221516435815
1.5457141004932995	0.000012337621405489565
1.5744130875036093	0.000012338031203608595
1.603644923282755	0.000012338451184058272
1.6334195011349955	0.000012338881628391735
1.6637468980517338	0.00001233932282671992
1.6946373781220094	0.000012339775017044776
1.726101396006292	0.000012340238690279332
1.7581496004747996	0.000012340713990351024
1.7907928380114873	0.000012341201286737296
1.8240421564849654	0.000012341700926166425
1.857908808887577	0.000012342213256311408
1.892404257143882	0.00001234273864329495
1.9275401759898667	0.000012343277438649444
1.9633284569241818	0.000012343830035897105
1.9997812122327212	0.00001234439682543555
2.036910779087945	0.00001234497822050654
2.074729723724312	0.000012345574622012444
2.1132508456912174	0.000012346186889996763
2.1524871821849234	0.000012346814206153882
2.192452012460892	0.000012347458290557017
2.2331588623280583	0.000012348119195133938
2.2746215087265487	0.000012348797408409905
2.316853984390376	0.000012349493430593415
2.359870582596722	0.00001235020778161803
2.403685862003402	0.000012350940996523488
2.4483146515761236	0.000012351693641319093
2.4937720556072507	0.00001235246625806092
2.5400734588277487	0.000012353259447423957
2.58723453161402	0.000012354073815262678
2.6352712352914485	0.000012354909989964127
2.684199827536379	0.000012355768616520463
2.734036867878414	0.000012356650360017854
2.7847992233048893	0.000012357555909958343
2.8365040739693463	0.000012358485977928826
2.889168919006056	0.000012359441294424645
2.942811582452477	0.000012360422619243554
2.997450219281658	0.000012361430732695983
3.053103321546663	0.000012362466441630742
3.1097897246390866	0.000012363530579431839
3.1675286136637317	0.00001236462400637492
3.226339529931697	0.000012365747610932059
3.28624237757397	0.000012366902310560999
3.347257430277847	0.00001236808905308052
3.4094053381484257	0.000012369308817164674
3.4727071346974645	0.000012370562613792922
3.537184243962034	0.00001237185148672223
3.602858487755338	0.000012373176515887383
3.669752093052127	0.000012374538803262388
3.73788769951127	0.000012375939524322606
3.807288367137994	0.000012377379856249201
3.8779775840883506	0.000012378861029503675
3.949979274618644	0.000012380384313870012
4.023317807182397	0.000012381951022138516
4.098018002677686	0.000012383562510490532
4.174105142847615	0.000012385220182292182
4.251604978836706	0.000012386925486359063
4.33054373990621	0.000012388679920869602
4.410948142311215	0.00001239048503454821
4.492845398342551	0.000012392342428401838
4.5762632255366045	0.00001239425375788151
4.661229856056133	0.0000123962207344035
4.747774046245206	0.000012398245127657032
4.835925086361614	0.00001240032876763378
4.925712810489924	0.000012402473433956276
5.017167606638611	0.000012404681309685096
5.1103204270246865	0.000012406954306243675
5.205202798549216	0.000012409294517441074
5.301846833467392	0.00001241170411058127
5.400285240256708	0.000012414185323636203
5.500551334686875	0.000012416740476195786
5.602679051095324	0.000012419371966215796
5.706702953872049	0.000012422082276626432
5.81265824915764	0.000012424873975067486
5.920580796758594	0.000012427749718772839
6.030507122283765	0.000012430712258501383
6.142474429506212	0.000012433764443126907
6.256520612954567	0.000012436909220845846
6.3726842707381275	0.000012440149635070573
6.491004717610127	0.000012443488853317248
6.611521998273551	0.000012446930142203298
6.734276900933936	0.000012450476888268881
6.859310971103867	0.000012454132599737275
6.986666525663777	0.000012457900907278508
7.116386667183745	0.000012461785569801395
7.248515298511277	0.00001246579048721241
7.383097137629926	0.000012469919697826109
7.520177732793725	0.000012474177378972655
7.659803477942708	0.00001247856786928353
7.802021628404593	0.000012483095654726745
7.946880316887981	0.0000124877653916927
8.094428569772575	0.000012492581904225555
8.24471632370175	0.000012497549990599144
8.397794442483285	0.000012502675230621321
8.553714734303858	0.000012507962804386912
8.712529969263125	0.000012513418282855445
8.874293897233386	0.000012519047643282938
9.039061266050885	0.000012524856483353118
9.206887840044741	0.000012530851218946114
9.377830418910076	0.000012537038300639477
9.551946856931384	0.000012543424421225175
9.729296082562925	0.000012550016526208265
9.909938118372676	0.000012556821826204521
10.093934101356464	0.000012563847792931908
10.28134630362938	0.000012571102551812098
10.472238153501362	0.000012578593233923511
10.666674256943976	0.000012586329041418183
10.86472041945588	0.00001259431843231421
11.066443668334259	0.000012602570443775186
11.27191227535964	0.000012611094464977007
11.481195779902087	0.000012619900252837833
11.694365012456215	0.000012628997948119203
11.911492118613292	0.000012638398090106488
12.132650583478439	0.000012648111643834766
12.35791525654105	0.000012658150004877455
12.587362377007114	0.000012668525028525106
12.821069599601849	0.000012679249060844458
13.059116020851317	0.00001269033491101821
13.301582205852107	0.000012701796157326207
13.548550215538055	0.000012713646076736232
13.800103634453084	0.000012725899776292085
14.056327599039887	0.000012738572124976236
14.317308826453665	0.00001275167900738481
14.583135643910952	0.000012765236265275863
14.85389801858337	0.000012779261486442905
15.12968758804629	0.000012793772281459886
15.410597691292946	0.000012808787198706011
15.696723400324391	0.000012824325554286462
15.988161552325847	0.000012840407603041767
16.285010782440587	0.00001285705439076322
16.58737155715234	0.000012874287896484009
16.895346208287357	0.000012892131184525482
17.20903896764797	0.000012910608107986895
17.528556002289015	0.000012929743778414976
17.85400545044934	0.000012949564537236017
18.185497458150472	0.000012970097758804283
18.52314421647463	0.000012991372138904725
18.86705999953506	0.000013013417706763239
19.217361203151313	0.000013036265950114938
19.574166384242492	0.0000130599497392758
19.937596300952016	0.000013084503648812335
20.30777395351742	0.000013109963819916236
20.68482462589875	0.000013136368223689051
21.068875928180166	0.000013163756709752245
21.460057839758594	0.000013192171071970754
21.85850275333425	0.00001322165522297616
22.264345519718145	0.000013252255308958675
22.677723493471216	0.000013284019847673157
23.098776579391064	0.000013316999878736022
23.52764727986178	0.000013351249123278809
23.964480743082728	0.000013386824160399462
24.40942481219296	0.000013423784606964447
24.86263007530774	0.000013462193337597928
25.32424991648385	0.00001350211667989756
25.7944405676315	0.000013543624666731995
26.27336116138972	0.000013586791288604207
26.761173784983733	0.000013631694772829577
27.258043535082294	0.000013678417885517433
27.764138573673307	0.0000137270482606285
28.2796301849771	0.000013777678754267972
28.804692833416453	0.00001383040782746344
29.33950422266263	0.000013885340043507866
29.884245355778	0.000013942586404685528
30.439100596475303	0.000014002264954748746
31.004257731514027	0.000014064501321501569
31.579908034255716	0.000014129429318188436
32.16624632939884	0.000014197191626370941
32.76347105891591	0.000014267940531849257
33.37178434921485	0.000014341838775717634
33.991392079546976	0.000014419060357729035
34.622503951685516	0.000014499791681528601
35.2653335608977	0.000014584232571693474
35.920098468234386	0.000014672597525347111
36.587020274162086	0.000014765117085914676
37.2663246935622	0.000014862039308268896
37.958241632122316	0.000014963631731363914
38.66300526414642	0.000015070183062423352
39.38085411180927	0.000015182004847985286
40.11203112588259	0.000015299434954767218
40.85678376796014	0.000015422839518408383
41.61536409420907	0.0000155526160412101
42.38802884067665	0.000015689197519668087
43.175039510180824	0.000015833055454307276
43.97666246081375	0.00001598470484051181
44.79316899608886	0.000016144709370238385
45.62483545676174	0.000016313687154931854
46.4719433143554	0.000016492317522979464
47.33477926642241	0.000016681348810358213
48.21363533357575	0.000016881607357827324
49.108808958320786	0.00001709400807679965
50.0206031057229	0.00001731956648888776
50.949326365943485	0.00001755941311227338
51.89529305868026	0.00001781481024002197
52.85882333954659	0.0000180871717158919
53.840243308425606	0.000018378086625316152
54.83988511983646	0.000018689346923202348
55.85808709534982	0.00001902298150753353
56.89519383809007	0.000019381296465577303
57.951556349363855	0.000019766924246016543
59.0275321474541	0.00002018288364056677
60.12348538861932	0.000020632653474840363
61.23978699033982	0.00002112026421586413
62.376814756851815	0.000021650409919515162
63.53495350701271	0.000022228595401372124
64.71459520454046	0.000022861314342222004
65.91613909067046	0.000023556284758322228
67.13999181927608	0.000024322751446879617
68.38656759449795	0.000025171883364736828
69.65628831092793	0.000026117301885020038
70.94958369639652	0.00002717579331441677
72.26689145741133	0.00002836828428644578
73.6086574272953	0.00002972120211450359
74.97533571707619	0.000031268408444103564
76.36738886917684	0.00003305400837256536
77.78528801395937	0.000035136536515948365
79.22951302917629	0.00003759537418723737
80.70055270238103	0.00004054091857478144
82.19890489635488	0.00004413133167582936
83.72507671760529	0.000048601428388112436
85.27958468799194	0.000054315328113997456
86.86295491954007	0.00006186930394597261
88.47572329249957	0.00007231068839088426
90.11843563670918	0.00008766108348784352
91.79164791632938	0.00011238299657211736
93.49592641800383	0.00015766146576012182
95.23184794251529	0.0002625716283132242
97.	0.0007249453603575176
97. 1