0.001	1.1140421926104988e-6
0.001174897554939529	1.1358143106863144e-6
0.0013803842646028853	1.1621220550484602e-6
0.0016218100973589297	1.1894117627129126e-6
0.0019054607179632482	1.21980331274633e-6
0.00223872113856834	1.2569691575638915e-6
0.0026302679918953813	1.2958262213807401e-6
0.003090295432513592	1.3390777098462388e-6
0.003630780547701014	1.386754843125838e-6
0.004265795188015926	1.438239134163174e-6
0.005011872336272725	1.499658502116424e-6
0.00588843655355589	1.566253590594831e-6
0.006918309709189363	1.6380282446666245e-6
0.008128305161640995	1.71480341146497e-6
0.009549925860214359	1.8046130220800275e-6
0.011220184543019636	1.9029462139966148e-6
0.013182567385564075	2.0140308368474977e-6
0.01548816618912482	2.1352760516965323e-6
0.018197008586099843	2.2731161337587046e-6
0.021379620895022326	2.4332862977510567e-6
0.025118864315095808	2.6177302127864856e-6
0.02951209226666387	2.8258602536351867e-6
0.034673685045253165	3.0774150275096093e-6
0.04073802778041128	3.3629972489847177e-6
0.04786300923226385	3.704758568679034e-6
0.05623413251903494	4.128265752113128e-6
0.06606934480075964	4.635119999299803e-6
0.07762471166286919	5.251321245633946e-6
0.09120108393559101	6.035559584787451e-6
0.10715193052376071	7.0937220342951745e-6
0.12589254117941676	8.352602600925116e-6
0.14791083881682088	0.00001011576773782397
0.17378008287493762	0.00001252670687633719
0.20417379446695297	0.000015944206252732506
0.23988329190194924	0.000020978682282815116
0.2818382931264455	0.00002866714476273861
0.33113112148259144	0.00004099748878771563
0.3890451449942809	0.00006194235996639126
0.4570881896148752	0.00009893661372400825
0.5370317963702532	0.00016869124906310768
0.6309573444801936	0.0003070308738037721
0.7413102413009177	0.0005964228962901026
0.8709635899560815	0.0012272310369170036
1.0232929922807548	0.0026747698698917537
1.2022644346174132	0.006169120902803091
1.4125375446227555	0.015296562265404694
1.6595869074375613	0.041457525839757405
1.9498445997580476	0.1288125587583498
2.290867652767775	0.5057058164592613
2.691534803926917	3.1714287463472197