1.000000000e-03 1
1.000000000e-03	2.417034570e-05
1.047370898e-03	2.418226881e-05
1.096985798e-03	2.419364754e-05
1.148951000e-03	2.420448441e-05
1.203377841e-03	2.421478200e-05
1.260382930e-03	2.422454293e-05
1.320088401e-03	2.423376988e-05
1.382622174e-03	2.424246553e-05
1.448118228e-03	2.425063263e-05
1.516716888e-03	2.425827397e-05
1.588565129e-03	2.426539236e-05
1.663816886e-03	2.427199066e-05
1.742633386e-03	2.427807177e-05
1.825183494e-03	2.428363862e-05
1.911644075e-03	2.428869418e-05
2.002200372e-03	2.429324144e-05
2.097046401e-03	2.429728346e-05
2.196385372e-03	2.430082329e-05
2.300430120e-03	2.430386404e-05
2.409403560e-03	2.430640885e-05
2.523539170e-03	2.430846089e-05
2.643081487e-03	2.431002336e-05
2.768286630e-03	2.431109949e-05
2.899422854e-03	2.431169254e-05
3.036771118e-03	2.431176234e-05
3.180625693e-03	2.431052552e-05
3.331294788e-03	2.430793208e-05
3.489101213e-03	2.430430122e-05
3.654383071e-03	2.429995210e-05
3.827494479e-03	2.429520377e-05
4.008806329e-03	2.429037505e-05
4.198707084e-03	2.428578449e-05
4.397603609e-03	2.428175045e-05
4.605922041e-03	2.427859107e-05
4.824108704e-03	2.427662442e-05
5.052631065e-03	2.427619115e-05
5.291978736e-03	2.427806909e-05
5.542664521e-03	2.428235406e-05
5.805225516e-03	2.428882468e-05
6.080224262e-03	2.429725994e-05
6.368249945e-03	2.430743905e-05
6.669919663e-03	2.431914125e-05
6.985879747e-03	2.433214567e-05
7.316807143e-03	2.434623119e-05
7.663410868e-03	2.436117635e-05
8.026433522e-03	2.437675924e-05
8.406652886e-03	2.439275746e-05
8.804883582e-03	2.440894803e-05
9.221978823e-03	2.442510741e-05
9.658832241e-03	2.444101146e-05
1.011637980e-02	2.445648210e-05
1.059560179e-02	2.447237439e-05
1.109752496e-02	2.448907056e-05
1.162322469e-02	2.450655242e-05
1.217382728e-02	2.452480182e-05
1.275051241e-02	2.454380062e-05
1.335451563e-02	2.456353068e-05
1.398713103e-02	2.458397387e-05
1.464971398e-02	2.460511205e-05
1.534368409e-02	2.462692708e-05
1.607052818e-02	2.464940080e-05
1.683180353e-02	2.467251504e-05
1.762914118e-02	2.469625159e-05
1.846424943e-02	2.472059223e-05
1.933891750e-02	2.474551869e-05
2.025501939e-02	2.477101268e-05
2.121451785e-02	2.479705586e-05
2.221946861e-02	2.482362982e-05
2.327202479e-02	2.485071614e-05
2.437444150e-02	2.487829631e-05
2.552908068e-02	2.490635179e-05
2.673841616e-02	2.493486395e-05
2.800503894e-02	2.496381411e-05
2.933166278e-02	2.499318352e-05
3.072112999e-02	2.502311481e-05
3.217641750e-02	2.505449525e-05
3.370064329e-02	2.508741837e-05
3.529707303e-02	2.512183106e-05
3.696912707e-02	2.515768016e-05
3.872038782e-02	2.519491242e-05
4.055460736e-02	2.523347450e-05
4.247571553e-02	2.527331287e-05
4.448782831e-02	2.531437388e-05
4.659525669e-02	2.535660363e-05
4.880251584e-02	2.539994801e-05
5.111433483e-02	2.544410125e-05
5.353566677e-02	2.548756456e-05
5.607169938e-02	2.553055213e-05
5.872786613e-02	2.557361326e-05
6.150985789e-02	2.561730096e-05
6.442363509e-02	2.566217208e-05
6.747544053e-02	2.570878743e-05
7.067181274e-02	2.575771215e-05
7.401959997e-02	2.580951614e-05
7.752597489e-02	2.586477464e-05
8.119844993e-02	2.592406887e-05
8.504489342e-02	2.598798695e-05
8.907354639e-02	2.605712476e-05
9.329304026e-02	2.613208711e-05
9.771241535e-02	2.621348892e-05
1.023411402e-01	2.630327406e-05
1.071891319e-01	2.640964618e-05
1.122667774e-01	2.653371433e-05
1.175849554e-01	2.667525952e-05
1.231550603e-01	2.683408807e-05
1.289890261e-01	2.701002937e-05
1.350993521e-01	2.720293383e-05
1.414991297e-01	2.741267087e-05
1.482020706e-01	2.763912700e-05
1.552225357e-01	2.788220390e-05
1.625755666e-01	2.814181665e-05
1.702769172e-01	2.841789187e-05
1.783430877e-01	2.871036596e-05
1.867913599e-01	2.901918338e-05
1.956398344e-01	2.934429487e-05
2.049074690e-01	2.968565575e-05
2.146141198e-01	3.004322416e-05
2.247805834e-01	3.041695933e-05
2.354286414e-01	3.080681981e-05
2.465811076e-01	3.121276172e-05
2.582618761e-01	3.163473698e-05
2.704959730e-01	3.207269145e-05
2.833096102e-01	3.252656314e-05
2.967302408e-01	3.299628031e-05
3.107866188e-01	3.352269118e-05
3.255088600e-01	3.419091169e-05
3.409285070e-01	3.498456111e-05
3.570785965e-01	3.588209606e-05
3.739937302e-01	3.686009814e-05
3.917101491e-01	3.789257859e-05
4.102658106e-01	3.895045234e-05
4.297004704e-01	4.000121712e-05
4.500557676e-01	4.100888328e-05
4.713753134e-01	4.193420361e-05
4.937047853e-01	4.273525085e-05
5.170920243e-01	4.339837771e-05
5.415871378e-01	4.398571393e-05
5.672426068e-01	4.451131303e-05
5.941133985e-01	4.498657640e-05
6.222570837e-01	4.542369153e-05
6.517339605e-01	4.583550496e-05
6.826071834e-01	4.623542922e-05
7.149428987e-01	4.663738739e-05
7.488103858e-01	4.705579842e-05
7.842822061e-01	4.750560580e-05
8.214343585e-01	4.800235259e-05
8.603464417e-01	4.856230583e-05
9.011018252e-01	4.920263472e-05
9.437878278e-01	4.994164786e-05
9.884959047e-01	5.079909718e-05
1.035321843e+00	5.187171034e-05
1.084365969e+00	5.335695514e-05
1.135733358e+00	5.527325181e-05
1.189534067e+00	5.763771057e-05
1.245883364e+00	6.047423440e-05
1.304901978e+00	6.381315376e-05
1.366716356e+00	6.769092254e-05
1.431458938e+00	7.214982360e-05
1.499268433e+00	7.723763236e-05
1.570290125e+00	8.300718602e-05
1.644676178e+00	8.951580304e-05
1.722585965e+00	9.682449410e-05
1.804186409e+00	1.049969023e-04
1.889652340e+00	1.140979086e-04
1.979166868e+00	1.241918369e-04
2.072921780e+00	1.353401983e-04
2.171117946e+00	1.475989198e-04
2.273965752e+00	1.610150179e-04
2.381685552e+00	1.756226989e-04
2.494508135e+00	1.914388988e-04
2.612675226e+00	2.084583176e-04
2.736439997e+00	2.266480524e-04
2.866067617e+00	2.459419990e-04
3.001835814e+00	2.662352930e-04
3.144035472e+00	2.876531719e-04
3.292971255e+00	3.106015913e-04
3.448962260e+00	3.354370434e-04
3.612342700e+00	3.626044001e-04
3.783462617e+00	3.926555038e-04
3.962688639e+00	4.262739045e-04
4.150404758e+00	4.643079402e-04
4.347013158e+00	5.078151435e-04
4.552935075e+00	5.581221079e-04
4.768611698e+00	6.169055996e-04
4.994505116e+00	6.863031225e-04
5.231099308e+00	7.690585483e-04
5.478901180e+00	8.681816088e-04
5.738441648e+00	9.871580279e-04
6.010276782e+00	1.130328920e-03
6.294988990e+00	1.303113337e-03
6.593188271e+00	1.512292743e-03
6.905513520e+00	1.766375411e-03
7.232633896e+00	2.076064066e-03
7.575250259e+00	2.454857159e-03
7.934096666e+00	2.919823314e-03
8.309941949e+00	3.492600583e-03
8.703591361e+00	4.200687870e-03
9.115888300e+00	5.079116554e-03
9.547716114e+00	6.172617367e-03
1.000000000e+01	7.538433018e-03
1.000000000e+01 1
