0.001    1
0.001	0.00004500773742091025
0.0026323619534266785	0.000045007821754036485
0.005039625685572009	0.000045008084434691606
0.008221791196435993	0.00004500868466639034
0.012178858486018632	0.00004500983293461468
0.01691082755431992	0.00004501179106588769
0.02241769840133986	0.000045014872338637957
0.028699471027078465	0.00004501944167029622
0.03575614543153571	0.00004502591590998115
0.04358772161471161	0.0000450347642711807
0.052194199576606176	0.00004504650894409104
0.06157557931721938	0.00004506172593283674
0.07173186083655124	0.000045081046168792345
0.08266304413460175	0.00004510515695781991
0.0943691292113709	0.00004513480382663376
0.10685011606685872	0.00004517079284195883
0.1201060047010652	0.000045213993485976255
0.13413679511399032	0.00004526534218313907
0.14894248730563409	0.00004532584658727456
0.1645230812759965	0.00004539659075456169
0.18087857702507762	0.00004547874134823005
0.1980089745528773	0.00004557355504559814
0.21591427385939574	0.00004568238734853063
0.23459447494463279	0.000045806703036037225
0.2540495778085885	0.00004594808854446448
0.2742795824512628	0.00004610826661900513
0.29528448887265585	0.00004628911365325321
0.31706429707276745	0.000046492680225437075
0.3396190070515978	0.000046721215456264214
0.3629486188091467	0.000046977195961313814
0.3870531323454144	0.00004726336036040182
0.41193254766040055	0.000047582750550543624
0.4375868647541055	0.00004793876126608253
0.4640160836265292	0.00004833519986405722
0.4912202042776713	0.00004877635881945153
0.519199226707532	0.00004926710414207632
0.5479531509161116	0.000049812983903341433
0.57748197690341	0.00005042036238609969
0.6077857046694267	0.00005109658718828379
0.6388643342141622	0.000051850199134123145
0.6707178655376165	0.00005269119839437818
0.7033462986397891	0.00005363138527509554
0.7367496335206805	0.000054464929974610794
0.7709278701802906	0.000054845098010725737
0.8058810086186196	0.000055258633364901946
0.8416090488356668	0.000055708405222107947
0.878111990831433	0.00005619760112732527
0.9153898346059175	0.00005672977591255443
0.953442580159121	0.000057308909932134314
0.9922702274910429	0.000057939478741847254
1.031872776601684	0.00005862653694087025
1.072250227491043	0.00005937581966566053
1.1134025801591214	0.000060193866250184707
1.155329834605918	0.00006108817194549778
1.198031990831433	0.00006206737546468609
1.2415090488356673	0.0000631414926925481
1.2857610086186197	0.00006432221047781867
1.3307878701802909	0.0000656232594669286
1.3765896335206806	0.0000670608921409084
1.423166298639789	0.00006865450266656962
1.4705178655376165	0.00007042744058851878
1.5186443342141625	0.00007240809354964537
1.5675457046694268	0.00007463134973392393
1.6172219769034102	0.00007714060638198741
1.667673150916112	0.0000799905801593878
1.7188992267075323	0.00008325132289006136
1.7709002042776718	0.00008557189806633355
1.8236760836265293	0.00008809641694295044
1.8772268647541057	0.0000909272988381804
1.9315525476604005	0.00009411989971655537
1.9866531323454142	0.000096808139773935
2.042528618809147	0.00009935484113517402
2.099179007051598	0.00010218161704747529
2.1566042970727675	0.00010533369953368666
2.214804488872656	0.00010886690019168126
2.273779582451263	0.00011285094970955409
2.3335295778085885	0.00011737420230740201
2.394054474944633	0.000122550409672509
2.455354273859396	0.00012852872093939462
2.5174289745528773	0.00013550887408710698
2.5802785770250782	0.0001437650548027228
2.643903081275997	0.00015368486471747743
2.7083024873056343	0.00016583601714134256
2.7734767951139903	0.00017918249678033367
2.839426004701065	0.00019228958945040694
2.906150116066859	0.00020848713898794088
2.973649129211371	0.0002290505740236311
3.0419230441346015	0.00025609807373582345
3.1109718608365515	0.0002835001051342236
3.1807955793172193	0.0003174947443951578
3.2513941995766062	0.0003646126362309457
3.3227677216147122	0.00043485614250268355
3.394916145431536	0.0005341356623780259
3.4678394710270783	0.0007176400133419274
3.54153769840134	0.0008922976255033966
3.6160108275543195	0.0011708933143875562
3.6912588584860186	0.001478832482263342
3.767281791196436	0.0020736589959696474
3.8440796256855716	0.004023141880094282
3.921652361953427	1
