1.000000000e-03	3.047594500e-06
1.055256269e-03	3.047594500e-06
1.113565792e-03	3.047594500e-06
1.175097283e-03	3.047594500e-06
1.240028774e-03	3.047594500e-06
1.308548136e-03	3.047594500e-06
1.380853624e-03	3.047594500e-06
1.457154442e-03	3.047594500e-06
1.537671359e-03	3.047594500e-06
1.622637341e-03	3.047594500e-06
1.712298225e-03	3.047594500e-06
1.806913436e-03	3.047594500e-06
1.906756730e-03	3.047594500e-06
2.012116992e-03	3.047594500e-06
2.123299069e-03	3.047594500e-06
2.240624652e-03	3.047594500e-06
2.364433209e-03	3.047594500e-06
2.495082966e-03	3.047594500e-06
2.632951940e-03	3.047594500e-06
2.778439039e-03	3.047594500e-06
2.931965213e-03	3.047594500e-06
3.093974670e-03	3.047594500e-06
3.264936165e-03	3.047594500e-06
3.445344354e-03	3.047594500e-06
3.635721227e-03	3.047594500e-06
3.836617615e-03	3.047594500e-06
4.048614789e-03	3.047594500e-06
4.272326134e-03	3.047594500e-06
4.508398934e-03	3.047594500e-06
4.757516236e-03	3.047594500e-06
5.020398831e-03	3.047594500e-06
5.297807337e-03	3.047594500e-06
5.590544402e-03	3.047594500e-06
5.899457024e-03	3.047594500e-06
6.225439005e-03	3.047594500e-06
6.569433535e-03	3.047594500e-06
6.932435918e-03	3.047594500e-06
7.315496458e-03	3.047594500e-06
7.719723495e-03	3.047594500e-06
8.146286609e-03	3.047594500e-06
8.596420009e-03	3.047594500e-06
9.071426102e-03	3.047594500e-06
9.572679258e-03	3.047594500e-06
1.010162979e-02	3.047594500e-06
1.065980816e-02	3.047594500e-06
1.124882938e-02	3.047594500e-06
1.187039772e-02	3.047594500e-06
1.252631160e-02	3.047594500e-06
1.321846884e-02	3.047594500e-06
1.394887210e-02	3.047594500e-06
1.471963473e-02	3.047594500e-06
1.553298682e-02	3.047594500e-06
1.639128171e-02	3.047594500e-06
1.729700277e-02	3.047594500e-06
1.825277060e-02	3.047594500e-06
1.926135059e-02	3.047594500e-06
2.032566095e-02	3.047594500e-06
2.144878113e-02	3.047594500e-06
2.263396074e-02	3.047594500e-06
2.388462895e-02	3.047594500e-06
2.520440442e-02	3.047594500e-06
2.659710576e-02	3.047594500e-06
2.806676258e-02	3.047594500e-06
2.961762715e-02	3.047594500e-06
3.125418671e-02	3.047594500e-06
3.298117644e-02	3.047594500e-06
3.480359318e-02	3.047594500e-06
3.672670987e-02	3.047594500e-06
3.875609081e-02	3.047594500e-06
4.089760777e-02	3.047594500e-06
4.315745697e-02	3.047594500e-06
4.554217700e-02	3.047594500e-06
4.805866776e-02	3.047594500e-06
5.071421041e-02	3.047594500e-06
5.351648843e-02	3.047594500e-06
5.647360989e-02	3.047594500e-06
5.959413084e-02	3.047594500e-06
6.288708013e-02	3.047594500e-06
6.636198552e-02	3.047594500e-06
7.002890121e-02	3.047594500e-06
7.389843698e-02	3.047594500e-06
7.798178885e-02	3.047594500e-06
8.229077152e-02	3.047594500e-06
8.683785248e-02	3.047594500e-06
9.163618818e-02	3.047594500e-06
9.669966199e-02	3.047594500e-06
1.020429245e-01	3.047594500e-06
1.076814357e-01	3.047594500e-06
1.136315100e-01	3.047594500e-06
1.199103633e-01	3.047594500e-06
1.265361625e-01	3.047594500e-06
1.335280787e-01	3.047594500e-06
1.409063420e-01	3.047594500e-06
1.486923007e-01	3.047594500e-06
1.569084824e-01	3.047594500e-06
1.655786596e-01	3.047594500e-06
1.747279185e-01	3.047594500e-06
1.843827313e-01	3.047594500e-06
1.945710330e-01	3.047594500e-06
2.053223022e-01	3.047594500e-06
2.166676465e-01	3.047594500e-06
2.286398922e-01	3.047594500e-06
2.412736794e-01	3.047594500e-06
2.546055626e-01	3.047594500e-06
2.686741160e-01	3.047594500e-06
2.835200451e-01	3.047594500e-06
2.991863048e-01	3.047594500e-06
3.157182236e-01	3.047594500e-06
3.331636345e-01	3.047594500e-06
3.515730138e-01	3.047594500e-06
3.709996266e-01	3.047594500e-06
3.914996816e-01	3.047594500e-06
4.131324931e-01	3.047594500e-06
4.359606531e-01	3.047594500e-06
4.600502120e-01	3.047594500e-06
4.854708700e-01	3.047594500e-06
5.122961788e-01	3.047594500e-06
5.406037540e-01	3.047594500e-06
5.704755002e-01	3.047594500e-06
6.019978476e-01	3.047594500e-06
6.352620023e-01	3.047594500e-06
6.703642101e-01	3.047594500e-06
7.074060348e-01	3.047594500e-06
7.464946526e-01	3.047594500e-06
7.877431616e-01	3.047594500e-06
8.312709093e-01	3.047594500e-06
8.772038378e-01	3.047594500e-06
9.256748486e-01	3.047594500e-06
9.768241866e-01	3.047594500e-06
1.030799846e+00	3.047594500e-06
1.087757999e+00	3.047594500e-06
1.147863447e+00	3.047594500e-06
1.211290098e+00	3.047594500e-06
1.278221469e+00	3.047594500e-06
1.348851218e+00	3.047594500e-06
1.423383703e+00	3.047594500e-06
1.502034575e+00	3.047594500e-06
1.585031401e+00	3.047594500e-06
1.672614321e+00	3.047594500e-06
1.765036747e+00	3.047594500e-06
1.862566092e+00	3.047594500e-06
1.965484544e+00	3.047594500e-06
2.074089886e+00	3.047594500e-06
2.188696353e+00	3.047594500e-06
2.309635547e+00	3.047594500e-06
2.437257388e+00	3.047594500e-06
2.571931137e+00	3.047594500e-06
2.714046455e+00	3.047594500e-06
2.864014534e+00	3.047594500e-06
3.022269290e+00	3.047594500e-06
3.189268614e+00	3.047594500e-06
3.365495697e+00	3.047594500e-06
3.551460430e+00	3.047594500e-06
3.747700882e+00	3.047594500e-06
3.954784848e+00	3.047594500e-06
4.173311501e+00	3.047594500e-06
4.403913122e+00	3.047594500e-06
4.647256928e+00	3.047594500e-06
4.904047005e+00	3.047594500e-06
5.175026343e+00	3.047594500e-06
5.460978988e+00	3.047594500e-06
5.762732309e+00	3.047594500e-06
6.081159393e+00	3.047594500e-06
6.417181569e+00	3.048707159e-06
6.771771077e+00	3.057820781e-06
7.145953878e+00	3.074332051e-06
7.540812624e+00	3.096087627e-06
7.957489791e+00	3.120906365e-06
8.397190983e+00	3.146549417e-06
8.861188423e+00	3.170706153e-06
9.350824630e+00	3.193714699e-06
9.867516306e+00	3.218894925e-06
1.041275844e+01	3.245291502e-06
1.098812861e+01	3.271817109e-06
1.159529160e+01	3.297348756e-06
1.223600414e+01	3.320546145e-06
1.291212007e+01	3.340832711e-06
1.362559565e+01	3.359845034e-06
1.437849522e+01	3.379397459e-06
1.517299721e+01	3.401347537e-06
1.601140042e+01	3.427604103e-06
1.689613066e+01	3.461117898e-06
1.782974779e+01	3.507986990e-06
1.881495312e+01	3.564684440e-06
1.985459723e+01	3.627089618e-06
2.095168818e+01	3.697715076e-06
2.210940029e+01	3.779394200e-06
2.333108325e+01	3.874991427e-06
2.462027185e+01	3.988569408e-06
2.598069620e+01	4.127562266e-06
2.741629253e+01	4.300701251e-06
2.893121455e+01	4.523927340e-06
3.052984551e+01	4.835100953e-06
3.221681085e+01	5.242191284e-06
3.399699160e+01	5.760442410e-06
3.587553849e+01	6.481975570e-06
3.785788688e+01	7.585160248e-06
3.994977244e+01	9.638027588e-06
4.215724780e+01	1.394309831e-05
4.448670000e+01	3.374479487e-05
