1.0000e-08	1.2503e-08
1.0044e-08	1.2503e-08
1.0088e-08	1.2502e-08
1.0132e-08	1.2502e-08
1.0177e-08	1.2502e-08
1.0221e-08	1.2502e-08
1.0266e-08	1.2502e-08
1.0311e-08	1.2502e-08
1.0356e-08	1.2502e-08
1.0402e-08	1.2502e-08
1.0447e-08	1.2502e-08
1.0493e-08	1.2502e-08
1.0539e-08	1.2502e-08
1.0586e-08	1.2502e-08
1.0632e-08	1.2502e-08
1.0679e-08	1.2502e-08
1.0725e-08	1.2502e-08
1.0773e-08	1.2502e-08
1.0820e-08	1.2502e-08
1.0867e-08	1.2502e-08
1.0915e-08	1.2501e-08
1.0963e-08	1.2501e-08
1.1011e-08	1.2501e-08
1.1059e-08	1.2501e-08
1.1108e-08	1.2501e-08
1.1156e-08	1.2501e-08
1.1205e-08	1.2501e-08
1.1255e-08	1.2501e-08
1.1304e-08	1.2501e-08
1.1353e-08	1.2501e-08
1.1403e-08	1.2501e-08
1.1453e-08	1.2501e-08
1.1504e-08	1.2501e-08
1.1554e-08	1.2501e-08
1.1605e-08	1.2501e-08
1.1656e-08	1.2501e-08
1.1707e-08	1.2501e-08
1.1758e-08	1.2501e-08
1.1810e-08	1.2501e-08
1.1861e-08	1.2500e-08
1.1914e-08	1.2500e-08
1.1966e-08	1.2500e-08
1.2018e-08	1.2500e-08
1.2071e-08	1.2500e-08
1.2124e-08	1.2500e-08
1.2177e-08	1.2500e-08
1.2231e-08	1.2500e-08
1.2284e-08	1.2500e-08
1.2338e-08	1.2500e-08
1.2392e-08	1.2500e-08
1.2447e-08	1.2500e-08
1.2501e-08	1.2500e-08
1.2556e-08	1.2500e-08
1.2611e-08	1.2500e-08
1.2666e-08	1.2500e-08
1.2722e-08	1.2500e-08
1.2778e-08	1.2500e-08
1.2834e-08	1.2499e-08
1.2890e-08	1.2499e-08
1.2947e-08	1.2499e-08
1.3003e-08	1.2499e-08
1.3061e-08	1.2499e-08
1.3118e-08	1.2499e-08
1.3175e-08	1.2499e-08
1.3233e-08	1.2499e-08
1.3291e-08	1.2499e-08
1.3350e-08	1.2499e-08
1.3408e-08	1.2499e-08
1.3467e-08	1.2499e-08
1.3526e-08	1.2499e-08
1.3585e-08	1.2499e-08
1.3645e-08	1.2499e-08
1.3705e-08	1.2499e-08
1.3765e-08	1.2499e-08
1.3825e-08	1.2499e-08
1.3886e-08	1.2498e-08
1.3947e-08	1.2498e-08
1.4008e-08	1.2498e-08
1.4069e-08	1.2498e-08
1.4131e-08	1.2498e-08
1.4193e-08	1.2498e-08
1.4255e-08	1.2498e-08
1.4318e-08	1.2498e-08
1.4381e-08	1.2498e-08
1.4444e-08	1.2498e-08
1.4507e-08	1.2498e-08
1.4571e-08	1.2498e-08
1.4635e-08	1.2498e-08
1.4699e-08	1.2498e-08
1.4763e-08	1.2498e-08
1.4828e-08	1.2498e-08
1.4893e-08	1.2498e-08
1.4959e-08	1.2498e-08
1.5024e-08	1.2498e-08
1.5090e-08	1.2497e-08
1.5156e-08	1.2497e-08
1.5223e-08	1.2497e-08
1.5290e-08	1.2497e-08
1.5357e-08	1.2497e-08
1.5424e-08	1.2497e-08
1.5492e-08	1.2497e-08
1.5560e-08	1.2497e-08
1.5628e-08	1.2497e-08
1.5696e-08	1.2497e-08
1.5765e-08	1.2497e-08
1.5834e-08	1.2497e-08
1.5904e-08	1.2497e-08
1.5974e-08	1.2497e-08
1.6044e-08	1.2497e-08
1.6114e-08	1.2497e-08
1.6185e-08	1.2497e-08
1.6256e-08	1.2497e-08
1.6327e-08	1.2496e-08
1.6399e-08	1.2496e-08
1.6471e-08	1.2496e-08
1.6543e-08	1.2496e-08
1.6616e-08	1.2496e-08
1.6688e-08	1.2496e-08
1.6762e-08	1.2496e-08
1.6835e-08	1.2496e-08
1.6909e-08	1.2496e-08
1.6983e-08	1.2496e-08
1.7058e-08	1.2496e-08
1.7133e-08	1.2496e-08
1.7208e-08	1.2496e-08
1.7283e-08	1.2496e-08
1.7359e-08	1.2496e-08
1.7435e-08	1.2496e-08
1.7512e-08	1.2496e-08
1.7588e-08	1.2496e-08
1.7666e-08	1.2495e-08
1.7743e-08	1.2495e-08
1.7821e-08	1.2495e-08
1.7899e-08	1.2495e-08
1.7978e-08	1.2495e-08
1.8057e-08	1.2495e-08
1.8136e-08	1.2495e-08
1.8215e-08	1.2495e-08
1.8295e-08	1.2495e-08
1.8375e-08	1.2495e-08
1.8456e-08	1.2495e-08
1.8537e-08	1.2495e-08
1.8618e-08	1.2495e-08
1.8700e-08	1.2495e-08
1.8782e-08	1.2495e-08
1.8864e-08	1.2495e-08
1.8947e-08	1.2495e-08
1.9030e-08	1.2495e-08
1.9114e-08	1.2494e-08
1.9198e-08	1.2494e-08
1.9282e-08	1.2494e-08
1.9366e-08	1.2494e-08
1.9451e-08	1.2494e-08
1.9537e-08	1.2494e-08
1.9622e-08	1.2494e-08
1.9708e-08	1.2494e-08
1.9795e-08	1.2494e-08
1.9882e-08	1.2494e-08
1.9969e-08	1.2494e-08
2.0057e-08	1.2494e-08
2.0145e-08	1.2494e-08
2.0233e-08	1.2494e-08
2.0322e-08	1.2494e-08
2.0411e-08	1.2494e-08
2.0500e-08	1.2494e-08
2.0590e-08	1.2494e-08
2.0681e-08	1.2494e-08
2.0771e-08	1.2493e-08
2.0863e-08	1.2493e-08
2.0954e-08	1.2493e-08
2.1046e-08	1.2493e-08
2.1138e-08	1.2493e-08
2.1231e-08	1.2493e-08
2.1324e-08	1.2493e-08
2.1418e-08	1.2493e-08
2.1512e-08	1.2493e-08
2.1606e-08	1.2493e-08
2.1701e-08	1.2493e-08
2.1796e-08	1.2493e-08
2.1892e-08	1.2493e-08
2.1988e-08	1.2493e-08
2.2084e-08	1.2493e-08
2.2181e-08	1.2493e-08
2.2278e-08	1.2493e-08
2.2376e-08	1.2493e-08
2.2474e-08	1.2492e-08
2.2573e-08	1.2492e-08
2.2672e-08	1.2492e-08
2.2771e-08	1.2492e-08
2.2871e-08	1.2492e-08
2.2971e-08	1.2492e-08
2.3072e-08	1.2492e-08
2.3173e-08	1.2492e-08
2.3275e-08	1.2492e-08
2.3377e-08	1.2492e-08
2.3480e-08	1.2492e-08
2.3583e-08	1.2492e-08
2.3686e-08	1.2492e-08
2.3790e-08	1.2492e-08
2.3894e-08	1.2492e-08
2.3999e-08	1.2492e-08
2.4105e-08	1.2492e-08
2.4210e-08	1.2492e-08
2.4316e-08	1.2491e-08
2.4423e-08	1.2491e-08
2.4530e-08	1.2491e-08
2.4638e-08	1.2491e-08
2.4746e-08	1.2491e-08
2.4855e-08	1.2491e-08
2.4964e-08	1.2491e-08
2.5073e-08	1.2491e-08
2.5183e-08	1.2491e-08
2.5294e-08	1.2491e-08
2.5405e-08	1.2491e-08
2.5516e-08	1.2491e-08
2.5628e-08	1.2491e-08
2.5740e-08	1.2491e-08
2.5853e-08	1.2491e-08
2.5967e-08	1.2491e-08
2.6081e-08	1.2491e-08
2.6195e-08	1.2491e-08
2.6310e-08	1.2491e-08
2.6425e-08	1.2490e-08
2.6541e-08	1.2490e-08
2.6658e-08	1.2490e-08
2.6775e-08	1.2490e-08
2.6892e-08	1.2490e-08
2.7010e-08	1.2490e-08
2.7128e-08	1.2490e-08
2.7248e-08	1.2490e-08
2.7367e-08	1.2490e-08
2.7487e-08	1.2490e-08
2.7608e-08	1.2490e-08
2.7729e-08	1.2490e-08
2.7850e-08	1.2490e-08
2.7973e-08	1.2490e-08
2.8095e-08	1.2490e-08
2.8219e-08	1.2490e-08
2.8342e-08	1.2490e-08
2.8467e-08	1.2490e-08
2.8592e-08	1.2489e-08
2.8717e-08	1.2489e-08
2.8843e-08	1.2489e-08
2.8969e-08	1.2489e-08
2.9097e-08	1.2489e-08
2.9224e-08	1.2489e-08
2.9352e-08	1.2489e-08
2.9481e-08	1.2489e-08
2.9610e-08	1.2489e-08
2.9740e-08	1.2489e-08
2.9871e-08	1.2489e-08
3.0002e-08	1.2489e-08
3.0133e-08	1.2489e-08
3.0266e-08	1.2489e-08
3.0398e-08	1.2489e-08
3.0532e-08	1.2489e-08
3.0666e-08	1.2489e-08
3.0800e-08	1.2489e-08
3.0935e-08	1.2488e-08
3.1071e-08	1.2488e-08
3.1207e-08	1.2488e-08
3.1344e-08	1.2488e-08
3.1482e-08	1.2488e-08
3.1620e-08	1.2488e-08
3.1759e-08	1.2488e-08
3.1898e-08	1.2488e-08
3.2038e-08	1.2488e-08
3.2178e-08	1.2488e-08
3.2320e-08	1.2488e-08
3.2461e-08	1.2488e-08
3.2604e-08	1.2488e-08
3.2747e-08	1.2488e-08
3.2890e-08	1.2488e-08
3.3035e-08	1.2488e-08
3.3180e-08	1.2488e-08
3.3325e-08	1.2488e-08
3.3471e-08	1.2487e-08
3.3618e-08	1.2487e-08
3.3766e-08	1.2487e-08
3.3914e-08	1.2487e-08
3.4063e-08	1.2487e-08
3.4212e-08	1.2487e-08
3.4362e-08	1.2487e-08
3.4513e-08	1.2487e-08
3.4664e-08	1.2487e-08
3.4816e-08	1.2487e-08
3.4969e-08	1.2487e-08
3.5122e-08	1.2487e-08
3.5276e-08	1.2487e-08
3.5431e-08	1.2487e-08
3.5587e-08	1.2487e-08
3.5743e-08	1.2487e-08
3.5900e-08	1.2487e-08
3.6057e-08	1.2487e-08
3.6215e-08	1.2487e-08
3.6374e-08	1.2486e-08
3.6534e-08	1.2486e-08
3.6694e-08	1.2486e-08
3.6855e-08	1.2486e-08
3.7017e-08	1.2486e-08
3.7179e-08	1.2486e-08
3.7342e-08	1.2486e-08
3.7506e-08	1.2486e-08
3.7670e-08	1.2486e-08
3.7836e-08	1.2486e-08
3.8002e-08	1.2486e-08
3.8168e-08	1.2486e-08
3.8336e-08	1.2486e-08
3.8504e-08	1.2486e-08
3.8673e-08	1.2486e-08
3.8842e-08	1.2486e-08
3.9013e-08	1.2486e-08
3.9184e-08	1.2486e-08
3.9356e-08	1.2485e-08
3.9529e-08	1.2485e-08
3.9702e-08	1.2485e-08
3.9876e-08	1.2485e-08
4.0051e-08	1.2485e-08
4.0227e-08	1.2485e-08
4.0403e-08	1.2485e-08
4.0580e-08	1.2485e-08
4.0758e-08	1.2485e-08
4.0937e-08	1.2485e-08
4.1117e-08	1.2485e-08
4.1297e-08	1.2485e-08
4.1478e-08	1.2485e-08
4.1660e-08	1.2485e-08
4.1843e-08	1.2485e-08
4.2027e-08	1.2485e-08
4.2211e-08	1.2485e-08
4.2396e-08	1.2485e-08
4.2582e-08	1.2484e-08
4.2769e-08	1.2484e-08
4.2957e-08	1.2484e-08
4.3145e-08	1.2484e-08
4.3334e-08	1.2484e-08
4.3524e-08	1.2484e-08
4.3715e-08	1.2484e-08
4.3907e-08	1.2484e-08
4.4100e-08	1.2484e-08
4.4293e-08	1.2484e-08
4.4487e-08	1.2484e-08
4.4683e-08	1.2484e-08
4.4879e-08	1.2484e-08
4.5076e-08	1.2484e-08
4.5273e-08	1.2484e-08
4.5472e-08	1.2484e-08
4.5671e-08	1.2484e-08
4.5872e-08	1.2484e-08
4.6073e-08	1.2484e-08
4.6275e-08	1.2483e-08
4.6478e-08	1.2483e-08
4.6682e-08	1.2483e-08
4.6887e-08	1.2483e-08
4.7092e-08	1.2483e-08
4.7299e-08	1.2483e-08
4.7506e-08	1.2483e-08
4.7715e-08	1.2483e-08
4.7924e-08	1.2483e-08
4.8134e-08	1.2483e-08
4.8346e-08	1.2483e-08
4.8558e-08	1.2483e-08
4.8771e-08	1.2483e-08
4.8985e-08	1.2483e-08
4.9199e-08	1.2483e-08
4.9415e-08	1.2483e-08
4.9632e-08	1.2483e-08
4.9850e-08	1.2483e-08
5.0068e-08	1.2482e-08
5.0288e-08	1.2482e-08
5.0509e-08	1.2482e-08
5.0730e-08	1.2482e-08
5.0953e-08	1.2482e-08
5.1176e-08	1.2482e-08
5.1401e-08	1.2482e-08
5.1626e-08	1.2482e-08
5.1853e-08	1.2482e-08
5.2080e-08	1.2482e-08
5.2309e-08	1.2482e-08
5.2538e-08	1.2482e-08
5.2769e-08	1.2482e-08
5.3000e-08	1.2482e-08
5.3233e-08	1.2482e-08
5.3466e-08	1.2482e-08
5.3701e-08	1.2482e-08
5.3936e-08	1.2482e-08
5.4173e-08	1.2481e-08
5.4411e-08	1.2481e-08
5.4649e-08	1.2481e-08
5.4889e-08	1.2481e-08
5.5130e-08	1.2481e-08
5.5372e-08	1.2481e-08
5.5615e-08	1.2481e-08
5.5858e-08	1.2481e-08
5.6104e-08	1.2481e-08
5.6350e-08	1.2481e-08
5.6597e-08	1.2481e-08
5.6845e-08	1.2481e-08
5.7094e-08	1.2481e-08
5.7345e-08	1.2481e-08
5.7597e-08	1.2481e-08
5.7849e-08	1.2481e-08
5.8103e-08	1.2481e-08
5.8358e-08	1.2481e-08
5.8614e-08	1.2481e-08
5.8871e-08	1.2480e-08
5.9129e-08	1.2480e-08
5.9389e-08	1.2480e-08
5.9649e-08	1.2480e-08
5.9911e-08	1.2480e-08
6.0174e-08	1.2480e-08
6.0438e-08	1.2480e-08
6.0703e-08	1.2480e-08
6.0969e-08	1.2480e-08
6.1236e-08	1.2480e-08
6.1505e-08	1.2480e-08
6.1775e-08	1.2480e-08
6.2046e-08	1.2480e-08
6.2318e-08	1.2480e-08
6.2591e-08	1.2480e-08
6.2866e-08	1.2480e-08
6.3142e-08	1.2480e-08
6.3419e-08	1.2480e-08
6.3697e-08	1.2479e-08
6.3976e-08	1.2479e-08
6.4257e-08	1.2479e-08
6.4539e-08	1.2479e-08
6.4822e-08	1.2479e-08
6.5106e-08	1.2479e-08
6.5392e-08	1.2479e-08
6.5679e-08	1.2479e-08
6.5967e-08	1.2479e-08
6.6256e-08	1.2479e-08
6.6547e-08	1.2479e-08
6.6839e-08	1.2479e-08
6.7132e-08	1.2479e-08
6.7427e-08	1.2479e-08
6.7722e-08	1.2479e-08
6.8020e-08	1.2479e-08
6.8318e-08	1.2479e-08
6.8618e-08	1.2479e-08
6.8919e-08	1.2478e-08
6.9221e-08	1.2478e-08
6.9525e-08	1.2478e-08
6.9830e-08	1.2478e-08
7.0136e-08	1.2478e-08
7.0444e-08	1.2478e-08
7.0753e-08	1.2478e-08
7.1063e-08	1.2478e-08
7.1375e-08	1.2478e-08
7.1688e-08	1.2478e-08
7.2002e-08	1.2478e-08
7.2318e-08	1.2478e-08
7.2635e-08	1.2478e-08
7.2954e-08	1.2478e-08
7.3274e-08	1.2478e-08
7.3596e-08	1.2478e-08
7.3918e-08	1.2478e-08
7.4243e-08	1.2478e-08
7.4568e-08	1.2477e-08
7.4895e-08	1.2477e-08
7.5224e-08	1.2477e-08
7.5554e-08	1.2477e-08
7.5885e-08	1.2477e-08
7.6218e-08	1.2477e-08
7.6553e-08	1.2477e-08
7.6889e-08	1.2477e-08
7.7226e-08	1.2477e-08
7.7565e-08	1.2477e-08
7.7905e-08	1.2477e-08
7.8247e-08	1.2477e-08
7.8590e-08	1.2477e-08
7.8935e-08	1.2477e-08
7.9281e-08	1.2477e-08
7.9629e-08	1.2477e-08
7.9978e-08	1.2477e-08
8.0329e-08	1.2477e-08
8.0681e-08	1.2477e-08
8.1035e-08	1.2476e-08
8.1391e-08	1.2476e-08
8.1748e-08	1.2476e-08
8.2106e-08	1.2476e-08
8.2466e-08	1.2476e-08
8.2828e-08	1.2476e-08
8.3192e-08	1.2476e-08
8.3557e-08	1.2476e-08
8.3923e-08	1.2476e-08
8.4291e-08	1.2476e-08
8.4661e-08	1.2476e-08
8.5032e-08	1.2476e-08
8.5405e-08	1.2476e-08
8.5780e-08	1.2476e-08
8.6156e-08	1.2476e-08
8.6534e-08	1.2476e-08
8.6914e-08	1.2476e-08
8.7295e-08	1.2476e-08
8.7678e-08	1.2475e-08
8.8063e-08	1.2475e-08
8.8449e-08	1.2475e-08
8.8837e-08	1.2475e-08
8.9227e-08	1.2475e-08
8.9618e-08	1.2475e-08
9.0011e-08	1.2475e-08
9.0406e-08	1.2475e-08
9.0803e-08	1.2475e-08
9.1201e-08	1.2475e-08
9.1601e-08	1.2475e-08
9.2003e-08	1.2475e-08
9.2407e-08	1.2475e-08
9.2812e-08	1.2475e-08
9.3219e-08	1.2475e-08
9.3628e-08	1.2475e-08
9.4039e-08	1.2475e-08
9.4451e-08	1.2475e-08
9.4866e-08	1.2474e-08
9.5282e-08	1.2474e-08
9.5700e-08	1.2474e-08
9.6120e-08	1.2474e-08
9.6541e-08	1.2474e-08
9.6965e-08	1.2474e-08
9.7390e-08	1.2474e-08
9.7817e-08	1.2474e-08
9.8246e-08	1.2474e-08
9.8677e-08	1.2474e-08
9.9110e-08	1.2474e-08
9.9545e-08	1.2474e-08
9.9982e-08	1.2474e-08
1.0042e-07	1.2474e-08
1.0086e-07	1.2474e-08
1.0130e-07	1.2474e-08
1.0175e-07	1.2474e-08
1.0219e-07	1.2474e-08
1.0264e-07	1.2474e-08
1.0309e-07	1.2473e-08
1.0354e-07	1.2473e-08
1.0400e-07	1.2473e-08
1.0446e-07	1.2473e-08
1.0491e-07	1.2473e-08
1.0537e-07	1.2473e-08
1.0584e-07	1.2473e-08
1.0630e-07	1.2473e-08
1.0677e-07	1.2473e-08
1.0724e-07	1.2473e-08
1.0771e-07	1.2473e-08
1.0818e-07	1.2473e-08
1.0865e-07	1.2473e-08
1.0913e-07	1.2473e-08
1.0961e-07	1.2473e-08
1.1009e-07	1.2473e-08
1.1057e-07	1.2473e-08
1.1106e-07	1.2473e-08
1.1154e-07	1.2472e-08
1.1203e-07	1.2472e-08
1.1252e-07	1.2472e-08
1.1302e-07	1.2472e-08
1.1351e-07	1.2472e-08
1.1401e-07	1.2472e-08
1.1451e-07	1.2472e-08
1.1501e-07	1.2472e-08
1.1552e-07	1.2472e-08
1.1603e-07	1.2472e-08
1.1653e-07	1.2472e-08
1.1705e-07	1.2472e-08
1.1756e-07	1.2472e-08
1.1808e-07	1.2472e-08
1.1859e-07	1.2472e-08
1.1911e-07	1.2472e-08
1.1964e-07	1.2472e-08
1.2016e-07	1.2472e-08
1.2069e-07	1.2471e-08
1.2122e-07	1.2471e-08
1.2175e-07	1.2471e-08
1.2228e-07	1.2471e-08
1.2282e-07	1.2471e-08
1.2336e-07	1.2471e-08
1.2390e-07	1.2471e-08
1.2444e-07	1.2471e-08
1.2499e-07	1.2471e-08
1.2554e-07	1.2471e-08
1.2609e-07	1.2471e-08
1.2664e-07	1.2471e-08
1.2720e-07	1.2471e-08
1.2775e-07	1.2471e-08
1.2831e-07	1.2471e-08
1.2888e-07	1.2471e-08
1.2944e-07	1.2471e-08
1.3001e-07	1.2471e-08
1.3058e-07	1.2471e-08
1.3115e-07	1.2470e-08
1.3173e-07	1.2470e-08
1.3231e-07	1.2470e-08
1.3289e-07	1.2470e-08
1.3347e-07	1.2470e-08
1.3406e-07	1.2470e-08
1.3464e-07	1.2470e-08
1.3524e-07	1.2470e-08
1.3583e-07	1.2470e-08
1.3642e-07	1.2470e-08
1.3702e-07	1.2470e-08
1.3762e-07	1.2470e-08
1.3823e-07	1.2470e-08
1.3883e-07	1.2470e-08
1.3944e-07	1.2470e-08
1.4005e-07	1.2470e-08
1.4067e-07	1.2470e-08
1.4129e-07	1.2470e-08
1.4191e-07	1.2469e-08
1.4253e-07	1.2469e-08
1.4315e-07	1.2469e-08
1.4378e-07	1.2469e-08
1.4441e-07	1.2469e-08
1.4505e-07	1.2469e-08
1.4568e-07	1.2469e-08
1.4632e-07	1.2469e-08
1.4696e-07	1.2469e-08
1.4761e-07	1.2469e-08
1.4826e-07	1.2469e-08
1.4891e-07	1.2469e-08
1.4956e-07	1.2469e-08
1.5021e-07	1.2469e-08
1.5087e-07	1.2469e-08
1.5154e-07	1.2469e-08
1.5220e-07	1.2469e-08
1.5287e-07	1.2469e-08
1.5354e-07	1.2468e-08
1.5421e-07	1.2468e-08
1.5489e-07	1.2468e-08
1.5557e-07	1.2468e-08
1.5625e-07	1.2468e-08
1.5694e-07	1.2468e-08
1.5762e-07	1.2468e-08
1.5832e-07	1.2468e-08
1.5901e-07	1.2468e-08
1.5971e-07	1.2468e-08
1.6041e-07	1.2468e-08
1.6111e-07	1.2468e-08
1.6182e-07	1.2468e-08
1.6253e-07	1.2468e-08
1.6324e-07	1.2468e-08
1.6396e-07	1.2468e-08
1.6468e-07	1.2468e-08
1.6540e-07	1.2468e-08
1.6613e-07	1.2468e-08
1.6685e-07	1.2467e-08
1.6759e-07	1.2467e-08
1.6832e-07	1.2467e-08
1.6906e-07	1.2467e-08
1.6980e-07	1.2467e-08
1.7055e-07	1.2467e-08
1.7129e-07	1.2467e-08
1.7205e-07	1.2467e-08
1.7280e-07	1.2467e-08
1.7356e-07	1.2467e-08
1.7432e-07	1.2467e-08
1.7508e-07	1.2467e-08
1.7585e-07	1.2467e-08
1.7662e-07	1.2467e-08
1.7740e-07	1.2467e-08
1.7818e-07	1.2467e-08
1.7896e-07	1.2467e-08
1.7974e-07	1.2467e-08
1.8053e-07	1.2466e-08
1.8132e-07	1.2466e-08
1.8212e-07	1.2466e-08
1.8292e-07	1.2466e-08
1.8372e-07	1.2466e-08
1.8453e-07	1.2466e-08
1.8534e-07	1.2466e-08
1.8615e-07	1.2466e-08
1.8697e-07	1.2466e-08
1.8779e-07	1.2466e-08
1.8861e-07	1.2466e-08
1.8944e-07	1.2466e-08
1.9027e-07	1.2466e-08
1.9110e-07	1.2466e-08
1.9194e-07	1.2466e-08
1.9278e-07	1.2466e-08
1.9363e-07	1.2466e-08
1.9448e-07	1.2466e-08
1.9533e-07	1.2465e-08
1.9619e-07	1.2465e-08
1.9705e-07	1.2465e-08
1.9791e-07	1.2465e-08
1.9878e-07	1.2465e-08
1.9965e-07	1.2465e-08
2.0053e-07	1.2465e-08
2.0141e-07	1.2465e-08
2.0229e-07	1.2465e-08
2.0318e-07	1.2465e-08
2.0407e-07	1.2465e-08
2.0497e-07	1.2465e-08
2.0587e-07	1.2465e-08
2.0677e-07	1.2465e-08
2.0768e-07	1.2465e-08
2.0859e-07	1.2465e-08
2.0950e-07	1.2465e-08
2.1042e-07	1.2465e-08
2.1134e-07	1.2465e-08
2.1227e-07	1.2464e-08
2.1320e-07	1.2464e-08
2.1414e-07	1.2464e-08
2.1508e-07	1.2464e-08
2.1602e-07	1.2464e-08
2.1697e-07	1.2464e-08
2.1792e-07	1.2464e-08
2.1888e-07	1.2464e-08
2.1984e-07	1.2464e-08
2.2080e-07	1.2464e-08
2.2177e-07	1.2464e-08
2.2274e-07	1.2464e-08
2.2372e-07	1.2464e-08
2.2470e-07	1.2464e-08
2.2569e-07	1.2464e-08
2.2668e-07	1.2464e-08
2.2767e-07	1.2464e-08
2.2867e-07	1.2464e-08
2.2967e-07	1.2463e-08
2.3068e-07	1.2463e-08
2.3169e-07	1.2463e-08
2.3271e-07	1.2463e-08
2.3373e-07	1.2463e-08
2.3475e-07	1.2463e-08
2.3578e-07	1.2463e-08
2.3682e-07	1.2463e-08
2.3786e-07	1.2463e-08
2.3890e-07	1.2463e-08
2.3995e-07	1.2463e-08
2.4100e-07	1.2463e-08
2.4206e-07	1.2463e-08
2.4312e-07	1.2463e-08
2.4419e-07	1.2463e-08
2.4526e-07	1.2463e-08
2.4633e-07	1.2463e-08
2.4741e-07	1.2463e-08
2.4850e-07	1.2462e-08
2.4959e-07	1.2462e-08
2.5069e-07	1.2462e-08
2.5178e-07	1.2462e-08
2.5289e-07	1.2462e-08
2.5400e-07	1.2462e-08
2.5511e-07	1.2462e-08
2.5623e-07	1.2462e-08
2.5736e-07	1.2462e-08
2.5849e-07	1.2462e-08
2.5962e-07	1.2462e-08
2.6076e-07	1.2462e-08
2.6190e-07	1.2462e-08
2.6305e-07	1.2462e-08
2.6420e-07	1.2462e-08
2.6536e-07	1.2462e-08
2.6653e-07	1.2462e-08
2.6770e-07	1.2462e-08
2.6887e-07	1.2462e-08
2.7005e-07	1.2461e-08
2.7124e-07	1.2461e-08
2.7243e-07	1.2461e-08
2.7362e-07	1.2461e-08
2.7482e-07	1.2461e-08
2.7603e-07	1.2461e-08
2.7724e-07	1.2461e-08
2.7845e-07	1.2461e-08
2.7967e-07	1.2461e-08
2.8090e-07	1.2461e-08
2.8213e-07	1.2461e-08
2.8337e-07	1.2461e-08
2.8461e-07	1.2461e-08
2.8586e-07	1.2461e-08
2.8712e-07	1.2461e-08
2.8838e-07	1.2461e-08
2.8964e-07	1.2461e-08
2.9091e-07	1.2461e-08
2.9219e-07	1.2460e-08
2.9347e-07	1.2460e-08
2.9476e-07	1.2460e-08
2.9605e-07	1.2460e-08
2.9735e-07	1.2460e-08
2.9865e-07	1.2460e-08
2.9996e-07	1.2460e-08
3.0128e-07	1.2460e-08
3.0260e-07	1.2460e-08
3.0393e-07	1.2460e-08
3.0526e-07	1.2460e-08
3.0660e-07	1.2460e-08
3.0795e-07	1.2460e-08
3.0930e-07	1.2460e-08
3.1065e-07	1.2460e-08
3.1202e-07	1.2460e-08
3.1339e-07	1.2460e-08
3.1476e-07	1.2460e-08
3.1614e-07	1.2459e-08
3.1753e-07	1.2459e-08
3.1892e-07	1.2459e-08
3.2032e-07	1.2459e-08
3.2173e-07	1.2459e-08
3.2314e-07	1.2459e-08
3.2455e-07	1.2459e-08
3.2598e-07	1.2459e-08
3.2741e-07	1.2459e-08
3.2884e-07	1.2459e-08
3.3029e-07	1.2459e-08
3.3174e-07	1.2459e-08
3.3319e-07	1.2459e-08
3.3465e-07	1.2459e-08
3.3612e-07	1.2459e-08
3.3760e-07	1.2459e-08
3.3908e-07	1.2459e-08
3.4056e-07	1.2459e-08
3.4206e-07	1.2459e-08
3.4356e-07	1.2458e-08
3.4507e-07	1.2458e-08
3.4658e-07	1.2458e-08
3.4810e-07	1.2458e-08
3.4963e-07	1.2458e-08
3.5116e-07	1.2458e-08
3.5270e-07	1.2458e-08
3.5425e-07	1.2458e-08
3.5580e-07	1.2458e-08
3.5736e-07	1.2458e-08
3.5893e-07	1.2458e-08
3.6050e-07	1.2458e-08
3.6209e-07	1.2458e-08
3.6367e-07	1.2458e-08
3.6527e-07	1.2458e-08
3.6687e-07	1.2458e-08
3.6848e-07	1.2458e-08
3.7010e-07	1.2458e-08
3.7172e-07	1.2457e-08
3.7335e-07	1.2457e-08
3.7499e-07	1.2457e-08
3.7664e-07	1.2457e-08
3.7829e-07	1.2457e-08
3.7995e-07	1.2457e-08
3.8161e-07	1.2457e-08
3.8329e-07	1.2457e-08
3.8497e-07	1.2457e-08
3.8666e-07	1.2457e-08
3.8835e-07	1.2457e-08
3.9006e-07	1.2457e-08
3.9177e-07	1.2457e-08
3.9349e-07	1.2457e-08
3.9521e-07	1.2457e-08
3.9695e-07	1.2457e-08
3.9869e-07	1.2457e-08
4.0044e-07	1.2457e-08
4.0219e-07	1.2456e-08
4.0396e-07	1.2456e-08
4.0573e-07	1.2456e-08
4.0751e-07	1.2456e-08
4.0930e-07	1.2456e-08
4.1109e-07	1.2456e-08
4.1290e-07	1.2456e-08
4.1471e-07	1.2456e-08
4.1653e-07	1.2456e-08
4.1835e-07	1.2456e-08
4.2019e-07	1.2456e-08
4.2203e-07	1.2456e-08
4.2388e-07	1.2456e-08
4.2574e-07	1.2456e-08
4.2761e-07	1.2456e-08
4.2949e-07	1.2456e-08
4.3137e-07	1.2456e-08
4.3326e-07	1.2456e-08
4.3516e-07	1.2456e-08
4.3707e-07	1.2455e-08
4.3899e-07	1.2455e-08
4.4092e-07	1.2455e-08
4.4285e-07	1.2455e-08
4.4479e-07	1.2455e-08
4.4674e-07	1.2455e-08
4.4870e-07	1.2455e-08
4.5067e-07	1.2455e-08
4.5265e-07	1.2455e-08
4.5464e-07	1.2455e-08
4.5663e-07	1.2455e-08
4.5863e-07	1.2455e-08
4.6065e-07	1.2455e-08
4.6267e-07	1.2455e-08
4.6470e-07	1.2455e-08
4.6673e-07	1.2455e-08
4.6878e-07	1.2455e-08
4.7084e-07	1.2455e-08
4.7290e-07	1.2454e-08
4.7498e-07	1.2454e-08
4.7706e-07	1.2454e-08
4.7915e-07	1.2454e-08
4.8126e-07	1.2454e-08
4.8337e-07	1.2454e-08
4.8549e-07	1.2454e-08
4.8762e-07	1.2454e-08
4.8976e-07	1.2454e-08
4.9191e-07	1.2454e-08
4.9406e-07	1.2454e-08
4.9623e-07	1.2454e-08
4.9841e-07	1.2454e-08
5.0059e-07	1.2454e-08
5.0279e-07	1.2454e-08
5.0500e-07	1.2454e-08
5.0721e-07	1.2454e-08
5.0944e-07	1.2454e-08
5.1167e-07	1.2453e-08
5.1391e-07	1.2453e-08
5.1617e-07	1.2453e-08
5.1843e-07	1.2453e-08
5.2071e-07	1.2453e-08
5.2299e-07	1.2453e-08
5.2529e-07	1.2453e-08
5.2759e-07	1.2453e-08
5.2991e-07	1.2453e-08
5.3223e-07	1.2453e-08
5.3456e-07	1.2453e-08
5.3691e-07	1.2453e-08
5.3926e-07	1.2453e-08
5.4163e-07	1.2453e-08
5.4401e-07	1.2453e-08
5.4639e-07	1.2453e-08
5.4879e-07	1.2453e-08
5.5120e-07	1.2453e-08
5.5362e-07	1.2453e-08
5.5604e-07	1.2452e-08
5.5848e-07	1.2452e-08
5.6093e-07	1.2452e-08
5.6339e-07	1.2452e-08
5.6587e-07	1.2452e-08
5.6835e-07	1.2452e-08
5.7084e-07	1.2452e-08
5.7334e-07	1.2452e-08
5.7586e-07	1.2452e-08
5.7839e-07	1.2452e-08
5.8092e-07	1.2452e-08
5.8347e-07	1.2452e-08
5.8603e-07	1.2452e-08
5.8860e-07	1.2452e-08
5.9118e-07	1.2452e-08
5.9378e-07	1.2452e-08
5.9638e-07	1.2452e-08
5.9900e-07	1.2452e-08
6.0163e-07	1.2451e-08
6.0427e-07	1.2451e-08
6.0692e-07	1.2451e-08
6.0958e-07	1.2451e-08
6.1225e-07	1.2451e-08
6.1494e-07	1.2451e-08
6.1764e-07	1.2451e-08
6.2035e-07	1.2451e-08
6.2307e-07	1.2451e-08
6.2580e-07	1.2451e-08
6.2855e-07	1.2451e-08
6.3130e-07	1.2451e-08
6.3407e-07	1.2451e-08
6.3685e-07	1.2451e-08
6.3965e-07	1.2451e-08
6.4245e-07	1.2451e-08
6.4527e-07	1.2451e-08
6.4810e-07	1.2451e-08
6.5095e-07	1.2450e-08
6.5380e-07	1.2450e-08
6.5667e-07	1.2450e-08
6.5955e-07	1.2450e-08
6.6244e-07	1.2450e-08
6.6535e-07	1.2450e-08
6.6827e-07	1.2450e-08
6.7120e-07	1.2450e-08
6.7414e-07	1.2450e-08
6.7710e-07	1.2450e-08
6.8007e-07	1.2450e-08
6.8305e-07	1.2450e-08
6.8605e-07	1.2450e-08
6.8906e-07	1.2450e-08
6.9208e-07	1.2450e-08
6.9512e-07	1.2450e-08
6.9817e-07	1.2450e-08
7.0123e-07	1.2450e-08
7.0431e-07	1.2450e-08
7.0740e-07	1.2449e-08
7.1050e-07	1.2449e-08
7.1362e-07	1.2449e-08
7.1675e-07	1.2449e-08
7.1989e-07	1.2449e-08
7.2305e-07	1.2449e-08
7.2622e-07	1.2449e-08
7.2941e-07	1.2449e-08
7.3261e-07	1.2449e-08
7.3582e-07	1.2449e-08
7.3905e-07	1.2449e-08
7.4229e-07	1.2449e-08
7.4555e-07	1.2449e-08
7.4882e-07	1.2449e-08
7.5210e-07	1.2449e-08
7.5540e-07	1.2449e-08
7.5872e-07	1.2449e-08
7.6204e-07	1.2449e-08
7.6539e-07	1.2448e-08
7.6875e-07	1.2448e-08
7.7212e-07	1.2448e-08
7.7550e-07	1.2448e-08
7.7891e-07	1.2448e-08
7.8232e-07	1.2448e-08
7.8576e-07	1.2448e-08
7.8920e-07	1.2448e-08
7.9266e-07	1.2448e-08
7.9614e-07	1.2448e-08
7.9963e-07	1.2448e-08
8.0314e-07	1.2448e-08
8.0667e-07	1.2448e-08
8.1020e-07	1.2448e-08
8.1376e-07	1.2448e-08
8.1733e-07	1.2448e-08
8.2091e-07	1.2448e-08
8.2451e-07	1.2448e-08
8.2813e-07	1.2447e-08
8.3176e-07	1.2447e-08
8.3541e-07	1.2447e-08
8.3908e-07	1.2447e-08
8.4276e-07	1.2447e-08
8.4646e-07	1.2447e-08
8.5017e-07	1.2447e-08
8.5390e-07	1.2447e-08
8.5764e-07	1.2447e-08
8.6141e-07	1.2447e-08
8.6519e-07	1.2447e-08
8.6898e-07	1.2447e-08
8.7279e-07	1.2447e-08
8.7662e-07	1.2447e-08
8.8047e-07	1.2447e-08
8.8433e-07	1.2447e-08
8.8821e-07	1.2447e-08
8.9211e-07	1.2447e-08
8.9602e-07	1.2447e-08
8.9995e-07	1.2446e-08
9.0390e-07	1.2446e-08
9.0786e-07	1.2446e-08
9.1184e-07	1.2446e-08
9.1584e-07	1.2446e-08
9.1986e-07	1.2446e-08
9.2390e-07	1.2446e-08
9.2795e-07	1.2446e-08
9.3202e-07	1.2446e-08
9.3611e-07	1.2446e-08
9.4022e-07	1.2446e-08
9.4434e-07	1.2446e-08
9.4848e-07	1.2446e-08
9.5264e-07	1.2446e-08
9.5682e-07	1.2446e-08
9.6102e-07	1.2446e-08
9.6524e-07	1.2446e-08
9.6947e-07	1.2446e-08
9.7372e-07	1.2445e-08
9.7800e-07	1.2445e-08
9.8229e-07	1.2445e-08
9.8659e-07	1.2445e-08
9.9092e-07	1.2445e-08
9.9527e-07	1.2445e-08
9.9964e-07	1.2445e-08
1.0040e-06	1.2445e-08
1.0084e-06	1.2445e-08
1.0128e-06	1.2445e-08
1.0173e-06	1.2445e-08
1.0218e-06	1.2445e-08
1.0262e-06	1.2445e-08
1.0307e-06	1.2445e-08
1.0353e-06	1.2445e-08
1.0398e-06	1.2445e-08
1.0444e-06	1.2445e-08
1.0489e-06	1.2445e-08
1.0535e-06	1.2444e-08
1.0582e-06	1.2444e-08
1.0628e-06	1.2444e-08
1.0675e-06	1.2444e-08
1.0722e-06	1.2444e-08
1.0769e-06	1.2444e-08
1.0816e-06	1.2444e-08
1.0863e-06	1.2444e-08
1.0911e-06	1.2444e-08
1.0959e-06	1.2444e-08
1.1007e-06	1.2444e-08
1.1055e-06	1.2444e-08
1.1104e-06	1.2444e-08
1.1152e-06	1.2444e-08
1.1201e-06	1.2444e-08
1.1250e-06	1.2444e-08
1.1300e-06	1.2444e-08
1.1349e-06	1.2444e-08
1.1399e-06	1.2444e-08
1.1449e-06	1.2443e-08
1.1499e-06	1.2443e-08
1.1550e-06	1.2443e-08
1.1600e-06	1.2443e-08
1.1651e-06	1.2443e-08
1.1702e-06	1.2443e-08
1.1754e-06	1.2443e-08
1.1805e-06	1.2443e-08
1.1857e-06	1.2443e-08
1.1909e-06	1.2443e-08
1.1961e-06	1.2443e-08
1.2014e-06	1.2443e-08
1.2067e-06	1.2443e-08
1.2120e-06	1.2443e-08
1.2173e-06	1.2443e-08
1.2226e-06	1.2443e-08
1.2280e-06	1.2443e-08
1.2334e-06	1.2443e-08
1.2388e-06	1.2442e-08
1.2442e-06	1.2442e-08
1.2497e-06	1.2442e-08
1.2551e-06	1.2442e-08
1.2606e-06	1.2442e-08
1.2662e-06	1.2442e-08
1.2717e-06	1.2442e-08
1.2773e-06	1.2442e-08
1.2829e-06	1.2442e-08
1.2885e-06	1.2442e-08
1.2942e-06	1.2442e-08
1.2999e-06	1.2442e-08
1.3056e-06	1.2442e-08
1.3113e-06	1.2442e-08
1.3171e-06	1.2442e-08
1.3228e-06	1.2442e-08
1.3286e-06	1.2442e-08
1.3345e-06	1.2442e-08
1.3403e-06	1.2442e-08
1.3462e-06	1.2441e-08
1.3521e-06	1.2441e-08
1.3580e-06	1.2441e-08
1.3640e-06	1.2441e-08
1.3700e-06	1.2441e-08
1.3760e-06	1.2441e-08
1.3820e-06	1.2441e-08
1.3881e-06	1.2441e-08
1.3942e-06	1.2441e-08
1.4003e-06	1.2441e-08
1.4064e-06	1.2441e-08
1.4126e-06	1.2441e-08
1.4188e-06	1.2441e-08
1.4250e-06	1.2441e-08
1.4313e-06	1.2441e-08
1.4376e-06	1.2441e-08
1.4439e-06	1.2441e-08
1.4502e-06	1.2441e-08
1.4566e-06	1.2440e-08
1.4629e-06	1.2440e-08
1.4694e-06	1.2440e-08
1.4758e-06	1.2440e-08
1.4823e-06	1.2440e-08
1.4888e-06	1.2440e-08
1.4953e-06	1.2440e-08
1.5019e-06	1.2440e-08
1.5085e-06	1.2440e-08
1.5151e-06	1.2440e-08
1.5217e-06	1.2440e-08
1.5284e-06	1.2440e-08
1.5351e-06	1.2440e-08
1.5418e-06	1.2440e-08
1.5486e-06	1.2440e-08
1.5554e-06	1.2440e-08
1.5622e-06	1.2440e-08
1.5691e-06	1.2440e-08
1.5760e-06	1.2439e-08
1.5829e-06	1.2439e-08
1.5898e-06	1.2439e-08
1.5968e-06	1.2439e-08
1.6038e-06	1.2439e-08
1.6108e-06	1.2439e-08
1.6179e-06	1.2439e-08
1.6250e-06	1.2439e-08
1.6321e-06	1.2439e-08
1.6393e-06	1.2439e-08
1.6465e-06	1.2439e-08
1.6537e-06	1.2439e-08
1.6610e-06	1.2439e-08
1.6682e-06	1.2439e-08
1.6756e-06	1.2439e-08
1.6829e-06	1.2439e-08
1.6903e-06	1.2439e-08
1.6977e-06	1.2439e-08
1.7051e-06	1.2439e-08
1.7126e-06	1.2438e-08
1.7201e-06	1.2438e-08
1.7277e-06	1.2438e-08
1.7353e-06	1.2438e-08
1.7429e-06	1.2438e-08
1.7505e-06	1.2438e-08
1.7582e-06	1.2438e-08
1.7659e-06	1.2438e-08
1.7737e-06	1.2438e-08
1.7814e-06	1.2438e-08
1.7893e-06	1.2438e-08
1.7971e-06	1.2438e-08
1.8050e-06	1.2438e-08
1.8129e-06	1.2438e-08
1.8209e-06	1.2438e-08
1.8289e-06	1.2438e-08
1.8369e-06	1.2438e-08
1.8449e-06	1.2438e-08
1.8530e-06	1.2437e-08
1.8612e-06	1.2437e-08
1.8693e-06	1.2437e-08
1.8775e-06	1.2437e-08
1.8858e-06	1.2437e-08
1.8940e-06	1.2437e-08
1.9023e-06	1.2437e-08
1.9107e-06	1.2437e-08
1.9191e-06	1.2437e-08
1.9275e-06	1.2437e-08
1.9359e-06	1.2437e-08
1.9444e-06	1.2437e-08
1.9530e-06	1.2437e-08
1.9615e-06	1.2437e-08
1.9701e-06	1.2437e-08
1.9788e-06	1.2437e-08
1.9875e-06	1.2437e-08
1.9962e-06	1.2437e-08
2.0049e-06	1.2436e-08
2.0137e-06	1.2436e-08
2.0226e-06	1.2436e-08
2.0314e-06	1.2436e-08
2.0403e-06	1.2436e-08
2.0493e-06	1.2436e-08
2.0583e-06	1.2436e-08
2.0673e-06	1.2436e-08
2.0764e-06	1.2436e-08
2.0855e-06	1.2436e-08
2.0946e-06	1.2436e-08
2.1038e-06	1.2436e-08
2.1131e-06	1.2436e-08
2.1223e-06	1.2436e-08
2.1316e-06	1.2436e-08
2.1410e-06	1.2436e-08
2.1504e-06	1.2436e-08
2.1598e-06	1.2436e-08
2.1693e-06	1.2436e-08
2.1788e-06	1.2435e-08
2.1884e-06	1.2435e-08
2.1980e-06	1.2435e-08
2.2076e-06	1.2435e-08
2.2173e-06	1.2435e-08
2.2270e-06	1.2435e-08
2.2368e-06	1.2435e-08
2.2466e-06	1.2435e-08
2.2565e-06	1.2435e-08
2.2663e-06	1.2435e-08
2.2763e-06	1.2435e-08
2.2863e-06	1.2435e-08
2.2963e-06	1.2435e-08
2.3064e-06	1.2435e-08
2.3165e-06	1.2435e-08
2.3267e-06	1.2435e-08
2.3369e-06	1.2435e-08
2.3471e-06	1.2435e-08
2.3574e-06	1.2434e-08
2.3678e-06	1.2434e-08
2.3781e-06	1.2434e-08
2.3886e-06	1.2434e-08
2.3991e-06	1.2434e-08
2.4096e-06	1.2434e-08
2.4201e-06	1.2434e-08
2.4308e-06	1.2434e-08
2.4414e-06	1.2434e-08
2.4521e-06	1.2434e-08
2.4629e-06	1.2434e-08
2.4737e-06	1.2434e-08
2.4845e-06	1.2434e-08
2.4954e-06	1.2434e-08
2.5064e-06	1.2434e-08
2.5174e-06	1.2434e-08
2.5284e-06	1.2434e-08
2.5395e-06	1.2434e-08
2.5507e-06	1.2433e-08
2.5619e-06	1.2433e-08
2.5731e-06	1.2433e-08
2.5844e-06	1.2433e-08
2.5957e-06	1.2433e-08
2.6071e-06	1.2433e-08
2.6185e-06	1.2433e-08
2.6300e-06	1.2433e-08
2.6416e-06	1.2433e-08
2.6532e-06	1.2433e-08
2.6648e-06	1.2433e-08
2.6765e-06	1.2433e-08
2.6882e-06	1.2433e-08
2.7000e-06	1.2433e-08
2.7119e-06	1.2433e-08
2.7238e-06	1.2433e-08
2.7357e-06	1.2433e-08
2.7477e-06	1.2433e-08
2.7598e-06	1.2433e-08
2.7719e-06	1.2432e-08
2.7840e-06	1.2432e-08
2.7962e-06	1.2432e-08
2.8085e-06	1.2432e-08
2.8208e-06	1.2432e-08
2.8332e-06	1.2432e-08
2.8456e-06	1.2432e-08
2.8581e-06	1.2432e-08
2.8707e-06	1.2432e-08
2.8832e-06	1.2432e-08
2.8959e-06	1.2432e-08
2.9086e-06	1.2432e-08
2.9214e-06	1.2432e-08
2.9342e-06	1.2432e-08
2.9470e-06	1.2432e-08
2.9600e-06	1.2432e-08
2.9730e-06	1.2432e-08
2.9860e-06	1.2432e-08
2.9991e-06	1.2431e-08
3.0123e-06	1.2431e-08
3.0255e-06	1.2431e-08
3.0387e-06	1.2431e-08
3.0521e-06	1.2431e-08
3.0655e-06	1.2431e-08
3.0789e-06	1.2431e-08
3.0924e-06	1.2431e-08
3.1060e-06	1.2431e-08
3.1196e-06	1.2431e-08
3.1333e-06	1.2431e-08
3.1470e-06	1.2431e-08
3.1608e-06	1.2431e-08
3.1747e-06	1.2431e-08
3.1886e-06	1.2431e-08
3.2026e-06	1.2431e-08
3.2167e-06	1.2431e-08
3.2308e-06	1.2431e-08
3.2450e-06	1.2431e-08
3.2592e-06	1.2430e-08
3.2735e-06	1.2430e-08
3.2878e-06	1.2430e-08
3.3023e-06	1.2430e-08
3.3168e-06	1.2430e-08
3.3313e-06	1.2430e-08
3.3459e-06	1.2430e-08
3.3606e-06	1.2430e-08
3.3753e-06	1.2430e-08
3.3901e-06	1.2430e-08
3.4050e-06	1.2430e-08
3.4200e-06	1.2430e-08
3.4350e-06	1.2430e-08
3.4500e-06	1.2430e-08
3.4652e-06	1.2430e-08
3.4804e-06	1.2430e-08
3.4956e-06	1.2430e-08
3.5110e-06	1.2430e-08
3.5264e-06	1.2429e-08
3.5418e-06	1.2429e-08
3.5574e-06	1.2429e-08
3.5730e-06	1.2429e-08
3.5886e-06	1.2429e-08
3.6044e-06	1.2429e-08
3.6202e-06	1.2429e-08
3.6361e-06	1.2429e-08
3.6520e-06	1.2429e-08
3.6681e-06	1.2429e-08
3.6841e-06	1.2429e-08
3.7003e-06	1.2429e-08
3.7165e-06	1.2429e-08
3.7328e-06	1.2429e-08
3.7492e-06	1.2429e-08
3.7657e-06	1.2429e-08
3.7822e-06	1.2429e-08
3.7988e-06	1.2429e-08
3.8154e-06	1.2428e-08
3.8322e-06	1.2428e-08
3.8490e-06	1.2428e-08
3.8659e-06	1.2428e-08
3.8828e-06	1.2428e-08
3.8999e-06	1.2428e-08
3.9170e-06	1.2428e-08
3.9342e-06	1.2428e-08
3.9514e-06	1.2428e-08
3.9687e-06	1.2428e-08
3.9862e-06	1.2428e-08
4.0036e-06	1.2428e-08
4.0212e-06	1.2428e-08
4.0388e-06	1.2428e-08
4.0566e-06	1.2428e-08
4.0744e-06	1.2428e-08
4.0922e-06	1.2428e-08
4.1102e-06	1.2428e-08
4.1282e-06	1.2428e-08
4.1463e-06	1.2427e-08
4.1645e-06	1.2427e-08
4.1828e-06	1.2427e-08
4.2011e-06	1.2427e-08
4.2196e-06	1.2427e-08
4.2381e-06	1.2427e-08
4.2567e-06	1.2427e-08
4.2753e-06	1.2427e-08
4.2941e-06	1.2427e-08
4.3129e-06	1.2427e-08
4.3319e-06	1.2427e-08
4.3509e-06	1.2427e-08
4.3699e-06	1.2427e-08
4.3891e-06	1.2427e-08
4.4084e-06	1.2427e-08
4.4277e-06	1.2427e-08
4.4471e-06	1.2427e-08
4.4666e-06	1.2427e-08
4.4862e-06	1.2426e-08
4.5059e-06	1.2426e-08
4.5257e-06	1.2426e-08
4.5455e-06	1.2426e-08
4.5655e-06	1.2426e-08
4.5855e-06	1.2426e-08
4.6056e-06	1.2426e-08
4.6258e-06	1.2426e-08
4.6461e-06	1.2426e-08
4.6665e-06	1.2426e-08
4.6870e-06	1.2426e-08
4.7075e-06	1.2426e-08
4.7282e-06	1.2426e-08
4.7489e-06	1.2426e-08
4.7697e-06	1.2426e-08
4.7907e-06	1.2426e-08
4.8117e-06	1.2426e-08
4.8328e-06	1.2426e-08
4.8540e-06	1.2426e-08
4.8753e-06	1.2425e-08
4.8967e-06	1.2425e-08
4.9182e-06	1.2425e-08
4.9397e-06	1.2425e-08
4.9614e-06	1.2425e-08
4.9832e-06	1.2425e-08
5.0050e-06	1.2425e-08
5.0270e-06	1.2425e-08
5.0490e-06	1.2425e-08
5.0712e-06	1.2425e-08
5.0934e-06	1.2425e-08
5.1158e-06	1.2425e-08
5.1382e-06	1.2425e-08
5.1608e-06	1.2425e-08
5.1834e-06	1.2425e-08
5.2061e-06	1.2425e-08
5.2290e-06	1.2425e-08
5.2519e-06	1.2425e-08
5.2749e-06	1.2424e-08
5.2981e-06	1.2424e-08
5.3213e-06	1.2424e-08
5.3447e-06	1.2424e-08
5.3681e-06	1.2424e-08
5.3917e-06	1.2424e-08
5.4153e-06	1.2424e-08
5.4391e-06	1.2424e-08
5.4629e-06	1.2424e-08
5.4869e-06	1.2424e-08
5.5110e-06	1.2424e-08
5.5351e-06	1.2424e-08
5.5594e-06	1.2424e-08
5.5838e-06	1.2424e-08
5.6083e-06	1.2424e-08
5.6329e-06	1.2424e-08
5.6576e-06	1.2424e-08
5.6824e-06	1.2424e-08
5.7074e-06	1.2423e-08
5.7324e-06	1.2423e-08
5.7576e-06	1.2423e-08
5.7828e-06	1.2423e-08
5.8082e-06	1.2423e-08
5.8337e-06	1.2423e-08
5.8592e-06	1.2423e-08
5.8850e-06	1.2423e-08
5.9108e-06	1.2423e-08
5.9367e-06	1.2423e-08
5.9627e-06	1.2423e-08
5.9889e-06	1.2423e-08
6.0152e-06	1.2423e-08
6.0416e-06	1.2423e-08
6.0681e-06	1.2423e-08
6.0947e-06	1.2423e-08
6.1214e-06	1.2423e-08
6.1483e-06	1.2423e-08
6.1752e-06	1.2423e-08
6.2023e-06	1.2422e-08
6.2295e-06	1.2422e-08
6.2569e-06	1.2422e-08
6.2843e-06	1.2422e-08
6.3119e-06	1.2422e-08
6.3396e-06	1.2422e-08
6.3674e-06	1.2422e-08
6.3953e-06	1.2422e-08
6.4234e-06	1.2422e-08
6.4515e-06	1.2422e-08
6.4798e-06	1.2422e-08
6.5083e-06	1.2422e-08
6.5368e-06	1.2422e-08
6.5655e-06	1.2422e-08
6.5943e-06	1.2422e-08
6.6232e-06	1.2422e-08
6.6523e-06	1.2422e-08
6.6815e-06	1.2422e-08
6.7108e-06	1.2421e-08
6.7402e-06	1.2421e-08
6.7698e-06	1.2421e-08
6.7995e-06	1.2421e-08
6.8293e-06	1.2421e-08
6.8593e-06	1.2421e-08
6.8894e-06	1.2421e-08
6.9196e-06	1.2421e-08
6.9499e-06	1.2421e-08
6.9804e-06	1.2421e-08
7.0110e-06	1.2421e-08
7.0418e-06	1.2421e-08
7.0727e-06	1.2421e-08
7.1037e-06	1.2421e-08
7.1349e-06	1.2421e-08
7.1662e-06	1.2421e-08
7.1976e-06	1.2421e-08
7.2292e-06	1.2421e-08
7.2609e-06	1.2420e-08
7.2927e-06	1.2420e-08
7.3247e-06	1.2420e-08
7.3569e-06	1.2420e-08
7.3891e-06	1.2420e-08
7.4216e-06	1.2420e-08
7.4541e-06	1.2420e-08
7.4868e-06	1.2420e-08
7.5197e-06	1.2420e-08
7.5526e-06	1.2420e-08
7.5858e-06	1.2420e-08
7.6191e-06	1.2420e-08
7.6525e-06	1.2420e-08
7.6860e-06	1.2420e-08
7.7198e-06	1.2420e-08
7.7536e-06	1.2420e-08
7.7876e-06	1.2420e-08
7.8218e-06	1.2420e-08
7.8561e-06	1.2420e-08
7.8906e-06	1.2419e-08
7.9252e-06	1.2419e-08
7.9600e-06	1.2419e-08
7.9949e-06	1.2419e-08
8.0300e-06	1.2419e-08
8.0652e-06	1.2419e-08
8.1006e-06	1.2419e-08
8.1361e-06	1.2419e-08
8.1718e-06	1.2419e-08
8.2076e-06	1.2419e-08
8.2436e-06	1.2419e-08
8.2798e-06	1.2419e-08
8.3161e-06	1.2419e-08
8.3526e-06	1.2419e-08
8.3892e-06	1.2419e-08
8.4260e-06	1.2419e-08
8.4630e-06	1.2419e-08
8.5001e-06	1.2419e-08
8.5374e-06	1.2418e-08
8.5749e-06	1.2418e-08
8.6125e-06	1.2418e-08
8.6503e-06	1.2418e-08
8.6882e-06	1.2418e-08
8.7263e-06	1.2418e-08
8.7646e-06	1.2418e-08
8.8031e-06	1.2418e-08
8.8417e-06	1.2418e-08
8.8805e-06	1.2418e-08
8.9194e-06	1.2418e-08
8.9586e-06	1.2418e-08
8.9979e-06	1.2418e-08
9.0373e-06	1.2418e-08
9.0770e-06	1.2418e-08
9.1168e-06	1.2418e-08
9.1568e-06	1.2418e-08
9.1969e-06	1.2418e-08
9.2373e-06	1.2418e-08
9.2778e-06	1.2417e-08
9.3185e-06	1.2417e-08
9.3594e-06	1.2417e-08
9.4005e-06	1.2417e-08
9.4417e-06	1.2417e-08
9.4831e-06	1.2417e-08
9.5247e-06	1.2417e-08
9.5665e-06	1.2417e-08
9.6085e-06	1.2417e-08
9.6506e-06	1.2417e-08
9.6929e-06	1.2417e-08
9.7355e-06	1.2417e-08
9.7782e-06	1.2417e-08
9.8211e-06	1.2417e-08
9.8641e-06	1.2417e-08
9.9074e-06	1.2417e-08
9.9509e-06	1.2417e-08
9.9945e-06	1.2417e-08
1.0038e-05	1.2416e-08
1.0082e-05	1.2416e-08
1.0127e-05	1.2416e-08
1.0171e-05	1.2416e-08
1.0216e-05	1.2416e-08
1.0261e-05	1.2416e-08
1.0306e-05	1.2416e-08
1.0351e-05	1.2416e-08
1.0396e-05	1.2416e-08
1.0442e-05	1.2416e-08
1.0488e-05	1.2416e-08
1.0534e-05	1.2416e-08
1.0580e-05	1.2416e-08
1.0626e-05	1.2416e-08
1.0673e-05	1.2416e-08
1.0720e-05	1.2416e-08
1.0767e-05	1.2416e-08
1.0814e-05	1.2416e-08
1.0861e-05	1.2415e-08
1.0909e-05	1.2415e-08
1.0957e-05	1.2415e-08
1.1005e-05	1.2415e-08
1.1053e-05	1.2415e-08
1.1102e-05	1.2415e-08
1.1150e-05	1.2415e-08
1.1199e-05	1.2415e-08
1.1248e-05	1.2415e-08
1.1298e-05	1.2415e-08
1.1347e-05	1.2415e-08
1.1397e-05	1.2415e-08
1.1447e-05	1.2415e-08
1.1497e-05	1.2415e-08
1.1548e-05	1.2415e-08
1.1598e-05	1.2415e-08
1.1649e-05	1.2415e-08
1.1700e-05	1.2415e-08
1.1752e-05	1.2415e-08
1.1803e-05	1.2414e-08
1.1855e-05	1.2414e-08
1.1907e-05	1.2414e-08
1.1959e-05	1.2414e-08
1.2012e-05	1.2414e-08
1.2064e-05	1.2414e-08
1.2117e-05	1.2414e-08
1.2170e-05	1.2414e-08
1.2224e-05	1.2414e-08
1.2277e-05	1.2414e-08
1.2331e-05	1.2414e-08
1.2385e-05	1.2414e-08
1.2440e-05	1.2414e-08
1.2494e-05	1.2414e-08
1.2549e-05	1.2414e-08
1.2604e-05	1.2414e-08
1.2659e-05	1.2414e-08
1.2715e-05	1.2414e-08
1.2771e-05	1.2413e-08
1.2827e-05	1.2413e-08
1.2883e-05	1.2413e-08
1.2940e-05	1.2413e-08
1.2996e-05	1.2413e-08
1.3053e-05	1.2413e-08
1.3111e-05	1.2413e-08
1.3168e-05	1.2413e-08
1.3226e-05	1.2413e-08
1.3284e-05	1.2413e-08
1.3342e-05	1.2413e-08
1.3401e-05	1.2413e-08
1.3460e-05	1.2413e-08
1.3519e-05	1.2413e-08
1.3578e-05	1.2413e-08
1.3637e-05	1.2413e-08
1.3697e-05	1.2413e-08
1.3757e-05	1.2413e-08
1.3818e-05	1.2413e-08
1.3878e-05	1.2412e-08
1.3939e-05	1.2412e-08
1.4000e-05	1.2412e-08
1.4062e-05	1.2412e-08
1.4123e-05	1.2412e-08
1.4185e-05	1.2412e-08
1.4248e-05	1.2412e-08
1.4310e-05	1.2412e-08
1.4373e-05	1.2412e-08
1.4436e-05	1.2412e-08
1.4499e-05	1.2412e-08
1.4563e-05	1.2412e-08
1.4627e-05	1.2412e-08
1.4691e-05	1.2412e-08
1.4755e-05	1.2412e-08
1.4820e-05	1.2412e-08
1.4885e-05	1.2412e-08
1.4950e-05	1.2412e-08
1.5016e-05	1.2411e-08
1.5082e-05	1.2411e-08
1.5148e-05	1.2411e-08
1.5214e-05	1.2411e-08
1.5281e-05	1.2411e-08
1.5348e-05	1.2411e-08
1.5416e-05	1.2411e-08
1.5483e-05	1.2411e-08
1.5551e-05	1.2411e-08
1.5619e-05	1.2411e-08
1.5688e-05	1.2411e-08
1.5757e-05	1.2411e-08
1.5826e-05	1.2411e-08
1.5895e-05	1.2411e-08
1.5965e-05	1.2411e-08
1.6035e-05	1.2411e-08
1.6105e-05	1.2411e-08
1.6176e-05	1.2411e-08
1.6247e-05	1.2410e-08
1.6318e-05	1.2410e-08
1.6390e-05	1.2410e-08
1.6462e-05	1.2410e-08
1.6534e-05	1.2410e-08
1.6606e-05	1.2410e-08
1.6679e-05	1.2410e-08
1.6752e-05	1.2410e-08
1.6826e-05	1.2410e-08
1.6900e-05	1.2410e-08
1.6974e-05	1.2410e-08
1.7048e-05	1.2410e-08
1.7123e-05	1.2410e-08
1.7198e-05	1.2410e-08
1.7274e-05	1.2410e-08
1.7350e-05	1.2410e-08
1.7426e-05	1.2410e-08
1.7502e-05	1.2410e-08
1.7579e-05	1.2410e-08
1.7656e-05	1.2409e-08
1.7733e-05	1.2409e-08
1.7811e-05	1.2409e-08
1.7889e-05	1.2409e-08
1.7968e-05	1.2409e-08
1.8047e-05	1.2409e-08
1.8126e-05	1.2409e-08
1.8205e-05	1.2409e-08
1.8285e-05	1.2409e-08
1.8365e-05	1.2409e-08
1.8446e-05	1.2409e-08
1.8527e-05	1.2409e-08
1.8608e-05	1.2409e-08
1.8690e-05	1.2409e-08
1.8772e-05	1.2409e-08
1.8854e-05	1.2409e-08
1.8937e-05	1.2409e-08
1.9020e-05	1.2409e-08
1.9103e-05	1.2408e-08
1.9187e-05	1.2408e-08
1.9271e-05	1.2408e-08
1.9356e-05	1.2408e-08
1.9441e-05	1.2408e-08
1.9526e-05	1.2408e-08
1.9612e-05	1.2408e-08
1.9698e-05	1.2408e-08
1.9784e-05	1.2408e-08
1.9871e-05	1.2408e-08
1.9958e-05	1.2408e-08
2.0046e-05	1.2408e-08
2.0134e-05	1.2408e-08
2.0222e-05	1.2408e-08
2.0311e-05	1.2408e-08
2.0400e-05	1.2408e-08
2.0489e-05	1.2408e-08
2.0579e-05	1.2408e-08
2.0669e-05	1.2408e-08
2.0760e-05	1.2407e-08
2.0851e-05	1.2407e-08
2.0943e-05	1.2407e-08
2.1034e-05	1.2407e-08
2.1127e-05	1.2407e-08
2.1219e-05	1.2407e-08
2.1312e-05	1.2407e-08
2.1406e-05	1.2407e-08
2.1500e-05	1.2407e-08
2.1594e-05	1.2407e-08
2.1689e-05	1.2407e-08
2.1784e-05	1.2407e-08
2.1880e-05	1.2407e-08
2.1976e-05	1.2407e-08
2.2072e-05	1.2407e-08
2.2169e-05	1.2407e-08
2.2266e-05	1.2407e-08
2.2364e-05	1.2407e-08
2.2462e-05	1.2406e-08
2.2560e-05	1.2406e-08
2.2659e-05	1.2406e-08
2.2759e-05	1.2406e-08
2.2859e-05	1.2406e-08
2.2959e-05	1.2406e-08
2.3060e-05	1.2406e-08
2.3161e-05	1.2406e-08
2.3262e-05	1.2406e-08
2.3364e-05	1.2406e-08
2.3467e-05	1.2406e-08
2.3570e-05	1.2406e-08
2.3673e-05	1.2406e-08
2.3777e-05	1.2406e-08
2.3881e-05	1.2406e-08
2.3986e-05	1.2406e-08
2.4091e-05	1.2406e-08
2.4197e-05	1.2406e-08
2.4303e-05	1.2406e-08
2.4410e-05	1.2405e-08
2.4517e-05	1.2405e-08
2.4624e-05	1.2405e-08
2.4732e-05	1.2405e-08
2.4841e-05	1.2405e-08
2.4950e-05	1.2405e-08
2.5059e-05	1.2405e-08
2.5169e-05	1.2405e-08
2.5280e-05	1.2405e-08
2.5391e-05	1.2405e-08
2.5502e-05	1.2405e-08
2.5614e-05	1.2405e-08
2.5726e-05	1.2405e-08
2.5839e-05	1.2405e-08
2.5952e-05	1.2405e-08
2.6066e-05	1.2405e-08
2.6181e-05	1.2405e-08
2.6296e-05	1.2405e-08
2.6411e-05	1.2404e-08
2.6527e-05	1.2404e-08
2.6643e-05	1.2404e-08
2.6760e-05	1.2404e-08
2.6877e-05	1.2404e-08
2.6995e-05	1.2404e-08
2.7114e-05	1.2404e-08
2.7233e-05	1.2404e-08
2.7352e-05	1.2404e-08
2.7472e-05	1.2404e-08
2.7593e-05	1.2404e-08
2.7714e-05	1.2404e-08
2.7835e-05	1.2404e-08
2.7957e-05	1.2404e-08
2.8080e-05	1.2404e-08
2.8203e-05	1.2404e-08
2.8327e-05	1.2404e-08
2.8451e-05	1.2404e-08
2.8576e-05	1.2403e-08
2.8701e-05	1.2403e-08
2.8827e-05	1.2403e-08
2.8954e-05	1.2403e-08
2.9081e-05	1.2403e-08
2.9208e-05	1.2403e-08
2.9336e-05	1.2403e-08
2.9465e-05	1.2403e-08
2.9594e-05	1.2403e-08
2.9724e-05	1.2403e-08
2.9855e-05	1.2403e-08
2.9985e-05	1.2403e-08
3.0117e-05	1.2403e-08
3.0249e-05	1.2403e-08
3.0382e-05	1.2403e-08
3.0515e-05	1.2403e-08
3.0649e-05	1.2403e-08
3.0783e-05	1.2403e-08
3.0918e-05	1.2403e-08
3.1054e-05	1.2402e-08
3.1190e-05	1.2402e-08
3.1327e-05	1.2402e-08
3.1465e-05	1.2402e-08
3.1603e-05	1.2402e-08
3.1741e-05	1.2402e-08
3.1880e-05	1.2402e-08
3.2020e-05	1.2402e-08
3.2161e-05	1.2402e-08
3.2302e-05	1.2402e-08
3.2444e-05	1.2402e-08
3.2586e-05	1.2402e-08
3.2729e-05	1.2402e-08
3.2872e-05	1.2402e-08
3.3017e-05	1.2402e-08
3.3161e-05	1.2402e-08
3.3307e-05	1.2402e-08
3.3453e-05	1.2402e-08
3.3600e-05	1.2401e-08
3.3747e-05	1.2401e-08
3.3895e-05	1.2401e-08
3.4044e-05	1.2401e-08
3.4193e-05	1.2401e-08
3.4343e-05	1.2401e-08
3.4494e-05	1.2401e-08
3.4645e-05	1.2401e-08
3.4797e-05	1.2401e-08
3.4950e-05	1.2401e-08
3.5103e-05	1.2401e-08
3.5257e-05	1.2401e-08
3.5412e-05	1.2401e-08
3.5567e-05	1.2401e-08
3.5723e-05	1.2401e-08
3.5880e-05	1.2401e-08
3.6037e-05	1.2401e-08
3.6195e-05	1.2401e-08
3.6354e-05	1.2401e-08
3.6514e-05	1.2400e-08
3.6674e-05	1.2400e-08
3.6835e-05	1.2400e-08
3.6996e-05	1.2400e-08
3.7159e-05	1.2400e-08
3.7322e-05	1.2400e-08
3.7485e-05	1.2400e-08
3.7650e-05	1.2400e-08
3.7815e-05	1.2400e-08
3.7981e-05	1.2400e-08
3.8147e-05	1.2400e-08
3.8315e-05	1.2400e-08
3.8483e-05	1.2400e-08
3.8652e-05	1.2400e-08
3.8821e-05	1.2400e-08
3.8992e-05	1.2400e-08
3.9163e-05	1.2400e-08
3.9334e-05	1.2400e-08
3.9507e-05	1.2399e-08
3.9680e-05	1.2399e-08
3.9854e-05	1.2399e-08
4.0029e-05	1.2399e-08
4.0205e-05	1.2399e-08
4.0381e-05	1.2399e-08
4.0558e-05	1.2399e-08
4.0736e-05	1.2399e-08
4.0915e-05	1.2399e-08
4.1094e-05	1.2399e-08
4.1275e-05	1.2399e-08
4.1456e-05	1.2399e-08
4.1638e-05	1.2399e-08
4.1820e-05	1.2399e-08
4.2004e-05	1.2399e-08
4.2188e-05	1.2399e-08
4.2373e-05	1.2399e-08
4.2559e-05	1.2399e-08
4.2746e-05	1.2398e-08
4.2933e-05	1.2398e-08
4.3121e-05	1.2398e-08
4.3311e-05	1.2398e-08
4.3501e-05	1.2398e-08
4.3691e-05	1.2398e-08
4.3883e-05	1.2398e-08
4.4076e-05	1.2398e-08
4.4269e-05	1.2398e-08
4.4463e-05	1.2398e-08
4.4658e-05	1.2398e-08
4.4854e-05	1.2398e-08
4.5051e-05	1.2398e-08
4.5249e-05	1.2398e-08
4.5447e-05	1.2398e-08
4.5646e-05	1.2398e-08
4.5847e-05	1.2398e-08
4.6048e-05	1.2398e-08
4.6250e-05	1.2398e-08
4.6453e-05	1.2397e-08
4.6656e-05	1.2397e-08
4.6861e-05	1.2397e-08
4.7067e-05	1.2397e-08
4.7273e-05	1.2397e-08
4.7480e-05	1.2397e-08
4.7689e-05	1.2397e-08
4.7898e-05	1.2397e-08
4.8108e-05	1.2397e-08
4.8319e-05	1.2397e-08
4.8531e-05	1.2397e-08
4.8744e-05	1.2397e-08
4.8958e-05	1.2397e-08
4.9173e-05	1.2397e-08
4.9388e-05	1.2397e-08
4.9605e-05	1.2397e-08
4.9823e-05	1.2397e-08
5.0041e-05	1.2397e-08
5.0261e-05	1.2396e-08
5.0481e-05	1.2396e-08
5.0703e-05	1.2396e-08
5.0925e-05	1.2396e-08
5.1148e-05	1.2396e-08
5.1373e-05	1.2396e-08
5.1598e-05	1.2396e-08
5.1824e-05	1.2396e-08
5.2052e-05	1.2396e-08
5.2280e-05	1.2396e-08
5.2510e-05	1.2396e-08
5.2740e-05	1.2396e-08
5.2971e-05	1.2396e-08
5.3204e-05	1.2396e-08
5.3437e-05	1.2396e-08
5.3671e-05	1.2396e-08
5.3907e-05	1.2396e-08
5.4143e-05	1.2396e-08
5.4381e-05	1.2396e-08
5.4619e-05	1.2395e-08
5.4859e-05	1.2395e-08
5.5100e-05	1.2395e-08
5.5341e-05	1.2395e-08
5.5584e-05	1.2395e-08
5.5828e-05	1.2395e-08
5.6073e-05	1.2395e-08
5.6319e-05	1.2395e-08
5.6566e-05	1.2395e-08
5.6814e-05	1.2395e-08
5.7063e-05	1.2395e-08
5.7314e-05	1.2395e-08
5.7565e-05	1.2395e-08
5.7818e-05	1.2395e-08
5.8071e-05	1.2395e-08
5.8326e-05	1.2395e-08
5.8582e-05	1.2395e-08
5.8839e-05	1.2395e-08
5.9097e-05	1.2394e-08
5.9356e-05	1.2394e-08
5.9617e-05	1.2394e-08
5.9878e-05	1.2394e-08
6.0141e-05	1.2394e-08
6.0405e-05	1.2394e-08
6.0670e-05	1.2394e-08
6.0936e-05	1.2394e-08
6.1203e-05	1.2394e-08
6.1471e-05	1.2394e-08
6.1741e-05	1.2394e-08
6.2012e-05	1.2394e-08
6.2284e-05	1.2394e-08
6.2557e-05	1.2394e-08
6.2832e-05	1.2394e-08
6.3107e-05	1.2394e-08
6.3384e-05	1.2394e-08
6.3662e-05	1.2394e-08
6.3941e-05	1.2394e-08
6.4222e-05	1.2393e-08
6.4504e-05	1.2393e-08
6.4787e-05	1.2393e-08
6.5071e-05	1.2393e-08
6.5356e-05	1.2393e-08
6.5643e-05	1.2393e-08
6.5931e-05	1.2393e-08
6.6220e-05	1.2393e-08
6.6511e-05	1.2393e-08
6.6802e-05	1.2393e-08
6.7095e-05	1.2393e-08
6.7390e-05	1.2393e-08
6.7685e-05	1.2393e-08
6.7982e-05	1.2393e-08
6.8281e-05	1.2393e-08
6.8580e-05	1.2393e-08
6.8881e-05	1.2393e-08
6.9183e-05	1.2393e-08
6.9487e-05	1.2392e-08
6.9791e-05	1.2392e-08
7.0098e-05	1.2392e-08
7.0405e-05	1.2392e-08
7.0714e-05	1.2392e-08
7.1024e-05	1.2392e-08
7.1336e-05	1.2392e-08
7.1649e-05	1.2392e-08
7.1963e-05	1.2392e-08
7.2279e-05	1.2392e-08
7.2596e-05	1.2392e-08
7.2914e-05	1.2392e-08
7.3234e-05	1.2392e-08
7.3555e-05	1.2392e-08
7.3878e-05	1.2392e-08
7.4202e-05	1.2392e-08
7.4528e-05	1.2392e-08
7.4855e-05	1.2392e-08
7.5183e-05	1.2391e-08
7.5513e-05	1.2391e-08
7.5844e-05	1.2391e-08
7.6177e-05	1.2391e-08
7.6511e-05	1.2391e-08
7.6846e-05	1.2391e-08
7.7184e-05	1.2391e-08
7.7522e-05	1.2391e-08
7.7862e-05	1.2391e-08
7.8204e-05	1.2391e-08
7.8547e-05	1.2391e-08
7.8891e-05	1.2391e-08
7.9238e-05	1.2391e-08
7.9585e-05	1.2391e-08
7.9934e-05	1.2391e-08
8.0285e-05	1.2391e-08
8.0637e-05	1.2391e-08
8.0991e-05	1.2391e-08
8.1346e-05	1.2391e-08
8.1703e-05	1.2390e-08
8.2061e-05	1.2390e-08
8.2421e-05	1.2390e-08
8.2783e-05	1.2390e-08
8.3146e-05	1.2390e-08
8.3511e-05	1.2390e-08
8.3877e-05	1.2390e-08
8.4245e-05	1.2390e-08
8.4615e-05	1.2390e-08
8.4986e-05	1.2390e-08
8.5359e-05	1.2390e-08
8.5733e-05	1.2390e-08
8.6109e-05	1.2390e-08
8.6487e-05	1.2390e-08
8.6866e-05	1.2390e-08
8.7247e-05	1.2390e-08
8.7630e-05	1.2390e-08
8.8015e-05	1.2390e-08
8.8401e-05	1.2389e-08
8.8789e-05	1.2389e-08
8.9178e-05	1.2389e-08
8.9569e-05	1.2389e-08
8.9962e-05	1.2389e-08
9.0357e-05	1.2389e-08
9.0753e-05	1.2389e-08
9.1151e-05	1.2389e-08
9.1551e-05	1.2389e-08
9.1953e-05	1.2389e-08
9.2356e-05	1.2389e-08
9.2761e-05	1.2389e-08
9.3168e-05	1.2389e-08
9.3577e-05	1.2389e-08
9.3987e-05	1.2389e-08
9.4400e-05	1.2389e-08
9.4814e-05	1.2389e-08
9.5230e-05	1.2389e-08
9.5647e-05	1.2389e-08
9.6067e-05	1.2388e-08
9.6488e-05	1.2388e-08
9.6912e-05	1.2388e-08
9.7337e-05	1.2388e-08
9.7764e-05	1.2388e-08
9.8193e-05	1.2388e-08
9.8624e-05	1.2388e-08
9.9056e-05	1.2388e-08
9.9491e-05	1.2388e-08
9.9927e-05	1.2388e-08
1.0037e-04	1.2388e-08
1.0081e-04	1.2388e-08
1.0125e-04	1.2388e-08
1.0169e-04	1.2388e-08
1.0214e-04	1.2388e-08
1.0259e-04	1.2388e-08
1.0304e-04	1.2388e-08
1.0349e-04	1.2388e-08
1.0394e-04	1.2387e-08
1.0440e-04	1.2387e-08
1.0486e-04	1.2387e-08
1.0532e-04	1.2387e-08
1.0578e-04	1.2387e-08
1.0624e-04	1.2387e-08
1.0671e-04	1.2387e-08
1.0718e-04	1.2387e-08
1.0765e-04	1.2387e-08
1.0812e-04	1.2387e-08
1.0859e-04	1.2387e-08
1.0907e-04	1.2387e-08
1.0955e-04	1.2387e-08
1.1003e-04	1.2387e-08
1.1051e-04	1.2387e-08
1.1100e-04	1.2387e-08
1.1148e-04	1.2387e-08
1.1197e-04	1.2387e-08
1.1246e-04	1.2387e-08
1.1296e-04	1.2386e-08
1.1345e-04	1.2386e-08
1.1395e-04	1.2386e-08
1.1445e-04	1.2386e-08
1.1495e-04	1.2386e-08
1.1546e-04	1.2386e-08
1.1596e-04	1.2386e-08
1.1647e-04	1.2386e-08
1.1698e-04	1.2386e-08
1.1750e-04	1.2386e-08
1.1801e-04	1.2386e-08
1.1853e-04	1.2386e-08
1.1905e-04	1.2386e-08
1.1957e-04	1.2386e-08
1.2010e-04	1.2386e-08
1.2062e-04	1.2386e-08
1.2115e-04	1.2386e-08
1.2168e-04	1.2386e-08
1.2222e-04	1.2385e-08
1.2275e-04	1.2385e-08
1.2329e-04	1.2385e-08
1.2383e-04	1.2385e-08
1.2437e-04	1.2385e-08
1.2492e-04	1.2385e-08
1.2547e-04	1.2385e-08
1.2602e-04	1.2385e-08
1.2657e-04	1.2385e-08
1.2713e-04	1.2385e-08
1.2768e-04	1.2385e-08
1.2824e-04	1.2385e-08
1.2881e-04	1.2385e-08
1.2937e-04	1.2385e-08
1.2994e-04	1.2385e-08
1.3051e-04	1.2385e-08
1.3108e-04	1.2385e-08
1.3166e-04	1.2385e-08
1.3224e-04	1.2385e-08
1.3282e-04	1.2384e-08
1.3340e-04	1.2384e-08
1.3398e-04	1.2384e-08
1.3457e-04	1.2384e-08
1.3516e-04	1.2384e-08
1.3575e-04	1.2384e-08
1.3635e-04	1.2384e-08
1.3695e-04	1.2384e-08
1.3755e-04	1.2384e-08
1.3815e-04	1.2384e-08
1.3876e-04	1.2384e-08
1.3937e-04	1.2384e-08
1.3998e-04	1.2384e-08
1.4059e-04	1.2384e-08
1.4121e-04	1.2384e-08
1.4183e-04	1.2384e-08
1.4245e-04	1.2384e-08
1.4308e-04	1.2384e-08
1.4370e-04	1.2383e-08
1.4433e-04	1.2383e-08
1.4497e-04	1.2383e-08
1.4560e-04	1.2383e-08
1.4624e-04	1.2383e-08
1.4688e-04	1.2383e-08
1.4753e-04	1.2383e-08
1.4817e-04	1.2383e-08
1.4882e-04	1.2383e-08
1.4948e-04	1.2383e-08
1.5013e-04	1.2383e-08
1.5079e-04	1.2383e-08
1.5145e-04	1.2383e-08
1.5212e-04	1.2383e-08
1.5278e-04	1.2383e-08
1.5345e-04	1.2383e-08
1.5413e-04	1.2383e-08
1.5480e-04	1.2383e-08
1.5548e-04	1.2382e-08
1.5617e-04	1.2382e-08
1.5685e-04	1.2382e-08
1.5754e-04	1.2382e-08
1.5823e-04	1.2382e-08
1.5892e-04	1.2382e-08
1.5962e-04	1.2382e-08
1.6032e-04	1.2382e-08
1.6102e-04	1.2382e-08
1.6173e-04	1.2382e-08
1.6244e-04	1.2382e-08
1.6315e-04	1.2382e-08
1.6387e-04	1.2382e-08
1.6459e-04	1.2382e-08
1.6531e-04	1.2382e-08
1.6603e-04	1.2382e-08
1.6676e-04	1.2382e-08
1.6749e-04	1.2382e-08
1.6823e-04	1.2382e-08
1.6897e-04	1.2381e-08
1.6971e-04	1.2381e-08
1.7045e-04	1.2381e-08
1.7120e-04	1.2381e-08
1.7195e-04	1.2381e-08
1.7271e-04	1.2381e-08
1.7346e-04	1.2381e-08
1.7422e-04	1.2381e-08
1.7499e-04	1.2381e-08
1.7576e-04	1.2381e-08
1.7653e-04	1.2381e-08
1.7730e-04	1.2381e-08
1.7808e-04	1.2381e-08
1.7886e-04	1.2381e-08
1.7965e-04	1.2381e-08
1.8043e-04	1.2381e-08
1.8123e-04	1.2381e-08
1.8202e-04	1.2381e-08
1.8282e-04	1.2380e-08
1.8362e-04	1.2380e-08
1.8443e-04	1.2380e-08
1.8524e-04	1.2380e-08
1.8605e-04	1.2380e-08
1.8686e-04	1.2380e-08
1.8768e-04	1.2380e-08
1.8851e-04	1.2380e-08
1.8933e-04	1.2380e-08
1.9016e-04	1.2380e-08
1.9100e-04	1.2380e-08
1.9184e-04	1.2380e-08
1.9268e-04	1.2380e-08
1.9352e-04	1.2380e-08
1.9437e-04	1.2380e-08
1.9522e-04	1.2380e-08
1.9608e-04	1.2380e-08
1.9694e-04	1.2380e-08
1.9781e-04	1.2380e-08
1.9867e-04	1.2379e-08
1.9954e-04	1.2379e-08
2.0042e-04	1.2379e-08
2.0130e-04	1.2379e-08
2.0218e-04	1.2379e-08
2.0307e-04	1.2379e-08
2.0396e-04	1.2379e-08
2.0485e-04	1.2379e-08
2.0575e-04	1.2379e-08
2.0666e-04	1.2379e-08
2.0756e-04	1.2379e-08
2.0847e-04	1.2379e-08
2.0939e-04	1.2379e-08
2.1031e-04	1.2379e-08
2.1123e-04	1.2379e-08
2.1216e-04	1.2379e-08
2.1309e-04	1.2379e-08
2.1402e-04	1.2379e-08
2.1496e-04	1.2378e-08
2.1590e-04	1.2378e-08
2.1685e-04	1.2378e-08
2.1780e-04	1.2378e-08
2.1876e-04	1.2378e-08
2.1972e-04	1.2378e-08
2.2068e-04	1.2378e-08
2.2165e-04	1.2378e-08
2.2262e-04	1.2378e-08
2.2360e-04	1.2378e-08
2.2458e-04	1.2378e-08
2.2556e-04	1.2378e-08
2.2655e-04	1.2378e-08
2.2755e-04	1.2378e-08
2.2854e-04	1.2378e-08
2.2955e-04	1.2378e-08
2.3055e-04	1.2378e-08
2.3157e-04	1.2378e-08
2.3258e-04	1.2378e-08
2.3360e-04	1.2377e-08
2.3463e-04	1.2377e-08
2.3566e-04	1.2377e-08
2.3669e-04	1.2377e-08
2.3773e-04	1.2377e-08
2.3877e-04	1.2377e-08
2.3982e-04	1.2377e-08
2.4087e-04	1.2377e-08
2.4193e-04	1.2377e-08
2.4299e-04	1.2377e-08
2.4405e-04	1.2377e-08
2.4512e-04	1.2377e-08
2.4620e-04	1.2377e-08
2.4728e-04	1.2377e-08
2.4836e-04	1.2377e-08
2.4945e-04	1.2377e-08
2.5055e-04	1.2377e-08
2.5165e-04	1.2377e-08
2.5275e-04	1.2376e-08
2.5386e-04	1.2376e-08
2.5497e-04	1.2376e-08
2.5609e-04	1.2376e-08
2.5722e-04	1.2376e-08
2.5834e-04	1.2376e-08
2.5948e-04	1.2376e-08
2.6062e-04	1.2376e-08
2.6176e-04	1.2376e-08
2.6291e-04	1.2376e-08
2.6406e-04	1.2376e-08
2.6522e-04	1.2376e-08
2.6638e-04	1.2376e-08
2.6755e-04	1.2376e-08
2.6872e-04	1.2376e-08
2.6990e-04	1.2376e-08
2.7109e-04	1.2376e-08
2.7228e-04	1.2376e-08
2.7347e-04	1.2376e-08
2.7467e-04	1.2375e-08
2.7588e-04	1.2375e-08
2.7709e-04	1.2375e-08
2.7830e-04	1.2375e-08
2.7952e-04	1.2375e-08
2.8075e-04	1.2375e-08
2.8198e-04	1.2375e-08
2.8322e-04	1.2375e-08
2.8446e-04	1.2375e-08
2.8571e-04	1.2375e-08
2.8696e-04	1.2375e-08
2.8822e-04	1.2375e-08
2.8948e-04	1.2375e-08
2.9075e-04	1.2375e-08
2.9203e-04	1.2375e-08
2.9331e-04	1.2375e-08
2.9460e-04	1.2375e-08
2.9589e-04	1.2375e-08
2.9719e-04	1.2374e-08
2.9849e-04	1.2374e-08
2.9980e-04	1.2374e-08
3.0112e-04	1.2374e-08
3.0244e-04	1.2374e-08
3.0376e-04	1.2374e-08
3.0510e-04	1.2374e-08
3.0643e-04	1.2374e-08
3.0778e-04	1.2374e-08
3.0913e-04	1.2374e-08
3.1048e-04	1.2374e-08
3.1185e-04	1.2374e-08
3.1321e-04	1.2374e-08
3.1459e-04	1.2374e-08
3.1597e-04	1.2374e-08
3.1735e-04	1.2374e-08
3.1875e-04	1.2374e-08
3.2015e-04	1.2374e-08
3.2155e-04	1.2374e-08
3.2296e-04	1.2373e-08
3.2438e-04	1.2373e-08
3.2580e-04	1.2373e-08
3.2723e-04	1.2373e-08
3.2866e-04	1.2373e-08
3.3011e-04	1.2373e-08
3.3155e-04	1.2373e-08
3.3301e-04	1.2373e-08
3.3447e-04	1.2373e-08
3.3594e-04	1.2373e-08
3.3741e-04	1.2373e-08
3.3889e-04	1.2373e-08
3.4038e-04	1.2373e-08
3.4187e-04	1.2373e-08
3.4337e-04	1.2373e-08
3.4488e-04	1.2373e-08
3.4639e-04	1.2373e-08
3.4791e-04	1.2373e-08
3.4944e-04	1.2372e-08
3.5097e-04	1.2372e-08
3.5251e-04	1.2372e-08
3.5405e-04	1.2372e-08
3.5561e-04	1.2372e-08
3.5717e-04	1.2372e-08
3.5873e-04	1.2372e-08
3.6031e-04	1.2372e-08
3.6189e-04	1.2372e-08
3.6348e-04	1.2372e-08
3.6507e-04	1.2372e-08
3.6667e-04	1.2372e-08
3.6828e-04	1.2372e-08
3.6990e-04	1.2372e-08
3.7152e-04	1.2372e-08
3.7315e-04	1.2372e-08
3.7479e-04	1.2372e-08
3.7643e-04	1.2372e-08
3.7808e-04	1.2372e-08
3.7974e-04	1.2371e-08
3.8141e-04	1.2371e-08
3.8308e-04	1.2371e-08
3.8476e-04	1.2371e-08
3.8645e-04	1.2371e-08
3.8814e-04	1.2371e-08
3.8984e-04	1.2371e-08
3.9155e-04	1.2371e-08
3.9327e-04	1.2371e-08
3.9500e-04	1.2371e-08
3.9673e-04	1.2371e-08
3.9847e-04	1.2371e-08
4.0022e-04	1.2371e-08
4.0197e-04	1.2371e-08
4.0374e-04	1.2371e-08
4.0551e-04	1.2371e-08
4.0729e-04	1.2371e-08
4.0907e-04	1.2371e-08
4.1087e-04	1.2370e-08
4.1267e-04	1.2370e-08
4.1448e-04	1.2370e-08
4.1630e-04	1.2370e-08
4.1813e-04	1.2370e-08
4.1996e-04	1.2370e-08
4.2180e-04	1.2370e-08
4.2365e-04	1.2370e-08
4.2551e-04	1.2370e-08
4.2738e-04	1.2370e-08
4.2925e-04	1.2370e-08
4.3114e-04	1.2370e-08
4.3303e-04	1.2370e-08
4.3493e-04	1.2370e-08
4.3683e-04	1.2370e-08
4.3875e-04	1.2370e-08
4.4068e-04	1.2370e-08
4.4261e-04	1.2370e-08
4.4455e-04	1.2369e-08
4.4650e-04	1.2369e-08
4.4846e-04	1.2369e-08
4.5043e-04	1.2369e-08
4.5240e-04	1.2369e-08
4.5439e-04	1.2369e-08
4.5638e-04	1.2369e-08
4.5838e-04	1.2369e-08
4.6039e-04	1.2369e-08
4.6241e-04	1.2369e-08
4.6444e-04	1.2369e-08
4.6648e-04	1.2369e-08
4.6853e-04	1.2369e-08
4.7058e-04	1.2369e-08
4.7264e-04	1.2369e-08
4.7472e-04	1.2369e-08
4.7680e-04	1.2369e-08
4.7889e-04	1.2369e-08
4.8099e-04	1.2369e-08
4.8310e-04	1.2368e-08
4.8522e-04	1.2368e-08
4.8735e-04	1.2368e-08
4.8949e-04	1.2368e-08
4.9164e-04	1.2368e-08
4.9379e-04	1.2368e-08
4.9596e-04	1.2368e-08
4.9813e-04	1.2368e-08
5.0032e-04	1.2368e-08
5.0251e-04	1.2368e-08
5.0472e-04	1.2368e-08
5.0693e-04	1.2368e-08
5.0916e-04	1.2368e-08
5.1139e-04	1.2368e-08
5.1363e-04	1.2368e-08
5.1589e-04	1.2368e-08
5.1815e-04	1.2368e-08
5.2042e-04	1.2368e-08
5.2271e-04	1.2367e-08
5.2500e-04	1.2367e-08
5.2730e-04	1.2367e-08
5.2962e-04	1.2367e-08
5.3194e-04	1.2367e-08
5.3427e-04	1.2367e-08
5.3662e-04	1.2367e-08
5.3897e-04	1.2367e-08
5.4133e-04	1.2367e-08
5.4371e-04	1.2367e-08
5.4609e-04	1.2367e-08
5.4849e-04	1.2367e-08
5.5090e-04	1.2367e-08
5.5331e-04	1.2367e-08
5.5574e-04	1.2367e-08
5.5818e-04	1.2367e-08
5.6063e-04	1.2367e-08
5.6309e-04	1.2367e-08
5.6556e-04	1.2367e-08
5.6804e-04	1.2366e-08
5.7053e-04	1.2366e-08
5.7303e-04	1.2366e-08
5.7555e-04	1.2366e-08
5.7807e-04	1.2366e-08
5.8061e-04	1.2366e-08
5.8315e-04	1.2366e-08
5.8571e-04	1.2366e-08
5.8828e-04	1.2366e-08
5.9086e-04	1.2366e-08
5.9345e-04	1.2366e-08
5.9606e-04	1.2366e-08
5.9867e-04	1.2366e-08
6.0130e-04	1.2366e-08
6.0394e-04	1.2366e-08
6.0658e-04	1.2366e-08
6.0925e-04	1.2366e-08
6.1192e-04	1.2366e-08
6.1460e-04	1.2365e-08
6.1730e-04	1.2365e-08
6.2001e-04	1.2365e-08
6.2273e-04	1.2365e-08
6.2546e-04	1.2365e-08
6.2820e-04	1.2365e-08
6.3096e-04	1.2365e-08
6.3373e-04	1.2365e-08
6.3651e-04	1.2365e-08
6.3930e-04	1.2365e-08
6.4210e-04	1.2365e-08
6.4492e-04	1.2365e-08
6.4775e-04	1.2365e-08
6.5059e-04	1.2365e-08
6.5344e-04	1.2365e-08
6.5631e-04	1.2365e-08
6.5919e-04	1.2365e-08
6.6208e-04	1.2365e-08
6.6499e-04	1.2365e-08
6.6790e-04	1.2364e-08
6.7083e-04	1.2364e-08
6.7378e-04	1.2364e-08
6.7673e-04	1.2364e-08
6.7970e-04	1.2364e-08
6.8268e-04	1.2364e-08
6.8568e-04	1.2364e-08
6.8868e-04	1.2364e-08
6.9171e-04	1.2364e-08
6.9474e-04	1.2364e-08
6.9779e-04	1.2364e-08
7.0085e-04	1.2364e-08
7.0392e-04	1.2364e-08
7.0701e-04	1.2364e-08
7.1011e-04	1.2364e-08
7.1323e-04	1.2364e-08
7.1636e-04	1.2364e-08
7.1950e-04	1.2364e-08
7.2266e-04	1.2363e-08
7.2583e-04	1.2363e-08
7.2901e-04	1.2363e-08
7.3221e-04	1.2363e-08
7.3542e-04	1.2363e-08
7.3865e-04	1.2363e-08
7.4189e-04	1.2363e-08
7.4514e-04	1.2363e-08
7.4841e-04	1.2363e-08
7.5169e-04	1.2363e-08
7.5499e-04	1.2363e-08
7.5830e-04	1.2363e-08
7.6163e-04	1.2363e-08
7.6497e-04	1.2363e-08
7.6832e-04	1.2363e-08
7.7170e-04	1.2363e-08
7.7508e-04	1.2363e-08
7.7848e-04	1.2363e-08
7.8190e-04	1.2363e-08
7.8533e-04	1.2362e-08
7.8877e-04	1.2362e-08
7.9223e-04	1.2362e-08
7.9571e-04	1.2362e-08
7.9920e-04	1.2362e-08
8.0270e-04	1.2362e-08
8.0622e-04	1.2362e-08
8.0976e-04	1.2362e-08
8.1331e-04	1.2362e-08
8.1688e-04	1.2362e-08
8.2046e-04	1.2362e-08
8.2406e-04	1.2362e-08
8.2768e-04	1.2362e-08
8.3131e-04	1.2362e-08
8.3496e-04	1.2362e-08
8.3862e-04	1.2362e-08
8.4230e-04	1.2362e-08
8.4599e-04	1.2362e-08
8.4970e-04	1.2362e-08
8.5343e-04	1.2362e-08
8.5718e-04	1.2362e-08
8.6094e-04	1.2362e-08
8.6471e-04	1.2361e-08
8.6851e-04	1.2361e-08
8.7232e-04	1.2361e-08
8.7614e-04	1.2361e-08
8.7999e-04	1.2361e-08
8.8385e-04	1.2361e-08
8.8772e-04	1.2361e-08
8.9162e-04	1.2361e-08
8.9553e-04	1.2361e-08
8.9946e-04	1.2361e-08
9.0340e-04	1.2361e-08
9.0737e-04	1.2361e-08
9.1135e-04	1.2361e-08
9.1534e-04	1.2361e-08
9.1936e-04	1.2361e-08
9.2339e-04	1.2361e-08
9.2744e-04	1.2361e-08
9.3151e-04	1.2361e-08
9.3560e-04	1.2361e-08
9.3970e-04	1.2361e-08
9.4382e-04	1.2361e-08
9.4797e-04	1.2360e-08
9.5212e-04	1.2360e-08
9.5630e-04	1.2360e-08
9.6050e-04	1.2360e-08
9.6471e-04	1.2360e-08
9.6894e-04	1.2360e-08
9.7319e-04	1.2360e-08
9.7746e-04	1.2360e-08
9.8175e-04	1.2360e-08
9.8606e-04	1.2360e-08
9.9038e-04	1.2360e-08
9.9473e-04	1.2360e-08
9.9909e-04	1.2359e-08
1.0035e-03	1.2359e-08
1.0079e-03	1.2359e-08
1.0123e-03	1.2359e-08
1.0167e-03	1.2359e-08
1.0212e-03	1.2359e-08
1.0257e-03	1.2358e-08
1.0302e-03	1.2358e-08
1.0347e-03	1.2358e-08
1.0392e-03	1.2357e-08
1.0438e-03	1.2357e-08
1.0484e-03	1.2356e-08
1.0530e-03	1.2356e-08
1.0576e-03	1.2355e-08
1.0622e-03	1.2355e-08
1.0669e-03	1.2354e-08
1.0716e-03	1.2353e-08
1.0763e-03	1.2353e-08
1.0810e-03	1.2352e-08
1.0857e-03	1.2352e-08
1.0905e-03	1.2351e-08
1.0953e-03	1.2350e-08
1.1001e-03	1.2349e-08
1.1049e-03	1.2349e-08
1.1098e-03	1.2348e-08
1.1146e-03	1.2347e-08
1.1195e-03	1.2346e-08
1.1244e-03	1.2346e-08
1.1294e-03	1.2345e-08
1.1343e-03	1.2344e-08
1.1393e-03	1.2343e-08
1.1443e-03	1.2342e-08
1.1493e-03	1.2342e-08
1.1543e-03	1.2341e-08
1.1594e-03	1.2340e-08
1.1645e-03	1.2339e-08
1.1696e-03	1.2338e-08
1.1747e-03	1.2337e-08
1.1799e-03	1.2337e-08
1.1851e-03	1.2336e-08
1.1903e-03	1.2335e-08
1.1955e-03	1.2334e-08
1.2007e-03	1.2333e-08
1.2060e-03	1.2333e-08
1.2113e-03	1.2332e-08
1.2166e-03	1.2331e-08
1.2219e-03	1.2330e-08
1.2273e-03	1.2329e-08
1.2327e-03	1.2329e-08
1.2381e-03	1.2328e-08
1.2435e-03	1.2327e-08
1.2490e-03	1.2327e-08
1.2545e-03	1.2326e-08
1.2600e-03	1.2325e-08
1.2655e-03	1.2325e-08
1.2710e-03	1.2324e-08
1.2766e-03	1.2323e-08
1.2822e-03	1.2323e-08
1.2878e-03	1.2322e-08
1.2935e-03	1.2321e-08
1.2992e-03	1.2321e-08
1.3049e-03	1.2320e-08
1.3106e-03	1.2319e-08
1.3163e-03	1.2319e-08
1.3221e-03	1.2318e-08
1.3279e-03	1.2317e-08
1.3337e-03	1.2317e-08
1.3396e-03	1.2316e-08
1.3455e-03	1.2316e-08
1.3514e-03	1.2315e-08
1.3573e-03	1.2314e-08
1.3632e-03	1.2314e-08
1.3692e-03	1.2313e-08
1.3752e-03	1.2312e-08
1.3813e-03	1.2312e-08
1.3873e-03	1.2311e-08
1.3934e-03	1.2310e-08
1.3995e-03	1.2310e-08
1.4057e-03	1.2309e-08
1.4118e-03	1.2308e-08
1.4180e-03	1.2308e-08
1.4242e-03	1.2307e-08
1.4305e-03	1.2306e-08
1.4368e-03	1.2306e-08
1.4431e-03	1.2305e-08
1.4494e-03	1.2305e-08
1.4558e-03	1.2304e-08
1.4621e-03	1.2303e-08
1.4686e-03	1.2303e-08
1.4750e-03	1.2302e-08
1.4815e-03	1.2301e-08
1.4880e-03	1.2301e-08
1.4945e-03	1.2300e-08
1.5011e-03	1.2299e-08
1.5076e-03	1.2299e-08
1.5143e-03	1.2298e-08
1.5209e-03	1.2297e-08
1.5276e-03	1.2297e-08
1.5343e-03	1.2296e-08
1.5410e-03	1.2296e-08
1.5478e-03	1.2295e-08
1.5545e-03	1.2294e-08
1.5614e-03	1.2294e-08
1.5682e-03	1.2293e-08
1.5751e-03	1.2292e-08
1.5820e-03	1.2292e-08
1.5889e-03	1.2291e-08
1.5959e-03	1.2290e-08
1.6029e-03	1.2290e-08
1.6099e-03	1.2289e-08
1.6170e-03	1.2288e-08
1.6241e-03	1.2288e-08
1.6312e-03	1.2287e-08
1.6384e-03	1.2286e-08
1.6456e-03	1.2286e-08
1.6528e-03	1.2285e-08
1.6600e-03	1.2285e-08
1.6673e-03	1.2284e-08
1.6746e-03	1.2283e-08
1.6820e-03	1.2283e-08
1.6894e-03	1.2282e-08
1.6968e-03	1.2281e-08
1.7042e-03	1.2281e-08
1.7117e-03	1.2280e-08
1.7192e-03	1.2279e-08
1.7267e-03	1.2279e-08
1.7343e-03	1.2278e-08
1.7419e-03	1.2277e-08
1.7496e-03	1.2277e-08
1.7572e-03	1.2276e-08
1.7650e-03	1.2276e-08
1.7727e-03	1.2275e-08
1.7805e-03	1.2274e-08
1.7883e-03	1.2274e-08
1.7961e-03	1.2273e-08
1.8040e-03	1.2272e-08
1.8119e-03	1.2272e-08
1.8199e-03	1.2271e-08
1.8279e-03	1.2270e-08
1.8359e-03	1.2270e-08
1.8439e-03	1.2269e-08
1.8520e-03	1.2268e-08
1.8601e-03	1.2268e-08
1.8683e-03	1.2267e-08
1.8765e-03	1.2266e-08
1.8847e-03	1.2266e-08
1.8930e-03	1.2265e-08
1.9013e-03	1.2265e-08
1.9096e-03	1.2264e-08
1.9180e-03	1.2263e-08
1.9264e-03	1.2263e-08
1.9349e-03	1.2262e-08
1.9434e-03	1.2261e-08
1.9519e-03	1.2261e-08
1.9605e-03	1.2260e-08
1.9691e-03	1.2259e-08
1.9777e-03	1.2259e-08
1.9864e-03	1.2258e-08
1.9951e-03	1.2257e-08
2.0038e-03	1.2257e-08
2.0126e-03	1.2256e-08
2.0215e-03	1.2256e-08
2.0303e-03	1.2255e-08
2.0392e-03	1.2254e-08
2.0482e-03	1.2254e-08
2.0572e-03	1.2253e-08
2.0662e-03	1.2252e-08
2.0752e-03	1.2252e-08
2.0844e-03	1.2251e-08
2.0935e-03	1.2250e-08
2.1027e-03	1.2250e-08
2.1119e-03	1.2249e-08
2.1212e-03	1.2248e-08
2.1305e-03	1.2248e-08
2.1398e-03	1.2247e-08
2.1492e-03	1.2247e-08
2.1586e-03	1.2246e-08
2.1681e-03	1.2245e-08
2.1776e-03	1.2245e-08
2.1872e-03	1.2244e-08
2.1968e-03	1.2243e-08
2.2064e-03	1.2243e-08
2.2161e-03	1.2242e-08
2.2258e-03	1.2241e-08
2.2356e-03	1.2241e-08
2.2454e-03	1.2240e-08
2.2552e-03	1.2239e-08
2.2651e-03	1.2239e-08
2.2750e-03	1.2238e-08
2.2850e-03	1.2238e-08
2.2951e-03	1.2237e-08
2.3051e-03	1.2236e-08
2.3152e-03	1.2236e-08
2.3254e-03	1.2235e-08
2.3356e-03	1.2234e-08
2.3458e-03	1.2234e-08
2.3561e-03	1.2233e-08
2.3665e-03	1.2232e-08
2.3768e-03	1.2232e-08
2.3873e-03	1.2231e-08
2.3977e-03	1.2230e-08
2.4083e-03	1.2230e-08
2.4188e-03	1.2229e-08
2.4294e-03	1.2229e-08
2.4401e-03	1.2228e-08
2.4508e-03	1.2227e-08
2.4615e-03	1.2227e-08
2.4723e-03	1.2226e-08
2.4832e-03	1.2225e-08
2.4941e-03	1.2225e-08
2.5050e-03	1.2224e-08
2.5160e-03	1.2223e-08
2.5271e-03	1.2223e-08
2.5381e-03	1.2222e-08
2.5493e-03	1.2222e-08
2.5605e-03	1.2221e-08
2.5717e-03	1.2220e-08
2.5830e-03	1.2220e-08
2.5943e-03	1.2219e-08
2.6057e-03	1.2219e-08
2.6171e-03	1.2218e-08
2.6286e-03	1.2218e-08
2.6401e-03	1.2217e-08
2.6517e-03	1.2217e-08
2.6633e-03	1.2216e-08
2.6750e-03	1.2216e-08
2.6868e-03	1.2215e-08
2.6985e-03	1.2215e-08
2.7104e-03	1.2214e-08
2.7223e-03	1.2214e-08
2.7342e-03	1.2213e-08
2.7462e-03	1.2213e-08
2.7583e-03	1.2212e-08
2.7704e-03	1.2212e-08
2.7825e-03	1.2211e-08
2.7947e-03	1.2211e-08
2.8070e-03	1.2210e-08
2.8193e-03	1.2210e-08
2.8317e-03	1.2209e-08
2.8441e-03	1.2209e-08
2.8566e-03	1.2208e-08
2.8691e-03	1.2208e-08
2.8817e-03	1.2207e-08
2.8943e-03	1.2206e-08
2.9070e-03	1.2206e-08
2.9198e-03	1.2205e-08
2.9326e-03	1.2204e-08
2.9454e-03	1.2204e-08
2.9584e-03	1.2203e-08
2.9713e-03	1.2202e-08
2.9844e-03	1.2202e-08
2.9975e-03	1.2201e-08
3.0106e-03	1.2200e-08
3.0238e-03	1.2199e-08
3.0371e-03	1.2199e-08
3.0504e-03	1.2198e-08
3.0638e-03	1.2197e-08
3.0772e-03	1.2196e-08
3.0907e-03	1.2195e-08
3.1043e-03	1.2194e-08
3.1179e-03	1.2193e-08
3.1316e-03	1.2192e-08
3.1453e-03	1.2191e-08
3.1591e-03	1.2190e-08
3.1730e-03	1.2189e-08
3.1869e-03	1.2188e-08
3.2009e-03	1.2186e-08
3.2149e-03	1.2184e-08
3.2290e-03	1.2182e-08
3.2432e-03	1.2180e-08
3.2574e-03	1.2178e-08
3.2717e-03	1.2176e-08
3.2860e-03	1.2173e-08
3.3005e-03	1.2170e-08
3.3149e-03	1.2167e-08
3.3295e-03	1.2164e-08
3.3441e-03	1.2161e-08
3.3588e-03	1.2158e-08
3.3735e-03	1.2154e-08
3.3883e-03	1.2151e-08
3.4032e-03	1.2147e-08
3.4181e-03	1.2143e-08
3.4331e-03	1.2139e-08
3.4481e-03	1.2135e-08
3.4633e-03	1.2131e-08
3.4785e-03	1.2127e-08
3.4937e-03	1.2123e-08
3.5090e-03	1.2118e-08
3.5244e-03	1.2114e-08
3.5399e-03	1.2110e-08
3.5554e-03	1.2105e-08
3.5710e-03	1.2101e-08
3.5867e-03	1.2096e-08
3.6024e-03	1.2091e-08
3.6182e-03	1.2087e-08
3.6341e-03	1.2082e-08
3.6500e-03	1.2077e-08
3.6661e-03	1.2073e-08
3.6821e-03	1.2068e-08
3.6983e-03	1.2063e-08
3.7145e-03	1.2058e-08
3.7308e-03	1.2054e-08
3.7472e-03	1.2049e-08
3.7636e-03	1.2044e-08
3.7801e-03	1.2040e-08
3.7967e-03	1.2035e-08
3.8134e-03	1.2031e-08
3.8301e-03	1.2026e-08
3.8469e-03	1.2022e-08
3.8638e-03	1.2017e-08
3.8807e-03	1.2013e-08
3.8977e-03	1.2009e-08
3.9148e-03	1.2005e-08
3.9320e-03	1.2001e-08
3.9493e-03	1.1997e-08
3.9666e-03	1.1993e-08
3.9840e-03	1.1989e-08
4.0015e-03	1.1985e-08
4.0190e-03	1.1981e-08
4.0366e-03	1.1978e-08
4.0543e-03	1.1974e-08
4.0721e-03	1.1970e-08
4.0900e-03	1.1966e-08
4.1079e-03	1.1962e-08
4.1260e-03	1.1959e-08
4.1441e-03	1.1955e-08
4.1622e-03	1.1951e-08
4.1805e-03	1.1947e-08
4.1988e-03	1.1944e-08
4.2173e-03	1.1940e-08
4.2358e-03	1.1936e-08
4.2543e-03	1.1932e-08
4.2730e-03	1.1929e-08
4.2917e-03	1.1925e-08
4.3106e-03	1.1921e-08
4.3295e-03	1.1917e-08
4.3485e-03	1.1914e-08
4.3676e-03	1.1910e-08
4.3867e-03	1.1906e-08
4.4060e-03	1.1902e-08
4.4253e-03	1.1899e-08
4.4447e-03	1.1895e-08
4.4642e-03	1.1891e-08
4.4838e-03	1.1887e-08
4.5034e-03	1.1884e-08
4.5232e-03	1.1880e-08
4.5430e-03	1.1876e-08
4.5630e-03	1.1872e-08
4.5830e-03	1.1869e-08
4.6031e-03	1.1865e-08
4.6233e-03	1.1861e-08
4.6436e-03	1.1857e-08
4.6639e-03	1.1854e-08
4.6844e-03	1.1850e-08
4.7049e-03	1.1846e-08
4.7256e-03	1.1842e-08
4.7463e-03	1.1839e-08
4.7671e-03	1.1835e-08
4.7881e-03	1.1831e-08
4.8091e-03	1.1827e-08
4.8302e-03	1.1824e-08
4.8513e-03	1.1820e-08
4.8726e-03	1.1816e-08
4.8940e-03	1.1813e-08
4.9155e-03	1.1809e-08
4.9370e-03	1.1805e-08
4.9587e-03	1.1801e-08
4.9804e-03	1.1798e-08
5.0023e-03	1.1794e-08
5.0242e-03	1.1790e-08
5.0463e-03	1.1787e-08
5.0684e-03	1.1783e-08
5.0906e-03	1.1779e-08
5.1130e-03	1.1775e-08
5.1354e-03	1.1772e-08
5.1579e-03	1.1768e-08
5.1806e-03	1.1764e-08
5.2033e-03	1.1761e-08
5.2261e-03	1.1757e-08
5.2490e-03	1.1753e-08
5.2721e-03	1.1749e-08
5.2952e-03	1.1746e-08
5.3184e-03	1.1742e-08
5.3418e-03	1.1738e-08
5.3652e-03	1.1735e-08
5.3887e-03	1.1731e-08
5.4124e-03	1.1727e-08
5.4361e-03	1.1724e-08
5.4599e-03	1.1720e-08
5.4839e-03	1.1716e-08
5.5080e-03	1.1712e-08
5.5321e-03	1.1709e-08
5.5564e-03	1.1705e-08
5.5808e-03	1.1701e-08
5.6052e-03	1.1698e-08
5.6298e-03	1.1694e-08
5.6545e-03	1.1690e-08
5.6793e-03	1.1687e-08
5.7042e-03	1.1683e-08
5.7293e-03	1.1679e-08
5.7544e-03	1.1676e-08
5.7796e-03	1.1672e-08
5.8050e-03	1.1668e-08
5.8305e-03	1.1665e-08
5.8560e-03	1.1661e-08
5.8817e-03	1.1657e-08
5.9075e-03	1.1654e-08
5.9335e-03	1.1650e-08
5.9595e-03	1.1646e-08
5.9856e-03	1.1643e-08
6.0119e-03	1.1639e-08
6.0383e-03	1.1635e-08
6.0647e-03	1.1632e-08
6.0913e-03	1.1628e-08
6.1181e-03	1.1624e-08
6.1449e-03	1.1621e-08
6.1719e-03	1.1617e-08
6.1989e-03	1.1613e-08
6.2261e-03	1.1610e-08
6.2534e-03	1.1606e-08
6.2809e-03	1.1602e-08
6.3084e-03	1.1599e-08
6.3361e-03	1.1595e-08
6.3639e-03	1.1591e-08
6.3918e-03	1.1588e-08
6.4199e-03	1.1584e-08
6.4480e-03	1.1580e-08
6.4763e-03	1.1577e-08
6.5047e-03	1.1573e-08
6.5332e-03	1.1569e-08
6.5619e-03	1.1566e-08
6.5907e-03	1.1562e-08
6.6196e-03	1.1558e-08
6.6486e-03	1.1555e-08
6.6778e-03	1.1551e-08
6.7071e-03	1.1548e-08
6.7365e-03	1.1544e-08
6.7661e-03	1.1540e-08
6.7958e-03	1.1537e-08
6.8256e-03	1.1533e-08
6.8555e-03	1.1529e-08
6.8856e-03	1.1526e-08
6.9158e-03	1.1522e-08
6.9461e-03	1.1518e-08
6.9766e-03	1.1515e-08
7.0072e-03	1.1511e-08
7.0379e-03	1.1508e-08
7.0688e-03	1.1504e-08
7.0998e-03	1.1500e-08
7.1310e-03	1.1497e-08
7.1623e-03	1.1493e-08
7.1937e-03	1.1489e-08
7.2252e-03	1.1486e-08
7.2569e-03	1.1482e-08
7.2888e-03	1.1479e-08
7.3207e-03	1.1475e-08
7.3529e-03	1.1471e-08
7.3851e-03	1.1468e-08
7.4175e-03	1.1464e-08
7.4500e-03	1.1461e-08
7.4827e-03	1.1457e-08
7.5156e-03	1.1453e-08
7.5485e-03	1.1450e-08
7.5816e-03	1.1446e-08
7.6149e-03	1.1442e-08
7.6483e-03	1.1439e-08
7.6818e-03	1.1435e-08
7.7155e-03	1.1432e-08
7.7494e-03	1.1428e-08
7.7834e-03	1.1424e-08
7.8175e-03	1.1421e-08
7.8518e-03	1.1417e-08
7.8863e-03	1.1414e-08
7.9209e-03	1.1410e-08
7.9556e-03	1.1406e-08
7.9905e-03	1.1403e-08
8.0256e-03	1.1399e-08
8.0608e-03	1.1396e-08
8.0961e-03	1.1393e-08
8.1316e-03	1.1390e-08
8.1673e-03	1.1386e-08
8.2032e-03	1.1383e-08
8.2391e-03	1.1380e-08
8.2753e-03	1.1377e-08
8.3116e-03	1.1374e-08
8.3480e-03	1.1371e-08
8.3847e-03	1.1368e-08
8.4214e-03	1.1365e-08
8.4584e-03	1.1362e-08
8.4955e-03	1.1359e-08
8.5328e-03	1.1356e-08
8.5702e-03	1.1353e-08
8.6078e-03	1.1351e-08
8.6455e-03	1.1348e-08
8.6835e-03	1.1345e-08
8.7216e-03	1.1342e-08
8.7598e-03	1.1339e-08
8.7983e-03	1.1336e-08
8.8369e-03	1.1333e-08
8.8756e-03	1.1330e-08
8.9146e-03	1.1327e-08
8.9537e-03	1.1324e-08
8.9929e-03	1.1321e-08
9.0324e-03	1.1318e-08
9.0720e-03	1.1314e-08
9.1118e-03	1.1311e-08
9.1518e-03	1.1308e-08
9.1919e-03	1.1304e-08
9.2322e-03	1.1301e-08
9.2727e-03	1.1297e-08
9.3134e-03	1.1294e-08
9.3543e-03	1.1290e-08
9.3953e-03	1.1286e-08
9.4365e-03	1.1282e-08
9.4779e-03	1.1278e-08
9.5195e-03	1.1274e-08
9.5613e-03	1.1270e-08
9.6032e-03	1.1266e-08
9.6453e-03	1.1261e-08
9.6876e-03	1.1257e-08
9.7301e-03	1.1252e-08
9.7728e-03	1.1247e-08
9.8157e-03	1.1243e-08
9.8588e-03	1.1238e-08
9.9020e-03	1.1232e-08
9.9454e-03	1.1227e-08
9.9891e-03	1.1222e-08
1.0033e-02	1.1216e-08
1.0077e-02	1.1210e-08
1.0121e-02	1.1203e-08
1.0166e-02	1.1195e-08
1.0210e-02	1.1188e-08
1.0255e-02	1.1179e-08
1.0300e-02	1.1170e-08
1.0345e-02	1.1161e-08
1.0390e-02	1.1152e-08
1.0436e-02	1.1141e-08
1.0482e-02	1.1131e-08
1.0528e-02	1.1120e-08
1.0574e-02	1.1109e-08
1.0620e-02	1.1097e-08
1.0667e-02	1.1085e-08
1.0714e-02	1.1073e-08
1.0761e-02	1.1061e-08
1.0808e-02	1.1048e-08
1.0855e-02	1.1035e-08
1.0903e-02	1.1021e-08
1.0951e-02	1.1008e-08
1.0999e-02	1.0994e-08
1.1047e-02	1.0980e-08
1.1096e-02	1.0966e-08
1.1144e-02	1.0952e-08
1.1193e-02	1.0937e-08
1.1242e-02	1.0923e-08
1.1292e-02	1.0908e-08
1.1341e-02	1.0893e-08
1.1391e-02	1.0878e-08
1.1441e-02	1.0863e-08
1.1491e-02	1.0848e-08
1.1541e-02	1.0833e-08
1.1592e-02	1.0818e-08
1.1643e-02	1.0803e-08
1.1694e-02	1.0788e-08
1.1745e-02	1.0773e-08
1.1797e-02	1.0758e-08
1.1849e-02	1.0743e-08
1.1900e-02	1.0729e-08
1.1953e-02	1.0714e-08
1.2005e-02	1.0699e-08
1.2058e-02	1.0685e-08
1.2111e-02	1.0670e-08
1.2164e-02	1.0656e-08
1.2217e-02	1.0642e-08
1.2271e-02	1.0628e-08
1.2325e-02	1.0615e-08
1.2379e-02	1.0601e-08
1.2433e-02	1.0588e-08
1.2488e-02	1.0575e-08
1.2542e-02	1.0563e-08
1.2597e-02	1.0550e-08
1.2653e-02	1.0538e-08
1.2708e-02	1.0526e-08
1.2764e-02	1.0513e-08
1.2820e-02	1.0501e-08
1.2876e-02	1.0489e-08
1.2933e-02	1.0477e-08
1.2989e-02	1.0464e-08
1.3046e-02	1.0452e-08
1.3103e-02	1.0440e-08
1.3161e-02	1.0428e-08
1.3219e-02	1.0416e-08
1.3277e-02	1.0403e-08
1.3335e-02	1.0391e-08
1.3393e-02	1.0379e-08
1.3452e-02	1.0367e-08
1.3511e-02	1.0355e-08
1.3570e-02	1.0343e-08
1.3630e-02	1.0331e-08
1.3690e-02	1.0319e-08
1.3750e-02	1.0307e-08
1.3810e-02	1.0295e-08
1.3871e-02	1.0283e-08
1.3932e-02	1.0271e-08
1.3993e-02	1.0259e-08
1.4054e-02	1.0247e-08
1.4116e-02	1.0235e-08
1.4178e-02	1.0223e-08
1.4240e-02	1.0211e-08
1.4302e-02	1.0199e-08
1.4365e-02	1.0187e-08
1.4428e-02	1.0175e-08
1.4491e-02	1.0163e-08
1.4555e-02	1.0152e-08
1.4619e-02	1.0140e-08
1.4683e-02	1.0128e-08
1.4747e-02	1.0116e-08
1.4812e-02	1.0104e-08
1.4877e-02	1.0092e-08
1.4942e-02	1.0081e-08
1.5008e-02	1.0069e-08
1.5074e-02	1.0057e-08
1.5140e-02	1.0045e-08
1.5206e-02	1.0034e-08
1.5273e-02	1.0022e-08
1.5340e-02	1.0010e-08
1.5407e-02	9.9986e-09
1.5475e-02	9.9870e-09
1.5543e-02	9.9753e-09
1.5611e-02	9.9637e-09
1.5679e-02	9.9521e-09
1.5748e-02	9.9404e-09
1.5817e-02	9.9288e-09
1.5887e-02	9.9173e-09
1.5956e-02	9.9059e-09
1.6026e-02	9.8946e-09
1.6097e-02	9.8834e-09
1.6167e-02	9.8724e-09
1.6238e-02	9.8615e-09
1.6309e-02	9.8507e-09
1.6381e-02	9.8400e-09
1.6453e-02	9.8294e-09
1.6525e-02	9.8189e-09
1.6597e-02	9.8085e-09
1.6670e-02	9.7981e-09
1.6743e-02	9.7878e-09
1.6817e-02	9.7776e-09
1.6891e-02	9.7673e-09
1.6965e-02	9.7572e-09
1.7039e-02	9.7470e-09
1.7114e-02	9.7369e-09
1.7189e-02	9.7267e-09
1.7264e-02	9.7166e-09
1.7340e-02	9.7065e-09
1.7416e-02	9.6963e-09
1.7493e-02	9.6862e-09
1.7569e-02	9.6760e-09
1.7646e-02	9.6658e-09
1.7724e-02	9.6555e-09
1.7801e-02	9.6452e-09
1.7880e-02	9.6348e-09
1.7958e-02	9.6243e-09
1.8037e-02	9.6138e-09
1.8116e-02	9.6032e-09
1.8195e-02	9.5925e-09
1.8275e-02	9.5816e-09
1.8355e-02	9.5707e-09
1.8436e-02	9.5597e-09
1.8517e-02	9.5486e-09
1.8598e-02	9.5373e-09
1.8680e-02	9.5259e-09
1.8762e-02	9.5143e-09
1.8844e-02	9.5026e-09
1.8926e-02	9.4907e-09
1.9010e-02	9.4787e-09
1.9093e-02	9.4665e-09
1.9177e-02	9.4541e-09
1.9261e-02	9.4415e-09
1.9345e-02	9.4288e-09
1.9430e-02	9.4158e-09
1.9515e-02	9.4026e-09
1.9601e-02	9.3893e-09
1.9687e-02	9.3757e-09
1.9773e-02	9.3618e-09
1.9860e-02	9.3478e-09
1.9947e-02	9.3334e-09
2.0035e-02	9.3188e-09
2.0123e-02	9.3036e-09
2.0211e-02	9.2880e-09
2.0300e-02	9.2719e-09
2.0389e-02	9.2553e-09
2.0478e-02	9.2384e-09
2.0568e-02	9.2210e-09
2.0658e-02	9.2033e-09
2.0749e-02	9.1851e-09
2.0840e-02	9.1667e-09
2.0931e-02	9.1478e-09
2.1023e-02	9.1287e-09
2.1115e-02	9.1093e-09
2.1208e-02	9.0895e-09
2.1301e-02	9.0696e-09
2.1394e-02	9.0493e-09
2.1488e-02	9.0288e-09
2.1582e-02	9.0081e-09
2.1677e-02	8.9872e-09
2.1772e-02	8.9661e-09
2.1868e-02	8.9449e-09
2.1964e-02	8.9235e-09
2.2060e-02	8.9019e-09
2.2157e-02	8.8802e-09
2.2254e-02	8.8585e-09
2.2352e-02	8.8366e-09
2.2450e-02	8.8146e-09
2.2548e-02	8.7926e-09
2.2647e-02	8.7706e-09
2.2746e-02	8.7485e-09
2.2846e-02	8.7264e-09
2.2946e-02	8.7042e-09
2.3047e-02	8.6821e-09
2.3148e-02	8.6601e-09
2.3250e-02	8.6380e-09
2.3352e-02	8.6161e-09
2.3454e-02	8.5941e-09
2.3557e-02	8.5723e-09
2.3660e-02	8.5506e-09
2.3764e-02	8.5289e-09
2.3868e-02	8.5074e-09
2.3973e-02	8.4861e-09
2.4078e-02	8.4649e-09
2.4184e-02	8.4438e-09
2.4290e-02	8.4229e-09
2.4396e-02	8.4022e-09
2.4504e-02	8.3817e-09
2.4611e-02	8.3614e-09
2.4719e-02	8.3414e-09
2.4827e-02	8.3215e-09
2.4936e-02	8.3019e-09
2.5046e-02	8.2826e-09
2.5156e-02	8.2636e-09
2.5266e-02	8.2446e-09
2.5377e-02	8.2257e-09
2.5488e-02	8.2068e-09
2.5600e-02	8.1879e-09
2.5712e-02	8.1692e-09
2.5825e-02	8.1504e-09
2.5938e-02	8.1317e-09
2.6052e-02	8.1130e-09
2.6166e-02	8.0944e-09
2.6281e-02	8.0758e-09
2.6396e-02	8.0573e-09
2.6512e-02	8.0388e-09
2.6629e-02	8.0203e-09
2.6745e-02	8.0019e-09
2.6863e-02	7.9836e-09
2.6981e-02	7.9652e-09
2.7099e-02	7.9470e-09
2.7218e-02	7.9287e-09
2.7337e-02	7.9105e-09
2.7457e-02	7.8924e-09
2.7578e-02	7.8742e-09
2.7698e-02	7.8562e-09
2.7820e-02	7.8381e-09
2.7942e-02	7.8201e-09
2.8065e-02	7.8022e-09
2.8188e-02	7.7843e-09
2.8311e-02	7.7664e-09
2.8436e-02	7.7486e-09
2.8560e-02	7.7308e-09
2.8686e-02	7.7131e-09
2.8811e-02	7.6954e-09
2.8938e-02	7.6777e-09
2.9065e-02	7.6601e-09
2.9192e-02	7.6425e-09
2.9320e-02	7.6249e-09
2.9449e-02	7.6074e-09
2.9578e-02	7.5900e-09
2.9708e-02	7.5726e-09
2.9838e-02	7.5552e-09
2.9969e-02	7.5378e-09
3.0101e-02	7.5205e-09
3.0233e-02	7.5033e-09
3.0365e-02	7.4860e-09
3.0498e-02	7.4689e-09
3.0632e-02	7.4517e-09
3.0767e-02	7.4346e-09
3.0902e-02	7.4175e-09
3.1037e-02	7.4005e-09
3.1173e-02	7.3835e-09
3.1310e-02	7.3666e-09
3.1447e-02	7.3497e-09
3.1585e-02	7.3328e-09
3.1724e-02	7.3160e-09
3.1863e-02	7.2992e-09
3.2003e-02	7.2824e-09
3.2143e-02	7.2657e-09
3.2284e-02	7.2490e-09
3.2426e-02	7.2324e-09
3.2568e-02	7.2158e-09
3.2711e-02	7.1992e-09
3.2854e-02	7.1827e-09
3.2999e-02	7.1662e-09
3.3143e-02	7.1498e-09
3.3289e-02	7.1334e-09
3.3435e-02	7.1170e-09
3.3581e-02	7.1006e-09
3.3729e-02	7.0843e-09
3.3877e-02	7.0681e-09
3.4025e-02	7.0519e-09
3.4175e-02	7.0357e-09
3.4325e-02	7.0195e-09
3.4475e-02	7.0034e-09
3.4626e-02	6.9873e-09
3.4778e-02	6.9713e-09
3.4931e-02	6.9553e-09
3.5084e-02	6.9393e-09
3.5238e-02	6.9234e-09
3.5393e-02	6.9075e-09
3.5548e-02	6.8917e-09
3.5704e-02	6.8758e-09
3.5860e-02	6.8601e-09
3.6018e-02	6.8443e-09
3.6176e-02	6.8286e-09
3.6334e-02	6.8129e-09
3.6494e-02	6.7973e-09
3.6654e-02	6.7817e-09
3.6815e-02	6.7661e-09
3.6976e-02	6.7506e-09
3.7138e-02	6.7351e-09
3.7301e-02	6.7196e-09
3.7465e-02	6.7042e-09
3.7629e-02	6.6888e-09
3.7794e-02	6.6735e-09
3.7960e-02	6.6581e-09
3.8127e-02	6.6429e-09
3.8294e-02	6.6276e-09
3.8462e-02	6.6124e-09
3.8631e-02	6.5972e-09
3.8800e-02	6.5821e-09
3.8970e-02	6.5670e-09
3.9141e-02	6.5519e-09
3.9313e-02	6.5369e-09
3.9485e-02	6.5219e-09
3.9659e-02	6.5069e-09
3.9833e-02	6.4919e-09
4.0007e-02	6.4771e-09
4.0183e-02	6.4623e-09
4.0359e-02	6.4476e-09
4.0536e-02	6.4330e-09
4.0714e-02	6.4184e-09
4.0893e-02	6.4039e-09
4.1072e-02	6.3895e-09
4.1252e-02	6.3751e-09
4.1433e-02	6.3608e-09
4.1615e-02	6.3466e-09
4.1797e-02	6.3324e-09
4.1981e-02	6.3183e-09
4.2165e-02	6.3042e-09
4.2350e-02	6.2902e-09
4.2536e-02	6.2762e-09
4.2722e-02	6.2622e-09
4.2910e-02	6.2483e-09
4.3098e-02	6.2344e-09
4.3287e-02	6.2205e-09
4.3477e-02	6.2067e-09
4.3668e-02	6.1928e-09
4.3859e-02	6.1791e-09
4.4052e-02	6.1653e-09
4.4245e-02	6.1515e-09
4.4439e-02	6.1378e-09
4.4634e-02	6.1240e-09
4.4830e-02	6.1103e-09
4.5026e-02	6.0965e-09
4.5224e-02	6.0828e-09
4.5422e-02	6.0691e-09
4.5621e-02	6.0553e-09
4.5822e-02	6.0416e-09
4.6023e-02	6.0278e-09
4.6224e-02	6.0141e-09
4.6427e-02	6.0003e-09
4.6631e-02	5.9865e-09
4.6835e-02	5.9727e-09
4.7041e-02	5.9588e-09
4.7247e-02	5.9449e-09
4.7455e-02	5.9311e-09
4.7663e-02	5.9171e-09
4.7872e-02	5.9032e-09
4.8082e-02	5.8892e-09
4.8293e-02	5.8752e-09
4.8505e-02	5.8611e-09
4.8717e-02	5.8470e-09
4.8931e-02	5.8328e-09
4.9146e-02	5.8186e-09
4.9361e-02	5.8044e-09
4.9578e-02	5.7901e-09
4.9795e-02	5.7757e-09
5.0014e-02	5.7613e-09
5.0233e-02	5.7469e-09
5.0454e-02	5.7323e-09
5.0675e-02	5.7177e-09
5.0897e-02	5.7030e-09
5.1120e-02	5.6883e-09
5.1345e-02	5.6735e-09
5.1570e-02	5.6586e-09
5.1796e-02	5.6437e-09
5.2023e-02	5.6288e-09
5.2252e-02	5.6138e-09
5.2481e-02	5.5988e-09
5.2711e-02	5.5837e-09
5.2942e-02	5.5686e-09
5.3175e-02	5.5534e-09
5.3408e-02	5.5383e-09
5.3642e-02	5.5231e-09
5.3877e-02	5.5079e-09
5.4114e-02	5.4927e-09
5.4351e-02	5.4774e-09
5.4590e-02	5.4622e-09
5.4829e-02	5.4469e-09
5.5070e-02	5.4317e-09
5.5311e-02	5.4165e-09
5.5554e-02	5.4012e-09
5.5797e-02	5.3860e-09
5.6042e-02	5.3708e-09
5.6288e-02	5.3555e-09
5.6535e-02	5.3404e-09
5.6783e-02	5.3252e-09
5.7032e-02	5.3100e-09
5.7282e-02	5.2949e-09
5.7534e-02	5.2798e-09
5.7786e-02	5.2648e-09
5.8039e-02	5.2498e-09
5.8294e-02	5.2348e-09
5.8550e-02	5.2198e-09
5.8807e-02	5.2049e-09
5.9065e-02	5.1901e-09
5.9324e-02	5.1753e-09
5.9584e-02	5.1605e-09
5.9845e-02	5.1458e-09
6.0108e-02	5.1312e-09
6.0372e-02	5.1166e-09
6.0636e-02	5.1021e-09
6.0902e-02	5.0876e-09
6.1170e-02	5.0733e-09
6.1438e-02	5.0590e-09
6.1707e-02	5.0447e-09
6.1978e-02	5.0305e-09
6.2250e-02	5.0165e-09
6.2523e-02	5.0025e-09
6.2797e-02	4.9885e-09
6.3073e-02	4.9747e-09
6.3349e-02	4.9609e-09
6.3627e-02	4.9472e-09
6.3907e-02	4.9335e-09
6.4187e-02	4.9198e-09
6.4468e-02	4.9062e-09
6.4751e-02	4.8926e-09
6.5035e-02	4.8791e-09
6.5321e-02	4.8656e-09
6.5607e-02	4.8521e-09
6.5895e-02	4.8387e-09
6.6184e-02	4.8253e-09
6.6474e-02	4.8119e-09
6.6766e-02	4.7986e-09
6.7059e-02	4.7853e-09
6.7353e-02	4.7721e-09
6.7648e-02	4.7589e-09
6.7945e-02	4.7457e-09
6.8243e-02	4.7326e-09
6.8543e-02	4.7195e-09
6.8843e-02	4.7064e-09
6.9145e-02	4.6934e-09
6.9449e-02	4.6804e-09
6.9753e-02	4.6674e-09
7.0059e-02	4.6545e-09
7.0367e-02	4.6416e-09
7.0675e-02	4.6287e-09
7.0985e-02	4.6159e-09
7.1297e-02	4.6032e-09
7.1610e-02	4.5904e-09
7.1924e-02	4.5777e-09
7.2239e-02	4.5650e-09
7.2556e-02	4.5524e-09
7.2874e-02	4.5398e-09
7.3194e-02	4.5272e-09
7.3515e-02	4.5147e-09
7.3838e-02	4.5022e-09
7.4162e-02	4.4897e-09
7.4487e-02	4.4773e-09
7.4814e-02	4.4649e-09
7.5142e-02	4.4525e-09
7.5471e-02	4.4402e-09
7.5803e-02	4.4279e-09
7.6135e-02	4.4157e-09
7.6469e-02	4.4034e-09
7.6805e-02	4.3913e-09
7.7141e-02	4.3791e-09
7.7480e-02	4.3670e-09
7.7820e-02	4.3549e-09
7.8161e-02	4.3428e-09
7.8504e-02	4.3308e-09
7.8848e-02	4.3188e-09
7.9194e-02	4.3069e-09
7.9542e-02	4.2949e-09
7.9891e-02	4.2831e-09
8.0241e-02	4.2714e-09
8.0593e-02	4.2598e-09
8.0947e-02	4.2482e-09
8.1302e-02	4.2368e-09
8.1658e-02	4.2254e-09
8.2017e-02	4.2142e-09
8.2376e-02	4.2030e-09
8.2738e-02	4.1918e-09
8.3101e-02	4.1808e-09
8.3465e-02	4.1698e-09
8.3831e-02	4.1588e-09
8.4199e-02	4.1479e-09
8.4568e-02	4.1371e-09
8.4939e-02	4.1263e-09
8.5312e-02	4.1155e-09
8.5686e-02	4.1048e-09
8.6062e-02	4.0941e-09
8.6440e-02	4.0834e-09
8.6819e-02	4.0727e-09
8.7200e-02	4.0621e-09
8.7582e-02	4.0515e-09
8.7967e-02	4.0408e-09
8.8352e-02	4.0302e-09
8.8740e-02	4.0196e-09
8.9129e-02	4.0090e-09
8.9520e-02	3.9983e-09
8.9913e-02	3.9877e-09
9.0307e-02	3.9770e-09
9.0704e-02	3.9663e-09
9.1101e-02	3.9556e-09
9.1501e-02	3.9449e-09
9.1902e-02	3.9341e-09
9.2306e-02	3.9233e-09
9.2711e-02	3.9125e-09
9.3117e-02	3.9016e-09
9.3526e-02	3.8906e-09
9.3936e-02	3.8797e-09
9.4348e-02	3.8686e-09
9.4762e-02	3.8575e-09
9.5178e-02	3.8464e-09
9.5595e-02	3.8352e-09
9.6015e-02	3.8239e-09
9.6436e-02	3.8125e-09
9.6859e-02	3.8011e-09
9.7284e-02	3.7896e-09
9.7710e-02	3.7780e-09
9.8139e-02	3.7664e-09
9.8570e-02	3.7546e-09
9.9002e-02	3.7428e-09
9.9436e-02	3.7309e-09
9.9873e-02	3.7189e-09
1.0031e-01	3.7068e-09
1.0075e-01	3.6946e-09
1.0119e-01	3.6823e-09
1.0164e-01	3.6699e-09
1.0208e-01	3.6574e-09
1.0253e-01	3.6448e-09
1.0298e-01	3.6322e-09
1.0343e-01	3.6195e-09
1.0389e-01	3.6067e-09
1.0434e-01	3.5939e-09
1.0480e-01	3.5809e-09
1.0526e-01	3.5680e-09
1.0572e-01	3.5549e-09
1.0618e-01	3.5418e-09
1.0665e-01	3.5287e-09
1.0712e-01	3.5155e-09
1.0759e-01	3.5023e-09
1.0806e-01	3.4890e-09
1.0853e-01	3.4757e-09
1.0901e-01	3.4623e-09
1.0949e-01	3.4489e-09
1.0997e-01	3.4355e-09
1.1045e-01	3.4220e-09
1.1094e-01	3.4086e-09
1.1142e-01	3.3951e-09
1.1191e-01	3.3815e-09
1.1240e-01	3.3680e-09
1.1289e-01	3.3545e-09
1.1339e-01	3.3409e-09
1.1389e-01	3.3273e-09
1.1439e-01	3.3138e-09
1.1489e-01	3.3002e-09
1.1539e-01	3.2866e-09
1.1590e-01	3.2730e-09
1.1641e-01	3.2595e-09
1.1692e-01	3.2459e-09
1.1743e-01	3.2323e-09
1.1795e-01	3.2188e-09
1.1846e-01	3.2053e-09
1.1898e-01	3.1918e-09
1.1951e-01	3.1783e-09
1.2003e-01	3.1648e-09
1.2056e-01	3.1513e-09
1.2108e-01	3.1379e-09
1.2162e-01	3.1245e-09
1.2215e-01	3.1112e-09
1.2269e-01	3.0978e-09
1.2322e-01	3.0845e-09
1.2376e-01	3.0713e-09
1.2431e-01	3.0580e-09
1.2485e-01	3.0448e-09
1.2540e-01	3.0317e-09
1.2595e-01	3.0186e-09
1.2650e-01	3.0055e-09
1.2706e-01	2.9924e-09
1.2761e-01	2.9793e-09
1.2817e-01	2.9662e-09
1.2874e-01	2.9531e-09
1.2930e-01	2.9400e-09
1.2987e-01	2.9268e-09
1.3044e-01	2.9137e-09
1.3101e-01	2.9006e-09
1.3159e-01	2.8875e-09
1.3216e-01	2.8744e-09
1.3274e-01	2.8613e-09
1.3332e-01	2.8482e-09
1.3391e-01	2.8351e-09
1.3450e-01	2.8220e-09
1.3509e-01	2.8089e-09
1.3568e-01	2.7959e-09
1.3628e-01	2.7828e-09
1.3687e-01	2.7698e-09
1.3747e-01	2.7567e-09
1.3808e-01	2.7437e-09
1.3868e-01	2.7307e-09
1.3929e-01	2.7177e-09
1.3990e-01	2.7047e-09
1.4052e-01	2.6917e-09
1.4113e-01	2.6788e-09
1.4175e-01	2.6658e-09
1.4237e-01	2.6529e-09
1.4300e-01	2.6400e-09
1.4362e-01	2.6271e-09
1.4425e-01	2.6143e-09
1.4489e-01	2.6015e-09
1.4552e-01	2.5886e-09
1.4616e-01	2.5759e-09
1.4680e-01	2.5631e-09
1.4745e-01	2.5503e-09
1.4809e-01	2.5376e-09
1.4874e-01	2.5249e-09
1.4940e-01	2.5123e-09
1.5005e-01	2.4996e-09
1.5071e-01	2.4870e-09
1.5137e-01	2.4745e-09
1.5203e-01	2.4619e-09
1.5270e-01	2.4494e-09
1.5337e-01	2.4369e-09
1.5404e-01	2.4244e-09
1.5472e-01	2.4120e-09
1.5540e-01	2.3996e-09
1.5608e-01	2.3872e-09
1.5676e-01	2.3749e-09
1.5745e-01	2.3626e-09
1.5814e-01	2.3503e-09
1.5884e-01	2.3382e-09
1.5953e-01	2.3264e-09
1.6023e-01	2.3150e-09
1.6094e-01	2.3040e-09
1.6164e-01	2.2933e-09
1.6235e-01	2.2829e-09
1.6306e-01	2.2728e-09
1.6378e-01	2.2630e-09
1.6450e-01	2.2535e-09
1.6522e-01	2.2441e-09
1.6594e-01	2.2349e-09
1.6667e-01	2.2259e-09
1.6740e-01	2.2170e-09
1.6814e-01	2.2082e-09
1.6887e-01	2.1996e-09
1.6962e-01	2.1909e-09
1.7036e-01	2.1824e-09
1.7111e-01	2.1738e-09
1.7186e-01	2.1652e-09
1.7261e-01	2.1566e-09
1.7337e-01	2.1480e-09
1.7413e-01	2.1393e-09
1.7489e-01	2.1305e-09
1.7566e-01	2.1215e-09
1.7643e-01	2.1125e-09
1.7720e-01	2.1033e-09
1.7798e-01	2.0939e-09
1.7876e-01	2.0844e-09
1.7955e-01	2.0746e-09
1.8033e-01	2.0646e-09
1.8113e-01	2.0544e-09
1.8192e-01	2.0439e-09
1.8272e-01	2.0331e-09
