1.0000e-03  1
1.0000e-03	3.2563e-01
1.0474e-03	3.2188e-01
1.0970e-03	3.1818e-01
1.1490e-03	3.1452e-01
1.2034e-03	3.1090e-01
1.2604e-03	3.0732e-01
1.3201e-03	3.0379e-01
1.3826e-03	3.0029e-01
1.4481e-03	2.9684e-01
1.5167e-03	2.9342e-01
1.5886e-03	2.9005e-01
1.6638e-03	2.8671e-01
1.7426e-03	2.8341e-01
1.8252e-03	2.8015e-01
1.9116e-03	2.7693e-01
2.0022e-03	2.7374e-01
2.0970e-03	2.7059e-01
2.1964e-03	2.6748e-01
2.3004e-03	2.6440e-01
2.4094e-03	2.6136e-01
2.5235e-03	2.5836e-01
2.6431e-03	2.5538e-01
2.7683e-03	2.5245e-01
2.8994e-03	2.4954e-01
3.0368e-03	2.4667e-01
3.1806e-03	2.4383e-01
3.3313e-03	2.4103e-01
3.4891e-03	2.3826e-01
3.6544e-03	2.3551e-01
3.8275e-03	2.3281e-01
4.0088e-03	2.3013e-01
4.1987e-03	2.2748e-01
4.3976e-03	2.2486e-01
4.6059e-03	2.2228e-01
4.8241e-03	2.1972e-01
5.0526e-03	2.1719e-01
5.2920e-03	2.1469e-01
5.5427e-03	2.1222e-01
5.8052e-03	2.0978e-01
6.0802e-03	2.0737e-01
6.3682e-03	2.0498e-01
6.6699e-03	2.0262e-01
6.9859e-03	2.0029e-01
7.3168e-03	1.9799e-01
7.6634e-03	1.9571e-01
8.0264e-03	1.9346e-01
8.4067e-03	1.9123e-01
8.8049e-03	1.8903e-01
9.2220e-03	1.8686e-01
9.6588e-03	1.8471e-01
1.0116e-02	1.8258e-01
1.0596e-02	1.8048e-01
1.1098e-02	1.7841e-01
1.1623e-02	1.7636e-01
1.2174e-02	1.7433e-01
1.2751e-02	1.7232e-01
1.3355e-02	1.7034e-01
1.3987e-02	1.6838e-01
1.4650e-02	1.6644e-01
1.5344e-02	1.6453e-01
1.6071e-02	1.6263e-01
1.6832e-02	1.6076e-01
1.7629e-02	1.5891e-01
1.8464e-02	1.5709e-01
1.9339e-02	1.5528e-01
2.0255e-02	1.5349e-01
2.1215e-02	1.5173e-01
2.2219e-02	1.4998e-01
2.3272e-02	1.4826e-01
2.4374e-02	1.4655e-01
2.5529e-02	1.4486e-01
2.6738e-02	1.4320e-01
2.8005e-02	1.4155e-01
2.9332e-02	1.3992e-01
3.0721e-02	1.3831e-01
3.2176e-02	1.3672e-01
3.3701e-02	1.3515e-01
3.5297e-02	1.3359e-01
3.6969e-02	1.3206e-01
3.8720e-02	1.3054e-01
4.0555e-02	1.2904e-01
4.2476e-02	1.2755e-01
4.4488e-02	1.2608e-01
4.6595e-02	1.2463e-01
4.8803e-02	1.2320e-01
5.1114e-02	1.2178e-01
5.3536e-02	1.2038e-01
5.6072e-02	1.1900e-01
5.8728e-02	1.1763e-01
6.1510e-02	1.1627e-01
6.4424e-02	1.1494e-01
6.7475e-02	1.1361e-01
7.0672e-02	1.1231e-01
7.4020e-02	1.1102e-01
7.7526e-02	1.0974e-01
8.1198e-02	1.0848e-01
8.5045e-02	1.0723e-01
8.9074e-02	1.0599e-01
9.3293e-02	1.0478e-01
9.7712e-02	1.0357e-01
1.0234e-01	1.0238e-01
1.0719e-01	1.0120e-01
1.1227e-01	1.0004e-01
1.1758e-01	9.8886e-02
1.2316e-01	9.7748e-02
1.2899e-01	9.6624e-02
1.3510e-01	9.5512e-02
1.4150e-01	9.4413e-02
1.4820e-01	9.3327e-02
1.5522e-01	9.2253e-02
1.6258e-01	9.1192e-02
1.7028e-01	9.0143e-02
1.7834e-01	8.9106e-02
1.8679e-01	8.8081e-02
1.9564e-01	8.7068e-02
2.0491e-01	8.6066e-02
2.1461e-01	8.5076e-02
2.2478e-01	8.4097e-02
2.3543e-01	8.3130e-02
2.4658e-01	8.2173e-02
2.5826e-01	8.1228e-02
2.7050e-01	8.0294e-02
2.8331e-01	7.9370e-02
2.9673e-01	7.8457e-02
3.1079e-01	7.7554e-02
3.2551e-01	7.6662e-02
3.4093e-01	7.5780e-02
3.5708e-01	7.4908e-02
3.7399e-01	7.4047e-02
3.9171e-01	7.3195e-02
4.1027e-01	7.2353e-02
4.2970e-01	7.1520e-02
4.5006e-01	7.0698e-02
4.7138e-01	6.9884e-02
4.9370e-01	6.9080e-02
5.1709e-01	6.8286e-02
5.4159e-01	6.7500e-02
5.6724e-01	6.6723e-02
5.9411e-01	6.5956e-02
6.2226e-01	6.5197e-02
6.5173e-01	6.4447e-02
6.8261e-01	6.3706e-02
7.1494e-01	6.2973e-02
7.4881e-01	6.2248e-02
7.8428e-01	6.1532e-02
8.2143e-01	6.0824e-02
8.6035e-01	6.0125e-02
9.0110e-01	5.9433e-02
9.4379e-01	5.8749e-02
9.8850e-01	5.8073e-02
1.0353e+00	5.7405e-02
1.0844e+00	5.6745e-02
1.1357e+00	5.6092e-02
1.1895e+00	5.5447e-02
1.2459e+00	5.4809e-02
1.3049e+00	5.4178e-02
1.3667e+00	5.3555e-02
1.4315e+00	5.2939e-02
1.4993e+00	5.2330e-02
1.5703e+00	5.1728e-02
1.6447e+00	5.1133e-02
1.7226e+00	5.0545e-02
1.8042e+00	4.9963e-02
1.8897e+00	4.9388e-02
1.9792e+00	4.8820e-02
2.0729e+00	4.8259e-02
2.1711e+00	4.7703e-02
2.2740e+00	4.7155e-02
2.3817e+00	4.6612e-02
2.4945e+00	4.6076e-02
2.6127e+00	4.5546e-02
2.7364e+00	4.5022e-02
2.8661e+00	4.4504e-02
3.0018e+00	4.3992e-02
3.1440e+00	4.3486e-02
3.2930e+00	4.2986e-02
3.4490e+00	4.2491e-02
3.6123e+00	4.2002e-02
3.7835e+00	4.1519e-02
3.9627e+00	4.1042e-02
4.1504e+00	4.0569e-02
4.3470e+00	4.0103e-02
4.5529e+00	3.9641e-02
4.7686e+00	3.9185e-02
4.9945e+00	3.8734e-02
5.2311e+00	3.8289e-02
5.4789e+00	3.7848e-02
5.7384e+00	3.7413e-02
6.0103e+00	3.6983e-02
6.2950e+00	3.6557e-02
6.5932e+00	3.6137e-02
6.9055e+00	3.5721e-02
7.2326e+00	3.5310e-02
7.5753e+00	3.4904e-02
7.9341e+00	3.4502e-02
8.3099e+00	3.4105e-02
8.7036e+00	3.3713e-02
9.1159e+00	3.3325e-02
9.5477e+00	3.2942e-02
1.0000e+01	3.2563e-02
1.0000e+01  1
