1.000000000e-03 1
1.000000000e-03	8.111528814e-06
1.043729092e-03	8.117647986e-06
1.089370418e-03	8.123510572e-06
1.137007598e-03	8.129117484e-06
1.186727908e-03	8.134469663e-06
1.238622443e-03	8.139568076e-06
1.292786278e-03	8.144413719e-06
1.349318649e-03	8.149007616e-06
1.408323129e-03	8.153350816e-06
1.469907821e-03	8.157444394e-06
1.534185556e-03	8.161289454e-06
1.601274098e-03	8.164887122e-06
1.671296361e-03	8.168238552e-06
1.744380634e-03	8.171344920e-06
1.820660816e-03	8.174207430e-06
1.900276661e-03	8.176827307e-06
1.983374035e-03	8.179205800e-06
2.070105182e-03	8.181344183e-06
2.160629002e-03	8.183243750e-06
2.255111348e-03	8.184905821e-06
2.353725320e-03	8.186331734e-06
2.456651593e-03	8.187522852e-06
2.564078737e-03	8.188480557e-06
2.676203573e-03	8.189206252e-06
2.793231527e-03	8.189701361e-06
2.915377006e-03	8.189967328e-06
3.042863797e-03	8.189972858e-06
3.175925469e-03	8.189330248e-06
3.314805808e-03	8.188036528e-06
3.459759257e-03	8.186232422e-06
3.611051390e-03	8.184058647e-06
3.768959390e-03	8.181655834e-06
3.933772563e-03	8.179164480e-06
4.105792867e-03	8.176724919e-06
4.285335463e-03	8.174477320e-06
4.472729294e-03	8.172561706e-06
4.668317686e-03	8.171118001e-06
4.872458982e-03	8.170286097e-06
5.085527191e-03	8.170304913e-06
5.307912680e-03	8.172148745e-06
5.540022884e-03	8.175906113e-06
5.782283057e-03	8.181418689e-06
6.035137047e-03	8.188528914e-06
6.299048113e-03	8.197079671e-06
6.574499770e-03	8.206913988e-06
6.861996678e-03	8.217874779e-06
7.162065565e-03	8.229804605e-06
7.475256193e-03	8.242545470e-06
7.802142362e-03	8.255938654e-06
8.143322966e-03	8.269824564e-06
8.499423089e-03	8.284042624e-06
8.871095147e-03	8.298431197e-06
9.259020087e-03	8.312827534e-06
9.663908632e-03	8.327067756e-06
1.008650259e-02	8.341010190e-06
1.052757619e-02	8.355289630e-06
1.098793754e-02	8.370254805e-06
1.146843008e-02	8.385904674e-06
1.196993412e-02	8.402238333e-06
1.249336847e-02	8.419255010e-06
1.303969214e-02	8.436954061e-06
1.360990604e-02	8.455334971e-06
1.420505488e-02	8.474397347e-06
1.482622904e-02	8.494140923e-06
1.547456658e-02	8.514565551e-06
1.615125533e-02	8.535671204e-06
1.685753507e-02	8.557457969e-06
1.759469978e-02	8.579926050e-06
1.836410003e-02	8.603075765e-06
1.916714546e-02	8.626907542e-06
2.000530733e-02	8.651421917e-06
2.088012127e-02	8.676619535e-06
2.179319002e-02	8.702501148e-06
2.274618644e-02	8.729067610e-06
2.374085653e-02	8.756319877e-06
2.477902264e-02	8.784259008e-06
2.586258681e-02	8.812886159e-06
2.699353426e-02	8.842202583e-06
2.817393702e-02	8.872209630e-06
2.940595771e-02	8.902908743e-06
3.069185356e-02	8.934902168e-06
3.203398046e-02	8.971086062e-06
3.343479735e-02	9.011241646e-06
3.489687069e-02	9.054654702e-06
3.642287918e-02	9.100600452e-06
3.801561863e-02	9.148341171e-06
3.967800713e-02	9.197124386e-06
4.141309037e-02	9.246181701e-06
4.322404723e-02	9.294728233e-06
4.511419558e-02	9.341962722e-06
4.708699841e-02	9.387068313e-06
4.914607012e-02	9.429214041e-06
5.129518316e-02	9.467831822e-06
5.353827497e-02	9.503744487e-06
5.587945514e-02	9.537450070e-06
5.832301300e-02	9.569363618e-06
6.087342543e-02	9.599907228e-06
6.353536508e-02	9.629509341e-06
6.631370893e-02	9.658604215e-06
6.921354724e-02	9.687631600e-06
7.224019284e-02	9.717036602e-06
7.539919092e-02	9.747269760e-06
7.869632910e-02	9.778787319e-06
8.213764815e-02	9.812051726e-06
8.572945296e-02	9.847532332e-06
8.947832414e-02	9.885706324e-06
9.339113004e-02	9.927059886e-06
9.747503940e-02	9.972089592e-06
1.017375344e-01	1.002098354e-05
1.061864245e-01	1.007128336e-05
1.108298604e-01	1.012267136e-05
1.156763496e-01	1.017553515e-05
1.207347714e-01	1.023027062e-05
1.260143934e-01	1.028728261e-05
1.315248885e-01	1.034698568e-05
1.372763525e-01	1.040980505e-05
1.432793228e-01	1.047617776e-05
1.495447975e-01	1.054655397e-05
1.560842558e-01	1.062139843e-05
1.629096787e-01	1.070119222e-05
1.700335711e-01	1.078643466e-05
1.774689848e-01	1.087764544e-05
1.852295424e-01	1.097536705e-05
1.933294622e-01	1.108016746e-05
2.017835841e-01	1.119264307e-05
2.106073971e-01	1.131342200e-05
2.198170675e-01	1.144316776e-05
2.294294684e-01	1.158258328e-05
2.394622108e-01	1.173241536e-05
2.499336759e-01	1.189345963e-05
2.608630488e-01	1.206656602e-05
2.722703531e-01	1.225264484e-05
2.841764886e-01	1.245267349e-05
2.966032685e-01	1.266770391e-05
3.095734602e-01	1.296543120e-05
3.231108267e-01	1.350685263e-05
3.372401699e-01	1.428259523e-05
3.519873765e-01	1.527713272e-05
3.673794650e-01	1.647230271e-05
3.834446356e-01	1.784187543e-05
4.002123215e-01	1.934623240e-05
4.177132431e-01	2.092753093e-05
4.359794641e-01	2.250615282e-05
4.550444504e-01	2.397961456e-05
4.749431313e-01	2.522532563e-05
4.957119633e-01	2.610844444e-05
5.173889976e-01	2.664961114e-05
5.400139489e-01	2.711352074e-05
5.636282688e-01	2.751610431e-05
5.882752215e-01	2.786545649e-05
6.139999630e-01	2.817057749e-05
6.408496241e-01	2.844119900e-05
6.688733966e-01	2.868763886e-05
6.981226232e-01	2.892069012e-05
7.286508919e-01	2.915154871e-05
7.605141341e-01	2.939178318e-05
7.937707270e-01	2.965334915e-05
8.284816005e-01	2.994865135e-05
8.647103490e-01	3.029065621e-05
9.025233478e-01	3.069305917e-05
9.419898747e-01	3.117051260e-05
9.831822370e-01	3.173892221e-05
1.026175904e+00	3.245415363e-05
1.071049645e+00	3.348807850e-05
1.117885674e+00	3.487565832e-05
1.166769800e+00	3.664438615e-05
1.217791584e+00	3.883165916e-05
1.271044505e+00	4.148570838e-05
1.326626128e+00	4.466689340e-05
1.384638284e+00	4.844938499e-05
1.445187260e+00	5.292327107e-05
1.508383987e+00	5.819713265e-05
1.574344250e+00	6.440114693e-05
1.643188895e+00	7.169078392e-05
1.715044054e+00	8.025117094e-05
1.790041374e+00	9.030220504e-05
1.868318259e+00	1.021044968e-04
1.950018121e+00	1.159662269e-04
2.035290643e+00	1.322509917e-04
2.124292056e+00	1.513866947e-04
2.217185420e+00	1.738755209e-04
2.314140926e+00	2.003049843e-04
2.415336208e+00	2.313599870e-04
2.520956669e+00	2.678357449e-04
2.631195816e+00	3.106513323e-04
2.746255621e+00	3.608634611e-04
2.866346887e+00	4.196799424e-04
2.991689635e+00	4.884720721e-04
3.122513507e+00	5.733640940e-04
3.259058189e+00	6.849588673e-04
3.401573846e+00	8.315128711e-04
3.550321583e+00	1.024127632e-03
3.705573924e+00	1.277703125e-03
3.867615308e+00	1.612154780e-03
4.036742616e+00	2.053972192e-03
4.213265707e+00	2.638174813e-03
4.397507992e+00	3.410703028e-03
4.589807026e+00	4.431244475e-03
4.790515121e+00	5.776424788e-03
5.000000000e+00	7.543176733e-03
1e1 1
