0.01001 7.565300670039665e-06
0.01122 7.627529804158196e-06
0.01258 7.584197084063994e-06
0.01412 7.641446924336425e-06
0.01584 7.74876722113464e-06
0.01778 7.587413852355723e-06
0.019949999999999996 7.714934739465114e-06
0.02238 7.837758178904227e-06
0.02511 7.816156588438641e-06
0.02818 7.79504599789762e-06
0.03059289127680912 7.943282347242822e-06
0.03162 8.022721275319251e-06
0.03312361470165888 7.943282347242822e-06
0.03548 7.844394455863865e-06
0.03981 7.850632843545138e-06
0.042322586064824974 7.943282347242822e-06
0.04466 8.051789353006205e-06
0.05011 8.008347053149755e-06
0.05623 7.966912894451262e-06
0.06309 8.181034401310288e-06
0.07079 8.148941273450321e-06
0.07943 8.191608334626115e-06
0.08912 8.316845074873265e-06
0.1001 8.359510547891252e-06
0.1122 8.349963557540444e-06
0.1258 8.354770864858127e-06
0.1412 8.424089132717667e-06
0.1584 8.5825782276898e-06
0.1778 8.634035961026228e-06
0.1995 8.727802907242096e-06
0.2238 8.852752658574293e-06
0.2511 9.122378900558181e-06
0.2818 9.228329636172285e-06
0.3162 9.662160522269495e-06
0.333 9.917360336170546e-06
0.336250904303705 1e-05
0.3548 1.0593618050323936e-05
0.365 1.0998812971907698e-05
0.386 1.0890920326286326e-05
0.392 1.1040933725361331e-05
0.3981 1.0830931743677685e-05
0.4466 1.0996784955034672e-05
0.475 1.1786217803367056e-05
0.5011 1.2284696912465684e-05
0.51 1.1757544794670002e-05
0.5623 1.1764880832159095e-05
0.6309 1.2184789889844178e-05
0.7079 1.2101576355277943e-05
0.7943 1.2202371247464834e-05
0.8912 1.2458956455779466e-05
1.001 1.185056035210598e-05
1.122 1.235615973946929e-05
1.15184817148875 1.2589254117941661e-05
1.258 1.3632872086631104e-05
1.4033946215790682 1.584893192461114e-05
1.412 1.6014053230528922e-05
1.501 1.9839297349605568e-05
1.502934773249686 1.995262314968883e-05
1.541 2.275952444464738e-05
1.549 2.2969404437380087e-05
1.584 2.3613304295328402e-05
1.6950629346540027 2.5118864315095822e-05
1.778 2.6534259105889644e-05
1.801 2.712602959565564e-05
1.8209999999999997 2.734227103689141e-05
1.841 2.7803397706772332e-05
1.844 2.8004678787017816e-05
1.995 2.9483702253916634e-05
2.2151322931845914 3.1622776601683795e-05
2.238 3.19025231504509e-05
2.511 3.447942967890894e-05
2.818 3.7562712125546144e-05
3.162 3.966305815140381e-05
3.189366506103973 3.9810717055349695e-05
3.548 4.224679473869231e-05
3.981 4.6778357976288394e-05
4.231745918737056 5.011872336272725e-05
4.466 5.404740889825669e-05
4.601 5.866770150758225e-05
4.666 6.232172172815935e-05
4.701 6.247468696114109e-05
4.71485071574946 6.309573444801943e-05
4.731 6.400733771083855e-05
4.901 6.889905841692643e-05
5.011000000000001 7.309283623607965e-05
5.011999999999999 7.290750322066139e-05
5.101 7.59685683252565e-05
5.171 7.629301571696498e-05
5.178000000000001 7.795465497671859e-05
5.29980264974553 7.943282347242822e-05
5.623000000000001 8.437064054824447e-05
6.276744888323569 0.0001
6.309 0.00010097080370068222
7.079 0.00010861494741694766
7.943 0.00012345522962319927
8.152961787092268 0.00012589254117941688
8.912 0.00013698516863566994
10.01 0.00015830830228408534
10.019538269398717 0.00015848931924611142
11.22 0.00018717056476882574
12.399231134039974 0.00019952623149688788
12.58 0.00020191069611253607
14.120000000000001 0.00023202216921925457
15.840000000000002 0.00023673489844451017
16.214103115303157 0.0002511886431509582
17.551270025082577 0.00031622776601683794
17.78 0.0003302337020065441
18.83893587307229 0.00031622776601683794
19.95 0.0003045547897656617
20.50487149081868 0.00031622776601683794
22.38 0.0003658893111027278
22.87818442781235 0.00039810717055349773
24.144284814184765 0.0005011872336272725
25.11 0.0006001690900933758
26.25964450694289 0.0005011872336272725
27.766885333028235 0.00039810717055349773
28.18 0.00037566511461154114
28.481105375223393 0.0003981071705534977
29.579682479292828 0.0005011872336272725
30.678259583362262 0.0006309573444801943
31.62 0.0007710048383475174
31.630734604848612 0.0007943282347242821
31.704284308122794 0.001
31.77507601301266 0.0012589254117941688
31.84326199537854 0.001584893192461114
31.908983523631516 0.001995262314968883
31.97237183568723 0.002511886431509582
32.033549013684315 0.0031622776601683794
32.092628768735224 0.003981071705534978
32.14971714632327 0.005011872336272725
32.2049131615522 0.006309573444801942
32.25830937225414 0.00794328234724282
32.309992396933964 0.01
32.36004338364704 0.012589254117941689
32.40853843514893 0.01584893192461114
32.45554899500209 0.01995262314968883
32.50114219875949 0.025118864315095822
32.5453811938557 0.03162277660168379
32.588325431410894 0.039810717055349776
32.63003093278344 0.050118723362727255
32.670550533384 0.06309573444801943
32.70993410598272 0.07943282347242822
32.748228765493664 0.1
32.785479057004764 0.12589254117941687
32.82172712863089 0.15848931924611143
32.857012890600224 0.1995262314968883
32.89137416183648 0.25118864315095824
32.92484680516864 0.31622776601683794
32.9574648521845 0.39810717055349776
32.989260618641765 0.5011872336272725
33.0202648112595 0.6309573444801942
33.05050662663175 0.7943282347242822
33.08001384293301 1.0
