0.01001 4.670387886663706e-06
0.01122 4.685654921922133e-06
0.012579999999999997 4.648962676013945e-06
0.01412 4.718586914618794e-06
0.01584 4.759496313906177e-06
0.01778 4.684383184262485e-06
0.01995 4.736201553166948e-06
0.022379999999999997 4.789481754868585e-06
0.02511 4.785975563844867e-06
0.028180000000000004 4.7871284028300734e-06
0.03162 4.906148436082211e-06
0.03548 4.819662028246872e-06
0.03981 4.793946934023926e-06
0.04466 4.8921056495824145e-06
0.05011 4.907822939515021e-06
0.05623 4.875178983667347e-06
0.06309 4.9547159969040325e-06
0.07079 4.9354766529354336e-06
0.07943 4.977342419524266e-06
0.08912 5.01147280897031e-06
0.08929582323450323 5.011872336272725e-06
0.1001 5.04277969399721e-06
0.1122 5.0439447176551076e-06
0.1258 5.028309390282018e-06
0.1412 5.096958870293842e-06
0.1584 5.190038756491535e-06
0.1778 5.23809743279521e-06
0.1995 5.273489238647562e-06
0.2238 5.371453862999356e-06
0.2511 5.49534760183288e-06
0.2818 5.544330444968171e-06
0.3162 5.840595233009849e-06
0.333 5.968069536728503e-06
0.3548 6.271372963863351e-06
0.3575095966991315 6.309573444801943e-06
0.365 6.442517639557022e-06
0.386 6.387686537812419e-06
0.392 6.494097592445644e-06
0.3981 6.388156879945571e-06
0.4466 6.425302095011061e-06
0.475 6.834169685434586e-06
0.5011 6.9973053423738854e-06
0.51 6.7912389784242195e-06
0.5623 6.772509008266458e-06
0.6309 7.0987566083205535e-06
0.7079 7.040100992431798e-06
0.7943 7.080299085486897e-06
0.8912 7.245021233848052e-06
1.001 6.9122858302222465e-06
1.122 7.343818889408787e-06
1.2480621878163751 7.943282347242822e-06
1.258 8.002775729417061e-06
1.412 9.554792814410077e-06
1.4343504007388077 1e-05
1.501 1.1671376891578638e-05
1.531468237301337 1.2589254117941661e-05
1.541 1.2950755936907356e-05
1.549 1.3164450131937229e-05
1.584 1.338345342518378e-05
1.778 1.490643524378247e-05
1.8009999999999997 1.4955797765019594e-05
1.821 1.5051212951806915e-05
1.841 1.514340977440389e-05
1.8440000000000003 1.5213055562680243e-05
1.9795411565547494 1.584893192461114e-05
1.995 1.594023354656252e-05
2.238 1.7280014797111945e-05
2.511 1.820352667622616e-05
2.818 1.9750569929461547e-05
2.8859465103292523 1.995262314968883e-05
3.162 2.0986078840995387e-05
3.548 2.2473203861368955e-05
3.981 2.4344444609460288e-05
4.097080546524867 2.511886431509582e-05
4.466 2.8217342963628008e-05
4.601 3.0105898632445062e-05
4.6659999999999995 3.1137009642325665e-05
4.701 3.141546206337053e-05
4.715955050894401 3.1622776601683795e-05
4.731 3.188533903371386e-05
4.901 3.380912670434552e-05
5.011 3.592753607572253e-05
5.012 3.554525936815182e-05
5.101 3.630011757405091e-05
5.171 3.706872120509302e-05
5.178 3.767858700185029e-05
5.623 3.961967013655826e-05
5.653717628026691 3.9810717055349695e-05
6.309 4.494146695968199e-05
7.079 5.0049090230892156e-05
7.093746067764708 5.011872336272725e-05
7.943 5.516739667715004e-05
8.912 6.197174570759606e-05
9.071262587941016 6.309573444801943e-05
10.01 7.143623890133314e-05
11.025254893521598 7.943282347242822e-05
11.22 8.136388448995459e-05
12.58 9.002310873274361e-05
14.12 9.642679175808764e-05
14.599623724749177 0.0001
15.84 0.00011163351945455194
16.62530843886105 0.00012589254117941688
17.78 0.00015228716387124137
19.95 0.00014359203923757828
22.181198672726033 0.00015848931924611142
22.38 0.00016016036375445075
25.110000000000003 0.0001903519495508807
27.581788380420882 0.00019952623149688788
28.18 0.00020232144921773505
31.211308288686322 0.0002511886431509582
31.62 0.0002594830077971988
33.85203350531589 0.00031622776601683794
35.48 0.0003683316985388722
38.006084732812944 0.00031622776601683794
39.81 0.00028667223797945377
39.852673547862864 0.00031622776601683794
39.94398559689746 0.00039810717055349773
40.03189347953077 0.0005011872336272725
40.11658407621754 0.0006309573444801943
40.19823083418651 0.0007943282347242822
40.27699495313175 0.001
40.35302644749561 0.0012589254117941688
40.42646510007325 0.001584893192461114
40.49744131969256 0.001995262314968883
40.56607691404153 0.002511886431509582
40.632485787277815 0.00316227766016838
40.69677457082521 0.003981071705534978
40.7590431947052 0.005011872336272724
40.81938540584242 0.006309573444801942
40.87788923899815 0.00794328234724282
40.934637445307594 0.009999999999999998
40.989707882807735 0.012589254117941687
41.04317387283177 0.01584893192461114
41.095104525700734 0.01995262314968883
41.145565038754455 0.025118864315095822
41.19461696942428 0.03162277660168379
41.24231848575253 0.039810717055349776
41.288724596502206 0.050118723362727255
41.33388736277101 0.06309573444801943
41.37785609282098 0.07943282347242822
41.42067752165681 0.1
41.46239597672767 0.12589254117941687
41.50305353098758 0.15848931924611143
41.54269014442551 0.19952623149688828
41.58134379506576 0.25118864315095824
41.619050600341765 0.31622776601683794
41.65584492965816 0.39810717055349776
41.691759508878995 0.5011872336272725
41.72682551740948 0.6309573444801944
41.76107267847674 0.7943282347242822
41.79452934315892 1.0
