0.0010219978922 	 0
0.0020219978922 	 3.780843058290562e-12
0.0030219978922 	 2.4742653384740696e-12
0.0040219978922 	 1.8525521223742446e-12
0.0050219978922 	 1.4822601214622671e-12
0.0060219978922 	 1.2357010768160226e-12
0.0070219978922 	 1.0595720517754257e-12
0.0080219978922 	 9.274236802960576e-13
0.009021997892200002 	 8.245970880535198e-13
0.010021997892200003 	 7.423025481121919e-13
0.011021997892200004 	 6.749464770417627e-13
0.012021997892200004 	 6.187988015728375e-13
0.013021997892200005 	 5.712762325024949e-13
0.014021997892200006 	 5.305328642155909e-13
0.015021997892200007 	 4.952145346331119e-13
0.016021997892200008 	 4.643052717182088e-13
0.01702199789220001 	 4.3702790821399543e-13
0.01802199789220001 	 4.12777804311595e-13
0.01902199789220001 	 3.910774855559215e-13
0.02002199789220001 	 3.7154487941999274e-13
0.021021997892200012 	 3.5387062030327044e-13
0.022021997892200013 	 3.3780153935657565e-13
0.023021997892200014 	 3.2312845802562914e-13
0.024021997892200015 	 3.096770309004838e-13
0.025021997892200016 	 2.973007846405332e-13
0.026021997892200017 	 2.858757621223273e-13
0.027021997892200018 	 2.752963559199311e-13
0.02802199789220002 	 2.6547203398161866e-13
0.02902199789220002 	 2.5632474228582294e-13
0.03002199789220002 	 2.477868266160268e-13
0.03102199789220002 	 2.397993563081813e-13
0.03202199789220002 	 2.3231076209361797e-13
0.03302199789220002 	 2.2527572145158312e-13
0.03402199789220002 	 2.1865424054384392e-13
0.03502199789220002 	 2.1241089343784757e-13
0.03602199789220002 	 2.0651418805199568e-13
0.03702199789220002 	 2.0093603486196412e-13
0.038021997892200024 	 1.9565129944875084e-13
0.039021997892200025 	 1.9063742384799048e-13
0.040021997892200026 	 1.858741046666256e-13
0.04102199789220003 	 1.8134301827991985e-13
0.04202199789220003 	 1.7702758526603563e-13
0.04302199789220003 	 1.729127676938126e-13
0.04402199789220003 	 1.689848940396233e-13
0.04502199789220003 	 1.6523150743748454e-13
0.04602199789220003 	 1.6164123371335854e-13
0.04702199789220003 	 1.5820366625840302e-13
0.04802199789220003 	 1.5490926528658645e-13
0.049021997892200034 	 1.5174926942265967e-13
0.050021997892200035 	 1.4871561789497564e-13
0.051021997892200036 	 1.4580088187820434e-13
0.052021997892200036 	 1.4299820375473725e-13
0.05302199789220004 	 1.4030124324934217e-13
0.05402199789220004 	 1.3770412954644768e-13
0.05502199789220004 	 1.3520141862893242e-13
0.05602199789220004 	 1.3278805518598158e-13
0.05702199789220004 	 1.3045933852911139e-13
0.05802199789220004 	 1.282108920327985e-13
0.05902199789220004 	 1.2603863568169342e-13
0.060021997892200044 	 1.2393876136211517e-13
0.061021997892200044 	 1.219077105830218e-13
0.062021997892200045 	 1.1994215435225704e-13
0.06302199789220005 	 1.1803897496868041e-13
0.06402199789220005 	 1.161952495207036e-13
0.06502199789220005 	 1.144082349075258e-13
0.06602199789220005 	 1.126753542216249e-13
0.06702199789220005 	 1.1099418435032882e-13
0.06802199789220005 	 1.0936244467101414e-13
0.06902199789220005 	 1.077779867290194e-13
0.07002199789220005 	 1.0623878480003211e-13
0.07102199789220005 	 1.0474292724977487e-13
0.07202199789220005 	 1.0328860861349856e-13
0.07302199789220006 	 1.0187412232628099e-13
0.07402199789220006 	 1.0049785404258648e-13
0.07502199789220006 	 9.915827549010444e-14
0.07602199789220006 	 9.785393880867143e-14
0.07702199789220006 	 9.65834713301908e-14
0.07802199789220006 	 9.534557075998414e-14
0.07902199789220006 	 9.413900072401426e-14
0.08002199789220006 	 9.29625866499754e-14
0.08102199789220006 	 9.181521195340495e-14
0.08202199789220006 	 9.069581450278569e-14
0.08302199789220006 	 8.960338334011538e-14
0.08402199789220006 	 8.853695563566005e-14
0.08502199789220007 	 8.749561385761062e-14
0.08602199789220007 	 8.647848313915475e-14
0.08702199789220007 	 8.54847288270845e-14
0.08802199789220007 	 8.451355419750235e-14
0.08902199789220007 	 8.356419832548679e-14
0.09002199789220007 	 8.263593409674556e-14
0.09102199789220007 	 8.172806635033716e-14
0.09202199789220007 	 8.08399301424901e-14
0.09302199789220007 	 7.997088912240753e-14
0.09402199789220007 	 7.912033401171977e-14
0.09502199789220007 	 7.828768117994911e-14
0.09602199789220008 	 7.747237130898761e-14
0.09702199789220008 	 7.667386814016623e-14
0.09802199789220008 	 7.589165729801629e-14
0.09902199789220008 	 7.512524518530273e-14
0.10002199789220008 	 7.43741579443406e-14
0.10102199789220008 	 7.363794048000217e-14
0.10202199789220008 	 7.291615554018182e-14
0.10302199789220008 	 7.220838284981473e-14
0.10402199789220008 	 7.151421829484544e-14
0.10502199789220008 	 7.083327315281691e-14
0.10602199789220008 	 7.01651733670023e-14
0.10702199789220009 	 6.950955886123117e-14
0.10802199789220009 	 6.886608289277331e-14
0.10902199789220009 	 6.823441144083616e-14
0.11002199789220009 	 6.761422262841056e-14
0.11102199789220009 	 6.700520617536172e-14
0.11202199789220009 	 6.640706288081327e-14
0.11302199789220009 	 6.581950413300987e-14
0.11402199789220009 	 6.52422514449716e-14
0.11502199789220009 	 6.467503601437053e-14
0.1160219978922001 	 6.411759830616781e-14
0.1170219978922001 	 6.356968765665022e-14
0.1180219978922001 	 6.303106189759637e-14
0.1190219978922001 	 6.250148699938939e-14
0.1200219978922001 	 6.198073673197034e-14
0.1210219978922001 	 6.146859234260113e-14
0.1220219978922001 	 6.096484224947201e-14
0.1230219978922001 	 6.046928175025264e-14
0.1240219978922001 	 5.998171274474283e-14
0.1250219978922001 	 5.95019434708338e-14
0.1260219978922001 	 5.902978825304042e-14
0.1270219978922001 	 5.856506726291197e-14
0.1280219978922001 	 5.810760629067152e-14
0.1290219978922001 	 5.765723652747493e-14
0.1300219978922001 	 5.721379435771784e-14
0.1310219978922001 	 5.677712116085373e-14
0.1320219978922001 	 5.63470631222186e-14
0.1330219978922001 	 5.5923471052388596e-14
0.1340219978922001 	 5.5506200214624785e-14
0.1350219978922001 	 5.5095110159985633e-14
0.1360219978922001 	 5.4690064569713017e-14
0.1370219978922001 	 5.429093110451976e-14
0.1380219978922001 	 5.389758126042873e-14
0.1390219978922001 	 5.3509890230834103e-14
0.1400219978922001 	 5.3127736774470865e-14
0.1410219978922001 	 5.2751003088947795e-14
0.1420219978922001 	 5.2379574689676036e-14
0.1430219978922001 	 5.2013340293944867e-14
0.1440219978922001 	 5.165219170976538e-14
0.1450219978922001 	 5.129602372930963e-14
0.1460219978922001 	 5.0944734026728225e-14
0.1470219978922001 	 5.059822306013808e-14
0.1480219978922001 	 5.0256393977583127e-14
0.1490219978922001 	 4.9919152526781223e-14
0.1500219978922001 	 4.9586406968480775e-14
0.1510219978922001 	 4.9258067993259585e-14
0.1520219978922001 	 4.893404864160751e-14
0.1530219978922001 	 4.8614264227142757e-14
0.1540219978922001 	 4.829863226281927e-14
0.15502199789220011 	 4.7987072389990304e-14
0.15602199789220011 	 4.7679506310199803e-14
0.15702199789220012 	 4.737585771958034e-14
0.15802199789220012 	 4.7076052245741725e-14
0.15902199789220012 	 4.678001738704102e-14
0.16002199789220012 	 4.648768245412954e-14
0.16102199789220012 	 4.619897851367793e-14
0.16202199789220012 	 4.591383833418528e-14
0.16302199789220012 	 4.5632196333782756e-14
0.16402199789220012 	 4.535398852994647e-14
0.16502199789220012 	 4.5079152491038906e-14
0.16602199789220012 	 4.4807627289601534e-14
0.16702199789220012 	 4.453935345732534e-14
0.16802199789220013 	 4.4274272941629314e-14
0.16902199789220013 	 4.401232906378044e-14
0.17002199789220013 	 4.375346647849154e-14
0.17102199789220013 	 4.349763113493646e-14
0.17202199789220013 	 4.324477023912531e-14
0.17302199789220013 	 4.2994832217584135e-14
0.17402199789220013 	 4.274776668228703e-14
0.17502199789220013 	 4.25035243967904e-14
0.17602199789220013 	 4.226205724352158e-14
0.17702199789220013 	 4.202331819217622e-14
0.17802199789220013 	 4.17872612691807e-14
0.17902199789220014 	 4.1553841528178184e-14
0.18002199789220014 	 4.1323015021498164e-14
0.18102199789220014 	 4.1094738772571846e-14
0.18202199789220014 	 4.086897074925669e-14
0.18302199789220014 	 4.064566983803546e-14
0.18402199789220014 	 4.042479581905654e-14
0.18502199789220014 	 4.0206309341983674e-14
0.18602199789220014 	 3.99901719026246e-14
0.18702199789220014 	 3.977634582030955e-14
0.18802199789220014 	 3.956479421599156e-14
0.18902199789220014 	 3.935548099104201e-14
0.19002199789220015 	 3.914837080671559e-14
0.19102199789220015 	 3.894342906426039e-14
0.19202199789220015 	 3.874062188564942e-14
0.19302199789220015 	 3.8539916094911057e-14
0.19402199789220015 	 3.83412792000369e-14
0.19502199789220015 	 3.8144679375446205e-14
0.19602199789220015 	 3.7950085444987124e-14
0.19702199789220015 	 3.775746686545543e-14
0.19802199789220015 	 3.75667937106129e-14
0.19902199789220015 	 3.737803665568728e-14
0.20002199789220015 	 3.7191166962337315e-14
0.20102199789220015 	 3.700615646406644e-14
0.20202199789220016 	 3.68229775520698e-14
0.20302199789220016 	 3.6641603161499483e-14
0.20402199789220016 	 3.6462006758133613e-14
0.20502199789220016 	 3.6284162325435687e-14
0.20602199789220016 	 3.6108044351990704e-14
0.20702199789220016 	 3.5933627819305453e-14
0.20802199789220016 	 3.576088818996068e-14
0.20902199789220016 	 3.558980139610336e-14
0.21002199789220016 	 3.542034382826769e-14
0.21102199789220016 	 3.5252492324513976e-14
0.21202199789220016 	 3.1271902606073914e-14
0.21302199789220017 	 2.9385091316593366e-14
0.21402199789220017 	 2.812732650976639e-14
0.21502199789220017 	 2.7153687352730163e-14
0.21602199789220017 	 2.6349923099478753e-14
0.21702199789220017 	 2.5661511561742496e-14
0.21802199789220017 	 2.5057500601674302e-14
0.21902199789220017 	 2.4518376428265982e-14
0.22002199789220017 	 2.4030932455480725e-14
0.22102199789220017 	 2.3585759280974837e-14
0.22202199789220017 	 2.3175885862734237e-14
0.22302199789220017 	 2.2795986445322954e-14
0.22402199789220018 	 2.244188992107062e-14
0.22502199789220018 	 2.2110261830227323e-14
0.22602199789220018 	 2.1798390248058683e-14
0.22702199789220018 	 2.150403696129321e-14
0.22802199789220018 	 2.1225331198067293e-14
0.22902199789220018 	 2.096069196582219e-14
0.23002199789220018 	 2.0708770142511867e-14
0.23102199789220018 	 2.046840452833749e-14
0.23202199789220018 	 2.0238587968037198e-14
0.23302199789220018 	 2.00184408706899e-14
0.23402199789220018 	 1.9807190252251632e-14
0.23502199789220019 	 1.9604152961624877e-14
0.23602199789220019 	 1.9408722117747047e-14
0.2370219978922002 	 1.9220356040858594e-14
0.2380219978922002 	 1.9038569142353603e-14
0.2390219978922002 	 1.8862924368045758e-14
0.2400219978922002 	 1.8693026884847738e-14
0.2410219978922002 	 1.8528518771180938e-14
0.2420219978922002 	 1.8369074524002233e-14
0.2430219978922002 	 1.821439723506055e-14
0.2440219978922002 	 1.806421531931871e-14
0.2450219978922002 	 1.7918279701836993e-14
0.2460219978922002 	 1.7776361387569407e-14
0.2470219978922002 	 1.7638249352747103e-14
0.2480219978922002 	 1.7503748707751525e-14
0.2490219978922002 	 1.737267909030742e-14
0.2500219978922002 	 1.724487325497144e-14
0.2510219978922002 	 1.7120175830648102e-14
0.2520219978922002 	 1.699844222252889e-14
0.2530219978922002 	 1.687953763865124e-14
0.2540219978922002 	 1.6763336224388135e-14
0.2550219978922002 	 1.6649720290742882e-14
0.2560219978922002 	 1.653857962444571e-14
0.2570219978922002 	 1.6429810869611754e-14
0.2580219978922002 	 1.632331697219257e-14
0.2590219978922002 	 1.621900667968733e-14
0.2600219978922002 	 1.6116794089618503e-14
0.2610219978922002 	 1.6016598241154467e-14
0.2620219978922002 	 1.591834274500545e-14
0.2630219978922002 	 1.5821955447352336e-14
0.2640219978922002 	 1.5727368124108274e-14
0.2650219978922002 	 1.5634516202275838e-14
0.2660219978922002 	 1.5543338505560066e-14
0.2670219978922002 	 1.54537770217403e-14
0.2680219978922002 	 1.5365776689599543e-14
0.2690219978922002 	 1.527928520346658e-14
0.2700219978922002 	 1.5194252833648774e-14
0.2710219978922002 	 1.5110632261227197e-14
0.2720219978922002 	 1.5028378425855388e-14
0.2730219978922002 	 1.4947448385350743e-14
0.2740219978922002 	 1.4867801185997724e-14
0.2750219978922002 	 1.4789397742596123e-14
0.2760219978922002 	 1.4712200727388086e-14
0.2770219978922002 	 1.4636174467086545e-14
0.2780219978922002 	 1.456128484730588e-14
0.2790219978922002 	 1.4487499223765428e-14
0.2800219978922002 	 1.441344815232851e-14
0.2810219978922002 	 1.4338991469922318e-14
0.2820219978922002 	 1.4264733730919836e-14
0.2830219978922002 	 1.4190851433966164e-14
0.28402199789220023 	 1.4117437177348356e-14
0.28502199789220023 	 1.4044547153885141e-14
0.28602199789220023 	 1.3972217741161307e-14
0.28702199789220023 	 1.3900473139184767e-14
0.28802199789220023 	 1.3829329470757253e-14
0.28902199789220023 	 1.3758797214932212e-14
0.29002199789220023 	 1.3688882757452715e-14
0.29102199789220023 	 1.3619589432289002e-14
0.29202199789220024 	 1.3550918250531809e-14
0.29302199789220024 	 1.3482868427319194e-14
0.29402199789220024 	 1.3415437772899167e-14
0.29502199789220024 	 1.3348622989194843e-14
0.29602199789220024 	 1.3282419898783271e-14
0.29702199789220024 	 1.3216823624377746e-14
0.29802199789220024 	 1.3151828731319029e-14
0.29902199789220024 	 1.3087429341932416e-14
0.30002199789220024 	 1.3023619228157485e-14
0.30102199789220024 	 1.296039188717222e-14
0.30202199789220024 	 1.2897740603548882e-14
0.30302199789220025 	 1.283565850063107e-14
0.30402199789220025 	 1.2774138583203719e-14
0.30502199789220025 	 1.2713173773070972e-14
0.30602199789220025 	 1.2652756938814254e-14
0.30702199789220025 	 1.2592880920742759e-14
0.30802199789220025 	 1.2533538551848643e-14
0.30902199789220025 	 1.2474722675424269e-14
0.31002199789220025 	 1.2416426159876959e-14
0.31102199789220025 	 1.2358641911180823e-14
0.31202199789220025 	 1.2301362883328513e-14
0.31302199789220025 	 1.2244582087084014e-14
0.31402199789220026 	 1.2188292597287987e-14
0.31502199789220026 	 1.2132487558926447e-14
0.31602199789220026 	 1.2077160192140387e-14
0.31702199789220026 	 1.2022303796326629e-14
0.31802199789220026 	 1.1967911753457359e-14
0.31902199789220026 	 1.1913977530727109e-14
0.32002199789220026 	 1.1860494682619994e-14
0.32102199789220026 	 1.1807456852476948e-14
0.32202199789220026 	 1.175485777363135e-14
0.32302199789220026 	 1.1702691270172047e-14
0.32402199789220026 	 1.1650951257384838e-14
0.32502199789220027 	 1.1599631741916475e-14
0.32602199789220027 	 1.154872682169947e-14
0.32702199789220027 	 1.149823068567109e-14
0.32802199789220027 	 1.1448137613315302e-14
0.32902199789220027 	 1.139844197405312e-14
0.33002199789220027 	 1.134913822650321e-14
0.33102199789220027 	 1.1300220917632126e-14
0.33202199789220027 	 1.1251684681810936e-14
0.33302199789220027 	 1.1203524239792975e-14
0.3340219978922003 	 1.1155734397625692e-14
0.3350219978922003 	 1.1108310045507809e-14
0.3360219978922003 	 1.1061246156601766e-14
0.3370219978922003 	 1.101453778581012e-14
0.3380219978922003 	 1.0968180068523504e-14
0.3390219978922003 	 1.09221682193468e-14
0.3400219978922003 	 1.0876497530809486e-14
0.3410219978922003 	 1.0831163372065066e-14
0.3420219978922003 	 1.0786161187584253e-14
0.3430219978922003 	 1.074148649584575e-14
0.3440219978922003 	 1.069713488802795e-14
0.3450219978922003 	 1.0653102026704673e-14
0.3460219978922003 	 1.0609383644547394e-14
0.3470219978922003 	 1.0565975543036258e-14
0.3480219978922003 	 1.052287359118177e-14
0.3490219978922003 	 1.0480073724258876e-14
0.3500219978922003 	 1.0437571942554757e-14
0.3510219978922003 	 1.0395364310131615e-14
0.3520219978922003 	 1.0353446953605444e-14
0.3530219978922003 	 1.031181606094167e-14
0.3540219978922003 	 1.027046788026822e-14
0.3550219978922003 	 1.0229398718706868e-14
0.3560219978922003 	 1.0188604941222965e-14
0.3570219978922003 	 1.0148082969494242e-14
0.3580219978922003 	 1.010782928079872e-14
0.3590219978922003 	 1.0067840406922014e-14
0.3600219978922003 	 1.0028112933084121e-14
0.3610219978922003 	 9.988643496885777e-15
0.3620219978922003 	 9.949428787274326e-15
0.3630219978922003 	 9.910465543529099e-15
0.3640219978922003 	 9.871750554266222e-15
0.3650219978922003 	 9.833280656462685e-15
0.3660219978922003 	 9.795052734499553e-15
0.3670219978922003 	 9.757063719224114e-15
0.3680219978922003 	 9.719310587030775e-15
0.3690219978922003 	 9.681790358960452e-15
0.3700219978922003 	 9.644500099818308e-15
0.3710219978922003 	 9.607436917309349e-15
0.3720219978922003 	 9.570597961191936e-15
0.3730219978922003 	 9.533980422448624e-15
0.3740219978922003 	 9.49758153247426e-15
0.3750219978922003 	 9.461398562280903e-15
0.3760219978922003 	 9.42542882171937e-15
0.3770219978922003 	 9.389669658717036e-15
0.3780219978922003 	 9.354118458531595e-15
0.3790219978922003 	 9.318772643020528e-15
0.3800219978922003 	 9.28362966992588e-15
0.3810219978922003 	 9.248687032174134e-15
0.3820219978922003 	 9.213942257190814e-15
0.3830219978922003 	 9.179392906229523e-15
0.3840219978922003 	 9.145036573715169e-15
0.3850219978922003 	 9.110870886600959e-15
0.3860219978922003 	 9.076893503739046e-15
0.3870219978922003 	 9.04310211526431e-15
0.3880219978922003 	 9.009494441991246e-15
0.3890219978922003 	 8.976068234823437e-15
0.3900219978922003 	 8.942821274175475e-15
0.3910219978922003 	 8.909751369406992e-15
0.3920219978922003 	 8.876856358268635e-15
0.3930219978922003 	 8.84413410635951e-15
0.3940219978922003 	 8.81158250659605e-15
0.3950219978922003 	 8.779199478691952e-15
0.39602199789220033 	 8.746982968648941e-15
0.39702199789220033 	 8.714930948258095e-15
0.39802199789220033 	 8.683041414611528e-15
0.39902199789220033 	 8.65131238962423e-15
0.40002199789220033 	 8.61974191956569e-15
0.40102199789220033 	 8.588328074601269e-15
0.40202199789220033 	 8.55706894834292e-15
0.40302199789220033 	 8.525962657409184e-15
0.40402199789220034 	 8.495007340994192e-15
0.40502199789220034 	 8.46420116044541e-15
0.40602199789220034 	 8.433542298850041e-15
0.40702199789220034 	 8.40302896062985e-15
0.40802199789220034 	 8.372659371144087e-15
0.40902199789220034 	 8.342431776300553e-15
0.41002199789220034 	 8.312344442174461e-15
0.41102199789220034 	 8.282395654634971e-15
0.41202199789220034 	 8.252583718979204e-15
0.41302199789220034 	 8.222906959573566e-15
0.41402199789220034 	 8.19336371950227e-15
0.41502199789220034 	 8.163952360222828e-15
0.41602199789220035 	 8.13467126122836e-15
0.41702199789220035 	 8.105518819716648e-15
0.41802199789220035 	 8.076493450265646e-15
0.41902199789220035 	 8.047593584496746e-15
0.42002199789220035 	 8.018817670853036e-15
0.42102199789220035 	 7.990164174123798e-15
0.42202199789220035 	 7.961631575294768e-15
0.42302199789220035 	 7.93321837119374e-15
0.42402199789220035 	 7.904923074203485e-15
0.42502199789220035 	 7.876744211982601e-15
0.42602199789220035 	 7.848680327188453e-15
0.42702199789220036 	 7.82072997720541e-15
0.42802199789220036 	 7.792891733878355e-15
0.42902199789220036 	 7.765164183251309e-15
0.43002199789220036 	 7.737545925311112e-15
0.43102199789220036 	 7.71003557373601e-15
0.43202199789220036 	 7.682631755648996e-15
0.43302199789220036 	 7.655333111376018e-15
0.43402199789220036 	 7.628138294208673e-15
0.43502199789220036 	 7.601045970171437e-15
0.43602199789220036 	 7.574054817793491e-15
0.43702199789220036 	 7.547163527884672e-15
0.43802199789220037 	 7.520370803315871e-15
0.43902199789220037 	 7.493675358803479e-15
0.44002199789220037 	 7.467075920698061e-15
0.44102199789220037 	 7.440571226776889e-15
0.44202199789220037 	 7.414160026040634e-15
0.44302199789220037 	 7.387841078513711e-15
0.44402199789220037 	 7.36161315504854e-15
0.44502199789220037 	 7.335475037133555e-15
0.4460219978922004 	 7.309425516704778e-15
0.4470219978922004 	 7.283463395961103e-15
0.4480219978922004 	 7.257587487183028e-15
0.4490219978922004 	 7.231796612554905e-15
0.4500219978922004 	 7.206089603990535e-15
0.4510219978922004 	 7.18046530296227e-15
0.4520219978922004 	 7.154922560333243e-15
0.4530219978922004 	 7.129460236192927e-15
0.4540219978922004 	 7.1040771996959e-15
0.4550219978922004 	 7.078772328903755e-15
0.4560219978922004 	 7.053544510630014e-15
0.4570219978922004 	 7.028392640288307e-15
0.4580219978922004 	 7.0033156217432654e-15
0.4590219978922004 	 6.978312367164648e-15
0.4600219978922004 	 6.953381796884252e-15
0.4610219978922004 	 6.9285228392557195e-15
0.4620219978922004 	 6.9037344305171976e-15
0.4630219978922004 	 6.879015514656889e-15
0.4640219978922004 	 6.854365043281203e-15
0.4650219978922004 	 6.8297819754858554e-15
0.4660219978922004 	 6.805265277729496e-15
0.4670219978922004 	 6.780813923710176e-15
0.4680219978922004 	 6.756426894244323e-15
0.4690219978922004 	 6.732103177148491e-15
0.4700219978922004 	 6.707841767123558e-15
0.4710219978922004 	 6.683641665641648e-15
0.4720219978922004 	 6.659501880835474e-15
0.4730219978922004 	 6.6354214273903564e-15
0.4740219978922004 	 6.6113993264385946e-15
0.4750219978922004 	 6.587434605456494e-15
0.4760219978922004 	 6.563526298163762e-15
0.4770219978922004 	 6.539673444425428e-15
0.4780219978922004 	 6.515875090156168e-15
0.4790219978922004 	 6.49213028722713e-15
0.4800219978922004 	 6.4684380933751155e-15
0.4810219978922004 	 6.444797572114258e-15
0.4820219978922004 	 6.4212077926500185e-15
0.4830219978922004 	 6.3976678297956914e-15
0.4840219978922004 	 6.374176763891206e-15
0.4850219978922004 	 6.3507336807243935e-15
0.4860219978922004 	 6.327337671454607e-15
0.4870219978922004 	 6.303987832538544e-15
0.4880219978922004 	 6.280683265659483e-15
0.4890219978922004 	 6.257423077656846e-15
0.4900219978922004 	 6.234206380460215e-15
0.4910219978922004 	 6.211032291024727e-15
0.4920219978922004 	 6.18789993126905e-15
0.4930219978922004 	 6.164808428015829e-15
0.4940219978922004 	 6.141756912934459e-15
0.4950219978922004 	 6.118744522486361e-15
0.4960219978922004 	 6.095770397872709e-15
0.4970219978922004 	 6.07283368498449e-15
0.4980219978922004 	 6.049933534355166e-15
0.4990219978922004 	 6.027069101115776e-15
0.5000219978922004 	 6.004239544952426e-15
0.5010219978922004 	 5.981444030066504e-15
0.5020219978922004 	 5.9586817251372205e-15
0.5030219978922004 	 5.935951803286817e-15
0.5040219978922004 	 5.913253442048317e-15
0.5050219978922004 	 5.890585823335926e-15
0.5060219978922004 	 5.8679481334179455e-15
0.5070219978922004 	 5.845339562892472e-15
0.5080219978922004 	 5.822759306665632e-15
0.5090219978922004 	 5.80020656393272e-15
0.5100219978922004 	 5.777680538161822e-15
0.5110219978922004 	 5.7551804370804626e-15
0.5120219978922004 	 5.732705472664872e-15
0.5130219978922004 	 5.710254861132182e-15
0.5140219978922004 	 5.687827822935521e-15
0.5150219978922004 	 5.66542358276192e-15
0.5160219978922004 	 5.643041369533277e-15
0.5170219978922004 	 5.620680416410286e-15
0.5180219978922004 	 5.5983399607993884e-15
0.5190219978922004 	 5.5760192443628106e-15
0.5200219978922004 	 5.553717513031757e-15
0.5210219978922004 	 5.531434017022791e-15
0.5220219978922004 	 5.509168010857349e-15
0.5230219978922004 	 5.486918753384627e-15
0.5240219978922004 	 5.464685507807852e-15
0.5250219978922004 	 5.4424675417137206e-15
0.5260219978922004 	 5.420264127105505e-15
0.5270219978922004 	 5.398074540439307e-15
0.5280219978922004 	 5.3758980626649204e-15
0.5290219978922004 	 5.353733979268399e-15
0.5300219978922004 	 5.331581580319577e-15
0.5310219978922004 	 5.309440160525006e-15
0.5320219978922004 	 5.287309019279861e-15
0.5330219978922004 	 5.26518746072875e-15
0.5340219978922004 	 5.243074793827814e-15
0.5350219978922004 	 5.2209703324115e-15
0.5360219978922004 	 5.198873395263375e-15
0.5370219978922004 	 5.1767833061909566e-15
0.5380219978922004 	 5.1546993941050326e-15
0.5390219978922004 	 5.132620993103006e-15
0.5400219978922004 	 5.110547442556801e-15
0.5410219978922004 	 5.0884780872051965e-15
0.5420219978922004 	 5.066412277250543e-15
0.5430219978922004 	 5.044349368460367e-15
0.5440219978922004 	 5.022288722273471e-15
0.5450219978922004 	 5.000229705910938e-15
0.5460219978922004 	 4.97817169249186e-15
0.5470219978922004 	 4.956114061154e-15
0.5480219978922004 	 4.934056197180195e-15
0.5490219978922004 	 4.9119974920513095e-15
0.5500219978922004 	 4.8899373434697885e-15
0.5510219978922004 	 4.86787515566507e-15
0.5520219978922004 	 4.8458103395714605e-15
0.5530219978922004 	 4.82374231297982e-15
0.5540219978922004 	 4.80167050069566e-15
0.5550219978922004 	 4.779594334702902e-15
0.5560219978922004 	 4.757513254333401e-15
0.5570219978922004 	 4.735426706442387e-15
0.5580219978922004 	 4.713334145589835e-15
0.5590219978922004 	 4.691235034227932e-15
0.5600219978922004 	 4.669128842894839e-15
0.5610219978922004 	 4.647015050414684e-15
0.5620219978922004 	 4.624893144103936e-15
0.5630219978922004 	 4.602762619984301e-15
0.5640219978922004 	 4.580622983002225e-15
0.5650219978922004 	 4.558473747255018e-15
0.5660219978922004 	 4.536314436223988e-15
0.5670219978922004 	 4.514144583013998e-15
0.5680219978922004 	 4.491963730601015e-15
0.5690219978922004 	 4.469771432085262e-15
0.5700219978922004 	 4.4475672509529135e-15
0.5710219978922004 	 4.425350761344413e-15
0.5720219978922004 	 4.4031215483303934e-15
0.5730219978922004 	 4.380879208194932e-15
0.5740219978922004 	 4.3586233487265844e-15
0.5750219978922004 	 4.336353589516806e-15
0.5760219978922004 	 4.314069562266435e-15
0.5770219978922004 	 4.2917709110998785e-15
0.5780219978922004 	 4.269457292887127e-15
0.5790219978922004 	 4.2471283775739564e-15
0.5800219978922004 	 4.22478384852014e-15
0.5810219978922004 	 4.20242340284583e-15
0.5820219978922004 	 4.180046751786153e-15
0.5830219978922004 	 4.157653621054086e-15
0.5840219978922004 	 4.135243751211547e-15
0.5850219978922004 	 4.112816898050364e-15
0.5860219978922004 	 4.090372832978405e-15
0.5870219978922004 	 4.067911343417774e-15
0.5880219978922004 	 4.0454322332096655e-15
0.5890219978922004 	 4.022935323028292e-15
0.5900219978922004 	 4.000420450803374e-15
0.5910219978922004 	 3.977887472151715e-15
0.5920219978922004 	 3.955336260816391e-15
0.5930219978922004 	 3.93276670911572e-15
0.5940219978922004 	 3.910178728400888e-15
0.5950219978922004 	 3.887572249521021e-15
0.5960219978922005 	 3.864947223298305e-15
0.5970219978922005 	 3.8423036210110935e-15
0.5980219978922005 	 3.8196414348856424e-15
0.5990219978922005 	 3.796960678596432e-15
0.6000219978922005 	 3.774261387774929e-15
0.6010219978922005 	 3.751543620526866e-15
0.6020219978922005 	 3.728807457957544e-15
0.6030219978922005 	 3.706053004705742e-15
0.6040219978922005 	 3.683280389485469e-15
0.6050219978922005 	 3.6604897656352765e-15
0.6060219978922005 	 3.63768131167654e-15
0.6070219978922005 	 3.614855231878205e-15
0.6080219978922005 	 3.592011756829608e-15
0.6090219978922005 	 3.569151144020281e-15
0.6100219978922005 	 3.5462736784274268e-15
0.6110219978922005 	 3.523379673109148e-15
0.6120219978922005 	 3.5004694698052574e-15
0.6130219978922005 	 3.4775434276347413e-15
0.6140219978922005 	 3.4546019565109773e-15
0.6150219978922005 	 3.43164549331162e-15
0.6160219978922005 	 3.4086745003924352e-15
0.6170219978922005 	 3.3856894718920167e-15
0.6180219978922005 	 3.3626909343629132e-15
0.6190219978922005 	 3.3396794474099164e-15
0.6200219978922005 	 3.316655604330826e-15
0.6210219978922005 	 3.2936200327605513e-15
0.6220219978922005 	 3.2705733953180947e-15
0.6230219978922005 	 3.2475163902556712e-15
0.6240219978922005 	 3.2244497521094233e-15
0.6250219978922005 	 3.2013742523513816e-15
0.6260219978922005 	 3.178290700041594e-15
0.6270219978922005 	 3.1551999424802955e-15
0.6280219978922005 	 3.132102865858944e-15
0.6290219978922005 	 3.1090003959098104e-15
0.6300219978922005 	 3.0858934985530673e-15
0.6310219978922005 	 3.0627831805406626e-15
0.6320219978922005 	 3.039670490096393e-15
0.6330219978922005 	 3.016556517550766e-15
0.6340219978922005 	 2.993442395970341e-15
0.6350219978922005 	 2.9703293017804043e-15
0.6360219978922005 	 2.9472184553793266e-15
0.6370219978922005 	 2.924111121745573e-15
0.6380219978922005 	 2.901008611032844e-15
0.6390219978922005 	 2.8779122791563368e-15
0.6400219978922005 	 2.8548235283656008e-15
0.6410219978922005 	 2.8317438078051447e-15
0.6420219978922005 	 2.8086746140598887e-15
0.6430219978922005 	 2.7856174916851885e-15
0.6440219978922005 	 2.762574033719857e-15
0.6450219978922005 	 2.739545882180765e-15
0.6460219978922005 	 2.7165347285377354e-15
0.6470219978922005 	 2.693542314167214e-15
0.6480219978922005 	 2.6705704307832673e-15
0.6490219978922005 	 2.6476209208444654e-15
0.6500219978922005 	 2.624695677934939e-15
0.6510219978922005 	 2.6017966471181965e-15
0.6520219978922005 	 2.578925825262114e-15
0.6530219978922005 	 2.556085261332915e-15
0.6540219978922005 	 2.533277056657037e-15
0.6550219978922005 	 2.5105033651492374e-15
0.6560219978922005 	 2.4877663935043273e-15
0.6570219978922005 	 2.465068401351497e-15
0.6580219978922005 	 2.4424117013690964e-15
0.6590219978922005 	 2.419798659358037e-15
0.6600219978922005 	 2.3972316942719064e-15
0.6610219978922005 	 2.3747132782017794e-15
0.6620219978922005 	 2.3522459363140347e-15
0.6630219978922005 	 2.3298322467313925e-15
0.6640219978922005 	 2.307474840228774e-15
0.6650219978922005 	 2.2851764000409695e-15
0.6660219978922005 	 2.262939661736073e-15
0.6670219978922005 	 2.2407674128916095e-15
0.6680219978922005 	 2.21866249270635e-15
0.6690219978922005 	 2.196627791550212e-15
0.6700219978922005 	 2.1746662504512937e-15
0.6710219978922005 	 2.152780860516434e-15
0.6720219978922005 	 2.1309746622850314e-15
0.6730219978922005 	 2.109250745012808e-15
0.6740219978922005 	 2.0876122458837747e-15
0.6750219978922005 	 2.066062349148544e-15
0.6760219978922005 	 2.0446042851865934e-15
0.6770219978922005 	 2.023241329490849e-15
0.6780219978922005 	 2.001976801572061e-15
0.6790219978922005 	 1.980814063781607e-15
0.6800219978922005 	 1.9597565200499475e-15
0.6810219978922005 	 1.9388076145397384e-15
0.6820219978922005 	 1.917970830210804e-15
0.6830219978922005 	 1.897249687295382e-15
0.6840219978922005 	 1.876647741682009e-15
0.6850219978922005 	 1.8561685832056264e-15
0.6860219978922005 	 1.8358158338427307e-15
0.6870219978922005 	 1.8155931458090283e-15
0.6880219978922005 	 1.795504199543825e-15
0.6890219978922005 	 1.7755527013231855e-15
0.6900219978922005 	 1.7557423811076763e-15
0.6910219978922005 	 1.7360769905250496e-15
0.6920219978922005 	 1.7165603004643381e-15
0.6930219978922005 	 1.6971960985501557e-15
0.6940219978922005 	 1.6779881865075136e-15
0.6950219978922005 	 1.6589403774149192e-15
0.6960219978922005 	 1.6400564928439056e-15
0.6970219978922005 	 1.6213403598829462e-15
0.6980219978922005 	 1.6027958080433986e-15
0.6990219978922005 	 1.5844266660457462e-15
0.7000219978922005 	 1.5662367584828572e-15
0.7010219978922005 	 1.5482299023581982e-15
0.7020219978922005 	 1.5304099034957203e-15
0.7030219978922005 	 1.5127805528183018e-15
0.7040219978922005 	 1.495345622490991e-15
0.7050219978922005 	 1.4781088619250674e-15
0.7060219978922005 	 1.4610739936381515e-15
0.7070219978922005 	 1.4442447089653369e-15
0.7080219978922005 	 1.4276246636152147e-15
0.7090219978922006 	 1.4112174730640367e-15
0.7100219978922006 	 1.3950267077803329e-15
0.7110219978922006 	 1.3790558882709119e-15
0.7120219978922006 	 1.3633084799381144e-15
0.7130219978922006 	 1.347787887720597e-15
0.7140219978922006 	 1.3324974502319519e-15
0.7150219978922006 	 1.317440434029014e-15
0.7160219978922006 	 1.3026200278872483e-15
0.7170219978922006 	 1.2880393365050516e-15
0.7180219978922006 	 1.2737013739029794e-15
0.7190219978922006 	 1.2596090565024532e-15
0.7200219978922006 	 1.245765195852236e-15
0.7210219978922006 	 1.2321724909650897e-15
0.7220219978922006 	 1.2188335202219853e-15
0.7230219978922006 	 1.205750732793882e-15
0.7240219978922006 	 1.1929264395235595e-15
0.7250219978922006 	 1.1803628032006412e-15
0.7260219978922006 	 1.1680618281518844e-15
0.7270219978922006 	 1.15602534905673e-15
0.7280219978922006 	 1.1442550188826835e-15
0.7290219978922006 	 1.1327522958182433e-15
0.7300219978922006 	 1.1215184290600346e-15
0.7310219978922006 	 1.1105544432871061e-15
0.7320219978922006 	 1.0998611216260477e-15
0.7330219978922006 	 1.0894389868773186e-15
0.7340219978922006 	 1.0792882807317114e-15
0.7350219978922006 	 1.0694089406584996e-15
0.7360219978922006 	 1.059800574088098e-15
0.7370219978922006 	 1.0504624294434552e-15
0.7380219978922006 	 1.0413933634965943e-15
0.7390219978922006 	 1.032591804539218e-15
0.7400219978922006 	 1.0240557103346095e-15
0.7410219978922006 	 1.0157825199887034e-15
0.7420219978922006 	 1.0077690988994256e-15
0.7430219978922006 	 1.0000116753532321e-15
0.7440219978922006 	 9.925057671838922e-16
0.7450219978922006 	 9.852460965761844e-16
0.7460219978922006 	 9.782264906791301e-16
0.7470219978922006 	 9.714397651737974e-16
0.7480219978922006 	 9.648775872919078e-16
0.7490219978922006 	 9.58530313967849e-16
0.7500219978922006 	 9.523867997835236e-16
0.7510219978922006 	 9.464341680722824e-16
0.7520219978922006 	 9.40657536907178e-16
0.7530219978922006 	 9.350396896107853e-16
0.7540219978922006 	 9.295606767533634e-16
0.7550219978922006 	 9.241973331837426e-16
0.7560219978922006 	 9.189226892353452e-16
0.7570219978922006 	 9.137052495768042e-16
0.7580219978922006 	 9.085081058574569e-16
0.7590219978922006 	 9.032878398540758e-16
0.7600219978922006 	 8.979931616706152e-16
0.7610219978922006 	 8.92563211981579e-16
0.7620219978922006 	 8.869254375928525e-16
0.7630219978922006 	 8.809929250986779e-16
0.7640219978922006 	 8.746610483867632e-16
0.7650219978922006 	 8.678032504946361e-16
0.7660219978922006 	 8.602657482628184e-16
0.7670219978922006 	 8.518609265905252e-16
0.7680219978922006 	 8.423592008486534e-16
0.7690219978922006 	 8.314792241439718e-16
0.7700219978922006 	 8.188766125634748e-16
0.7710219978922006 	 8.041320702121376e-16
0.7720219978922006 	 7.867413433911872e-16
0.7730219978922006 	 7.661126166136336e-16
0.7740219978922006 	 7.415831740707874e-16
0.7750219978922006 	 7.124785007935708e-16
0.7760219978922006 	 6.7825563805911e-16
0.7770219978922006 	 6.387970213682392e-16
0.7780219978922006 	 5.949341852855246e-16
0.7790219978922006 	 5.492248203905334e-16
0.7800219978922006 	 5.067633229155338e-16
0.7810219978922006 	 4.752968260810483e-16
0.7820219978922006 	 4.635265008773874e-16
0.7830219978922006 	 4.773765500890925e-16
0.7840219978922006 	 5.164532014062779e-16
0.7850219978922006 	 5.739191678489236e-16
0.7860219978922006 	 6.400709755194031e-16
0.7870219978922006 	 7.064449484370672e-16
0.7880219978922006 	 7.677799820901822e-16
0.7890219978922006 	 8.218351117245924e-16
0.7900219978922006 	 8.683367461098662e-16
0.7910219978922006 	 9.079910458811413e-16
0.7920219978922006 	 9.418487574243557e-16
0.7930219978922006 	 9.709776093183432e-16
0.7940219978922006 	 9.96325315521895e-16
0.7950219978922006 	 1.0186810751656636e-15
0.7960219978922006 	 1.0386809264990219e-15
0.7970219978922006 	 1.0568289759334118e-15
0.7980219978922006 	 1.0735216897071723e-15
0.7990219978922006 	 1.089070109183844e-15
0.8000219978922006 	 1.1037184138842286e-15
0.8010219978922006 	 1.1176587644055822e-15
0.8020219978922006 	 1.1310429040524455e-15
0.8030219978922006 	 1.1439911244814986e-15
0.8040219978922006 	 1.1565991611764889e-15
0.8050219978922006 	 1.1689434925971926e-15
0.8060219978922006 	 1.181085419579701e-15
0.8070219978922006 	 1.1930742161655312e-15
0.8080219978922006 	 1.2049495737507605e-15
0.8090219978922006 	 1.2167435064341297e-15
0.8100219978922006 	 1.228481844234672e-15
0.8110219978922006 	 1.2401854106696283e-15
0.8120219978922006 	 1.2518709577648216e-15
0.8130219978922006 	 1.2635519064606458e-15
0.8140219978922006 	 1.2752389372448421e-15
0.8150219978922006 	 1.2869404695804756e-15
0.8160219978922006 	 1.298663053742878e-15
0.8170219978922006 	 1.3104116870660924e-15
0.8180219978922006 	 1.3221900725311264e-15
0.8190219978922006 	 1.3340008313311413e-15
0.8200219978922006 	 1.345845678424154e-15
0.8210219978922007 	 1.3577255688770566e-15
0.8220219978922007 	 1.3696408212381359e-15
0.8230219978922007 	 1.381591217221567e-15
0.8240219978922007 	 1.3935760864337389e-15
0.8250219978922007 	 1.4055943783383829e-15
0.8260219978922007 	 1.4176447231835876e-15
0.8270219978922007 	 1.4297254837691162e-15
0.8280219978922007 	 1.4418347995821719e-15
0.8290219978922007 	 1.4539706245494647e-15
0.8300219978922007 	 1.466130759429615e-15
0.8310219978922007 	 1.4783128796887544e-15
0.8320219978922007 	 1.4905145595552566e-15
0.8330219978922007 	 1.5027332928308744e-15
0.8340219978922007 	 1.5149665109387363e-15
0.8350219978922007 	 1.527211598609293e-15
0.8360219978922007 	 1.5394659075403507e-15
0.8370219978922007 	 1.5517267683137564e-15
0.8380219978922007 	 1.5639915004702807e-15
0.8390219978922007 	 1.576257414835724e-15
0.8400219978922007 	 1.5885218213860887e-15
0.8410219978922007 	 1.6007820447333175e-15
0.8420219978922007 	 1.6130354372376035e-15
0.8430219978922007 	 1.6252793780304034e-15
0.8440219978922007 	 1.637511275707587e-15
0.8450219978922007 	 1.6497285724486037e-15
0.8460219978922007 	 1.6619287476179122e-15
0.8470219978922007 	 1.6741093209073143e-15
0.8480219978922007 	 1.6862678550706625e-15
0.8490219978922007 	 1.6984019582955155e-15
0.8500219978922007 	 1.7102736160413461e-15
0.8510219978922007 	 1.7223490305044133e-15
0.8520219978922007 	 1.7343923735133091e-15
0.8530219978922007 	 1.7464014563308498e-15
0.8540219978922007 	 1.7583741447479282e-15
0.8550219978922007 	 1.7703083599795652e-15
0.8560219978922007 	 1.7822020793879576e-15
0.8570219978922007 	 1.7940533370487446e-15
0.8580219978922007 	 1.805860224175362e-15
0.8590219978922007 	 1.8176208894143725e-15
0.8600219978922007 	 1.82933353902385e-15
0.8610219978922007 	 1.8409964369452355e-15
0.8620219978922007 	 1.852607904778455e-15
0.8630219978922007 	 1.8641663216121185e-15
0.8640219978922007 	 1.875670122692e-15
0.8650219978922007 	 1.8871177991559924e-15
0.8660219978922007 	 1.8985078987453504e-15
0.8670219978922007 	 1.9098390254551113e-15
0.8680219978922007 	 1.9211098390865983e-15
0.8690219978922007 	 1.9323190547502395e-15
0.8700219978922007 	 1.943465442323158e-15
0.8710219978922007 	 1.954547825865898e-15
0.8720219978922007 	 1.9655650830024403e-15
0.8730219978922007 	 1.976516144266385e-15
0.8740219978922007 	 1.9873999924177336e-15
0.8750219978922007 	 1.998215661732504e-15
0.8760219978922007 	 2.00896223726843e-15
0.8770219978922007 	 2.0196388541094135e-15
0.8780219978922007 	 2.030244696590997e-15
0.8790219978922007 	 2.040778997509472e-15
0.8800219978922007 	 2.051241037316409e-15
0.8810219978922007 	 2.0616301433450466e-15
0.8820219978922007 	 2.0719456891062057e-15
0.8830219978922007 	 2.082187093329239e-15
0.8840219978922007 	 2.092353819079145e-15
0.8850219978922007 	 2.1024453729060355e-15
0.8860219978922007 	 2.1124613039900164e-15
0.8870219978922007 	 2.1224012032827935e-15
0.8880219978922007 	 2.1322647026192758e-15
0.8890219978922007 	 2.1420514732944822e-15
0.8900219978922007 	 2.1517612252112383e-15
0.8910219978922007 	 2.161393630857265e-15
0.8920219978922007 	 2.1709481122081552e-15
0.8930219978922007 	 2.180424049460966e-15
0.8940219978922007 	 2.1898208456962317e-15
0.8950219978922007 	 2.199137926261298e-15
0.8960219978922007 	 2.2083747381667736e-15
0.8970219978922007 	 2.2175307494964044e-15
0.8980219978922007 	 2.22660544883031e-15
0.8990219978922007 	 2.2355983446812795e-15
0.9000219978922007 	 2.244508964944257e-15
0.9010219978922007 	 2.253336856358798e-15
0.9020219978922007 	 2.2620815839841593e-15
0.9030219978922007 	 2.27074273068707e-15
0.9040219978922007 	 2.2793198966414588e-15
0.9050219978922007 	 2.287812698839796e-15
0.9060219978922007 	 2.2962207706162975e-15
0.9070219978922007 	 2.304543761180768e-15
0.9080219978922007 	 2.3127813351628775e-15
0.9090219978922007 	 2.320933172166364e-15
0.9100219978922007 	 2.3289989663321553e-15
0.9110219978922007 	 2.3369784097850585e-15
0.9120219978922007 	 2.344871147247663e-15
0.9130219978922007 	 2.3526768204868293e-15
0.9140219978922007 	 2.3603950772919635e-15
0.9150219978922007 	 2.368025571275083e-15
0.9160219978922007 	 2.375567965880843e-15
0.9170219978922007 	 2.3830219342376226e-15
0.9180219978922007 	 2.3903843351868153e-15
0.9190219978922007 	 2.3976446151831502e-15
0.9200219978922007 	 2.4048080700290952e-15
0.9210219978922007 	 2.411876343561244e-15
0.9220219978922007 	 2.41885009289316e-15
0.9230219978922007 	 2.4257296391834104e-15
0.9240219978922007 	 2.4325151410261672e-15
0.9250219978922007 	 2.439206665358524e-15
0.9260219978922007 	 2.4458042224584693e-15
0.9270219978922007 	 2.4523077854019876e-15
0.9280219978922007 	 2.4587173017679118e-15
0.9290219978922007 	 2.465032701068785e-15
0.9300219978922007 	 2.471253899642144e-15
0.9310219978922007 	 2.477381040991823e-15
0.9320219978922007 	 2.4834151556331194e-15
0.9330219978922007 	 2.4893574938420926e-15
0.9340219978922008 	 2.4952093194888555e-15
0.9350219978922008 	 2.5009719095883496e-15
0.9360219978922008 	 2.5066465535227764e-15
0.9370219978922008 	 2.512234551990332e-15
0.9380219978922008 	 2.5177372139618984e-15
0.9390219978922008 	 2.5231558203306882e-15
0.9400219978922008 	 2.5284916236654094e-15
0.9410219978922008 	 2.5337458912873324e-15
0.9420219978922008 	 2.5389199380781146e-15
0.9430219978922008 	 2.5440150898603416e-15
0.9440219978922008 	 2.549032670253596e-15
0.9450219978922008 	 2.553973997829073e-15
0.9460219978922008 	 2.5588403829798482e-15
0.9470219978922008 	 2.563633124476159e-15
0.9480219978922008 	 2.568353505675864e-15
0.9490219978922008 	 2.573002790262885e-15
0.9500219978922008 	 2.5775822177459494e-15
0.9510219978922008 	 2.5820927691202943e-15
0.9520219978922008 	 2.5865345284964672e-15
0.9530219978922008 	 2.590907326675698e-15
0.9540219978922008 	 2.5952109343643276e-15
0.9550219978922008 	 2.5994450548065174e-15
0.9560219978922008 	 2.6036094331532654e-15
0.9570219978922008 	 2.6077041720304205e-15
0.9580219978922008 	 2.6117293860876073e-15
0.9590219978922008 	 2.61568505295325e-15
0.9600219978922008 	 2.6195709058655125e-15
0.9610219978922008 	 2.623386513228806e-15
0.9620219978922008 	 2.6271312893107505e-15
0.9630219978922008 	 2.6308044789013677e-15
0.9640219978922008 	 2.6344052484303686e-15
0.9650219978922008 	 2.637932652280539e-15
0.9660219978922008 	 2.6413854912047982e-15
0.9670219978922008 	 2.6447622707689986e-15
0.9680219978922008 	 2.648061158552529e-15
0.9690219978922008 	 2.651279934656209e-15
0.9700219978922008 	 2.6544159343557955e-15
0.9710219978922008 	 2.6574658942723994e-15
0.9720219978922008 	 2.6604256346340992e-15
0.9730219978922008 	 2.663290217751173e-15
0.9740219978922008 	 2.6660539187445465e-15
0.9750219978922008 	 2.6687101017796157e-15
0.9760219978922008 	 2.671251074507532e-15
0.9770219978922008 	 2.6736679162163512e-15
0.9780219978922008 	 2.675950275220051e-15
0.9790219978922008 	 2.6780861271180702e-15
0.9800219978922008 	 2.6800614889849854e-15
0.9810219978922008 	 2.6818612097180887e-15
0.9820219978922008 	 2.6834716720279025e-15
0.9830219978922008 	 2.684875627103902e-15
0.9840219978922008 	 2.6860224969948795e-15
0.9850219978922008 	 2.6868853046834654e-15
0.9860219978922008 	 2.687465887268976e-15
0.9870219978922008 	 2.687713203385556e-15
0.9880219978922008 	 2.686316312080822e-15
0.9890219978922008 	 2.6817067075525635e-15
0.9900219978922008 	 2.674495820748814e-15
0.9910219978922008 	 2.66458704771764e-15
0.9920219978922008 	 2.6517185803512564e-15
0.9930219978922008 	 2.6355291847634405e-15
0.9940219978922008 	 2.615571751235875e-15
0.9950219978922008 	 2.59131344332642e-15
0.9960219978922008 	 2.558394982711824e-15
0.9970219978922008 	 2.5140953879340293e-15
0.9980219978922008 	 2.4592577320733813e-15
0.9990219978922008 	 2.3933497440636878e-15
1.0000219978922007 	 2.315640611347191e-15
1.0010219978922006 	 2.2254142101817003e-15
1.0020219978922005 	 2.1220879434488037e-15
1.0030219978922004 	 2.0053265162685645e-15
1.0040219978922003 	 1.875193192723885e-15
1.0050219978922001 	 1.7323081932519863e-15
1.0060219978922 	 1.5779402798135175e-15
1.0070219978922 	 1.4141526655673263e-15
1.0080219978921998 	 1.2438514394584182e-15
1.0090219978921997 	 1.0707324587856679e-15
1.0100219978921996 	 8.991198425827438e-16
1.0110219978921995 	 7.336970287471529e-16
1.0120219978921994 	 5.791254657753213e-16
1.0130219978921993 	 4.3965316707394074e-16
1.0140219978921992 	 3.1875821940178134e-16
1.015021997892199 	 2.1887400110402887e-16
1.016021997892199 	 1.4126005214167501e-16
1.0170219978921988 	 8.601127436484467e-17
1.0180219978921987 	 5.221221710408347e-17
1.0190219978921986 	 3.814121045907319e-17
1.0200219978921985 	 4.152127639357365e-17
1.0210219978921984 	 5.987255321659011e-17
1.0220219978921983 	 9.062693315212579e-17
1.0230219978921982 	 1.3132269257624882e-16
1.024021997892198 	 1.796783426470586e-16
1.025021997892198 	 2.33689415806655e-16
1.0260219978921978 	 2.91635518742886e-16
1.0270219978921977 	 3.520849839253556e-16
1.0280219978921976 	 4.138715934228067e-16
1.0290219978921975 	 4.7606529929643125e-16
1.0300219978921974 	 5.379417318508681e-16
1.0310219978921973 	 5.989420141338186e-16
1.0320219978921972 	 6.586449559078214e-16
1.033021997892197 	 7.167502604501222e-16
1.034021997892197 	 7.730509651236122e-16
1.0350219978921968 	 8.274121662341215e-16
1.0360219978921967 	 8.797562173206305e-16
1.0370219978921966 	 9.300508913019846e-16
1.0380219978921965 	 9.782981776055126e-16
1.0390219978921964 	 1.0245256789655727e-15
1.0400219978921963 	 1.068779855397998e-15
1.0410219978921962 	 1.1111199821650138e-15
1.042021997892196 	 1.1516110346661507e-15
1.043021997892196 	 1.190322244070734e-15
1.0440219978921959 	 1.2273253605604413e-15
1.0450219978921957 	 1.2626928380569335e-15
1.0460219978921956 	 1.296496488584459e-15
1.0470219978921955 	 1.3288072971961924e-15
1.0480219978921954 	 1.3596971894048067e-15
1.0490219978921953 	 1.3892367333884008e-15
1.0500219978921952 	 1.4174941552756632e-15
1.051021997892195 	 1.4445348390900134e-15
1.052021997892195 	 1.470420375409017e-15
1.0530219978921949 	 1.4952091655478703e-15
1.0540219978921948 	 1.5189566534263423e-15
1.0550219978921946 	 1.5417153768559753e-15
1.0560219978921945 	 1.5635350471103085e-15
1.0570219978921944 	 1.5844626416622686e-15
1.0580219978921943 	 1.6045424972683993e-15
1.0590219978921942 	 1.6238164464486313e-15
1.060021997892194 	 1.6423239468405836e-15
1.061021997892194 	 1.6601021451026757e-15
1.0620219978921939 	 1.6771858157050347e-15
1.0630219978921938 	 1.6936075666233574e-15
1.0640219978921936 	 1.7093983733683255e-15
1.0650219978921935 	 1.7245875978653547e-15
1.0660219978921934 	 1.7392026904478405e-15
1.0670219978921933 	 1.7532685842755909e-15
1.0680219978921932 	 1.7668084542883278e-15
1.069021997892193 	 1.779844024683029e-15
1.070021997892193 	 1.792395661530764e-15
1.0710219978921929 	 1.804482897473188e-15
1.0720219978921928 	 1.8161257558657896e-15
1.0730219978921927 	 1.8273436346927193e-15
1.0740219978921925 	 1.8381549941026632e-15
1.0750219978921924 	 1.8485774139176365e-15
1.0760219978921923 	 1.858627647330881e-15
1.0770219978921922 	 1.8683216710540204e-15
1.078021997892192 	 1.877674732060909e-15
1.079021997892192 	 1.8867013912568347e-15
1.0800219978921919 	 1.8954155641809564e-15
1.0810219978921918 	 1.903829798685021e-15
1.0820219978921917 	 1.9119531785317635e-15
1.0830219978921916 	 1.919793467536016e-15
1.0840219978921914 	 1.927357807447036e-15
1.0850219978921913 	 1.934652757502394e-15
1.0860219978921912 	 1.941684331705302e-15
1.0870219978921911 	 1.9484597824895387e-15
1.088021997892191 	 1.9549924112916858e-15
1.089021997892191 	 1.9612946994944773e-15
1.0900219978921908 	 1.9673768640501383e-15
1.0910219978921907 	 1.9732481769541262e-15
1.0920219978921906 	 1.9789154737564517e-15
1.0930219978921905 	 1.9843847662115788e-15
1.0940219978921903 	 1.9896617545642906e-15
1.0950219978921902 	 1.9947518449517047e-15
1.0960219978921901 	 1.999660165980286e-15
1.09702199789219 	 2.0043915842158008e-15
1.09802199789219 	 2.0089507185294393e-15
1.0990219978921898 	 2.013341949285492e-15
1.1000219978921897 	 2.0175693297248196e-15
1.1010219978921896 	 2.021636998793693e-15
1.1020219978921895 	 2.0255506076957742e-15
1.1030219978921894 	 2.029315718496251e-15
1.1040219978921892 	 2.032937768291241e-15
1.1050219978921891 	 2.036422099394216e-15
1.106021997892189 	 2.0397739588026753e-15
1.107021997892189 	 2.042997556732591e-15
1.1080219978921888 	 2.0460934596421367e-15
1.1090219978921887 	 2.04906128224332e-15
1.1100219978921886 	 2.0519005216872965e-15
1.1110219978921885 	 2.054611828542457e-15
1.1120219978921884 	 2.057200434422828e-15
1.1130219978921883 	 2.0596723445169767e-15
1.1140219978921881 	 2.062032413707021e-15
1.115021997892188 	 2.0642844510335747e-15
1.116021997892188 	 2.066432164056369e-15
1.1170219978921878 	 2.0684791992338462e-15
1.1180219978921877 	 2.0704291440295707e-15
1.1190219978921876 	 2.0722855287593778e-15
1.1200219978921875 	 2.074051828277778e-15
1.1210219978921874 	 2.0757307013594296e-15
1.1220219978921873 	 2.077321862973668e-15
1.1230219978921872 	 2.0788241775663114e-15
1.124021997892187 	 2.0802364238164774e-15
1.125021997892187 	 2.081557328254726e-15
1.1260219978921868 	 2.0827855697832424e-15
1.1270219978921867 	 2.08391978440715e-15
1.1280219978921866 	 2.0849607522213437e-15
1.1290219978921865 	 2.085917393059215e-15
1.1300219978921864 	 2.0868005059793836e-15
1.1310219978921863 	 2.087618950125553e-15
1.1320219978921862 	 2.088374401802514e-15
1.133021997892186 	 2.0890667552925065e-15
1.134021997892186 	 2.0896958512193983e-15
1.1350219978921858 	 2.090226658018277e-15
1.1360219978921857 	 2.0907301659968326e-15
1.1370219978921856 	 2.0911697030225534e-15
1.1380219978921855 	 2.0915450285945476e-15
1.1390219978921854 	 2.0918566476243835e-15
1.1400219978921853 	 2.0921057671025785e-15
1.1410219978921852 	 2.0922933392699346e-15
1.142021997892185 	 2.092419314947391e-15
1.143021997892185 	 2.0924833512336615e-15
1.1440219978921848 	 2.09248552234262e-15
1.1450219978921847 	 2.092427552597562e-15
1.1460219978921846 	 2.0923115336572558e-15
1.1470219978921845 	 2.0921395332034255e-15
1.1480219978921844 	 2.0919135952795063e-15
1.1490219978921843 	 2.0916357403410023e-15
1.1500219978921842 	 2.0913079653293096e-15
1.151021997892184 	 2.090932024090991e-15
1.152021997892184 	 2.0905088174665522e-15
1.1530219978921838 	 2.0900390047611867e-15
1.1540219978921837 	 2.0895232218575693e-15
1.1550219978921836 	 2.0889620562859387e-15
1.1560219978921835 	 2.0883560654970366e-15
1.1570219978921834 	 2.0877058775534462e-15
1.1580219978921833 	 2.0870120814058803e-15
1.1590219978921832 	 2.086275247825805e-15
1.160021997892183 	 2.0854959332872252e-15
1.161021997892183 	 2.0846744895270763e-15
1.1620219978921829 	 2.0838105352491642e-15
1.1630219978921827 	 2.0829035373372672e-15
1.1640219978921826 	 2.0819538232964903e-15
1.1650219978921825 	 2.080962667967139e-15
1.1660219978921824 	 2.0799318746895244e-15
1.1670219978921823 	 2.078863347192512e-15
1.1680219978921822 	 2.0777589689462824e-15
1.169021997892182 	 2.0766206030311887e-15
1.170021997892182 	 2.075450092235934e-15
1.1710219978921819 	 2.074248844563241e-15
1.1720219978921818 	 2.0730166989291475e-15
1.1730219978921816 	 2.071753114158069e-15
1.1740219978921815 	 2.0704575451521572e-15
1.1750219978921814 	 2.0691294467505086e-15
1.1760219978921813 	 2.0677682631241294e-15
1.1770219978921812 	 2.0663733991000248e-15
1.178021997892181 	 2.064944375875711e-15
1.179021997892181 	 2.0634806530018426e-15
1.1800219978921809 	 2.0619816925518685e-15
1.1810219978921808 	 2.0604477281963963e-15
1.1820219978921807 	 2.0588818590047787e-15
1.1830219978921805 	 2.0572874745673662e-15
1.1840219978921804 	 2.055668602889568e-15
1.1850219978921803 	 2.0540288318983435e-15
1.1860219978921802 	 2.0523718232350274e-15
1.18702199789218 	 2.0506992042604083e-15
1.18802199789218 	 2.0490054064434882e-15
1.1890219978921799 	 2.047286647106256e-15
1.1900219978921798 	 2.0455424225338584e-15
1.1910219978921797 	 2.0437724124436217e-15
1.1920219978921796 	 2.041976496890662e-15
1.1930219978921794 	 2.0401545962834836e-15
1.1940219978921793 	 2.038306629152001e-15
1.1950219978921792 	 2.0364325140211212e-15
1.1960219978921791 	 2.0345321695110166e-15
1.197021997892179 	 2.0326055144892596e-15
1.198021997892179 	 2.0306524683597893e-15
1.1990219978921788 	 2.028672951142981e-15
1.2000219978921787 	 2.0266668837679602e-15
1.2010219978921786 	 2.0246348418245448e-15
1.2020219978921785 	 2.0225798344263576e-15
1.2030219978921783 	 2.020505401965574e-15
1.2040219978921782 	 2.018415042640926e-15
1.2050219978921781 	 2.0163115252098354e-15
1.206021997892178 	 2.01419501679657e-15
1.207021997892178 	 2.0120650817286424e-15
1.2080219978921778 	 2.0099212881395933e-15
1.2090219978921777 	 2.0077632080117052e-15
1.2100219978921776 	 2.005590417316167e-15
1.2110219978921775 	 2.003402732437775e-15
1.2120219978921773 	 2.0012008525271125e-15
1.2130219978921772 	 1.9989856130576467e-15
1.2140219978921771 	 1.9967566327655637e-15
1.215021997892177 	 1.9945123996401943e-15
1.216021997892177 	 1.9922513753584593e-15
1.2170219978921768 	 1.9899720404624073e-15
1.2180219978921767 	 1.987672894476559e-15
1.2190219978921766 	 1.985352456257826e-15
1.2200219978921765 	 1.9830092642342346e-15
1.2210219978921764 	 1.9806430006518216e-15
1.2220219978921762 	 1.9782575490597287e-15
1.2230219978921761 	 1.9758577224919545e-15
1.224021997892176 	 1.9734482720157468e-15
1.225021997892176 	 1.971033886785926e-15
1.2260219978921758 	 1.968617771427454e-15
1.2270219978921757 	 1.9661977772541147e-15
1.2280219978921756 	 1.9637705438631606e-15
1.2290219978921755 	 1.9613327539395013e-15
1.2300219978921754 	 1.958881133354347e-15
1.2310219978921753 	 1.9564132458839368e-15
1.2320219978921751 	 1.9539296534017183e-15
1.233021997892175 	 1.9514316035586596e-15
1.234021997892175 	 1.9489203281622074e-15
1.2350219978921748 	 1.9463970429741594e-15
1.2360219978921747 	 1.9438629476642865e-15
1.2370219978921746 	 1.94131922571507e-15
1.2380219978921745 	 1.9387669556682254e-15
1.2390219978921744 	 1.936205360602712e-15
1.2400219978921743 	 1.9336319421829192e-15
1.2410219978921742 	 1.9310445958163636e-15
1.242021997892174 	 1.9284428385573017e-15
1.243021997892174 	 1.9258265682229155e-15
1.2440219978921738 	 1.9231956856165723e-15
1.2450219978921737 	 1.920550094098751e-15
1.2460219978921736 	 1.9178896995767313e-15
1.2470219978921735 	 1.9152151126627594e-15
1.2480219978921734 	 1.9125295567179348e-15
1.2490219978921733 	 1.9098368207990763e-15
1.2500219978921732 	 1.9071406396514303e-15
1.251021997892173 	 1.9044439284165597e-15
1.252021997892173 	 1.9017467039024783e-15
1.2530219978921728 	 1.8990483188479754e-15
1.2540219978921727 	 1.8963481355261226e-15
1.2550219978921726 	 1.8936455249550372e-15
1.2560219978921725 	 1.890939866859183e-15
1.2570219978921724 	 1.8882305494587355e-15
1.2580219978921723 	 1.885516969602091e-15
1.2590219978921722 	 1.8827985329278774e-15
1.260021997892172 	 1.8800746536472145e-15
1.261021997892172 	 1.877342919007431e-15
1.2620219978921718 	 1.8745941046127048e-15
1.2630219978921717 	 1.8718179648160172e-15
1.2640219978921716 	 1.8690133936010133e-15
1.2650219978921715 	 1.8661877552046673e-15
1.2660219978921714 	 1.8633486351638374e-15
1.2670219978921713 	 1.860502448915389e-15
1.2680219978921712 	 1.857651574559573e-15
1.269021997892171 	 1.854797435393572e-15
1.270021997892171 	 1.851941432960891e-15
1.2710219978921709 	 1.8490846019288687e-15
1.2720219978921707 	 1.846226674078313e-15
1.2730219978921706 	 1.843367088640686e-15
1.2740219978921705 	 1.8405052942372583e-15
1.2750219978921704 	 1.837640747957245e-15
1.2760219978921703 	 1.8347729151648967e-15
1.2770219978921702 	 1.8319012693167914e-15
1.27802199789217 	 1.8290252920224423e-15
1.27902199789217 	 1.8261444732800404e-15
1.2800219978921699 	 1.8232583114098363e-15
1.2810219978921698 	 1.8203661700720545e-15
1.2820219978921696 	 1.817466891168629e-15
1.2830219978921695 	 1.8145592145113233e-15
1.2840219978921694 	 1.8116419016455004e-15
1.2850219978921693 	 1.8087137351047732e-15
1.2860219978921692 	 1.805773518034661e-15
1.287021997892169 	 1.8028226422022045e-15
1.288021997892169 	 1.799871538373014e-15
1.2890219978921689 	 1.7969219668597034e-15
1.2900219978921688 	 1.79396555978527e-15
1.2910219978921686 	 1.7909955648150146e-15
1.2920219978921685 	 1.7880123876667968e-15
1.2930219978921684 	 1.7850180722981667e-15
1.2940219978921683 	 1.78201463132958e-15
1.2950219978921682 	 1.77900404584359e-15
1.296021997892168 	 1.7759882651231305e-15
1.297021997892168 	 1.7729692061691544e-15
1.2980219978921679 	 1.7699487544961073e-15
1.2990219978921678 	 1.7669287604208077e-15
1.3000219978921677 	 1.7639110131663038e-15
1.3010219978921675 	 1.7608961596119668e-15
1.3020219978921674 	 1.7578805983779375e-15
1.3030219978921673 	 1.7548597984729764e-15
1.3040219978921672 	 1.7518293050565554e-15
1.305021997892167 	 1.7487847393871183e-15
1.306021997892167 	 1.7457232193924327e-15
1.3070219978921669 	 1.7426472115113906e-15
1.3080219978921668 	 1.739560377222949e-15
1.3090219978921667 	 1.7364663176655309e-15
1.3100219978921666 	 1.7333685732949906e-15
1.3110219978921664 	 1.7302693430852706e-15
1.3120219978921663 	 1.7271660098884653e-15
1.3130219978921662 	 1.7240550342468001e-15
1.3140219978921661 	 1.7209360286670048e-15
1.315021997892166 	 1.7178115190351836e-15
1.316021997892166 	 1.7146841007981755e-15
1.3170219978921658 	 1.7115563226863968e-15
1.3180219978921657 	 1.7084306886468134e-15
1.3190219978921656 	 1.7053096581580074e-15
1.3200219978921655 	 1.7021956469462657e-15
1.3210219978921653 	 1.699089456457094e-15
1.3220219978921652 	 1.6959860138753623e-15
1.3230219978921651 	 1.6928789610261907e-15
1.324021997892165 	 1.6897620493365284e-15
1.325021997892165 	 1.6866291416294363e-15
1.3260219978921648 	 1.6834742113541249e-15
1.3270219978921647 	 1.6802913415605401e-15
1.3280219978921646 	 1.6770793715572589e-15
1.3290219978921645 	 1.6738544804958229e-15
1.3300219978921644 	 1.6706365883928108e-15
1.3310219978921642 	 1.6674405509314247e-15
1.3320219978921641 	 1.6642639745245869e-15
1.333021997892164 	 1.6611013242587657e-15
1.334021997892164 	 1.6579469673574536e-15
1.3350219978921638 	 1.6547953296897434e-15
1.3360219978921637 	 1.6516409204143366e-15
1.3370219978921636 	 1.6484783360334338e-15
1.3380219978921635 	 1.6453025179815665e-15
1.3390219978921634 	 1.6421136978439225e-15
1.3400219978921633 	 1.6389169894606242e-15
1.3410219978921631 	 1.6357167405952266e-15
1.342021997892163 	 1.632514001194423e-15
1.343021997892163 	 1.6293090340162305e-15
1.3440219978921628 	 1.6261020909281214e-15
1.3450219978921627 	 1.6228934173938118e-15
1.3460219978921626 	 1.6196832506825358e-15
1.3470219978921625 	 1.6164719838931434e-15
1.3480219978921624 	 1.6132606292927327e-15
1.3490219978921623 	 1.6100503247898999e-15
1.3500219978921622 	 1.6068421846004967e-15
1.351021997892162 	 1.6036373565187513e-15
1.352021997892162 	 1.600437171339753e-15
1.3530219978921618 	 1.5972429614796153e-15
1.3540219978921617 	 1.594056025652439e-15
1.3550219978921616 	 1.59087763451295e-15
1.3560219978921615 	 1.5877090276408889e-15
1.3570219978921614 	 1.5845514056237756e-15
1.3580219978921613 	 1.5814059393073517e-15
1.3590219978921612 	 1.5782737730321366e-15
1.360021997892161 	 1.5751560248134372e-15
1.361021997892161 	 1.5720458622393453e-15
1.3620219978921608 	 1.5689070348999074e-15
1.3630219978921607 	 1.5657337607847628e-15
1.3640219978921606 	 1.5625796077891557e-15
1.3650219978921605 	 1.5594441305325211e-15
1.3660219978921604 	 1.5563234239735628e-15
1.3670219978921603 	 1.5532136333037163e-15
1.3680219978921602 	 1.550110966900324e-15
1.36902199789216 	 1.5470116999232008e-15
1.37002199789216 	 1.543912173604568e-15
1.3710219978921598 	 1.5408096980960993e-15
1.3720219978921597 	 1.5377049939404665e-15
1.3730219978921596 	 1.5345995361351783e-15
1.3740219978921595 	 1.5314947664154234e-15
1.3750219978921594 	 1.5283920972195627e-15
1.3760219978921593 	 1.5252929075140173e-15
1.3770219978921592 	 1.522198530419858e-15
1.378021997892159 	 1.5191102684072978e-15
1.379021997892159 	 1.5160293985452713e-15
1.3800219978921588 	 1.5129571737303585e-15
1.3810219978921587 	 1.509894488737902e-15
1.3820219978921586 	 1.5068409726398057e-15
1.3830219978921585 	 1.5037959670898056e-15
1.3840219978921584 	 1.500758828743468e-15
1.3850219978921583 	 1.4977289314781806e-15
1.3860219978921582 	 1.4947056702322623e-15
1.387021997892158 	 1.491688467994645e-15
1.388021997892158 	 1.4886766423840932e-15
1.3890219978921579 	 1.4856668816562923e-15
1.3900219978921577 	 1.4826534566109416e-15
1.3910219978921576 	 1.4796323630363701e-15
1.3920219978921575 	 1.476606016158856e-15
1.3930219978921574 	 1.4735782807863919e-15
1.3940219978921573 	 1.4705529703100261e-15
1.3950219978921572 	 1.4675338482003102e-15
1.396021997892157 	 1.4645239561936823e-15
1.397021997892157 	 1.4615237922454293e-15
1.3980219978921569 	 1.458533286313909e-15
1.3990219978921568 	 1.4555523968664192e-15
1.4000219978921566 	 1.4525014486524516e-15
1.4010219978921565 	 1.4495423257587403e-15
1.4020219978921564 	 1.446592820096363e-15
1.4030219978921563 	 1.443653042794613e-15
1.4040219978921562 	 1.4407231313350533e-15
1.405021997892156 	 1.4378032456781435e-15
1.406021997892156 	 1.4348935697748562e-15
1.4070219978921559 	 1.4319943197220264e-15
1.4080219978921558 	 1.4291057287987524e-15
1.4090219978921557 	 1.4262280403687424e-15
1.4100219978921555 	 1.4233615040637178e-15
1.4110219978921554 	 1.4205059917238078e-15
1.4120219978921553 	 1.4176599681726357e-15
1.4130219978921552 	 1.4148216641877867e-15
1.414021997892155 	 1.411990504077948e-15
1.415021997892155 	 1.4091670061712148e-15
1.4160219978921549 	 1.4063517075754334e-15
1.4170219978921548 	 1.4035451179275468e-15
1.4180219978921547 	 1.4007477156075986e-15
1.4190219978921546 	 1.3979599449265497e-15
1.4200219978921544 	 1.395182214088445e-15
1.4210219978921543 	 1.3924148952858368e-15
1.4220219978921542 	 1.3896583321894354e-15
1.4230219978921541 	 1.3869128442647808e-15
1.424021997892154 	 1.384178714977916e-15
1.425021997892154 	 1.3814561895524706e-15
1.4260219978921538 	 1.378745471578398e-15
1.4270219978921537 	 1.376046712529956e-15
1.4280219978921536 	 1.3733600271223732e-15
1.4290219978921535 	 1.370685499704361e-15
1.4300219978921533 	 1.368023187026985e-15
1.4310219978921532 	 1.365373127206541e-15
1.4320219978921531 	 1.36273536272754e-15
1.433021997892153 	 1.3601099339003554e-15
1.434021997892153 	 1.3574968672258472e-15
1.4350219978921528 	 1.3548961751286195e-15
1.4360219978921527 	 1.3523078544681136e-15
1.4370219978921526 	 1.349731877548998e-15
1.4380219978921525 	 1.3471682550692798e-15
1.4390219978921523 	 1.344616825425384e-15
1.4400219978921522 	 1.342077088934878e-15
1.4410219978921521 	 1.3395485383322265e-15
1.442021997892152 	 1.337030678651547e-15
1.443021997892152 	 1.3345230355348306e-15
1.4440219978921518 	 1.3320251471954028e-15
1.4450219978921517 	 1.3295365646846978e-15
1.4460219978921516 	 1.3270568495050189e-15
1.4470219978921515 	 1.3245855694040676e-15
1.4480219978921514 	 1.3221223037530981e-15
1.4490219978921512 	 1.3196666453477317e-15
1.4500219978921511 	 1.3172182002749956e-15
1.451021997892151 	 1.3147766499917198e-15
1.452021997892151 	 1.312341921398462e-15
1.4530219978921508 	 1.309914009906477e-15
1.4540219978921507 	 1.3074929188642956e-15
1.4550219978921506 	 1.3050786576117533e-15
1.4560219978921505 	 1.3026712393403266e-15
1.4570219978921504 	 1.3002705298411331e-15
1.4580219978921503 	 1.2978758552672624e-15
1.4590219978921501 	 1.2954864312003745e-15
1.46002199789215 	 1.2931014915840518e-15
1.46102199789215 	 1.2907202864413104e-15
1.4620219978921498 	 1.2883420783993832e-15
1.4630219978921497 	 1.2859661994458946e-15
1.4640219978921496 	 1.2835930187490668e-15
1.4650219978921495 	 1.2812238620977003e-15
1.4660219978921494 	 1.2788600706239348e-15
1.4670219978921493 	 1.2765029577637738e-15
1.4680219978921492 	 1.2741538144687899e-15
1.469021997892149 	 1.2718139106971025e-15
1.470021997892149 	 1.2694844954291487e-15
1.4710219978921488 	 1.2671663845897256e-15
1.4720219978921487 	 1.2648588445784051e-15
1.4730219978921486 	 1.2625607995546878e-15
1.4740219978921485 	 1.260271192728507e-15
1.4750219978921484 	 1.2579889850868768e-15
1.4760219978921483 	 1.2557131528561895e-15
1.4770219978921482 	 1.2534426814805016e-15
1.478021997892148 	 1.2511765711768738e-15
1.479021997892148 	 1.2489138384706199e-15
1.4800219978921478 	 1.2466535153822153e-15
1.4810219978921477 	 1.2443946484139772e-15
1.4820219978921476 	 1.2421362947280321e-15
1.4830219978921475 	 1.2398786728296257e-15
1.4840219978921474 	 1.2376262639150895e-15
1.4850219978921473 	 1.2353844664130187e-15
1.4860219978921472 	 1.2331585806045325e-15
1.487021997892147 	 1.2309538018912847e-15
1.488021997892147 	 1.2287749550075549e-15
1.4890219978921468 	 1.2266210385736012e-15
1.4900219978921467 	 1.2244856653864918e-15
1.4910219978921466 	 1.2223582062605356e-15
1.4920219978921465 	 1.220218452085874e-15
1.4930219978921464 	 1.2180640614388592e-15
1.4940219978921463 	 1.2158976560560173e-15
1.4950219978921462 	 1.2137218140280999e-15
1.496021997892146 	 1.2115390662238115e-15
1.497021997892146 	 1.2093518869621117e-15
1.4980219978921459 	 1.2071627040608958e-15
1.4990219978921457 	 1.2049739020425767e-15
1.5000219978921456 	 1.2027878224233911e-15
1.5010219978921455 	 1.2006067635009243e-15
1.5020219978921454 	 1.1984329799514638e-15
1.5030219978921453 	 1.1962686871749566e-15
1.5040219978921452 	 1.1941160602396083e-15
1.505021997892145 	 1.1919772342074096e-15
1.506021997892145 	 1.1898537534230415e-15
1.5070219978921449 	 1.1877450778701755e-15
1.5080219978921447 	 1.1856486640696327e-15
1.5090219978921446 	 1.1835563012327142e-15
1.5100219978921445 	 1.181458582834652e-15
1.5110219978921444 	 1.1793493532274838e-15
1.5120219978921443 	 1.1772341024196605e-15
1.5130219978921442 	 1.175120722047826e-15
1.514021997892144 	 1.173012866458467e-15
1.515021997892144 	 1.170910268207872e-15
1.5160219978921439 	 1.1688125109491887e-15
1.5170219978921438 	 1.1667191805249559e-15
1.5180219978921436 	 1.1646298668937898e-15
1.5190219978921435 	 1.1625441647340598e-15
1.5200219978921434 	 1.1604616734751248e-15
1.5210219978921433 	 1.158381987570403e-15
1.5220219978921432 	 1.156304689715941e-15
1.523021997892143 	 1.1542293978529726e-15
1.524021997892143 	 1.15215573753438e-15
1.5250219978921429 	 1.1500833381479634e-15
1.5260219978921428 	 1.148011735904799e-15
1.5270219978921427 	 1.145940506502869e-15
1.5280219978921425 	 1.1438692947946373e-15
1.5290219978921424 	 1.1417977487036784e-15
1.5300219978921423 	 1.139725496935393e-15
1.5310219978921422 	 1.1376523017368495e-15
1.532021997892142 	 1.1355783785821206e-15
1.533021997892142 	 1.1335040456032934e-15
1.5340219978921419 	 1.131429616208495e-15
1.5350219978921418 	 1.1293553976182326e-15
1.5360219978921417 	 1.1272816938795317e-15
1.5370219978921416 	 1.125208812871954e-15
1.5380219978921414 	 1.1231370455084414e-15
1.5390219978921413 	 1.1210663973641824e-15
1.5400219978921412 	 1.1189966104789716e-15
1.5410219978921411 	 1.1169274247664862e-15
1.542021997892141 	 1.114858600720363e-15
1.543021997892141 	 1.1127899131556216e-15
1.5440219978921408 	 1.1107211429031147e-15
1.5450219978921407 	 1.1086520754677596e-15
1.5460219978921406 	 1.106582506346084e-15
1.5470219978921405 	 1.1045125624261478e-15
1.5480219978921403 	 1.1024435198964129e-15
1.5490219978921402 	 1.1003769015272685e-15
1.5500219978921401 	 1.0983127381577552e-15
1.55102199789214 	 1.096246835141704e-15
1.55202199789214 	 1.0941784390898687e-15
1.5530219978921398 	 1.0921079014397801e-15
1.5540219978921397 	 1.090035574424624e-15
1.5550219978921396 	 1.087961810106182e-15
1.5560219978921395 	 1.0858869694212618e-15
1.5570219978921394 	 1.0838114451093867e-15
1.5580219978921392 	 1.0817356393418743e-15
1.5590219978921391 	 1.079659957637944e-15
1.560021997892139 	 1.0775848104884609e-15
1.561021997892139 	 1.0755106251628403e-15
1.5620219978921388 	 1.0734378773296746e-15
1.5630219978921387 	 1.0713670137008262e-15
1.5640219978921386 	 1.069297396047525e-15
1.5650219978921385 	 1.0672273885001743e-15
1.5660219978921384 	 1.0651553843522513e-15
1.5670219978921383 	 1.0630798821924045e-15
1.5680219978921381 	 1.0609888168438799e-15
1.569021997892138 	 1.0588720035591418e-15
1.570021997892138 	 1.0567360235026296e-15
1.5710219978921378 	 1.0545825161235707e-15
1.5720219978921377 	 1.0524151010290136e-15
1.5730219978921376 	 1.0502376915023423e-15
1.5740219978921375 	 1.0480539935396063e-15
1.5750219978921374 	 1.0458675935269044e-15
1.5760219978921373 	 1.0436820205498412e-15
1.5770219978921372 	 1.0415008162088186e-15
1.578021997892137 	 1.0393274910726076e-15
1.579021997892137 	 1.0371655039778939e-15
1.5800219978921368 	 1.0350182427136554e-15
1.5810219978921367 	 1.0328889995645735e-15
1.5820219978921366 	 1.0307809461302976e-15
1.5830219978921365 	 1.0286970191778506e-15
1.5840219978921364 	 1.026639806718061e-15
1.5850219978921363 	 1.0246114161318884e-15
1.5860219978921362 	 1.0226133395447102e-15
1.587021997892136 	 1.02064634249707e-15
1.588021997892136 	 1.0187070735701295e-15
1.5890219978921358 	 1.0167493369181452e-15
1.5900219978921357 	 1.0147547343390364e-15
1.5910219978921356 	 1.0127227893263987e-15
1.5920219978921355 	 1.0106522015347279e-15
1.5930219978921354 	 1.0085414326977208e-15
1.5940219978921353 	 1.0063893064993405e-15
1.5950219978921352 	 1.0041955749532997e-15
1.596021997892135 	 1.0019613894644263e-15
1.597021997892135 	 9.996895979831163e-16
1.5980219978921348 	 9.973847167994333e-16
1.5990219978921347 	 9.950526989872406e-16
1.6000219978921346 	 9.927005539960805e-16
1.6010219978921345 	 9.90334989726676e-16
1.6020219978921344 	 9.879595259426946e-16
1.6030219978921343 	 9.85576794897924e-16
1.6040219978921342 	 9.831891067307613e-16
1.605021997892134 	 9.807983071431045e-16
1.606021997892134 	 9.784057285226452e-16
1.6070219978921338 	 9.760122158873842e-16
1.6080219978921337 	 9.736181518982342e-16
1.6090219978921336 	 9.7122351678301e-16
1.6100219978921335 	 9.688279626711899e-16
1.6110219978921334 	 9.664315564891573e-16
1.6120219978921333 	 9.64036655652224e-16
1.6130219978921332 	 9.616459240611197e-16
1.614021997892133 	 9.592607857359098e-16
1.615021997892133 	 9.568815569330338e-16
1.6160219978921329 	 9.545084607248122e-16
1.6170219978921327 	 9.521416873974327e-16
1.6180219978921326 	 9.497814187157561e-16
1.6190219978921325 	 9.47427845042331e-16
1.6200219978921324 	 9.450811768832488e-16
1.6210219978921323 	 9.427416492435584e-16
1.6220219978921322 	 9.404095057500063e-16
1.623021997892132 	 9.380850112071713e-16
1.624021997892132 	 9.35768477523323e-16
1.6250219978921319 	 9.33460274440707e-16
1.6260219978921318 	 9.311608215402128e-16
1.6270219978921316 	 9.28870562511448e-16
1.6280219978921315 	 9.265900016110257e-16
1.6290219978921314 	 9.243197166700557e-16
1.6300219978921313 	 9.22060362755429e-16
1.6310219978921312 	 9.198118946888836e-16
1.632021997892131 	 9.175714583763106e-16
1.633021997892131 	 9.153356700995456e-16
1.6340219978921309 	 9.13102462119967e-16
1.6350219978921308 	 9.108741641875405e-16
1.6360219978921307 	 9.086541377916008e-16
1.6370219978921305 	 9.064457171734955e-16
1.6380219978921304 	 9.042522164482378e-16
1.6390219978921303 	 9.020760148202247e-16
1.6400219978921302 	 8.999186360741478e-16
1.64102199789213 	 8.977816338075455e-16
1.64202199789213 	 8.956665660478249e-16
1.6430219978921299 	 8.93575043776147e-16
1.6440219978921298 	 8.915087544649062e-16
1.6450219978921297 	 8.894694601607025e-16
1.6460219978921296 	 8.874589728784051e-16
1.6470219978921294 	 8.854790909831905e-16
1.6480219978921293 	 8.835316554514902e-16
1.6490219978921292 	 8.816185610936164e-16
1.650021997892129 	 8.79741748767559e-16
1.651021997892129 	 8.779029578230415e-16
1.652021997892129 	 8.761030616204022e-16
1.6530219978921288 	 8.743427625765932e-16
1.6540219978921287 	 8.726227985832324e-16
1.6550219978921286 	 8.709439355544435e-16
1.6560219978921285 	 8.693069379199244e-16
1.6570219978921283 	 8.677125072885897e-16
1.6580219978921282 	 8.661613275501711e-16
1.6590219978921281 	 8.646540694330999e-16
1.660021997892128 	 8.631913814134062e-16
1.661021997892128 	 8.617748259931781e-16
1.6620219978921278 	 8.604094384150305e-16
1.6630219978921277 	 8.591008407293644e-16
1.6640219978921276 	 8.578520009258881e-16
1.6650219978921275 	 8.566634149296326e-16
1.6660219978921273 	 8.555354037493157e-16
1.6670219978921272 	 8.544681659603069e-16
1.6680219978921271 	 8.534618075406848e-16
1.669021997892127 	 8.525163468949382e-16
1.670021997892127 	 8.516317094389964e-16
1.6710219978921268 	 8.508078443234019e-16
1.6720219978921267 	 8.500450531101543e-16
1.6730219978921266 	 8.493436391983809e-16
1.6740219978921265 	 8.487037945575582e-16
1.6750219978921264 	 8.481255974701532e-16
1.6760219978921262 	 8.476090069586208e-16
1.6770219978921261 	 8.471538484270733e-16
1.678021997892126 	 8.467598306709354e-16
1.679021997892126 	 8.464265527193845e-16
1.6800219978921258 	 8.461535057492976e-16
1.6810219978921257 	 8.459400747212026e-16
1.6820219978921256 	 8.457855373598055e-16
1.6830219978921255 	 8.456890818402093e-16
1.6840219978921254 	 8.456498065237604e-16
1.6850219978921253 	 8.456667228115103e-16
1.6860219978921251 	 8.457387606883291e-16
1.687021997892125 	 8.458647749698303e-16
1.688021997892125 	 8.460435794117352e-16
1.6890219978921248 	 8.462745265835712e-16
1.6900219978921247 	 8.465574805410297e-16
1.6910219978921246 	 8.468920489029424e-16
1.6920219978921245 	 8.472769445038036e-16
1.6930219978921244 	 8.477106524108519e-16
1.6940219978921243 	 8.4819162792569e-16
1.6950219978921242 	 8.487182999763746e-16
1.696021997892124 	 8.492890806886788e-16
1.697021997892124 	 8.499023818269129e-16
1.6980219978921238 	 8.505566084990342e-16
1.6990219978921237 	 8.512501605804529e-16
1.7000219978921236 	 8.302433294832789e-16
1.7010219978921235 	 8.297636302234106e-16
1.7020219978921234 	 8.292844893463443e-16
1.7030219978921233 	 8.288059058674164e-16
1.7040219978921232 	 8.283278788043172e-16
1.705021997892123 	 8.27850407177082e-16
1.706021997892123 	 8.273734900080841e-16
1.7070219978921228 	 8.268971263220284e-16
1.7080219978921227 	 8.264213151459444e-16
1.7090219978921226 	 8.259460555091777e-16
1.7100219978921225 	 8.254713464433843e-16
1.7110219978921224 	 8.24997186982523e-16
1.7120219978921223 	 8.245235761628491e-16
1.7130219978921222 	 8.240505130229058e-16
1.714021997892122 	 8.235779966035189e-16
1.715021997892122 	 8.231060259477884e-16
1.7160219978921218 	 8.226346001010835e-16
1.7170219978921217 	 8.221637181110342e-16
1.7180219978921216 	 8.216933790275239e-16
1.7190219978921215 	 8.21223581902685e-16
1.7200219978921214 	 8.207543257908896e-16
1.7210219978921213 	 8.20285609748744e-16
1.7220219978921212 	 8.198174328350816e-16
1.723021997892121 	 8.193497941109561e-16
1.724021997892121 	 8.18882692639635e-16
1.7250219978921209 	 8.184161274865935e-16
1.7260219978921207 	 8.179500977195059e-16
1.7270219978921206 	 8.174846024082415e-16
1.7280219978921205 	 8.170196406248554e-16
1.7290219978921204 	 8.165552114435848e-16
1.7300219978921203 	 8.160913139408397e-16
1.7310219978921202 	 8.156279471951979e-16
1.73202199789212 	 8.151651102873986e-16
1.73302199789212 	 8.147028023003349e-16
1.7340219978921199 	 8.142410223190481e-16
1.7350219978921197 	 8.137797694307214e-16
1.7360219978921196 	 8.133190427246729e-16
1.7370219978921195 	 8.128588412923487e-16
1.7380219978921194 	 8.123991642273192e-16
1.7390219978921193 	 8.119400106252694e-16
1.7400219978921192 	 8.114813795839944e-16
1.741021997892119 	 8.110232702033928e-16
1.742021997892119 	 8.105656815854605e-16
1.7430219978921189 	 8.101086128342841e-16
1.7440219978921188 	 8.096520630560355e-16
1.7450219978921186 	 8.091960313589641e-16
1.7460219978921185 	 8.087405168533927e-16
1.7470219978921184 	 8.082855186517101e-16
1.7480219978921183 	 8.078310358683641e-16
1.7490219978921182 	 8.073770676198582e-16
1.750021997892118 	 8.069236130247421e-16
1.751021997892118 	 8.064706712036088e-16
1.7520219978921179 	 8.060182412790854e-16
1.7530219978921178 	 8.0556632237583e-16
1.7540219978921177 	 8.051149136205243e-16
1.7550219978921175 	 8.046640141418673e-16
1.7560219978921174 	 8.042136230705698e-16
1.7570219978921173 	 8.037637395393493e-16
1.7580219978921172 	 8.033143626829218e-16
1.759021997892117 	 8.028654916379988e-16
1.760021997892117 	 8.02417125543279e-16
1.7610219978921169 	 8.01969263539444e-16
1.7620219978921168 	 8.015219047691518e-16
1.7630219978921167 	 8.010750483770311e-16
1.7640219978921166 	 8.006286935096754e-16
1.7650219978921164 	 8.001828393156374e-16
1.7660219978921163 	 7.997374849454236e-16
1.7670219978921162 	 7.992926295514875e-16
1.7680219978921161 	 7.988482722882255e-16
1.769021997892116 	 7.984044123119697e-16
1.770021997892116 	 7.979610487809831e-16
1.7710219978921158 	 7.97518180855453e-16
1.7720219978921157 	 7.970758076974876e-16
1.7730219978921156 	 7.966339284711076e-16
1.7740219978921155 	 7.961925423422429e-16
1.7750219978921153 	 7.957516484787252e-16
1.7760219978921152 	 7.953112460502841e-16
1.7770219978921151 	 7.948713342285398e-16
1.778021997892115 	 7.944319121870001e-16
1.779021997892115 	 7.93992979101052e-16
1.7800219978921148 	 7.935545341479589e-16
1.7810219978921147 	 7.93116576506853e-16
1.7820219978921146 	 7.926791053587313e-16
1.7830219978921145 	 7.922421198864498e-16
1.7840219978921144 	 7.918056192747178e-16
1.7850219978921142 	 7.913696027100925e-16
1.7860219978921141 	 7.909340693809751e-16
1.787021997892114 	 7.904990184776033e-16
1.788021997892114 	 7.900644491920468e-16
1.7890219978921138 	 7.896303607182034e-16
1.7900219978921137 	 7.891967522517914e-16
1.7910219978921136 	 7.887636229903463e-16
1.7920219978921135 	 7.883309721332146e-16
1.7930219978921134 	 7.87898798881548e-16
1.7940219978921133 	 7.874671024383006e-16
1.7950219978921131 	 7.870358820082205e-16
1.796021997892113 	 7.866051367978475e-16
1.797021997892113 	 7.861748660155055e-16
1.7980219978921128 	 7.857450688713e-16
1.7990219978921127 	 7.853157445771103e-16
1.8000219978921126 	 7.848868923465864e-16
1.8010219978921125 	 7.844585113951437e-16
1.8020219978921124 	 7.840306009399562e-16
1.8030219978921123 	 7.836031601999544e-16
1.8040219978921122 	 7.831761883958169e-16
1.805021997892112 	 7.827496847499689e-16
1.806021997892112 	 7.82323648486574e-16
1.8070219978921118 	 7.818980788315322e-16
1.8080219978921117 	 7.814729750124723e-16
1.8090219978921116 	 7.810483362587489e-16
1.8100219978921115 	 7.806241618014359e-16
1.8110219978921114 	 7.802004508733235e-16
1.8120219978921113 	 7.79777202708912e-16
1.8130219978921112 	 7.793544165444069e-16
1.814021997892111 	 7.78932091617715e-16
1.815021997892111 	 7.785102271684382e-16
1.8160219978921108 	 7.780888224378707e-16
1.8170219978921107 	 7.776678766689911e-16
1.8180219978921106 	 7.772473891064617e-16
1.8190219978921105 	 7.768273589966204e-16
1.8200219978921104 	 7.764077855874771e-16
1.8210219978921103 	 7.759886681287089e-16
1.8220219978921102 	 7.755700058716564e-16
1.82302199789211 	 7.751517980693175e-16
1.82402199789211 	 7.747340439763434e-16
1.8250219978921098 	 7.743167428490336e-16
1.8260219978921097 	 7.738998939453325e-16
1.8270219978921096 	 7.734834965248225e-16
1.8280219978921095 	 7.730675498487223e-16
1.8290219978921094 	 7.726520531798794e-16
1.8300219978921093 	 7.722370057827674e-16
1.8310219978921092 	 7.71822406923481e-16
1.832021997892109 	 7.714082558697307e-16
1.833021997892109 	 7.709945518908405e-16
1.8340219978921088 	 7.705812942577399e-16
1.8350219978921087 	 7.701684822429624e-16
1.8360219978921086 	 7.697561151206399e-16
1.8370219978921085 	 7.693441921664979e-16
1.8380219978921084 	 7.689327126578518e-16
1.8390219978921083 	 7.685216758736017e-16
1.8400219978921082 	 7.681110810942287e-16
1.841021997892108 	 7.677009276017903e-16
1.842021997892108 	 7.67291214679915e-16
1.8430219978921079 	 7.668819416138e-16
1.8440219978921077 	 7.664731076902042e-16
1.8450219978921076 	 7.66064712197447e-16
1.8460219978921075 	 7.656567544254008e-16
1.8470219978921074 	 7.65249233665489e-16
1.8480219978921073 	 7.648421492106805e-16
1.8490219978921072 	 7.644355003554857e-16
1.850021997892107 	 7.640292863959526e-16
1.851021997892107 	 7.636235066296618e-16
1.8520219978921069 	 7.632181603557228e-16
1.8530219978921068 	 7.6281324687477e-16
1.8540219978921066 	 7.624087654889577e-16
1.8550219978921065 	 7.620047155019566e-16
1.8560219978921064 	 7.616010962189497e-16
1.8570219978921063 	 7.611979069466266e-16
1.8580219978921062 	 7.607951469931818e-16
1.859021997892106 	 7.603928156683087e-16
1.860021997892106 	 7.599909122831961e-16
1.8610219978921059 	 7.595894361505242e-16
1.8620219978921058 	 7.591883865844601e-16
1.8630219978921057 	 7.587877629006542e-16
1.8640219978921055 	 7.583875644162357e-16
1.8650219978921054 	 7.579877904498087e-16
1.8660219978921053 	 7.575884403214485e-16
1.8670219978921052 	 7.571895133526966e-16
1.868021997892105 	 7.567910088665581e-16
1.869021997892105 	 7.563929261874966e-16
1.8700219978921049 	 7.559952646414303e-16
1.8710219978921048 	 7.555980235557284e-16
1.8720219978921047 	 7.55201202259207e-16
1.8730219978921046 	 7.548048000821254e-16
1.8740219978921044 	 7.5440881635618135e-16
1.8750219978921043 	 7.540132504145082e-16
1.8760219978921042 	 7.536181015916702e-16
1.877021997892104 	 7.532233692236585e-16
1.878021997892104 	 7.528290526478886e-16
1.879021997892104 	 7.524351512031947e-16
1.8800219978921038 	 7.520416642298266e-16
1.8810219978921037 	 7.516485910694463e-16
1.8820219978921036 	 7.512559310651239e-16
1.8830219978921034 	 7.508636835613329e-16
1.8840219978921033 	 7.504718479039482e-16
1.8850219978921032 	 7.500804234402398e-16
1.8860219978921031 	 7.496894095188716e-16
1.887021997892103 	 7.492988054898965e-16
1.888021997892103 	 7.48908610704752e-16
1.8890219978921028 	 7.485188245162571e-16
1.8900219978921027 	 7.481294462786092e-16
1.8910219978921026 	 7.47740475347379e-16
1.8920219978921025 	 7.473519110795079e-16
1.8930219978921023 	 7.469637528333041e-16
1.8940219978921022 	 7.46575999968438e-16
1.8950219978921021 	 7.461886518459398e-16
1.896021997892102 	 7.458017078281956e-16
1.897021997892102 	 7.454151672789429e-16
1.8980219978921018 	 7.450290295632676e-16
1.8990219978921017 	 7.446432940476007e-16
1.9000219978921016 	 7.442579600997135e-16
1.9010219978921015 	 7.438730270887157e-16
1.9020219978921014 	 7.4348849438505e-16
1.9030219978921012 	 7.431043613604901e-16
1.9040219978921011 	 7.427206273881366e-16
1.905021997892101 	 7.423372918424122e-16
1.906021997892101 	 7.419543540990606e-16
1.9070219978921008 	 7.415718135351405e-16
1.9080219978921007 	 7.41189669529024e-16
1.9090219978921006 	 7.40807921460392e-16
1.9100219978921005 	 7.40426568710231e-16
1.9110219978921004 	 7.400456106608296e-16
1.9120219978921003 	 7.396650466957753e-16
1.9130219978921001 	 7.392848761999504e-16
1.9140219978921 	 7.389050985595293e-16
1.9150219978921 	 7.385257131619744e-16
1.9160219978920998 	 7.381467193960332e-16
1.9170219978920997 	 7.377681166517347e-16
1.9180219978920996 	 7.373899043203855e-16
1.9190219978920995 	 7.370120817945677e-16
1.9200219978920994 	 7.366346484681339e-16
1.9210219978920993 	 7.36257603736205e-16
1.9220219978920992 	 7.358809469951661e-16
1.923021997892099 	 7.355046776426644e-16
1.924021997892099 	 7.351287950776035e-16
1.9250219978920988 	 7.34753298700143e-16
1.9260219978920987 	 7.343781879116925e-16
1.9270219978920986 	 7.340034621149104e-16
1.9280219978920985 	 7.336291207136995e-16
1.9290219978920984 	 7.332551631132036e-16
1.9300219978920983 	 7.328815887198047e-16
1.9310219978920982 	 7.325083969411196e-16
1.932021997892098 	 7.321355871859971e-16
1.933021997892098 	 7.317631588645134e-16
1.9340219978920978 	 7.313911113879704e-16
1.9350219978920977 	 7.310194441688916e-16
1.9360219978920976 	 7.306481566210194e-16
1.9370219978920975 	 7.302772481593112e-16
1.9380219978920974 	 7.299067181999371e-16
1.9390219978920973 	 7.295365661602752e-16
1.9400219978920972 	 7.291667914589114e-16
1.941021997892097 	 7.287973935156328e-16
1.942021997892097 	 7.28428371751426e-16
1.9430219978920968 	 7.280597255884747e-16
1.9440219978920967 	 7.27691454450156e-16
1.9450219978920966 	 7.273235577610363e-16
1.9460219978920965 	 7.269560349468707e-16
1.9470219978920964 	 7.265888854345959e-16
1.9480219978920963 	 7.262221086523317e-16
1.9490219978920962 	 7.258557040293744e-16
1.950021997892096 	 7.254896709961954e-16
1.951021997892096 	 7.251240089844374e-16
1.9520219978920959 	 7.24758717426913e-16
1.9530219978920957 	 7.243937957575988e-16
1.9540219978920956 	 7.240292434116348e-16
1.9550219978920955 	 7.236650598253201e-16
1.9560219978920954 	 7.233012444361106e-16
1.9570219978920953 	 7.229377966826157e-16
1.9580219978920952 	 7.225747160045953e-16
1.959021997892095 	 7.222120018429565e-16
1.960021997892095 	 7.218496536397513e-16
1.9610219978920949 	 7.21487670838173e-16
1.9620219978920947 	 7.211260528825542e-16
1.9630219978920946 	 7.207647992183622e-16
1.9640219978920945 	 7.204039092921978e-16
1.9650219978920944 	 7.200433825517913e-16
1.9660219978920943 	 7.196832184459997e-16
1.9670219978920942 	 7.193234164248047e-16
1.968021997892094 	 7.189639759393085e-16
1.969021997892094 	 7.186048964417312e-16
1.9700219978920939 	 7.182461773854093e-16
1.9710219978920938 	 7.178878182247905e-16
1.9720219978920936 	 7.17529818415433e-16
1.9730219978920935 	 7.171721774140014e-16
1.9740219978920934 	 7.16814894678264e-16
1.9750219978920933 	 7.164579696670905e-16
1.9760219978920932 	 7.161014018404486e-16
1.977021997892093 	 7.157451906594011e-16
1.978021997892093 	 7.153893355861042e-16
1.9790219978920929 	 7.150338360838033e-16
1.9800219978920928 	 7.146786916168304e-16
1.9810219978920927 	 7.143239016506031e-16
1.9820219978920925 	 7.139694656516185e-16
1.9830219978920924 	 7.136153830874541e-16
1.9840219978920923 	 7.132616534267621e-16
1.9850219978920922 	 7.129082761392688e-16
1.986021997892092 	 7.125552506957701e-16
1.987021997892092 	 7.122025765681303e-16
1.9880219978920919 	 7.118502532292781e-16
1.9890219978920918 	 7.114982801532048e-16
1.9900219978920917 	 7.111466568149607e-16
1.9910219978920916 	 7.107953826906539e-16
1.9920219978920914 	 7.104444572574456e-16
1.9930219978920913 	 7.100938799935495e-16
1.9940219978920912 	 7.097436503782271e-16
1.9950219978920911 	 7.093937678917864e-16
1.996021997892091 	 7.090442320155793e-16
1.997021997892091 	 7.086950422319982e-16
1.9980219978920908 	 7.083461980244732e-16
1.9990219978920907 	 7.079976988774709e-16
