0.01 1.0
0.2100458230321306 1.0
0.2191187402881777 0.7090530557898193
0.25677340838306517 0.5657694816606934
0.3073288322529728 0.5278051273243577
0.36396967210964787 0.5097892210863397
0.39609206598200813 0.47228934166445186
0.44493973698950845 0.44366873309786137
0.505123545016367 0.3997697740825942
0.561450269669798 0.35278597563639924
0.5982180380106281 0.3134940199980835
0.6306905812420788 0.25988504993581696
0.671992699058297 0.19959553857296758
0.7010193850795238 0.16205151367621246
0.7159995741466936 0.1315695394421422
0.7312998771354801 0.1105962937012008
0.7709963847072167 0.06754023918014203
0.804299529241015 0.10461834443918268
0.8128477028603028 0.12840953848011338
0.8479586126768323 0.15870964428003853
0.8569707992809545 0.19278261781434175
0.8752835376609562 0.2230572222498413
0.8939876037119328 0.25101422915383353
0.9130913597739571 0.28642674963758286
0.9728870948618182 0.32797225363783483
0.993676866061063 0.24583774698848054
0.9936768660610675 0.20521882399993718
1.004237760434049 0.12359646032418169
1.0149108970195353 0.07041450680813736
1.047615752789663 0.12707859313704467
1.047615752789662 0.14805988432063735
1.058749914896650 0.20028993480555565
1.0700024119613716 0.25988504993581696
1.0813745016592597 0.3178794430586182
1.1521906171988838 0.3407441087993474
1.3645398580908308 0.29654904577898555
1.484968262254465 0.2635205447726361
1.5007506493669573 0.2374464116826598
1.7218540121498325 0.2199799540979248
1.9138593102450252 0.24841250483264443
2.219162803542144 0.23013938607532258
2.573169052846681 0.2238332420741784
2.8300273561767986 0.23827249173882162
3.246971080627068 0.23335877306981198
3.609043385156449 0.23013938607532258
3.7253425043464126 0.2009867468543051
3.9693045034574252 0.16205151367621246
4.14075838339683 0.15013107289081742
4.365527526204679 0.16374874451691007
4.801302234547777 0.15436077602124892
5.008694208672696 0.16205151367621246
6.523921453570222 0.15926179779935756
8.319748399568814 0.15815940505223897
10.278685011666512 0.15170345614893646
18.191622769419237 0.1480598843206374
27.7668216529583 0.1445038227970145
39.77706092674675 0.13669310426441997
51.81039415235937 0.12231540180442249
59.443542523159905 0.10608183551394493
66.77435992161652 0.08672810941958538
71.90338088128114 0.07041450680813696
79.08090402008617 0.05080218046913028
84.25968567941966 0.038746751204561364
90.73177608076216 0.03443128592362967
97.70099572992217 0.03983837901823301
103.00441288889988 0.049068117511730715
108.59571077367832 0.06257200776092219
120.70530407939951 0.08204028290795058
135.59116898030928 0.10246087712753353
164.0121542811972 0.12104762126144954
239.97460707811445 0.1366931042644198
340.15780529173844 0.14103316977967137
382.1074376892715 0.13294752027658097
513.7404971521645 0.1279643483619208
784.1488877125535 0.12619896901296693
999.9999999999969 0.12576144284010074