1.113439609062361405e-02 2.890362519861188275e+02
1.130663397949638674e-02 2.553136503677806601e+01
1.148153621496882971e-02 6.915539513492535484e+00
1.165914401179831729e-02 2.828169127390483428e+00
1.183949922229301718e-02 1.435734137647459052e+00
1.202264434617413176e-02 8.329229230782245752e-01
1.220862254059071166e-02 5.290606157978030577e-01
1.239747763028944093e-02 3.588365829217096681e-01
1.258925411794167490e-02 2.557761113008863441e-01
1.278399719463023734e-02 1.895488063769139031e-01
1.298175275049848892e-02 1.449350554403885938e-01
1.318256738556407466e-02 1.137082161645374262e-01
1.338648842069993343e-02 9.114743124385128736e-02
1.359356390878525486e-02 7.440698681372949486e-02
1.380384264602885214e-02 6.169931071911628068e-02
1.401737418346770195e-02 5.186146605582328539e-02
1.423420883864341506e-02 4.411370921362447323e-02
1.445439770745927249e-02 3.791931867673316997e-02
1.467799267622069831e-02 3.290023599367771640e-02
1.490504643386196190e-02 2.878467139063149369e-02
1.513561248436207964e-02 2.537364437245041501e-02
1.536974515935271741e-02 2.251908093511329270e-02
1.560749963092111434e-02 2.010915447796162922e-02
1.584893192461113431e-02 1.805827687946880838e-02
1.609409893262535307e-02 1.630013987518869056e-02
1.634305842723137586e-02 1.478279683625065462e-02
1.659586907437560557e-02 1.346513396836151663e-02
1.685259044750751084e-02 1.231430321526088244e-02
1.711328304161780986e-02 1.130383087771249725e-02
1.737800828749375484e-02 1.041220761771726594e-02
1.764682856619499696e-02 9.621825821252314934e-03
1.791980722375334165e-02 8.918170601388924340e-03
1.819700858609983596e-02 8.289198065707591503e-03
1.847849797422290719e-02 7.724853273625422075e-03
1.876434171956085570e-02 7.216693403848711136e-03
1.905460717963247327e-02 6.757590881163549196e-03
1.934936275390952004e-02 6.341497789130659014e-03
1.964867789993467867e-02 5.963257632106621839e-03
1.995262314968879874e-02 5.618453955133997750e-03
2.026127012621143156e-02 5.303287859094879715e-03
2.057469156047839892e-02 5.014478321209527023e-03
2.089296130854039618e-02 4.749180629151467450e-03
2.121615436892684489e-02 4.504919289236685408e-03
2.154434690031884619e-02 4.279532566804690810e-03
2.187761623949553008e-02 4.071126425898408986e-03
2.221604091955811655e-02 3.878036103448137279e-03
2.255970068843575829e-02 3.698793915206608548e-03
2.290867652767773419e-02 3.532102172472793497e-03
2.326305067153626102e-02 3.376810309195606239e-03
2.362290662634461760e-02 3.231895492655959250e-03
2.398832919019489723e-02 3.096446128289098189e-03
2.435940447292027008e-02 2.969647778473193198e-03
2.473621991638621370e-02 2.850771102417304446e-03
2.511886431509579437e-02 2.739161494373500410e-03
2.550742783711359291e-02 2.634230153963564979e-03
2.590200204531323963e-02 2.535446368179615061e-03
2.630267991895381477e-02 2.442330821878927697e-03
2.670955587558985350e-02 2.354449784007792493e-03
2.712272579332028130e-02 2.271410041711399708e-03
2.754228703338166065e-02 2.192854475005326029e-03
2.796833846309077637e-02 2.118458181613481778e-03
2.840098047914215232e-02 2.047925075612461523e-03
2.884031503126605750e-02 1.980984895175182982e-03
2.928644564625237229e-02 1.917390564441362293e-03
2.973947745234606366e-02 1.856915862669676794e-03
3.019951720402016052e-02 1.799353360652589237e-03
3.066667330713183579e-02 1.744512590117307813e-03
3.114105584446759736e-02 1.692218416681512318e-03
3.162277660168379134e-02 1.642309591026621307e-03
3.211194909364823574e-02 1.594637456435355535e-03
3.260868859118933732e-02 1.549064793791606184e-03
3.311311214825911342e-02 1.505464787661284914e-03
3.362533862951628399e-02 1.463720099232620120e-03
3.414548873833600506e-02 1.423722033728582088e-03
3.467368504525316503e-02 1.385369791503274607e-03
3.521005201684521135e-02 1.348569793379660346e-03
3.575471604506212653e-02 1.313235071975671787e-03
3.630780547701013827e-02 1.279284721773420001e-03
3.686945064519575599e-02 1.246643401565049845e-03
3.743978389823810621e-02 1.215240883675924128e-03
3.801893963205612431e-02 1.185011645023109281e-03
3.860705432153813121e-02 1.155894495647624047e-03
3.920426655270151800e-02 1.127832240862071010e-03
3.981071705534973415e-02 1.100771373592467897e-03
4.042654873623443418e-02 1.074661793880766440e-03
4.105190671273078323e-02 1.049456552851830982e-03
4.168693834703354750e-02 1.025111618744358041e-03
4.233179328088208793e-02 1.001585662865972547e-03
4.298662347082276430e-02 9.788398635633152687e-04
4.365158322401661156e-02 9.568377265007927800e-04
4.432682923460088548e-02 9.355449197194907378e-04
4.501252062061336656e-02 9.149291221089401278e-04
4.570881896148751983e-02 8.949598840619241115e-04
4.641588833612779463e-02 8.756084992096531579e-04
4.713389536157405052e-02 8.568478862442810776e-04
4.786300923226385201e-02 8.386524799358194456e-04
4.860340175990218725e-02 8.209981305361263712e-04
4.935524741394806125e-02 8.038620108424916408e-04
5.011872336272724798e-02 7.872225302646388041e-04
5.089400951518088800e-02 7.710592552992905427e-04
5.168128856326035386e-02 7.553528358728577334e-04
5.248074602497728586e-02 7.400849370663189737e-04
5.329257028812002528e-02 7.252381757760201610e-04
5.411695265464637472e-02 7.107960619103049832e-04
5.495408738576248314e-02 6.967429437543850570e-04
5.580417174769963795e-02 6.830639571703688191e-04
5.666740605819913651e-02 6.697449783297390559e-04
5.754399373371569398e-02 6.567725796996081063e-04
5.843414133735175264e-02 6.441339890320095778e-04
5.933805862753280952e-02 6.318170511238874708e-04
6.025595860743578058e-02 6.198101921368097617e-04
6.118805757518219063e-02 6.081023862841493204e-04
6.213457517480758252e-02 5.966831247072216333e-04
6.309573444801933051e-02 5.855423863793436526e-04
6.407176188675536843e-02 5.746706108883119397e-04
6.506288748655573995e-02 5.640586729608803663e-04
6.606934480075961347e-02 5.536978586030857864e-04
6.709137099554111916e-02 5.435798427417178622e-04
6.812920690579615801e-02 5.336966682598582104e-04
6.918309709189365830e-02 5.240407263287761262e-04
7.025328989730521279e-02 5.146047379461351828e-04
7.134003750712564207e-02 5.053817365967306100e-04
7.244359600749902817e-02 4.963650519594913109e-04
7.356422544596413760e-02 4.875482945891028690e-04
7.470218989273319510e-02 4.789253415071725840e-04
7.585775750291835762e-02 4.704903226419080396e-04
7.703120057972147328e-02 4.622376149694772509e-04
7.822279563860029539e-02 4.541624677914484604e-04
7.943282347242813790e-02 4.462593074438545655e-04
8.066156921766134968e-02 4.385229626867787642e-04
8.190932242152976217e-02 4.309477100887418137e-04
8.317637711026708291e-02 4.235298249651724177e-04
8.446303185839687533e-02 4.162648892710922133e-04
8.576958985908941790e-02 4.091486541020219699e-04
8.709635899560805306e-02 4.021770316963122773e-04
8.844365191385998581e-02 3.953460878790919487e-04
8.981178609606946250e-02 3.886520349236390862e-04
9.120108393559096804e-02 3.820912248049493256e-04
9.261187281287937278e-02 3.756601428251782706e-04
9.404448517263518104e-02 3.693554015904114006e-04
9.549925860214358853e-02 3.631734560640905189e-04
9.697653591082495972e-02 3.571113893673638889e-04
9.847666521101583470e-02 3.511661805059014909e-04
1.000000000000000056e-01 3.453348929576931237e-04
1.015468992433080642e-01 3.396146912356955453e-04
1.031177274593055443e-01 3.340028364744403503e-04
1.047128548050899610e-01 3.284966822405157162e-04
1.063326571637161627e-01 3.230936705547443719e-04
1.079775162327709925e-01 3.177913281137153363e-04
1.096478196143185063e-01 3.125872626994459849e-04
1.113439609062361335e-01 3.074791597671141857e-04
1.130663397949639298e-01 3.024647682589359158e-04
1.148153621496882937e-01 2.975418909183652483e-04
1.165914401179831694e-01 2.927084661748732028e-04
1.183949922229302204e-01 2.879624592133410237e-04
1.202264434617413141e-01 2.833018981695959522e-04
1.220862254059071200e-01 2.787248715977538741e-04
1.239747763028944683e-01 2.742295260577669205e-04
1.258925411794167559e-01 2.698140638167900165e-04
1.278399719463023665e-01 2.654767406585613961e-04
1.298175275049849586e-01 2.612158637948458441e-04
1.318256738556407293e-01 2.570297898738300611e-04
1.338648842069993239e-01 2.529169446297298003e-04
1.359356390878525556e-01 2.488758450382660514e-04
1.380384264602885214e-01 2.449049002197813672e-04
1.401737418346770125e-01 2.410026467809172972e-04
1.423420883864341679e-01 2.371676621289165972e-04
1.445439770745927943e-01 2.333985629697419271e-04
1.467799267622069692e-01 2.296939390233689341e-04
1.490504643386195982e-01 2.260525127455751890e-04
1.513561248436208762e-01 2.224730382820141105e-04
1.536974515935271846e-01 2.189542752405027981e-04
1.560749963092111503e-01 2.154950159029167967e-04
1.584893192461114264e-01 2.120940840750365031e-04
1.609409893262535307e-01 2.087503339860894954e-04
1.634305842723137725e-01 2.054626523663281184e-04
1.659586907437560488e-01 2.022299730538506613e-04
1.685259044750751778e-01 1.990512117398771802e-04
1.711328304161781055e-01 1.959253343789666595e-04
1.737800828749375415e-01 1.928513325242016017e-04
1.764682856619500806e-01 1.898282224798423417e-04
1.791980722375333956e-01 1.868550444893354325e-04
1.819700858609983596e-01 1.839308619575807328e-04
1.847849797422291551e-01 1.810547607052481332e-04
1.876434171956085639e-01 1.782258721193292637e-04
1.905460717963247397e-01 1.754433071843191944e-04
1.934936275390953253e-01 1.727062110092029046e-04
1.964867789993468006e-01 1.700137525405174231e-04
1.995262314968879735e-01 1.673651199008831887e-04
2.026127012621143364e-01 1.647595198202032928e-04
2.057469156047840031e-01 1.621961770932233359e-04
2.089296130854039757e-01 1.596744244883151881e-04
2.121615436892684559e-01 1.571934470658828463e-04
2.154434690031884481e-01 1.547525198355068597e-04
2.187761623949552869e-01 1.523509377715020704e-04
2.221604091955811655e-01 1.499882975045091613e-04
2.255970068843577148e-01 1.476637807943128569e-04
2.290867652767773488e-01 1.453767072381829332e-04
2.326305067153626172e-01 1.431264014159905199e-04
2.362290662634462801e-01 1.409121997887283488e-04
2.398832919019490972e-01 1.387336435578094887e-04
2.435940447292027078e-01 1.365902128722282997e-04
2.473621991638621231e-01 1.344813471493675090e-04
2.511886431509580686e-01 1.324063611952226629e-04
2.550742783711359429e-01 1.303650981972868527e-04
2.590200204531323824e-01 1.283589868640596754e-04
2.630267991895383073e-01 1.263896359244466724e-04
2.670955587558985211e-01 1.244521686390204121e-04
2.712272579332028477e-01 1.225480473251593550e-04
2.754228703338167383e-01 1.206795351946385265e-04
2.796833846309077498e-01 1.188514501274130628e-04
2.840098047914215162e-01 1.170374542910085499e-04
2.884031503126607276e-01 1.151964741810293074e-04
2.928644564625237368e-01 1.133991377498248419e-04
2.973947745234606366e-01 1.116290174317083507e-04
3.019951720402017648e-01 1.099032067045565555e-04
3.066667330713183648e-01 1.082080042464083513e-04
3.114105584446759667e-01 1.065391550448711790e-04
3.162277660168379412e-01 1.048935326060035578e-04
3.211194909364823991e-01 1.032787472626463292e-04
3.260868859118933871e-01 1.016900882525692036e-04
3.311311214825911065e-01 1.001264570266797895e-04
3.362533862951628261e-01 9.858776270493376588e-05
3.414548873833602727e-01 9.707377030491365669e-05
3.467368504525316641e-01 9.558341179719184180e-05
3.521005201684521135e-01 9.411629866186369128e-05
3.575471604506214596e-01 9.267238524969898677e-05
3.630780547701014105e-01 9.125364183076430601e-05
3.686945064519577264e-01 8.988510677338460559e-05
3.743978389823812702e-01 8.854118957848996910e-05
3.801893963205612570e-01 8.714695970167824336e-05
3.860705432153813121e-01 8.579686037972649218e-05
3.920426655270153882e-01 8.447072089118953938e-05
3.981071705534973137e-01 8.317385026868469528e-05
4.042654873623443001e-01 8.189961513180803567e-05
4.105190671273080683e-01 8.064511669519423636e-05
4.168693834703355305e-01 7.941003957235289541e-05
4.233179328088209070e-01 7.819410257146578336e-05
4.298662347082278790e-01 7.699715955052705474e-05
4.365158322401661017e-01 7.581871740980640462e-05
4.432682923460088964e-01 7.465848258678867524e-05
4.501252062061338877e-01 7.351616654411005148e-05
4.570881896148751844e-01 7.239148567035999960e-05
4.641588833612779741e-01 7.128416118374240960e-05
4.713389536157404636e-01 7.019391903852672870e-05
4.786300923226385340e-01 6.912048983416316922e-05
4.860340175990218725e-01 6.806360872715120725e-05
4.935524741394806680e-01 6.702301534549117942e-05
5.011872336272724660e-01 6.599845836074990941e-05
5.089400951518091576e-01 6.498972070326578107e-05
5.168128856326035248e-01 6.399651982328316145e-05
5.248074602497728725e-01 6.301861300078515440e-05
5.329257028812005581e-01 6.205576169305196247e-05
5.411695265464637750e-01 6.110773148395397107e-05
5.495408738576248453e-01 6.017515814277217838e-05
5.580417174769966016e-01 5.925606418344879473e-05
5.666740605819913235e-01 5.835093255264112871e-05
5.754399373371569260e-01 5.745970688359390929e-05
5.843414133735178595e-01 5.658217026495017767e-05
5.933805862753280813e-01 5.571810933156294516e-05
6.025595860743577781e-01 5.486731420052594360e-05
6.118805757518221977e-01 5.402957840880287608e-05
6.213457517480758252e-01 5.320469885230680161e-05
6.309573444801933606e-01 5.239247572642598098e-05
6.407176188675540729e-01 5.159238313329988330e-05
6.506288748655573162e-01 5.080455605691760307e-05
6.606934480075961069e-01 5.002881728153978341e-05
6.709137099554115524e-01 4.926497864501845224e-05
6.812920690579614691e-01 4.851285503931936213e-05
6.918309709189366385e-01 4.777226435502567904e-05
7.025328989730521556e-01 4.704304358193719585e-05
7.134003750712564207e-01 4.632520065796500352e-05
7.244359600749902262e-01 4.561835210076154747e-05
7.356422544596413760e-01 4.492232789166495879e-05
7.470218989273319510e-01 4.423696072313511454e-05
7.585775750291839925e-01 4.356208595250770553e-05
7.703120057972147050e-01 4.289754155669486693e-05
7.822279563860029539e-01 4.224316808783569861e-05
7.943282347242817121e-01 4.159880862990062599e-05
8.066156921766135524e-01 4.096430875617761700e-05
8.190932242152976217e-01 4.033949203299820851e-05
8.317637711026713010e-01 3.972420023468628867e-05
8.446303185839686423e-01 3.911831805391724232e-05
8.576958985908941235e-01 3.852170051427070829e-05
8.709635899560810302e-01 3.793420492190529745e-05
8.844365191385998859e-01 3.735569082744473246e-05
8.981178609606945695e-01 3.678601998862597166e-05
9.120108393559100968e-01 3.622505633366214061e-05
9.261187281287937001e-01 3.567266592525446711e-05
9.404448517263518381e-01 3.512871692536241228e-05
9.549925860214364404e-01 3.459299541483334777e-05
9.697653591082495694e-01 3.406543865804824640e-05
9.847666521101583470e-01 3.354594368965790966e-05
1.000000000000000000e+00 3.303438660881737721e-05
1.015468992433080642e+00 3.253064544966944221e-05
1.031177274593055859e+00 3.203460014977983306e-05
1.047128548050899610e+00 3.154618059644758571e-05
1.063326571637161599e+00 3.106525314073613046e-05
1.079775162327710536e+00 3.059166936836874262e-05
1.096478196143185091e+00 3.012531662721604727e-05
1.113439609062361946e+00 2.966608401663378908e-05
1.130663397949639881e+00 2.921386235922144605e-05
1.148153621496882826e+00 2.876854417304118864e-05
1.165914401179832360e+00 2.833002364434866039e-05
1.183949922229301732e+00 2.789819660079548118e-05
1.202264434617413169e+00 2.747295810877370561e-05
1.220862254059071894e+00 2.705420823093673764e-05
1.239747763028944183e+00 2.664184891394343494e-05
1.258925411794167504e+00 2.623578229074018434e-05
1.278399719463024331e+00 2.583591200851012706e-05
1.298175275049848976e+00 2.544214320457999429e-05
1.318256738556407459e+00 2.505438248270204629e-05
1.338648842069994016e+00 2.467279857535236733e-05
1.359356390878525556e+00 2.429718874049578478e-05
1.380384264602885214e+00 2.392726628960254072e-05
1.401737418346770792e+00 2.356298293872819265e-05
1.423420883864341624e+00 2.320431845717448312e-05
1.445439770745927888e+00 2.285120255208496651e-05
1.467799267622070580e+00 2.250336648531282521e-05
1.490504643386196149e+00 2.216071314269102630e-05
1.513561248436208651e+00 2.182331116170492036e-05
1.536974515935272567e+00 2.149058193052359427e-05
1.560749963092111336e+00 2.116282220252107171e-05
1.584893192461114042e+00 2.084008006167476862e-05
1.609409893262536029e+00 2.052238444495340516e-05
1.634305842723137614e+00 2.020973460808217828e-05
1.659586907437561321e+00 1.990185454295699015e-05
1.685259044750752722e+00 1.959867149494491545e-05
1.711328304161781055e+00 1.930011383627149935e-05
1.737800828749376247e+00 1.900611104923768737e-05
1.764682856619499862e+00 1.871655325150614667e-05
1.791980722375333901e+00 1.843119818448652557e-05
1.819700858609984317e+00 1.815020184510271557e-05
1.847849797422290719e+00 1.787355646254817611e-05
1.876434171956085750e+00 1.760121883831159724e-05
1.905460717963248340e+00 1.733303302288562931e-05
1.934936275390952254e+00 1.706893562773688724e-05
1.964867789993468117e+00 1.680886423638662012e-05
1.995262314968880846e+00 1.655275738932226602e-05
2.026127012621143475e+00 1.630055456914613531e-05
2.057469156047840197e+00 1.605219618594917437e-05
2.089296130854040978e+00 1.580762356293951348e-05
2.121615436892684503e+00 1.556677892229152096e-05
2.154434690031884259e+00 1.532960537121948725e-05
2.187761623949553869e+00 1.509604688827286892e-05
2.221604091955811544e+00 1.486604830985641496e-05
2.255970068843577092e+00 1.463955531696891050e-05
2.290867652767774931e+00 1.441651442213024653e-05
2.326305067153626283e+00 1.419687295654803044e-05
2.362290662634462635e+00 1.398057905746276139e-05
2.398832919019492138e+00 1.376758074620812907e-05
2.435940447292026967e+00 1.355782461459572225e-05
2.473621991638622397e+00 1.335126522579141415e-05
2.511886431509582351e+00 1.314785381740726150e-05
2.550742783711358985e+00 1.294754237281598590e-05
2.590200204531325046e+00 1.275028360964743119e-05
2.630267991895383961e+00 1.255603096848721106e-05
2.670955587558985211e+00 1.236473860173782765e-05
2.712272579332029476e+00 1.217636136266350656e-05
2.754228703338166273e+00 1.199085479459847871e-05
2.796833846309077831e+00 1.180817512033331364e-05
2.840098047914216384e+00 1.162827923166646485e-05
2.884031503126605500e+00 1.145112467911056977e-05
2.928644564625237479e+00 1.127666966177237961e-05
2.973947745234607698e+00 1.110487301738371188e-05
3.019951720402016093e+00 1.093569421248409112e-05
3.066667330713183759e+00 1.076909713385016911e-05
3.114105584446761554e+00 1.060504592197987496e-05
3.162277660168379523e+00 1.044349456606172501e-05
3.211194909364823769e+00 1.028440495663736935e-05
3.260868859118935426e+00 1.012773956629597892e-05
3.311311214825911176e+00 9.973461440745215546e-06
3.362533862951627928e+00 9.821534190026182259e-06
3.414548873833604059e+00 9.671921979866282505e-06
3.467368504525316641e+00 9.524589523164929644e-06
3.521005201684520802e+00 9.379502071605130649e-06
3.575471604506216483e+00 9.236625407409139942e-06
3.630780547701013994e+00 9.095925835209997502e-06
3.686945064519577375e+00 8.957370174056239183e-06
3.743978389823814368e+00 8.820925749538266383e-06
3.801893963205612792e+00 8.686552831412718998e-06
3.860705432153815231e+00 8.554221594222195763e-06
3.920426655270155880e+00 8.423906572637374985e-06
3.981071705534973137e+00 8.295577036586418651e-06
4.042654873623445333e+00 8.169202724859517151e-06
4.105190671273078351e+00 8.044753837933895095e-06
4.168693834703354639e+00 7.922201030907289883e-06
4.233179328088211513e+00 7.801515406542113744e-06
4.298662347082276902e+00 7.682668508420338247e-06
4.365158322401661017e+00 7.565632314196568548e-06
4.432682923460091295e+00 7.450379228962108613e-06
4.501252062061336545e+00 7.336882078707083204e-06
4.570881896148751622e+00 7.225114103884973767e-06
4.641588833612781961e+00 7.115048953076849264e-06
4.713389536157404969e+00 7.006660676749803993e-06
4.786300923226384896e+00 6.899923721117733099e-06
4.860340175990221390e+00 6.794812922090201187e-06
4.935524741394806014e+00 6.691303499317214563e-06
5.011872336272724660e+00 6.589371050324376965e-06
5.089400951518094018e+00 6.488991544743101868e-06
5.168128856326035248e+00 6.390141318620007982e-06
5.248074602497728058e+00 6.292797068825620880e-06
5.329257028812008024e+00 6.196935847535009758e-06
5.411695265464637750e+00 6.102535056807882789e-06
5.495408738576248453e+00 6.009572443242047407e-06
5.580417174769969790e+00 5.918026092710294850e-06
5.666740605819913235e+00 5.827874425181838926e-06
5.754399373371572146e+00 5.739096189620285906e-06
5.843414133735181260e+00 5.651670458958908864e-06
5.933805862753280813e+00 5.565576625156593454e-06
6.025595860743581333e+00 5.480794394326750473e-06
6.118805757518218869e+00 5.397303781942444466e-06
6.213457517480758696e+00 5.315085108112180963e-06
6.309573444801936049e+00 5.234118992931814873e-06
6.407176188675537176e+00 5.154386351905956243e-06
6.506288748655573606e+00 5.075868391439982982e-06
6.606934480075964622e+00 4.998546604399058978e-06
6.709137099554111749e+00 4.922402595946557488e-06
6.812920690579614913e+00 4.847418313148110699e-06
6.918309709189369272e+00 4.773576362382730923e-06
7.025328989730520668e+00 4.700859339196293274e-06
7.134003750712564873e+00 4.629250104399229641e-06
7.244359600749906036e+00 4.558731780018457434e-06
7.356422544596413537e+00 4.489287745312763805e-06
7.470218989273319288e+00 4.420901632850386654e-06
7.585775750291843700e+00 4.353557324642932638e-06
7.703120057972146384e+00 4.287238948342572784e-06
7.822279563860029761e+00 4.221930873492465641e-06
7.943282347242821118e+00 4.157617707840831583e-06
8.066156921766134857e+00 4.094284293705995616e-06
8.190932242152976883e+00 4.031915704398120410e-06
8.317637711026717895e+00 3.970497240699086446e-06
8.446303185839687089e+00 3.910014427391790612e-06
8.576958985908945010e+00 3.850453009843891224e-06
8.709635899560813854e+00 3.791798950645360394e-06
8.844365191385998415e+00 3.734038426295871154e-06
8.981178609606949692e+00 3.677157823942712648e-06
9.120108393559105409e+00 3.621143738169113932e-06
9.261187281287938333e+00 3.565982967831416600e-06
9.404448517263523044e+00 3.511662512945738273e-06
9.549925860214358408e+00 3.458169571618543727e-06
9.697653591082495694e+00 3.405491537029042166e-06
9.847666521101588799e+00 3.353615994454304172e-06
1.000000000000000000e+01 3.302530718340328074e-06
1.015468992433080686e+01 3.252223669418901583e-06
1.031177274593055948e+01 3.202684245701138909e-06
1.047128548050899610e+01 3.153899765987921088e-06
1.063326571637161599e+01 3.105858476533442633e-06
1.079775162327710447e+01 3.058549055736056584e-06
1.096478196143185180e+01 3.011960354511523296e-06
1.113439609062361946e+01 2.966081393664820509e-06
1.130663397949639837e+01 2.920901361299896273e-06
1.148153621496882870e+01 2.876409610271430888e-06
1.165914401179832360e+01 2.832595655673018294e-06
1.183949922229302842e+01 2.789449172366763143e-06
1.202264434617413080e+01 2.746959992547356343e-06
1.220862254059071894e+01 2.705118103344898972e-06
1.239747763028945293e+01 2.663913644465302269e-06
1.258925411794167459e+01 2.623336905864950110e-06
1.278399719463024375e+01 2.583378325462130748e-06
1.298175275049850264e+01 2.544028486882102981e-06
1.318256738556407370e+01 2.505278117237872365e-06
1.338648842069994060e+01 2.467118084944919479e-06
1.359356390878526888e+01 2.429539397567996437e-06
1.380384264602885303e+01 2.392533199702495041e-06
1.401737418346770880e+01 2.356090770886131098e-06
1.423420883864341491e+01 2.320203523544662519e-06
1.445439770745928065e+01 2.284863000968253490e-06
1.467799267622070580e+01 2.250062324751688357e-06
1.490504643386196193e+01 2.215793917390747613e-06
1.513561248436208651e+01 2.182047667228314596e-06
1.536974515935272478e+01 2.148815624688689881e-06
1.560749963092111336e+01 2.116089961560717026e-06
1.584893192461114175e+01 2.083862969165377992e-06
1.609409893262536073e+01 2.052127056551800150e-06
1.634305842723137658e+01 2.020874748723057692e-06
1.659586907437561365e+01 1.990098684890259266e-06
1.685259044750752722e+01 1.959791616754923131e-06
1.711328304161780878e+01 1.929946406819931631e-06
1.737800828749376336e+01 1.900556026726533408e-06
1.764682856619501550e+01 1.871613555622410338e-06
1.791980722375334167e+01 1.843112178553628891e-06
1.819700858609984451e+01 1.815045184886196141e-06
1.847849797422292539e+01 1.787405966753688931e-06
1.876434171956085706e+01 1.760188017532015830e-06
1.905460717963248385e+01 1.733386579109320313e-06
1.934936275390954208e+01 1.707000682898560778e-06
1.964867789993467895e+01 1.681017589317569424e-06
1.995262314968880801e+01 1.655431227387712548e-06
2.026127012621145340e+01 1.630235625354651243e-06
2.057469156047839931e+01 1.605424910058872663e-06
2.089296130854040712e+01 1.580993306454512850e-06
2.121615436892684414e+01 1.556935137305022446e-06
2.154434690031884614e+01 1.533244823079244865e-06
2.187761623949554135e+01 1.509918620060457328e-06
2.221604091955811811e+01 1.486955310651729387e-06
2.255970068843577181e+01 1.464344617059197294e-06
2.290867652767774842e+01 1.442081502275297939e-06
2.326305067153626283e+01 1.420161059988870159e-06
2.362290662634462635e+01 1.398578523658932297e-06
2.398832919019492493e+01 1.377329278231731102e-06
2.435940447292027144e+01 1.356408875295711010e-06
2.473621991638622575e+01 1.335822723715869403e-06
2.511886431509581996e+01 1.315564504148937339e-06
2.550742783711359252e+01 1.295626849027634893e-06
2.590200204531325312e+01 1.276007310188651799e-06
2.630267991895384228e+01 1.256704153164172456e-06
2.670955587558985300e+01 1.237696627798641285e-06
2.712272579332029565e+01 1.218994841113173472e-06
2.754228703338169026e+01 1.200601553356644294e-06
2.796833846309077742e+01 1.182517694480483386e-06
2.840098047914216650e+01 1.164746023265960110e-06
2.884031503126608698e+01 1.147291887154903388e-06
2.928644564625237479e+01 1.130127605031585928e-06
2.973947745234607964e+01 1.113265085096834792e-06
3.019951720402019291e+01 1.096732945404463728e-06
3.066667330713183759e+01 1.080549761338358591e-06
3.114105584446761554e+01 1.064484123888595624e-06
3.162277660168382454e+01 1.048468147376592085e-06
3.211194909364824213e+01 1.032710798961581948e-06
3.260868859118935603e+01 1.017209869770421665e-06
3.311311214825911264e+01 1.001963461145007820e-06
3.362533862951627839e+01 9.865712416973702469e-07
3.414548873833604148e+01 9.712660720924014277e-07
3.467368504525316553e+01 9.562182698858845912e-07
3.521005201684521069e+01 9.414214781905761497e-07
3.575471604506216039e+01 9.268697169523064531e-07
3.630780547701014171e+01 9.123653024993498125e-07
3.686945064519576931e+01 8.981219465018739196e-07
3.743978389823814723e+01 8.841524083048263915e-07
3.801893963205612437e+01 8.704044228466619588e-07
3.860705432153815053e+01 8.568756869017173962e-07
3.920426655270155436e+01 8.436051522003150447e-07
3.981071705534973404e+01 8.305768033707017062e-07
4.042654873623445155e+01 8.178233843573553062e-07
4.105190671273082614e+01 8.052767126546851645e-07
4.168693834703355350e+01 7.929313290363659804e-07
4.233179328088210980e+01 7.807827929443406720e-07
4.298662347082280633e+01 7.688269467746554334e-07
4.365158322401661195e+01 7.570598732071235307e-07
4.432682923460091473e+01 7.454785550308688733e-07
4.501252062061340808e+01 7.340842135342884803e-07
4.570881896148751622e+01 7.228667832083840718e-07
4.641588833612782139e+01 7.118232345846357019e-07
4.713389536157409765e+01 7.009506226427812948e-07
4.786300923226384896e+01 6.902460805655739024e-07
4.860340175990221212e+01 6.797068143061499737e-07
4.935524741394806369e+01 6.693300978411774150e-07
5.011872336272725192e+01 6.591187970879030335e-07
5.089400951518094018e+01 6.490687231916440643e-07
5.168128856326035248e+01 6.391721174268766816e-07
5.248074602497728591e+01 6.294266280904363207e-07
5.329257028812008201e+01 6.198299397839502240e-07
5.411695265464637572e+01 6.103797728460476465e-07
5.495408738576248453e+01 6.010738827937298736e-07
5.580417174769969080e+01 5.919100597723827292e-07
5.666740605819913412e+01 5.828861280143369162e-07
5.754399373371572324e+01 5.739999453066495814e-07
5.843414133735181082e+01 5.652494024664313553e-07
5.933805862753280991e+01 5.566324228255015549e-07
6.025595860743580801e+01 5.481474883580431444e-07
6.118805757518225619e+01 5.397954931071070636e-07
6.213457517480758696e+01 5.315707509967681582e-07
6.309573444801936404e+01 5.234713234809050699e-07
6.407176188675543926e+01 5.154953015395409073e-07
6.506288748655573784e+01 5.076408052292339228e-07
6.606934480075963734e+01 4.999059832398438056e-07
6.709137099554118322e+01 4.922890124586521272e-07
6.812920690579615268e+01 4.847880975407247843e-07
6.918309709189369983e+01 4.774014704857777483e-07
7.025328989730527951e+01 4.701273902218171206e-07
7.134003750712564340e+01 4.629641421949412988e-07
7.244359600749905326e+01 4.559100379652905913e-07
7.356422544596414070e+01 4.489634148092423749e-07
7.470218989273318755e+01 4.421226353279146911e-07
7.585775750291843167e+01 4.353860870611627963e-07
7.703120057972147094e+01 4.287521821078176048e-07
7.822279563860028873e+01 4.222193567516486446e-07
7.943282347242821118e+01 4.157860710928912258e-07
8.066156921766135213e+01 4.094508086855450801e-07
8.190932242152976528e+01 4.032120761800681224e-07
8.317637711026716829e+01 3.970684029717370237e-07
8.446303185839687444e+01 3.910183408540650449e-07
8.576958985908946431e+01 3.850604636776961523e-07
8.709635899560814210e+01 3.791933670145072729e-07
8.844365191385999481e+01 3.734160145600787894e-07
8.981178609606951113e+01 3.677273630374202094e-07
9.120108393559105764e+01 3.621253697305858325e-07
9.261187281287936912e+01 3.566087145539524622e-07
9.404448517263523399e+01 3.511760975312405641e-07
9.549925860214368356e+01 3.458262384893345126e-07
9.697653591082496405e+01 3.405578767564859174e-07
9.847666521101588444e+01 3.353697708652975493e-07
1.000000000000000000e+02 3.302606982601290440e-07
