0.0010219978922 	 0.0
0.0020219978922 	 0.0
0.0030219978922 	 0.0
0.0040219978922 	 0.0
0.0050219978922 	 0.0
0.0060219978922 	 0.0
0.0070219978922 	 0.0
0.0080219978922 	 0.0
0.009021997892200002 	 0.0
0.010021997892200003 	 0.0
0.011021997892200004 	 0.0
0.012021997892200004 	 0.0
0.013021997892200005 	 0.0
0.014021997892200006 	 0.0
0.015021997892200007 	 0.0
0.016021997892200008 	 0.0
0.01702199789220001 	 0.0
0.01802199789220001 	 0.0
0.01902199789220001 	 0.0
0.02002199789220001 	 0.0
0.021021997892200012 	 0.0
0.022021997892200013 	 0.0
0.023021997892200014 	 0.0
0.024021997892200015 	 0.0
0.025021997892200016 	 0.0
0.026021997892200017 	 0.0
0.027021997892200018 	 0.0
0.02802199789220002 	 0.0
0.02902199789220002 	 0.0
0.03002199789220002 	 0.0
0.03102199789220002 	 0.0
0.03202199789220002 	 0.0
0.03302199789220002 	 0.0
0.03402199789220002 	 0.0
0.03502199789220002 	 0.0
0.03602199789220002 	 0.0
0.03702199789220002 	 0.0
0.038021997892200024 	 0.0
0.039021997892200025 	 0.0
0.040021997892200026 	 0.0
0.04102199789220003 	 0.0
0.04202199789220003 	 0.0
0.04302199789220003 	 0.0
0.04402199789220003 	 0.0
0.04502199789220003 	 0.0
0.04602199789220003 	 0.0
0.04702199789220003 	 0.0
0.04802199789220003 	 0.0
0.049021997892200034 	 0.0
0.050021997892200035 	 0.0
0.051021997892200036 	 0.0
0.052021997892200036 	 0.0
0.05302199789220004 	 0.0
0.05402199789220004 	 0.0
0.05502199789220004 	 0.0
0.05602199789220004 	 0.0
0.05702199789220004 	 0.0
0.05802199789220004 	 0.0
0.05902199789220004 	 0.0
0.060021997892200044 	 0.0
0.061021997892200044 	 0.0
0.062021997892200045 	 0.0
0.06302199789220005 	 0.0
0.06402199789220005 	 0.0
0.06502199789220005 	 0.0
0.06602199789220005 	 0.0
0.06702199789220005 	 0.0
0.06802199789220005 	 0.0
0.06902199789220005 	 0.0
0.07002199789220005 	 0.0
0.07102199789220005 	 0.0
0.07202199789220005 	 0.0
0.07302199789220006 	 0.0
0.07402199789220006 	 0.0
0.07502199789220006 	 0.0
0.07602199789220006 	 0.0
0.07702199789220006 	 0.0
0.07802199789220006 	 0.0
0.07902199789220006 	 0.0
0.08002199789220006 	 0.0
0.08102199789220006 	 0.0
0.08202199789220006 	 0.0
0.08302199789220006 	 0.0
0.08402199789220006 	 0.0
0.08502199789220007 	 0.0
0.08602199789220007 	 0.0
0.08702199789220007 	 0.0
0.08802199789220007 	 0.0
0.08902199789220007 	 0.0
0.09002199789220007 	 0.0
0.09102199789220007 	 0.0
0.09202199789220007 	 0.0
0.09302199789220007 	 0.0
0.09402199789220007 	 0.0
0.09502199789220007 	 0.0
0.09602199789220008 	 0.0
0.09702199789220008 	 0.0
0.09802199789220008 	 0.0
0.09902199789220008 	 0.0
0.10002199789220008 	 0.0
0.10102199789220008 	 0.0
0.10202199789220008 	 0.0
0.10302199789220008 	 0.0
0.10402199789220008 	 0.0
0.10502199789220008 	 0.0
0.10602199789220008 	 0.0
0.10702199789220009 	 0.0
0.10802199789220009 	 0.0
0.10902199789220009 	 0.0
0.11002199789220009 	 0.0
0.11102199789220009 	 0.0
0.11202199789220009 	 0.0
0.11302199789220009 	 0.0
0.11402199789220009 	 0.0
0.11502199789220009 	 0.0
0.1160219978922001 	 0.0
0.1170219978922001 	 0.0
0.1180219978922001 	 0.0
0.1190219978922001 	 0.0
0.1200219978922001 	 0.0
0.1210219978922001 	 0.0
0.1220219978922001 	 0.0
0.1230219978922001 	 0.0
0.1240219978922001 	 0.0
0.1250219978922001 	 0.0
0.1260219978922001 	 0.0
0.1270219978922001 	 0.0
0.1280219978922001 	 0.0
0.1290219978922001 	 0.0
0.1300219978922001 	 0.0
0.1310219978922001 	 0.0
0.1320219978922001 	 0.0
0.1330219978922001 	 0.0
0.1340219978922001 	 0.0
0.1350219978922001 	 0.0
0.1360219978922001 	 0.0
0.1370219978922001 	 0.0
0.1380219978922001 	 0.0
0.1390219978922001 	 0.0
0.1400219978922001 	 0.0
0.1410219978922001 	 0.0
0.1420219978922001 	 0.0
0.1430219978922001 	 0.0
0.1440219978922001 	 0.0
0.1450219978922001 	 0.0
0.1460219978922001 	 0.0
0.1470219978922001 	 0.0
0.1480219978922001 	 0.0
0.1490219978922001 	 0.0
0.1500219978922001 	 0.0
0.1510219978922001 	 0.0
0.1520219978922001 	 0.0
0.1530219978922001 	 0.0
0.1540219978922001 	 0.0
0.15502199789220011 	 0.0
0.15602199789220011 	 0.0
0.15702199789220012 	 0.0
0.15802199789220012 	 0.0
0.15902199789220012 	 0.0
0.16002199789220012 	 0.0
0.16102199789220012 	 0.0
0.16202199789220012 	 0.0
0.16302199789220012 	 0.0
0.16402199789220012 	 0.0
0.16502199789220012 	 0.0
0.16602199789220012 	 0.0
0.16702199789220012 	 0.0
0.16802199789220013 	 0.0
0.16902199789220013 	 0.0
0.17002199789220013 	 0.0
0.17102199789220013 	 0.0
0.17202199789220013 	 0.0
0.17302199789220013 	 0.0
0.17402199789220013 	 0.0
0.17502199789220013 	 0.0
0.17602199789220013 	 0.0
0.17702199789220013 	 0.0
0.17802199789220013 	 0.0
0.17902199789220014 	 0.0
0.18002199789220014 	 0.0
0.18102199789220014 	 0.0
0.18202199789220014 	 0.0
0.18302199789220014 	 0.0
0.18402199789220014 	 0.0
0.18502199789220014 	 0.0
0.18602199789220014 	 0.0
0.18702199789220014 	 0.0
0.18802199789220014 	 0.0
0.18902199789220014 	 0.0
0.19002199789220015 	 0.0
0.19102199789220015 	 0.0
0.19202199789220015 	 0.0
0.19302199789220015 	 0.0
0.19402199789220015 	 0.0
0.19502199789220015 	 0.0
0.19602199789220015 	 0.0
0.19702199789220015 	 0.0
0.19802199789220015 	 0.0
0.19902199789220015 	 0.0
0.20002199789220015 	 0.0
0.20102199789220015 	 0.0
0.20202199789220016 	 0.0
0.20302199789220016 	 0.0
0.20402199789220016 	 0.0
0.20502199789220016 	 0.0
0.20602199789220016 	 0.0
0.20702199789220016 	 0.0
0.20802199789220016 	 0.0
0.20902199789220016 	 0.0
0.21002199789220016 	 0.0
0.21102199789220016 	 0.0
0.21202199789220016 	 0.0
0.21302199789220017 	 0.0
0.21402199789220017 	 0.0
0.21502199789220017 	 0.0
0.21602199789220017 	 0.0
0.21702199789220017 	 0.0
0.21802199789220017 	 0.0
0.21902199789220017 	 0.0
0.22002199789220017 	 0.0
0.22102199789220017 	 0.0
0.22202199789220017 	 0.0
0.22302199789220017 	 0.0
0.22402199789220018 	 0.0
0.22502199789220018 	 0.0
0.22602199789220018 	 0.0
0.22702199789220018 	 0.0
0.22802199789220018 	 0.0
0.22902199789220018 	 0.0
0.23002199789220018 	 0.0
0.23102199789220018 	 0.0
0.23202199789220018 	 0.0
0.23302199789220018 	 0.0
0.23402199789220018 	 0.0
0.23502199789220019 	 0.0
0.23602199789220019 	 0.0
0.2370219978922002 	 0.0
0.2380219978922002 	 0.0
0.2390219978922002 	 0.0
0.2400219978922002 	 0.0
0.2410219978922002 	 0.0
0.2420219978922002 	 0.0
0.2430219978922002 	 0.0
0.2440219978922002 	 0.0
0.2450219978922002 	 0.0
0.2460219978922002 	 0.0
0.2470219978922002 	 0.0
0.2480219978922002 	 0.0
0.2490219978922002 	 0.0
0.2500219978922002 	 0.0
0.2510219978922002 	 0.0
0.2520219978922002 	 0.0
0.2530219978922002 	 0.0
0.2540219978922002 	 0.0
0.2550219978922002 	 0.0
0.2560219978922002 	 0.0
0.2570219978922002 	 0.0
0.2580219978922002 	 0.0
0.2590219978922002 	 0.0
0.2600219978922002 	 0.0
0.2610219978922002 	 0.0
0.2620219978922002 	 0.0
0.2630219978922002 	 0.0
0.2640219978922002 	 0.0
0.2650219978922002 	 0.0
0.2660219978922002 	 0.0
0.2670219978922002 	 0.0
0.2680219978922002 	 0.0
0.2690219978922002 	 0.0
0.2700219978922002 	 0.0
0.2710219978922002 	 0.0
0.2720219978922002 	 0.0
0.2730219978922002 	 0.0
0.2740219978922002 	 0.0
0.2750219978922002 	 0.0
0.2760219978922002 	 0.0
0.2770219978922002 	 0.0
0.2780219978922002 	 0.0
0.2790219978922002 	 0.0
0.2800219978922002 	 0.0
0.2810219978922002 	 0.0
0.2820219978922002 	 0.0
0.2830219978922002 	 0.0
0.28402199789220023 	 0.0
0.28502199789220023 	 0.0
0.28602199789220023 	 0.0
0.28702199789220023 	 0.0
0.28802199789220023 	 0.0
0.28902199789220023 	 0.0
0.29002199789220023 	 0.0
0.29102199789220023 	 0.0
0.29202199789220024 	 0.0
0.29302199789220024 	 0.0
0.29402199789220024 	 0.0
0.29502199789220024 	 0.0
0.29602199789220024 	 0.0
0.29702199789220024 	 0.0
0.29802199789220024 	 0.0
0.29902199789220024 	 0.0
0.30002199789220024 	 0.0
0.30102199789220024 	 0.0
0.30202199789220024 	 0.0
0.30302199789220025 	 0.0
0.30402199789220025 	 0.0
0.30502199789220025 	 0.0
0.30602199789220025 	 0.0
0.30702199789220025 	 0.0
0.30802199789220025 	 0.0
0.30902199789220025 	 0.0
0.31002199789220025 	 0.0
0.31102199789220025 	 0.0
0.31202199789220025 	 0.0
0.31302199789220025 	 0.0
0.31402199789220026 	 0.0
0.31502199789220026 	 0.0
0.31602199789220026 	 0.0
0.31702199789220026 	 0.0
0.31802199789220026 	 0.0
0.31902199789220026 	 0.0
0.32002199789220026 	 0.0
0.32102199789220026 	 0.0
0.32202199789220026 	 0.0
0.32302199789220026 	 0.0
0.32402199789220026 	 0.0
0.32502199789220027 	 0.0
0.32602199789220027 	 0.0
0.32702199789220027 	 0.0
0.32802199789220027 	 0.0
0.32902199789220027 	 0.0
0.33002199789220027 	 0.0
0.33102199789220027 	 0.0
0.33202199789220027 	 0.0
0.33302199789220027 	 0.0
0.3340219978922003 	 0.0
0.3350219978922003 	 0.0
0.3360219978922003 	 0.0
0.3370219978922003 	 0.0
0.3380219978922003 	 0.0
0.3390219978922003 	 0.0
0.3400219978922003 	 0.0
0.3410219978922003 	 0.0
0.3420219978922003 	 0.0
0.3430219978922003 	 0.0
0.3440219978922003 	 0.0
0.3450219978922003 	 0.0
0.3460219978922003 	 0.0
0.3470219978922003 	 0.0
0.3480219978922003 	 0.0
0.3490219978922003 	 0.0
0.3500219978922003 	 0.0
0.3510219978922003 	 0.0
0.3520219978922003 	 0.0
0.3530219978922003 	 0.0
0.3540219978922003 	 0.0
0.3550219978922003 	 0.0
0.3560219978922003 	 0.0
0.3570219978922003 	 0.0
0.3580219978922003 	 0.0
0.3590219978922003 	 0.0
0.3600219978922003 	 0.0
0.3610219978922003 	 0.0
0.3620219978922003 	 0.0
0.3630219978922003 	 0.0
0.3640219978922003 	 0.0
0.3650219978922003 	 0.0
0.3660219978922003 	 0.0
0.3670219978922003 	 0.0
0.3680219978922003 	 0.0
0.3690219978922003 	 0.0
0.3700219978922003 	 0.0
0.3710219978922003 	 0.0
0.3720219978922003 	 0.0
0.3730219978922003 	 0.0
0.3740219978922003 	 0.0
0.3750219978922003 	 0.0
0.3760219978922003 	 0.0
0.3770219978922003 	 0.0
0.3780219978922003 	 0.0
0.3790219978922003 	 0.0
0.3800219978922003 	 0.0
0.3810219978922003 	 0.0
0.3820219978922003 	 0.0
0.3830219978922003 	 0.0
0.3840219978922003 	 0.0
0.3850219978922003 	 0.0
0.3860219978922003 	 0.0
0.3870219978922003 	 0.0
0.3880219978922003 	 0.0
0.3890219978922003 	 0.0
0.3900219978922003 	 0.0
0.3910219978922003 	 0.0
0.3920219978922003 	 0.0
0.3930219978922003 	 0.0
0.3940219978922003 	 0.0
0.3950219978922003 	 0.0
0.39602199789220033 	 0.0
0.39702199789220033 	 0.0
0.39802199789220033 	 0.0
0.39902199789220033 	 0.0
0.40002199789220033 	 0.0
0.40102199789220033 	 0.0
0.40202199789220033 	 0.0
0.40302199789220033 	 0.0
0.40402199789220034 	 0.0
0.40502199789220034 	 0.0
0.40602199789220034 	 0.0
0.40702199789220034 	 0.0
0.40802199789220034 	 0.0
0.40902199789220034 	 0.0
0.41002199789220034 	 0.0
0.41102199789220034 	 0.0
0.41202199789220034 	 0.0
0.41302199789220034 	 0.0
0.41402199789220034 	 0.0
0.41502199789220034 	 0.0
0.41602199789220035 	 0.0
0.41702199789220035 	 0.0
0.41802199789220035 	 0.0
0.41902199789220035 	 0.0
0.42002199789220035 	 0.0
0.42102199789220035 	 0.0
0.42202199789220035 	 0.0
0.42302199789220035 	 0.0
0.42402199789220035 	 0.0
0.42502199789220035 	 0.0
0.42602199789220035 	 0.0
0.42702199789220036 	 0.0
0.42802199789220036 	 0.0
0.42902199789220036 	 0.0
0.43002199789220036 	 0.0
0.43102199789220036 	 0.0
0.43202199789220036 	 0.0
0.43302199789220036 	 0.0
0.43402199789220036 	 0.0
0.43502199789220036 	 0.0
0.43602199789220036 	 0.0
0.43702199789220036 	 0.0
0.43802199789220037 	 0.0
0.43902199789220037 	 0.0
0.44002199789220037 	 0.0
0.44102199789220037 	 0.0
0.44202199789220037 	 0.0
0.44302199789220037 	 0.0
0.44402199789220037 	 0.0
0.44502199789220037 	 0.0
0.4460219978922004 	 0.0
0.4470219978922004 	 0.0
0.4480219978922004 	 0.0
0.4490219978922004 	 0.0
0.4500219978922004 	 0.0
0.4510219978922004 	 0.0
0.4520219978922004 	 0.0
0.4530219978922004 	 0.0
0.4540219978922004 	 0.0
0.4550219978922004 	 0.0
0.4560219978922004 	 0.0
0.4570219978922004 	 0.0
0.4580219978922004 	 0.0
0.4590219978922004 	 0.0
0.4600219978922004 	 0.0
0.4610219978922004 	 0.0
0.4620219978922004 	 0.0
0.4630219978922004 	 0.0
0.4640219978922004 	 0.0
0.4650219978922004 	 0.0
0.4660219978922004 	 0.0
0.4670219978922004 	 0.0
0.4680219978922004 	 0.0
0.4690219978922004 	 0.0
0.4700219978922004 	 0.0
0.4710219978922004 	 0.0
0.4720219978922004 	 0.0
0.4730219978922004 	 0.0
0.4740219978922004 	 0.0
0.4750219978922004 	 0.0
0.4760219978922004 	 0.0
0.4770219978922004 	 0.0
0.4780219978922004 	 0.0
0.4790219978922004 	 0.0
0.4800219978922004 	 0.0
0.4810219978922004 	 0.0
0.4820219978922004 	 0.0
0.4830219978922004 	 0.0
0.4840219978922004 	 0.0
0.4850219978922004 	 0.0
0.4860219978922004 	 0.0
0.4870219978922004 	 0.0
0.4880219978922004 	 0.0
0.4890219978922004 	 0.0
0.4900219978922004 	 0.0
0.4910219978922004 	 0.0
0.4920219978922004 	 0.0
0.4930219978922004 	 0.0
0.4940219978922004 	 0.0
0.4950219978922004 	 0.0
0.4960219978922004 	 0.0
0.4970219978922004 	 0.0
0.4980219978922004 	 0.0
0.4990219978922004 	 0.0
0.5000219978922004 	 0.0
0.5010219978922004 	 0.0
0.5020219978922004 	 0.0
0.5030219978922004 	 0.0
0.5040219978922004 	 0.0
0.5050219978922004 	 0.0
0.5060219978922004 	 0.0
0.5070219978922004 	 0.0
0.5080219978922004 	 0.0
0.5090219978922004 	 0.0
0.5100219978922004 	 0.0
0.5110219978922004 	 0.0
0.5120219978922004 	 0.0
0.5130219978922004 	 0.0
0.5140219978922004 	 0.0
0.5150219978922004 	 0.0
0.5160219978922004 	 0.0
0.5170219978922004 	 0.0
0.5180219978922004 	 0.0
0.5190219978922004 	 0.0
0.5200219978922004 	 0.0
0.5210219978922004 	 0.0
0.5220219978922004 	 0.0
0.5230219978922004 	 0.0
0.5240219978922004 	 0.0
0.5250219978922004 	 0.0
0.5260219978922004 	 0.0
0.5270219978922004 	 0.0
0.5280219978922004 	 0.0
0.5290219978922004 	 0.0
0.5300219978922004 	 0.0
0.5310219978922004 	 0.0
0.5320219978922004 	 0.0
0.5330219978922004 	 0.0
0.5340219978922004 	 0.0
0.5350219978922004 	 0.0
0.5360219978922004 	 0.0
0.5370219978922004 	 0.0
0.5380219978922004 	 0.0
0.5390219978922004 	 0.0
0.5400219978922004 	 0.0
0.5410219978922004 	 0.0
0.5420219978922004 	 0.0
0.5430219978922004 	 0.0
0.5440219978922004 	 0.0
0.5450219978922004 	 0.0
0.5460219978922004 	 0.0
0.5470219978922004 	 0.0
0.5480219978922004 	 0.0
0.5490219978922004 	 0.0
0.5500219978922004 	 0.0
0.5510219978922004 	 0.0
0.5520219978922004 	 0.0
0.5530219978922004 	 0.0
0.5540219978922004 	 0.0
0.5550219978922004 	 0.0
0.5560219978922004 	 0.0
0.5570219978922004 	 0.0
0.5580219978922004 	 0.0
0.5590219978922004 	 0.0
0.5600219978922004 	 0.0
0.5610219978922004 	 0.0
0.5620219978922004 	 0.0
0.5630219978922004 	 0.0
0.5640219978922004 	 0.0
0.5650219978922004 	 0.0
0.5660219978922004 	 0.0
0.5670219978922004 	 0.0
0.5680219978922004 	 0.0
0.5690219978922004 	 0.0
0.5700219978922004 	 0.0
0.5710219978922004 	 0.0
0.5720219978922004 	 0.0
0.5730219978922004 	 0.0
0.5740219978922004 	 0.0
0.5750219978922004 	 0.0
0.5760219978922004 	 0.0
0.5770219978922004 	 0.0
0.5780219978922004 	 0.0
0.5790219978922004 	 0.0
0.5800219978922004 	 0.0
0.5810219978922004 	 0.0
0.5820219978922004 	 0.0
0.5830219978922004 	 0.0
0.5840219978922004 	 0.0
0.5850219978922004 	 0.0
0.5860219978922004 	 0.0
0.5870219978922004 	 0.0
0.5880219978922004 	 0.0
0.5890219978922004 	 0.0
0.5900219978922004 	 0.0
0.5910219978922004 	 0.0
0.5920219978922004 	 0.0
0.5930219978922004 	 0.0
0.5940219978922004 	 0.0
0.5950219978922004 	 0.0
0.5960219978922005 	 0.0
0.5970219978922005 	 0.0
0.5980219978922005 	 0.0
0.5990219978922005 	 0.0
0.6000219978922005 	 0.0
0.6010219978922005 	 0.0
0.6020219978922005 	 0.0
0.6030219978922005 	 0.0
0.6040219978922005 	 0.0
0.6050219978922005 	 0.0
0.6060219978922005 	 0.0
0.6070219978922005 	 0.0
0.6080219978922005 	 0.0
0.6090219978922005 	 0.0
0.6100219978922005 	 0.0
0.6110219978922005 	 0.0
0.6120219978922005 	 0.0
0.6130219978922005 	 0.0
0.6140219978922005 	 0.0
0.6150219978922005 	 0.0
0.6160219978922005 	 0.0
0.6170219978922005 	 0.0
0.6180219978922005 	 0.0
0.6190219978922005 	 0.0
0.6200219978922005 	 0.0
0.6210219978922005 	 0.0
0.6220219978922005 	 0.0
0.6230219978922005 	 0.0
0.6240219978922005 	 0.0
0.6250219978922005 	 0.0
0.6260219978922005 	 0.0
0.6270219978922005 	 0.0
0.6280219978922005 	 0.0
0.6290219978922005 	 0.0
0.6300219978922005 	 0.0
0.6310219978922005 	 0.0
0.6320219978922005 	 0.0
0.6330219978922005 	 0.0
0.6340219978922005 	 0.0
0.6350219978922005 	 0.0
0.6360219978922005 	 0.0
0.6370219978922005 	 0.0
0.6380219978922005 	 0.0
0.6390219978922005 	 0.0
0.6400219978922005 	 0.0
0.6410219978922005 	 0.0
0.6420219978922005 	 0.0
0.6430219978922005 	 0.0
0.6440219978922005 	 0.0
0.6450219978922005 	 0.0
0.6460219978922005 	 0.0
0.6470219978922005 	 0.0
0.6480219978922005 	 0.0
0.6490219978922005 	 0.0
0.6500219978922005 	 0.0
0.6510219978922005 	 0.0
0.6520219978922005 	 0.0
0.6530219978922005 	 0.0
0.6540219978922005 	 0.0
0.6550219978922005 	 0.0
0.6560219978922005 	 0.0
0.6570219978922005 	 0.0
0.6580219978922005 	 0.0
0.6590219978922005 	 0.0
0.6600219978922005 	 0.0
0.6610219978922005 	 0.0
0.6620219978922005 	 0.0
0.6630219978922005 	 0.0
0.6640219978922005 	 0.0
0.6650219978922005 	 0.0
0.6660219978922005 	 0.0
0.6670219978922005 	 0.0
0.6680219978922005 	 0.0
0.6690219978922005 	 0.0
0.6700219978922005 	 0.0
0.6710219978922005 	 0.0
0.6720219978922005 	 0.0
0.6730219978922005 	 0.0
0.6740219978922005 	 0.0
0.6750219978922005 	 0.0
0.6760219978922005 	 0.0
0.6770219978922005 	 0.0
0.6780219978922005 	 0.0
0.6790219978922005 	 0.0
0.6800219978922005 	 0.0
0.6810219978922005 	 0.0
0.6820219978922005 	 0.0
0.6830219978922005 	 0.0
0.6840219978922005 	 0.0
0.6850219978922005 	 0.0
0.6860219978922005 	 0.0
0.6870219978922005 	 0.0
0.6880219978922005 	 0.0
0.6890219978922005 	 0.0
0.6900219978922005 	 0.0
0.6910219978922005 	 0.0
0.6920219978922005 	 0.0
0.6930219978922005 	 0.0
0.6940219978922005 	 0.0
0.6950219978922005 	 0.0
0.6960219978922005 	 0.0
0.6970219978922005 	 0.0
0.6980219978922005 	 0.0
0.6990219978922005 	 0.0
0.7000219978922005 	 0.0
0.7010219978922005 	 0.0
0.7020219978922005 	 0.0
0.7030219978922005 	 0.0
0.7040219978922005 	 0.0
0.7050219978922005 	 0.0
0.7060219978922005 	 0.0
0.7070219978922005 	 0.0
0.7080219978922005 	 0.0
0.7090219978922006 	 0.0
0.7100219978922006 	 0.0
0.7110219978922006 	 0.0
0.7120219978922006 	 0.0
0.7130219978922006 	 0.0
0.7140219978922006 	 0.0
0.7150219978922006 	 0.0
0.7160219978922006 	 0.0
0.7170219978922006 	 0.0
0.7180219978922006 	 0.0
0.7190219978922006 	 0.0
0.7200219978922006 	 0.0
0.7210219978922006 	 0.0
0.7220219978922006 	 0.0
0.7230219978922006 	 0.0
0.7240219978922006 	 0.0
0.7250219978922006 	 0.0
0.7260219978922006 	 0.0
0.7270219978922006 	 0.0
0.7280219978922006 	 0.0
0.7290219978922006 	 0.0
0.7300219978922006 	 0.0
0.7310219978922006 	 0.0
0.7320219978922006 	 0.0
0.7330219978922006 	 0.0
0.7340219978922006 	 0.0
0.7350219978922006 	 0.0
0.7360219978922006 	 0.0
0.7370219978922006 	 0.0
0.7380219978922006 	 0.0
0.7390219978922006 	 0.0
0.7400219978922006 	 0.0
0.7410219978922006 	 0.0
0.7420219978922006 	 0.0
0.7430219978922006 	 0.0
0.7440219978922006 	 0.0
0.7450219978922006 	 0.0
0.7460219978922006 	 0.0
0.7470219978922006 	 0.0
0.7480219978922006 	 0.0
0.7490219978922006 	 0.0
0.7500219978922006 	 0.0
0.7510219978922006 	 0.0
0.7520219978922006 	 0.0
0.7530219978922006 	 0.0
0.7540219978922006 	 0.0
0.7550219978922006 	 0.0
0.7560219978922006 	 0.0
0.7570219978922006 	 0.0
0.7580219978922006 	 0.0
0.7590219978922006 	 0.0
0.7600219978922006 	 0.0
0.7610219978922006 	 0.0
0.7620219978922006 	 0.0
0.7630219978922006 	 0.0
0.7640219978922006 	 0.0
0.7650219978922006 	 0.0
0.7660219978922006 	 0.0
0.7670219978922006 	 0.0
0.7680219978922006 	 0.0
0.7690219978922006 	 0.0
0.7700219978922006 	 0.0
0.7710219978922006 	 0.0
0.7720219978922006 	 0.0
0.7730219978922006 	 0.0
0.7740219978922006 	 0.0
0.7750219978922006 	 0.0
0.7760219978922006 	 0.0
0.7770219978922006 	 0.0
0.7780219978922006 	 0.0
0.7790219978922006 	 0.0
0.7800219978922006 	 0.0
0.7810219978922006 	 0.0
0.7820219978922006 	 0.0
0.7830219978922006 	 0.0
0.7840219978922006 	 0.0
0.7850219978922006 	 0.0
0.7860219978922006 	 0.0
0.7870219978922006 	 0.0
0.7880219978922006 	 0.0
0.7890219978922006 	 0.0
0.7900219978922006 	 0.0
0.7910219978922006 	 0.0
0.7920219978922006 	 0.0
0.7930219978922006 	 0.0
0.7940219978922006 	 0.0
0.7950219978922006 	 0.0
0.7960219978922006 	 0.0
0.7970219978922006 	 0.0
0.7980219978922006 	 0.0
0.7990219978922006 	 0.0
0.8000219978922006 	 0.0
0.8010219978922006 	 0.0
0.8020219978922006 	 0.0
0.8030219978922006 	 0.0
0.8040219978922006 	 0.0
0.8050219978922006 	 0.0
0.8060219978922006 	 0.0
0.8070219978922006 	 0.0
0.8080219978922006 	 0.0
0.8090219978922006 	 0.0
0.8100219978922006 	 0.0
0.8110219978922006 	 0.0
0.8120219978922006 	 0.0
0.8130219978922006 	 0.0
0.8140219978922006 	 0.0
0.8150219978922006 	 0.0
0.8160219978922006 	 0.0
0.8170219978922006 	 0.0
0.8180219978922006 	 0.0
0.8190219978922006 	 0.0
0.8200219978922006 	 0.0
0.8210219978922007 	 0.0
0.8220219978922007 	 0.0
0.8230219978922007 	 0.0
0.8240219978922007 	 0.0
0.8250219978922007 	 0.0
0.8260219978922007 	 0.0
0.8270219978922007 	 0.0
0.8280219978922007 	 0.0
0.8290219978922007 	 0.0
0.8300219978922007 	 0.0
0.8310219978922007 	 0.0
0.8320219978922007 	 0.0
0.8330219978922007 	 0.0
0.8340219978922007 	 0.0
0.8350219978922007 	 0.0
0.8360219978922007 	 0.0
0.8370219978922007 	 0.0
0.8380219978922007 	 0.0
0.8390219978922007 	 0.0
0.8400219978922007 	 0.0
0.8410219978922007 	 0.0
0.8420219978922007 	 0.0
0.8430219978922007 	 0.0
0.8440219978922007 	 0.0
0.8450219978922007 	 0.0
0.8460219978922007 	 0.0
0.8470219978922007 	 0.0
0.8480219978922007 	 0.0
0.8490219978922007 	 0.0
0.8500219978922007 	 0.0
0.8510219978922007 	 0.0
0.8520219978922007 	 0.0
0.8530219978922007 	 0.0
0.8540219978922007 	 0.0
0.8550219978922007 	 0.0
0.8560219978922007 	 0.0
0.8570219978922007 	 0.0
0.8580219978922007 	 0.0
0.8590219978922007 	 0.0
0.8600219978922007 	 0.0
0.8610219978922007 	 0.0
0.8620219978922007 	 0.0
0.8630219978922007 	 0.0
0.8640219978922007 	 0.0
0.8650219978922007 	 0.0
0.8660219978922007 	 0.0
0.8670219978922007 	 0.0
0.8680219978922007 	 0.0
0.8690219978922007 	 0.0
0.8700219978922007 	 0.0
0.8710219978922007 	 0.0
0.8720219978922007 	 0.0
0.8730219978922007 	 0.0
0.8740219978922007 	 0.0
0.8750219978922007 	 0.0
0.8760219978922007 	 0.0
0.8770219978922007 	 0.0
0.8780219978922007 	 0.0
0.8790219978922007 	 0.0
0.8800219978922007 	 0.0
0.8810219978922007 	 0.0
0.8820219978922007 	 0.0
0.8830219978922007 	 0.0
0.8840219978922007 	 0.0
0.8850219978922007 	 0.0
0.8860219978922007 	 0.0
0.8870219978922007 	 0.0
0.8880219978922007 	 0.0
0.8890219978922007 	 0.0
0.8900219978922007 	 0.0
0.8910219978922007 	 0.0
0.8920219978922007 	 0.0
0.8930219978922007 	 0.0
0.8940219978922007 	 0.0
0.8950219978922007 	 0.0
0.8960219978922007 	 0.0
0.8970219978922007 	 0.0
0.8980219978922007 	 0.0
0.8990219978922007 	 0.0
0.9000219978922007 	 0.0
0.9010219978922007 	 0.0
0.9020219978922007 	 0.0
0.9030219978922007 	 0.0
0.9040219978922007 	 0.0
0.9050219978922007 	 0.0
0.9060219978922007 	 0.0
0.9070219978922007 	 0.0
0.9080219978922007 	 0.0
0.9090219978922007 	 0.0
0.9100219978922007 	 0.0
0.9110219978922007 	 0.0
0.9120219978922007 	 0.0
0.9130219978922007 	 0.0
0.9140219978922007 	 0.0
0.9150219978922007 	 0.0
0.9160219978922007 	 0.0
0.9170219978922007 	 0.0
0.9180219978922007 	 0.0
0.9190219978922007 	 0.0
0.9200219978922007 	 0.0
0.9210219978922007 	 0.0
0.9220219978922007 	 0.0
0.9230219978922007 	 0.0
0.9240219978922007 	 0.0
0.9250219978922007 	 0.0
0.9260219978922007 	 0.0
0.9270219978922007 	 0.0
0.9280219978922007 	 0.0
0.9290219978922007 	 0.0
0.9300219978922007 	 0.0
0.9310219978922007 	 0.0
0.9320219978922007 	 0.0
0.9330219978922007 	 0.0
0.9340219978922008 	 0.0
0.9350219978922008 	 0.0
0.9360219978922008 	 0.0
0.9370219978922008 	 0.0
0.9380219978922008 	 0.0
0.9390219978922008 	 0.0
0.9400219978922008 	 0.0
0.9410219978922008 	 0.0
0.9420219978922008 	 0.0
0.9430219978922008 	 0.0
0.9440219978922008 	 0.0
0.9450219978922008 	 0.0
0.9460219978922008 	 0.0
0.9470219978922008 	 0.0
0.9480219978922008 	 0.0
0.9490219978922008 	 0.0
0.9500219978922008 	 0.0
0.9510219978922008 	 0.0
0.9520219978922008 	 0.0
0.9530219978922008 	 0.0
0.9540219978922008 	 0.0
0.9550219978922008 	 0.0
0.9560219978922008 	 0.0
0.9570219978922008 	 0.0
0.9580219978922008 	 0.0
0.9590219978922008 	 0.0
0.9600219978922008 	 0.0
0.9610219978922008 	 0.0
0.9620219978922008 	 0.0
0.9630219978922008 	 0.0
0.9640219978922008 	 0.0
0.9650219978922008 	 0.0
0.9660219978922008 	 0.0
0.9670219978922008 	 0.0
0.9680219978922008 	 0.0
0.9690219978922008 	 0.0
0.9700219978922008 	 0.0
0.9710219978922008 	 0.0
0.9720219978922008 	 0.0
0.9730219978922008 	 0.0
0.9740219978922008 	 0.0
0.9750219978922008 	 0.0
0.9760219978922008 	 0.0
0.9770219978922008 	 0.0
0.9780219978922008 	 0.0
0.9790219978922008 	 0.0
0.9800219978922008 	 0.0
0.9810219978922008 	 0.0
0.9820219978922008 	 0.0
0.9830219978922008 	 0.0
0.9840219978922008 	 0.0
0.9850219978922008 	 0.0
0.9860219978922008 	 0.0
0.9870219978922008 	 0.0
0.9880219978922008 	 0.0
0.9890219978922008 	 0.0
0.9900219978922008 	 0.0
0.9910219978922008 	 0.0
0.9920219978922008 	 0.0
0.9930219978922008 	 0.0
0.9940219978922008 	 0.0
0.9950219978922008 	 0.0
0.9960219978922008 	 0.0
0.9970219978922008 	 0.0
0.9980219978922008 	 0.0
0.9990219978922008 	 0.0
1.0000219978922007 	 0.0
1.0010219978922006 	 0.0
1.0020219978922005 	 0.0
1.0030219978922004 	 0.0
1.0040219978922003 	 0.0
1.0050219978922001 	 0.0
1.0060219978922 	 0.0
1.0070219978922 	 0.0
1.0080219978921998 	 0.0
1.0090219978921997 	 0.0
1.0100219978921996 	 0.0
1.0110219978921995 	 0.0
1.0120219978921994 	 0.0
1.0130219978921993 	 0.0
1.0140219978921992 	 0.0
1.015021997892199 	 0.0
1.016021997892199 	 0.0
1.0170219978921988 	 0.0
1.0180219978921987 	 0.0
1.0190219978921986 	 0.0
1.0200219978921985 	 0.0
1.0210219978921984 	 0.0
1.0220219978921983 	 0.0
1.0230219978921982 	 0.0
1.024021997892198 	 0.0
1.025021997892198 	 0.0
1.0260219978921978 	 0.0
1.0270219978921977 	 0.0
1.0280219978921976 	 0.0
1.0290219978921975 	 0.0
1.0300219978921974 	 0.0
1.0310219978921973 	 0.0
1.0320219978921972 	 0.0
1.033021997892197 	 0.0
1.034021997892197 	 0.0
1.0350219978921968 	 0.0
1.0360219978921967 	 0.0
1.0370219978921966 	 0.0
1.0380219978921965 	 0.0
1.0390219978921964 	 0.0
1.0400219978921963 	 0.0
1.0410219978921962 	 0.0
1.042021997892196 	 0.0
1.043021997892196 	 0.0
1.0440219978921959 	 0.0
1.0450219978921957 	 0.0
1.0460219978921956 	 0.0
1.0470219978921955 	 0.0
1.0480219978921954 	 0.0
1.0490219978921953 	 0.0
1.0500219978921952 	 0.0
1.051021997892195 	 0.0
1.052021997892195 	 0.0
1.0530219978921949 	 0.0
1.0540219978921948 	 0.0
1.0550219978921946 	 0.0
1.0560219978921945 	 0.0
1.0570219978921944 	 0.0
1.0580219978921943 	 0.0
1.0590219978921942 	 0.0
1.060021997892194 	 0.0
1.061021997892194 	 0.0
1.0620219978921939 	 0.0
1.0630219978921938 	 0.0
1.0640219978921936 	 0.0
1.0650219978921935 	 0.0
1.0660219978921934 	 0.0
1.0670219978921933 	 0.0
1.0680219978921932 	 0.0
1.069021997892193 	 0.0
1.070021997892193 	 0.0
1.0710219978921929 	 0.0
1.0720219978921928 	 0.0
1.0730219978921927 	 0.0
1.0740219978921925 	 0.0
1.0750219978921924 	 0.0
1.0760219978921923 	 0.0
1.0770219978921922 	 0.0
1.078021997892192 	 0.0
1.079021997892192 	 0.0
1.0800219978921919 	 0.0
1.0810219978921918 	 0.0
1.0820219978921917 	 0.0
1.0830219978921916 	 0.0
1.0840219978921914 	 0.0
1.0850219978921913 	 0.0
1.0860219978921912 	 0.0
1.0870219978921911 	 0.0
1.088021997892191 	 0.0
1.089021997892191 	 0.0
1.0900219978921908 	 0.0
1.0910219978921907 	 0.0
1.0920219978921906 	 0.0
1.0930219978921905 	 0.0
1.0940219978921903 	 0.0
1.0950219978921902 	 0.0
1.0960219978921901 	 0.0
1.09702199789219 	 0.0
1.09802199789219 	 0.0
1.0990219978921898 	 0.0
1.1000219978921897 	 0.0
1.1010219978921896 	 0.0
1.1020219978921895 	 0.0
1.1030219978921894 	 0.0
1.1040219978921892 	 0.0
1.1050219978921891 	 0.0
1.106021997892189 	 0.0
1.107021997892189 	 0.0
1.1080219978921888 	 0.0
1.1090219978921887 	 0.0
1.1100219978921886 	 0.0
1.1110219978921885 	 0.0
1.1120219978921884 	 0.0
1.1130219978921883 	 0.0
1.1140219978921881 	 0.0
1.115021997892188 	 0.0
1.116021997892188 	 0.0
1.1170219978921878 	 0.0
1.1180219978921877 	 0.0
1.1190219978921876 	 0.0
1.1200219978921875 	 0.0
1.1210219978921874 	 0.0
1.1220219978921873 	 0.0
1.1230219978921872 	 0.0
1.124021997892187 	 0.0
1.125021997892187 	 0.0
1.1260219978921868 	 0.0
1.1270219978921867 	 0.0
1.1280219978921866 	 0.0
1.1290219978921865 	 0.0
1.1300219978921864 	 0.0
1.1310219978921863 	 0.0
1.1320219978921862 	 0.0
1.133021997892186 	 0.0
1.134021997892186 	 0.0
1.1350219978921858 	 3.06333221902851e-07
1.1360219978921857 	 2.9264853931960116e-07
1.1370219978921856 	 2.7940312390369794e-07
1.1380219978921855 	 2.6658870506811063e-07
1.1390219978921854 	 2.5419701115841533e-07
1.1400219978921853 	 2.422197709133167e-07
1.1410219978921852 	 2.306487147451284e-07
1.142021997892185 	 2.194755754552303e-07
1.143021997892185 	 2.0869208784776298e-07
1.1440219978921848 	 1.982899922193472e-07
1.1450219978921847 	 1.8826103602242392e-07
1.1460219978921846 	 1.7859697491582365e-07
1.1470219978921845 	 1.69289573679205e-07
1.1480219978921844 	 1.6033060719112836e-07
1.1490219978921843 	 1.517118612860607e-07
1.1500219978921842 	 1.4342513357808004e-07
1.151021997892184 	 1.354622343122854e-07
1.152021997892184 	 1.2781498684450623e-07
1.1530219978921838 	 1.2047522783522234e-07
1.1540219978921837 	 1.1343480881259457e-07
1.1550219978921836 	 1.0668559707596683e-07
1.1560219978921835 	 1.0021947629159191e-07
1.1570219978921834 	 9.40283470786935e-08
1.1580219978921833 	 8.810412758466903e-08
1.1590219978921832 	 8.24387539927948e-08
1.160021997892183 	 7.702418106280855e-08
1.161021997892183 	 7.185238259467471e-08
1.1620219978921829 	 6.691535182644716e-08
1.1630219978921827 	 6.22051016970061e-08
1.1640219978921826 	 5.771366556824945e-08
1.1650219978921825 	 5.343309771572011e-08
1.1660219978921824 	 4.935547368572502e-08
1.1670219978921823 	 4.547289067024935e-08
1.1680219978921822 	 4.1777467840881924e-08
1.169021997892182 	 3.826134667041442e-08
1.170021997892182 	 3.4916691257576074e-08
1.1710219978921819 	 3.173568861303347e-08
1.1720219978921818 	 2.8710548929396968e-08
1.1730219978921816 	 2.583350580462336e-08
1.1740219978921815 	 2.309681659207613e-08
1.1750219978921814 	 2.049276266172489e-08
1.1760219978921813 	 1.801364962653908e-08
1.1770219978921812 	 1.565180756730979e-08
1.178021997892181 	 1.3399591235076984e-08
1.179021997892181 	 1.1249380252494345e-08
1.1800219978921809 	 9.193579301880098e-09
1.1810219978921808 	 7.224618302930147e-09
1.1820219978921807 	 5.334952583065018e-09
1.1830219978921805 	 3.517063037256844e-09
1.1840219978921804 	 1.7634562880867844e-09
1.1850219978921803 	 6.666487238960902e-11
1.1860219978921802 	 1.5807526682687243e-09
1.18702199789218 	 3.1862116342343544e-09
1.18802199789218 	 4.7571010781585565e-09
1.1890219978921799 	 6.300783666620362e-09
1.1900219978921798 	 7.824595571962876e-09
1.1910219978921797 	 9.335846369277437e-09
1.1920219978921796 	 1.0841818940564941e-08
1.1930219978921794 	 1.2349769381137748e-08
1.1940219978921793 	 1.3866926914352855e-08
1.1950219978921792 	 1.540049381665626e-08
1.1960219978921791 	 1.695764534281688e-08
1.197021997892179 	 1.8545529656629392e-08
1.198021997892179 	 2.0171267770427514e-08
1.1990219978921788 	 2.1841953484345605e-08
1.2000219978921787 	 2.356465333635343e-08
1.2010219978921786 	 2.534640655102921e-08
1.2020219978921785 	 2.71942250002686e-08
1.2030219978921783 	 2.9115093183976972e-08
1.2040219978921782 	 3.111596818365022e-08
1.2050219978921781 	 3.320377962316471e-08
1.206021997892178 	 3.538542965192268e-08
1.207021997892178 	 3.766779291315708e-08
1.2080219978921778 	 4.005771653395295e-08
1.2090219978921777 	 4.2562020105838203e-08
1.2100219978921776 	 4.518749567364706e-08
1.2110219978921775 	 4.794090773392072e-08
1.2120219978921773 	 5.082899325315374e-08
1.2130219978921772 	 5.385846173551819e-08
1.2140219978921771 	 5.70359951923436e-08
1.215021997892177 	 6.036824812764424e-08
1.216021997892177 	 6.386184754834076e-08
1.2170219978921768 	 6.75233929912534e-08
1.2180219978921767 	 7.135945653477357e-08
1.2190219978921766 	 7.537658283352017e-08
1.2200219978921765 	 7.958128914583163e-08
1.2210219978921764 	 8.398036141082396e-08
1.2220219978921762 	 8.858166472795269e-08
1.2230219978921761 	 9.339329063950871e-08
1.224021997892176 	 9.84232970583557e-08
1.225021997892176 	 1.0367970828076749e-07
1.2260219978921758 	 1.091707813698465e-07
1.2270219978921757 	 1.1490573516586713e-07
1.2280219978921756 	 1.2089398306060938e-07
1.2290219978921755 	 1.2714489919642892e-07
1.2300219978921754 	 1.3366781853062978e-07
1.2310219978921753 	 1.404723688511145e-07
1.2320219978921751 	 1.4756937944486082e-07
1.233021997892175 	 1.5496992541581709e-07
1.234021997892175 	 1.626850359794127e-07
1.2350219978921748 	 1.7072569446816426e-07
1.2360219978921747 	 1.791032205740789e-07
1.2370219978921746 	 1.8783031635309684e-07
1.2380219978921745 	 1.9691996541629949e-07
1.2390219978921744 	 2.0638509754209033e-07
1.2400219978921743 	 2.16238588841014e-07
1.2410219978921742 	 2.2649371031654764e-07
1.242021997892174 	 2.3716535562526152e-07
1.243021997892174 	 2.4826875033348037e-07
1.2440219978921738 	 2.5981905766830606e-07
1.2450219978921737 	 2.7183137851171144e-07
1.2460219978921736 	 2.843212763669209e-07
1.2470219978921735 	 2.9730621376576663e-07
1.2480219978921734 	 3.108040407241118e-07
1.2490219978921733 	 3.2483253428794627e-07
1.2500219978921732 	 3.394093988576581e-07
1.251021997892173 	 3.5455288207928676e-07
1.252021997892173 	 3.702834605915315e-07
1.2530219978921728 	 3.866220686663901e-07
1.2540219978921727 	 4.035895567205187e-07
1.2550219978921726 	 4.2120669125007437e-07
1.2560219978921725 	 4.3949487864009977e-07
1.2570219978921724 	 4.584781453144552e-07
1.2580219978921723 	 4.781810542665994e-07
1.2590219978921722 	 4.986280704967667e-07
1.260021997892172 	 5.198435616183377e-07
1.261021997892172 	 5.418526501411246e-07
1.2620219978921718 	 5.646835462016254e-07
1.2630219978921717 	 5.88365097661678e-07
1.2640219978921716 	 6.129260405240001e-07
1.2650219978921715 	 6.383949989298624e-07
1.2660219978921714 	 6.648014911730608e-07
1.2670219978921713 	 6.921786816890979e-07
1.2680219978921712 	 7.205604860071829e-07
1.269021997892171 	 7.499806891733585e-07
1.270021997892171 	 7.804729468444563e-07
1.2710219978921709 	 8.120719757329322e-07
1.2720219978921707 	 8.448168117342532e-07
1.2730219978921706 	 8.787473897004311e-07
1.2740219978921705 	 9.139034964384711e-07
1.2750219978921704 	 9.503247708424431e-07
1.2760219978921703 	 9.880521167925955e-07
1.2770219978921702 	 1.0271315677529076e-06
1.27802199789217 	 1.06761022221413e-06
1.27902199789217 	 1.1095350062270686e-06
1.2800219978921699 	 1.1529526753184033e-06
1.2810219978921698 	 1.1979114966307854e-06
1.2820219978921696 	 1.2444658523242911e-06
1.2830219978921695 	 1.2926714080504787e-06
1.2840219978921694 	 1.3425836347397422e-06
1.2850219978921693 	 1.3942578089719152e-06
1.2860219978921692 	 1.4477510230450683e-06
1.287021997892169 	 1.5031276822588925e-06
1.288021997892169 	 1.5604537247799204e-06
1.2890219978921689 	 1.6197948621744913e-06
1.2900219978921688 	 1.6812165819066152e-06
1.2910219978921686 	 1.744786556583926e-06
1.2920219978921685 	 1.8105812454507083e-06
1.2930219978921684 	 1.8786789678528272e-06
1.2940219978921683 	 1.9491577866044655e-06
1.2950219978921682 	 2.0220955101398673e-06
1.296021997892168 	 2.0975725972646267e-06
1.297021997892168 	 2.175680101136727e-06
1.2980219978921679 	 2.2565113190756324e-06
1.2990219978921678 	 2.34015925003182e-06
1.3000219978921677 	 2.4267165926152932e-06
1.3010219978921675 	 2.5162792757481726e-06
1.3020219978921674 	 2.608956071912441e-06
1.3030219978921673 	 2.704858492333701e-06
1.3040219978921672 	 2.8040977081837533e-06
1.305021997892167 	 2.9067845564299486e-06
1.306021997892167 	 3.013033818815154e-06
1.3070219978921669 	 3.1229759240875323e-06
1.3080219978921668 	 3.2367446511452456e-06
1.3090219978921667 	 3.354473386562368e-06
1.3100219978921666 	 3.476295133163567e-06
1.3110219978921664 	 3.602347747441922e-06
1.3120219978921663 	 3.7327882589668e-06
1.3130219978921662 	 3.867777808000368e-06
1.3140219978921661 	 4.007477075695885e-06
1.315021997892166 	 4.1520462981192566e-06
1.316021997892166 	 4.3016517174021695e-06
1.3170219978921658 	 4.456483226216888e-06
1.3180219978921657 	 4.616735831980068e-06
1.3190219978921656 	 4.782604015271509e-06
1.3200219978921655 	 4.9542817429486195e-06
1.3210219978921653 	 5.131970470260981e-06
1.3220219978921652 	 5.315901010212143e-06
1.3230219978921651 	 5.5063104891457815e-06
1.324021997892165 	 5.703435392638225e-06
1.325021997892165 	 5.907511595565341e-06
1.3260219978921648 	 6.11878436198997e-06
1.3270219978921647 	 6.337535701028218e-06
1.3280219978921646 	 6.564055635296972e-06
1.3290219978921645 	 6.798633455642239e-06
1.3300219978921644 	 7.041557738181739e-06
1.3310219978921642 	 7.293125875622043e-06
1.3320219978921641 	 7.553677429758675e-06
1.333021997892164 	 7.823572250155662e-06
1.334021997892164 	 8.103166646279297e-06
1.3350219978921638 	 8.392815475917447e-06
1.3360219978921637 	 8.692888499123178e-06
1.3370219978921636 	 9.003814280232338e-06
1.3380219978921635 	 9.326034220028629e-06
1.3390219978921634 	 9.659988563483814e-06
1.3400219978921633 	 1.0006116432172804e-05
1.3410219978921631 	 1.0364876345193992e-05
1.342021997892163 	 1.073680227660871e-05
1.343021997892163 	 1.1122444416069713e-05
1.3440219978921628 	 1.152235142980139e-05
1.3450219978921627 	 1.1937070558117433e-05
1.3460219978921626 	 1.2367174117521356e-05
1.3470219978921625 	 1.2813332050677494e-05
1.3480219978921624 	 1.327623573215675e-05
1.3490219978921623 	 1.375657475073109e-05
1.3500219978921622 	 1.4255036934524532e-05
1.351021997892162 	 1.4772342814719232e-05
1.352021997892162 	 1.530933982321512e-05
1.3530219978921618 	 1.5866902729754017e-05
1.3540219978921617 	 1.6445903818885263e-05
1.3550219978921616 	 1.7047213037163697e-05
1.3560219978921615 	 1.7671742904040142e-05
1.3570219978921614 	 1.8320571502354752e-05
1.3580219978921613 	 1.8994813306428384e-05
1.3590219978921612 	 1.969557980325265e-05
1.360021997892161 	 2.0423979513723682e-05
1.361021997892161 	 2.1181176183427188e-05
1.3620219978921608 	 2.1968547919767636e-05
1.3630219978921607 	 2.278751914255801e-05
1.3640219978921606 	 2.3639510095507556e-05
1.3650219978921605 	 2.452593704068949e-05
1.3660219978921604 	 2.5448285929486753e-05
1.3670219978921603 	 2.6408314206021795e-05
1.3680219978921602 	 2.7407838857761032e-05
1.36902199789216 	 2.8448671779551077e-05
1.37002199789216 	 2.953261978467357e-05
1.3710219978921598 	 3.066157280140984e-05
1.3720219978921597 	 3.183774519472989e-05
1.3730219978921596 	 3.306342123754218e-05
1.3740219978921595 	 3.4340878365667005e-05
1.3750219978921594 	 3.5672387392984567e-05
1.3760219978921593 	 3.70603057736764e-05
1.3770219978921592 	 3.850733310080719e-05
1.378021997892159 	 4.001624276561229e-05
1.379021997892159 	 4.1589800113086914e-05
1.3800219978921588 	 4.323076244909674e-05
1.3810219978921587 	 4.494195371454337e-05
1.3820219978921586 	 4.672646882320171e-05
1.3830219978921585 	 4.858745817790896e-05
1.3840219978921584 	 5.05280626856958e-05
1.3850219978921583 	 5.255141390740762e-05
1.3860219978921582 	 5.466065787473159e-05
1.387021997892158 	 5.6859020169878e-05
1.388021997892158 	 5.914973756459426e-05
1.3890219978921579 	 6.153603716843195e-05
1.3900219978921577 	 6.402113642889134e-05
1.3910219978921576 	 6.66082039006608e-05
1.3920219978921575 	 6.930025176535825e-05
1.3930219978921574 	 7.210024862840747e-05
1.3940219978921573 	 7.501115392376924e-05
1.3950219978921572 	 7.803591785006675e-05
1.396021997892157 	 8.117740787193437e-05
1.397021997892157 	 8.44382075304603e-05
1.3980219978921569 	 8.782082742891797e-05
1.3990219978921568 	 9.132776939615952e-05
1.4000219978921566 	 9.4961526179224e-05
1.4010219978921565 	 9.872451822334271e-05
1.4020219978921564 	 0.00010261892149743866
1.4030219978921563 	 0.00010664684903614266
1.4040219978921562 	 0.00011081040449504775
1.405021997892156 	 0.00011511168112584937
1.406021997892156 	 0.00011955272372962249
1.4070219978921559 	 0.00012413542571367185
1.4080219978921558 	 0.0001288616353620538
1.4090219978921557 	 0.00013373318750574718
1.4100219978921555 	 0.00013875190242260412
1.4110219978921554 	 0.0001439195910413496
1.4120219978921553 	 0.00014923807231891992
1.4130219978921552 	 0.0001547091567293911
1.414021997892155 	 0.00016033463702926355
1.415021997892155 	 0.0001661162862417364
1.4160219978921549 	 0.000172055867774501
1.4170219978921548 	 0.00017815516514099562
1.4180219978921547 	 0.00018441594860333957
1.4190219978921546 	 0.0001908399643863202
1.4200219978921544 	 0.00019742893385404645
1.4210219978921543 	 0.00020418457053748005
1.4220219978921542 	 0.00021110862987913426
1.4230219978921541 	 0.0002182028628386519
1.424021997892154 	 0.000225468995708706
1.425021997892154 	 0.00023290872847429414
1.4260219978921538 	 0.0002405238037450892
1.4270219978921537 	 0.0002483161958421565
1.4280219978921536 	 0.000256287912003695
1.4290219978921535 	 0.0002644409318314071
1.4300219978921533 	 0.000272777207410702
1.4310219978921532 	 0.0002812986841819402
1.4320219978921531 	 0.0002900073602310475
1.433021997892153 	 0.0002989052334012908
1.434021997892153 	 0.0003079942779780437
1.4350219978921528 	 0.00031727644273991923
1.4360219978921527 	 0.0003267537113524916
1.4370219978921526 	 0.0003364282671231681
1.4380219978921525 	 0.0003463023199693608
1.4390219978921523 	 0.00035637805370005257
1.4400219978921522 	 0.0003666576260509756
1.4410219978921521 	 0.00037714321924495377
1.442021997892152 	 0.0003878371809680329
1.443021997892152 	 0.0003987418863273642
1.4440219978921518 	 0.00040985968672721746
1.4450219978921517 	 0.0004211929075603615
1.4460219978921516 	 0.0004327439055060444
1.4470219978921515 	 0.00044451522554866176
1.4480219978921514 	 0.000456509435143203
1.4490219978921512 	 0.0004687290734828368
1.4500219978921511 	 0.0004811766511815117
1.451021997892151 	 0.0004938547095341586
1.452021997892151 	 0.0005067659858104059
1.4530219978921508 	 0.0005199132488164434
1.4540219978921507 	 0.0005332992395294887
1.4550219978921506 	 0.0005469266685614735
1.4560219978921505 	 0.0005607982787294815
1.4570219978921504 	 0.0005749170168618554
1.4580219978921503 	 0.0005892858519009715
1.4590219978921501 	 0.0006039077192044801
1.46002199789215 	 0.0006187855201562769
1.46102199789215 	 0.0006339221872501134
1.4620219978921498 	 0.0006493208652396549
1.4630219978921497 	 0.0006649847288032498
1.4640219978921496 	 0.0006809169184392514
1.4650219978921495 	 0.0006971205380960383
1.4660219978921494 	 0.0007135987233026417
1.4670219978921493 	 0.0007303548280973117
1.4680219978921492 	 0.0007473922269615357
1.469021997892149 	 0.0007647142542286557
1.470021997892149 	 0.0007823242037058768
1.4710219978921488 	 0.0008002253955358698
1.4720219978921487 	 0.0008184213617940973
1.4730219978921486 	 0.000836915658291638
1.4740219978921485 	 0.0008557117996254909
1.4750219978921484 	 0.0008748132570565952
1.4760219978921483 	 0.0008942235392289401
1.4770219978921482 	 0.0009139464133662565
1.478021997892148 	 0.0009339856709100378
1.479021997892148 	 0.0009543450562747858
1.4800219978921478 	 0.0009750282651721831
1.4810219978921477 	 0.0009960389797304288
1.4820219978921476 	 0.0010173809603220827
1.4830219978921475 	 0.0010390579549043218
1.4840219978921474 	 0.0010610736639656876
1.4850219978921473 	 0.0010834317385250314
1.4860219978921472 	 0.0011061359394308778
1.487021997892147 	 0.0011291905731512849
1.488021997892147 	 0.0011526000305914126
1.4890219978921468 	 0.0011763686465066164
1.4900219978921467 	 0.0012005006991943601
1.4910219978921466 	 0.001225000357513228
1.4920219978921465 	 0.0012498715390345122
1.4930219978921464 	 0.001275118068958157
1.4940219978921463 	 0.0013007437198102297
1.4950219978921462 	 0.001326752209189474
1.496021997892146 	 0.0013531473491215978
1.497021997892146 	 0.001379933454413856
1.4980219978921459 	 0.0014071149102877299
1.4990219978921457 	 0.0014346960406607936
1.5000219978921456 	 0.0014626811079280972
1.5010219978921455 	 0.001491074328516357
1.5020219978921454 	 0.0015198799192751784
1.5030219978921453 	 0.0015491020619651668
1.5040219978921452 	 0.0015787448795051195
1.505021997892145 	 0.0016088124341635042
1.506021997892145 	 0.0016393087768822039
1.5070219978921449 	 0.0016702380889191586
1.5080219978921447 	 0.00170160453271183
1.5090219978921446 	 0.0017334122065252454
1.5100219978921445 	 0.001765665144388537
1.5110219978921444 	 0.0017983673363876765
1.5120219978921443 	 0.001831522789987454
1.5130219978921442 	 0.001865135487448429
1.514021997892144 	 0.0018992093527482959
1.515021997892144 	 0.0019337482467700479
1.5160219978921439 	 0.0019687559711651912
1.5170219978921438 	 0.0020042362788392394
1.5180219978921436 	 0.0020401928629834075
1.5190219978921435 	 0.0020766293538068297
1.5200219978921434 	 0.002113549318643992
1.5210219978921433 	 0.0021509562328522643
1.5220219978921432 	 0.002188853412912431
1.523021997892143 	 0.002227244130487187
1.524021997892143 	 0.0022661316076531286
1.5250219978921429 	 0.0023055190080091474
1.5260219978921428 	 0.0023454091704499117
1.5270219978921427 	 0.002385804700267234
1.5280219978921425 	 0.002426708217995915
1.5290219978921424 	 0.0024681222895872484
1.5300219978921423 	 0.0025100494203073925
1.5310219978921422 	 0.002552491957193289
1.532021997892142 	 0.0025954518116771117
1.533021997892142 	 0.002638930805931095
1.5340219978921419 	 0.0026829307315211254
1.5350219978921418 	 0.002727453338005076
1.5360219978921417 	 0.002772500174675514
1.5370219978921416 	 0.0028180721557866245
1.5380219978921414 	 0.002864170023811453
1.5390219978921413 	 0.002910794490562898
1.5400219978921412 	 0.002957946238288055
1.5410219978921411 	 0.0030056256967247474
1.542021997892141 	 0.003053832452256904
1.543021997892141 	 0.0031025659528463
1.5440219978921408 	 0.0031518256556210275
1.5450219978921407 	 0.003201611012320916
1.5460219978921406 	 0.0032519211769082585
1.5470219978921405 	 0.0033027542051889116
1.5480219978921403 	 0.003354107909357185
1.5490219978921402 	 0.0034059801192833144
1.5500219978921401 	 0.0034583686849951082
1.55102199789214 	 0.0035112710988510244
1.55202199789214 	 0.0035646834845964245
1.5530219978921398 	 0.0036186017711428964
1.5540219978921397 	 0.003673021967314638
1.5550219978921396 	 0.0037279401447470593
1.5560219978921395 	 0.0037833519758191094
1.5570219978921394 	 0.0038392514657130633
1.5580219978921392 	 0.0038956323098589206
1.5590219978921391 	 0.003952488309004232
1.560021997892139 	 0.004009813374923182
1.561021997892139 	 0.004067600972756967
1.5620219978921388 	 0.004125842618143431
1.5630219978921387 	 0.004184529585497455
1.5640219978921386 	 0.004243653341254561
1.5650219978921385 	 0.0043032055272590845
1.5660219978921384 	 0.004363177308404108
1.5670219978921383 	 0.004423557582710833
1.5680219978921381 	 0.004484324030991203
1.569021997892138 	 0.004545455758257824
1.570021997892138 	 0.004606949078540924
1.5710219978921378 	 0.004668794031361575
1.5720219978921377 	 0.004730977077322995
1.5730219978921376 	 0.0047934838863232165
1.5740219978921375 	 0.004856300090118708
1.5750219978921374 	 0.0049194112809820886
1.5760219978921373 	 0.004982802142730968
1.5770219978921372 	 0.005046454114883173
1.578021997892137 	 0.00511034762334349
1.579021997892137 	 0.005174462602466185
1.5800219978921368 	 0.0052387782324353135
1.5810219978921367 	 0.005303271741678076
1.5820219978921366 	 0.005367915642657636
1.5830219978921365 	 0.00543267982540239
1.5840219978921364 	 0.005497531861869204
1.5850219978921363 	 0.005562436573369563
1.5860219978921362 	 0.005627354828321576
1.587021997892136 	 0.005692241040060697
1.588021997892136 	 0.005757046056838074
1.5890219978921358 	 0.005821718787757685
1.5900219978921357 	 0.005886207672438486
1.5910219978921356 	 0.005950461918454225
1.5920219978921355 	 0.006014431665014817
1.5930219978921354 	 0.006078073019412595
1.5940219978921353 	 0.006141351085933411
1.5950219978921352 	 0.006204241217265136
1.596021997892135 	 0.006266728122735732
1.597021997892135 	 0.006328802251115981
1.5980219978921348 	 0.006390459524641644
1.5990219978921347 	 0.006451698960198604
1.6000219978921346 	 0.00651251969189237
1.6010219978921345 	 0.006572917917020902
1.6020219978921344 	 0.006632883488492573
1.6030219978921343 	 0.006692400837774421
1.6040219978921342 	 0.006751449734811194
1.605021997892134 	 0.006810005816045861
1.606021997892134 	 0.0068680408725918084
1.6070219978921338 	 0.006925522449586416
1.6080219978921337 	 0.00698241594335551
1.6090219978921336 	 0.007038685701156261
1.6100219978921335 	 0.007094295585447773
1.6110219978921334 	 0.007149209230155787
1.6120219978921333 	 0.007203389713161689
1.6130219978921332 	 0.007256800024238968
1.614021997892133 	 0.007309403758104917
1.615021997892133 	 0.007361165332351859
1.6160219978921329 	 0.007412050152129314
1.6170219978921327 	 0.007462024881975428
1.6180219978921326 	 0.007511057229177476
1.6190219978921325 	 0.007559115854642309
1.6200219978921324 	 0.007606170371994506
1.6210219978921323 	 0.007652191741454699
1.6220219978921322 	 0.007697153178338427
1.623021997892132 	 0.007741028558536532
1.624021997892132 	 0.007783792498390692
1.6250219978921319 	 0.007825420485886468
1.6260219978921318 	 0.00786588957200926
1.6270219978921316 	 0.007905180293414452
1.6280219978921315 	 0.007943274610896769
1.6290219978921314 	 0.00798015527325936
1.6300219978921313 	 0.008015805807983781
1.6310219978921312 	 0.008050211469467841
1.632021997892131 	 0.00808336170300121
1.633021997892131 	 0.008115246872793271
1.6340219978921309 	 0.008145857857634225
1.6350219978921308 	 0.008175186164470457
1.6360219978921307 	 0.008203225101886731
1.6370219978921305 	 0.00822997301108853
1.6380219978921304 	 0.008255429773822428
1.6390219978921303 	 0.008279595728884138
1.6400219978921302 	 0.008302471624042414
1.64102199789213 	 0.008324059899876484
1.64202199789213 	 0.008344368120409933
1.6430219978921299 	 0.008363404727778705
1.6440219978921298 	 0.008381178192160813
1.6450219978921297 	 0.008397697060621327
1.6460219978921296 	 0.008412971285019966
1.6470219978921294 	 0.008427015948185807
1.6480219978921293 	 0.008439847174043162
1.6490219978921292 	 0.008451480822229138
1.650021997892129 	 0.00846193240235236
1.651021997892129 	 0.008471218339060676
1.652021997892129 	 0.008479359485272816
1.6530219978921288 	 0.008486376949554208
1.6540219978921287 	 0.008492291034950259
1.6550219978921286 	 0.008497121220917642
1.6560219978921285 	 0.008500887324682627
1.6570219978921283 	 0.008503612843122054
1.6580219978921282 	 0.008505321264894448
1.6590219978921281 	 0.008506034883590965
1.660021997892128 	 0.008505774724778176
1.661021997892128 	 0.008504561553415462
1.6620219978921278 	 0.008502418715998288
1.6630219978921277 	 0.008499369001468183
1.6640219978921276 	 0.008495433648685843
1.6650219978921275 	 0.008490632318601973
1.6660219978921273 	 0.00848498392670175
1.6670219978921272 	 0.008478508999415898
1.6680219978921271 	 0.008471227165764305
1.669021997892127 	 0.008463156391074983
1.670021997892127 	 0.008454312982163968
1.6710219978921268 	 0.008444712239904568
1.6720219978921267 	 0.008434370279790486
1.6730219978921266 	 0.00842330236577865
1.6740219978921265 	 0.00841152227242971
1.6750219978921264 	 0.008399042303529808
1.6760219978921262 	 0.008385873764706148
1.6770219978921261 	 0.008372028154752055
1.678021997892126 	 0.008357516087719398
1.679021997892126 	 0.0083423470285868
1.6800219978921258 	 0.00832652938818833
1.6810219978921257 	 0.008310070816208638
1.6820219978921256 	 0.008292978905781184
1.6830219978921255 	 0.008275260978132729
1.6840219978921254 	 0.008256923797366192
1.6850219978921253 	 0.008237973610507396
1.6860219978921251 	 0.008218416256621489
1.687021997892125 	 0.008198257274110408
1.688021997892125 	 0.008177502006359189
1.6890219978921248 	 0.008156155703813343
1.6900219978921247 	 0.008134223621910127
1.6910219978921246 	 0.008111710957048601
1.6920219978921245 	 0.00808862259395333
1.6930219978921244 	 0.00806496389015919
1.6940219978921243 	 0.00804074062235233
1.6950219978921242 	 0.008015958974688028
1.696021997892124 	 0.007990625324309431
1.697021997892124 	 0.007964745532351053
1.6980219978921238 	 0.007938325785942068
1.6990219978921237 	 0.00791137288498784
1.7000219978921236 	 0.007883894280058623
1.7010219978921235 	 0.00785589774102365
1.7020219978921234 	 0.007827390469991152
1.7030219978921233 	 0.007798380398646323
1.7040219978921232 	 0.007768876265643898
1.705021997892123 	 0.007738887549622891
1.706021997892123 	 0.007708424061900435
1.7070219978921228 	 0.007677494767171863
1.7080219978921227 	 0.007646109013278164
1.7090219978921226 	 0.007614276870587767
1.7100219978921225 	 0.007582009130064393
1.7110219978921224 	 0.007549316854121857
1.7120219978921223 	 0.00751621022606478
1.7130219978921222 	 0.007482699989316875
1.714021997892122 	 0.007448797602017298
1.715021997892122 	 0.007414515155155521
1.7160219978921218 	 0.007379864900945255
1.7170219978921217 	 0.007344857982926947
1.7180219978921216 	 0.007309505708327374
1.7190219978921215 	 0.0072738199247025575
1.7200219978921214 	 0.007237813000033229
1.7210219978921213 	 0.007201497366855935
1.7220219978921212 	 0.007164884375116946
1.723021997892121 	 0.007127985638859608
1.724021997892121 	 0.0070908132453252025
1.7250219978921209 	 0.007053379683981716
1.7260219978921207 	 0.0070156974146235035
1.7270219978921206 	 0.006977777710252413
1.7280219978921205 	 0.006939631815962667
1.7290219978921204 	 0.006901271291139263
1.7300219978921203 	 0.006862707995195864
1.7310219978921202 	 0.006823953692887403
1.73202199789212 	 0.006785019037234887
1.73302199789212 	 0.0067459147319973755
1.7340219978921199 	 0.006706651737266193
1.7350219978921197 	 0.006667241222816939
1.7360219978921196 	 0.006627694213077923
1.7370219978921195 	 0.006581887830151636
1.7380219978921194 	 0.0065300822955528985
1.7390219978921193 	 0.006478432875803702
1.7400219978921192 	 0.006426947950008482
1.741021997892119 	 0.00637563557033352
1.742021997892119 	 0.006324502618593083
1.7430219978921189 	 0.00627355569146313
1.7440219978921188 	 0.006222801370583556
1.7450219978921186 	 0.006172246222598511
1.7460219978921185 	 0.006121896533434685
1.7470219978921184 	 0.0060717575800675674
1.7480219978921183 	 0.006021834394828065
1.7490219978921182 	 0.005972131998610622
1.750021997892118 	 0.005922655400903529
1.751021997892118 	 0.005873409373654326
1.7520219978921179 	 0.005824397831532151
1.7530219978921178 	 0.005775624482348119
1.7540219978921177 	 0.005727093025512185
1.7550219978921175 	 0.005678807152055129
1.7560219978921174 	 0.005630770356275549
1.7570219978921173 	 0.00558298541954871
1.7580219978921172 	 0.005535454952060867
1.759021997892117 	 0.005488181558102207
1.760021997892117 	 0.005441167836081943
1.7610219978921169 	 0.005394416219420791
1.7620219978921168 	 0.005347928540512525
1.7630219978921167 	 0.005301706488326898
1.7640219978921166 	 0.005255751748030776
1.7650219978921164 	 0.005210066000997702
1.7660219978921163 	 0.005164650805567989
1.7670219978921162 	 0.00511950727027028
1.7680219978921161 	 0.005074636396753348
1.769021997892116 	 0.005030039184418691
1.770021997892116 	 0.004985716630425746
1.7710219978921158 	 0.004941669619572344
1.7720219978921157 	 0.004897898622515579
1.7730219978921156 	 0.004854404012457549
1.7740219978921155 	 0.004811186161767907
1.7750219978921153 	 0.00476824544198548
1.7760219978921152 	 0.004725582153315106
1.7770219978921151 	 0.004683196331418042
1.778021997892115 	 0.004641087950159448
1.779021997892115 	 0.004599256983466831
1.7800219978921148 	 0.004557703405329247
1.7810219978921147 	 0.004516427128863958
1.7820219978921146 	 0.004475427839335419
1.7830219978921145 	 0.004434705169372915
1.7840219978921144 	 0.004394258752428346
1.7850219978921142 	 0.004354088222773508
1.7860219978921141 	 0.004314193175283752
1.787021997892114 	 0.004274573055232907
1.788021997892114 	 0.004235227273928649
1.7890219978921138 	 0.004196155243990757
1.7900219978921137 	 0.004157356379347181
1.7910219978921136 	 0.004118830068933687
1.7920219978921135 	 0.0040805756046262765
1.7930219978921134 	 0.004042592256854605
1.7940219978921133 	 0.004004879297668911
1.7950219978921131 	 0.003967436000735346
1.796021997892113 	 0.003930261627842234
1.797021997892113 	 0.0038933553919292072
1.7980219978921128 	 0.003856716495871307
1.7990219978921127 	 0.003820344144308841
1.8000219978921126 	 0.003784237543642455
1.8010219978921125 	 0.0037483958994463003
1.8020219978921124 	 0.0037128184093874763
1.8030219978921123 	 0.0036775042706455683
1.8040219978921122 	 0.003642452682172984
1.805021997892112 	 0.003607662844690106
1.806021997892112 	 0.0035731339675240128
1.8070219978921118 	 0.0035388652873581477
1.8080219978921117 	 0.003504856048548875
1.8090219978921116 	 0.003471105497116692
1.8100219978921115 	 0.0034376128807417743
1.8110219978921114 	 0.0034043774639365095
1.8120219978921113 	 0.00337139856963323
1.8130219978921112 	 0.0033386755355386067
1.814021997892111 	 0.0033062077008141426
1.815021997892111 	 0.0032739944060723885
1.8160219978921108 	 0.0032420350151347046
1.8170219978921107 	 0.0032103289746648824
1.8180219978921106 	 0.0031788757515906333
1.8190219978921105 	 0.003147674814007962
1.8200219978921104 	 0.003116725631178241
1.8210219978921103 	 0.003086027702265917
1.8220219978921102 	 0.0030555806350994487
1.82302199789211 	 0.0030253840635260485
1.82402199789211 	 0.002995437622194083
1.8250219978921098 	 0.0029657409465511987
1.8260219978921097 	 0.0029362937056620604
1.8270219978921096 	 0.002907095692149179
1.8280219978921095 	 0.0028781467278204166
1.8290219978921094 	 0.0028494466348739167
1.8300219978921093 	 0.002820995235897423
1.8310219978921092 	 0.0027927923918571983
1.832021997892109 	 0.002764838106209018
1.833021997892109 	 0.0027371324156614846
1.8340219978921088 	 0.002709675356846464
1.8350219978921087 	 0.002682466966319705
1.8360219978921086 	 0.0026555073217344105
1.8370219978921085 	 0.0026287966546780475
1.8380219978921084 	 0.002602335232284292
1.8390219978921083 	 0.0025761233211120524
1.8400219978921082 	 0.0025501611871474542
1.841021997892108 	 0.002524449139562475
1.842021997892108 	 0.002498987650634305
1.8430219978921079 	 0.0024737772299303624
1.8440219978921077 	 0.0024488183859220783
1.8450219978921076 	 0.0024241116259883146
1.8460219978921075 	 0.002399657501801914
1.8470219978921074 	 0.0023754567337085394
1.8480219978921073 	 0.002351510080237109
1.8490219978921072 	 0.0023278182982881326
1.850021997892107 	 0.0023043821431385533
1.851021997892107 	 0.00228120241420523
1.8520219978921069 	 0.0022582800804547805
1.8530219978921068 	 0.002235616148836606
1.8540219978921066 	 0.0022132116241433174
1.8550219978921065 	 0.0021910675090169762
1.8560219978921064 	 0.002169184848797481
1.8570219978921063 	 0.0021475648544225876
1.8580219978921062 	 0.002126208773498381
1.859021997892106 	 0.0021051178509652337
1.860021997892106 	 0.002084293329105369
1.8610219978921059 	 0.002063736490061551
1.8620219978921058 	 0.002043448772350543
1.8630219978921057 	 0.0020234316486381055
1.8640219978921055 	 0.0020036865884513703
1.8650219978921054 	 0.001984215058187607
1.8660219978921053 	 0.0019650185592911275
1.8670219978921052 	 0.001946098732865998
1.868021997892105 	 0.0019274572499403228
1.869021997892105 	 0.0019090957779899988
1.8700219978921049 	 0.0018910159809484937
1.8710219978921048 	 0.0018732195512465855
1.8720219978921047 	 0.0018557082976040828
1.8730219978921046 	 0.0018384840529447287
1.8740219978921044 	 0.001821548646306068
1.8750219978921043 	 0.0018049039028499945
1.8760219978921042 	 0.0017885516673876646
1.877021997892104 	 0.0017724938688342142
1.878021997892104 	 0.0017567324526095074
1.879021997892104 	 0.0017412693600195235
1.8800219978921038 	 0.0017261065282673826
1.8810219978921037 	 0.0017112459032738387
1.8820219978921036 	 0.0016966894747944899
1.8830219978921034 	 0.0016824392396004122
1.8840219978921033 	 0.0016684971902513738
1.8850219978921032 	 0.001654865315106948
1.8860219978921031 	 0.0016415455974196063
1.887021997892103 	 0.0016285400128298875
1.888021997892103 	 0.001615850532016808
1.8890219978921028 	 0.0016034791215141719
1.8900219978921027 	 0.0015914277437213313
1.8910219978921026 	 0.0015796983406900769
1.8920219978921025 	 0.0015682927896712871
1.8930219978921023 	 0.0015572129497722494
1.8940219978921022 	 0.0015464606762002355
1.8950219978921021 	 0.0015360378202724035
1.896021997892102 	 0.0015259461946716243
1.897021997892102 	 0.001516187478206866
1.8980219978921018 	 0.0015067633157469815
1.8990219978921017 	 0.0014976753487196774
1.9000219978921016 	 0.0014889252151199842
1.9010219978921015 	 0.0014805144950023235
1.9020219978921014 	 0.0014724445610768049
1.9030219978921012 	 0.0014647167354608199
1.9040219978921011 	 0.0014573323375136683
1.905021997892101 	 0.0014502926838430082
1.906021997892101 	 0.0014435990124193492
1.9070219978921008 	 0.0014372522745858957
1.9080219978921007 	 0.0014312533532649058
1.9090219978921006 	 0.001425603129542549
1.9100219978921005 	 0.0014203024826727167
1.9110219978921004 	 0.0014153521927630335
1.9120219978921003 	 0.0014107526740593302
1.9130219978921001 	 0.0014065042547500297
1.9140219978921 	 0.0014026072623446611
1.9150219978921 	 0.0013990620236744324
1.9160219978920998 	 0.0013958687463239247
1.9170219978920997 	 0.0013930271936681503
1.9180219978920996 	 0.0013905370257711466
1.9190219978920995 	 0.0013883979034041507
1.9200219978920994 	 0.0013866094880423873
1.9210219978920993 	 0.0013851713046760604
1.9220219978920992 	 0.0013840823658185276
1.923021997892099 	 0.0013833415659243791
1.924021997892099 	 0.0013829478017357393
1.9250219978920988 	 0.0013828999722748138
1.9260219978920987 	 0.001383196825902129
1.9270219978920986 	 0.0013838365411565185
1.9280219978920985 	 0.0013848171664447378
1.9290219978920984 	 0.0013861367541990106
1.9300219978920983 	 0.0013877933608649937
1.9310219978920982 	 0.0013897848831969132
1.932021997892098 	 0.0013921086096050051
1.933021997892098 	 0.0013947616907693235
1.9340219978920978 	 0.0013977412832305634
1.9350219978920977 	 0.0014010445493732814
1.9360219978920976 	 0.0014046684888669658
1.9370219978920975 	 0.0014086094767162345
1.9380219978920974 	 0.0014128637478091454
1.9390219978920973 	 0.0014174275447571298
1.9400219978920972 	 0.0014222971178734925
1.941021997892097 	 0.0014274685586629008
1.942021997892097 	 0.0014329373434923184
1.9430219978920968 	 0.0014386988122289677
1.9440219978920967 	 0.0014447483142740912
1.9450219978920966 	 0.001451081208536962
1.9460219978920965 	 0.0014576927063745654
1.9470219978920964 	 0.0014645774411695257
1.9480219978920963 	 0.0014717299197785814
1.9490219978920962 	 0.0014791446602673219
1.950021997892096 	 0.001486816191880149
1.951021997892096 	 0.001494738914747561
1.9520219978920959 	 0.0015029067154259425
1.9530219978920957 	 0.001511313370121173
1.9540219978920956 	 0.0015199526677059359
1.9550219978920955 	 0.0015288184096862664
1.9560219978920954 	 0.0015379042934512005
1.9570219978920953 	 0.0015472035923419186
1.9580219978920952 	 0.0015567094911763013
1.959021997892095 	 0.0015664151886068576
1.960021997892095 	 0.0015763138970846839
1.9610219978920949 	 0.0015863987549757698
1.9620219978920947 	 0.001596662585751449
1.9630219978920946 	 0.0016070981505107195
1.9640219978920945 	 0.00161769822500962
1.9650219978920944 	 0.0016284555996235268
1.9660219978920943 	 0.0016393630247170576
1.9670219978920942 	 0.0016504130609785513
1.968021997892094 	 0.0016615982363325833
1.969021997892094 	 0.0016729110937942148
1.9700219978920939 	 0.0016843441914306204
1.9710219978920938 	 0.0016958900818301013
1.9720219978920936 	 0.0017075412558969197
1.9730219978920935 	 0.0017192902017282117
1.9740219978920934 	 0.001731129422553375
1.9750219978920933 	 0.001743051436696047
1.9760219978920932 	 0.0017550487926385708
1.977021997892093 	 0.0017671141103773492
1.978021997892093 	 0.0017792400379673206
1.9790219978920929 	 0.0017914192382358337
1.9800219978920928 	 0.0018036443887459383
1.9810219978920927 	 0.001815908227406913
1.9820219978920925 	 0.0018282036775495525
1.9830219978920924 	 0.0018405237166595097
1.9840219978920923 	 0.0018528613362971639
1.9850219978920922 	 0.00186520954206309
1.986021997892092 	 0.001877561432171744
1.987021997892092 	 0.001889910412870723
1.9880219978920919 	 0.001902249972418436
1.9890219978920918 	 0.0019145736120913246
1.9900219978920917 	 0.0019268748461522297
1.9910219978920916 	 0.0019391472969886839
1.9920219978920914 	 0.0019513849559292303
1.9930219978920913 	 0.0019635819096127747
1.9940219978920912 	 0.001975732256470169
1.9950219978920911 	 0.0019878301066959684
1.996021997892091 	 0.0019998697019534073
1.997021997892091 	 0.002011845743519975
1.9980219978920908 	 0.0020237530480461553
1.9990219978920907 	 0.0020355864424926083
