0.0010219978922 	 0.0
0.0020219978922 	 0.0
0.0030219978922 	 0.0
0.0040219978922 	 0.0
0.0050219978922 	 0.0
0.0060219978922 	 0.0
0.0070219978922 	 0.0
0.0080219978922 	 0.0
0.009021997892200002 	 0.0
0.010021997892200003 	 0.0
0.011021997892200004 	 0.0
0.012021997892200004 	 0.0
0.013021997892200005 	 0.0
0.014021997892200006 	 0.0
0.015021997892200007 	 0.0
0.016021997892200008 	 0.0
0.01702199789220001 	 0.0
0.01802199789220001 	 0.0
0.01902199789220001 	 0.0
0.02002199789220001 	 0.0
0.021021997892200012 	 0.0
0.022021997892200013 	 0.0
0.023021997892200014 	 0.0
0.024021997892200015 	 0.0
0.025021997892200016 	 0.0
0.026021997892200017 	 0.0
0.027021997892200018 	 0.0
0.02802199789220002 	 0.0
0.02902199789220002 	 0.0
0.03002199789220002 	 0.0
0.03102199789220002 	 0.0
0.03202199789220002 	 0.0
0.03302199789220002 	 0.0
0.03402199789220002 	 0.0
0.03502199789220002 	 0.0
0.03602199789220002 	 0.0
0.03702199789220002 	 0.0
0.038021997892200024 	 0.0
0.039021997892200025 	 0.0
0.040021997892200026 	 0.0
0.04102199789220003 	 0.0
0.04202199789220003 	 0.0
0.04302199789220003 	 0.0
0.04402199789220003 	 0.0
0.04502199789220003 	 0.0
0.04602199789220003 	 0.0
0.04702199789220003 	 0.0
0.04802199789220003 	 0.0
0.049021997892200034 	 0.0
0.050021997892200035 	 0.0
0.051021997892200036 	 0.0
0.052021997892200036 	 0.0
0.05302199789220004 	 0.0
0.05402199789220004 	 0.0
0.05502199789220004 	 0.0
0.05602199789220004 	 0.0
0.05702199789220004 	 0.0
0.05802199789220004 	 0.0
0.05902199789220004 	 0.0
0.060021997892200044 	 0.0
0.061021997892200044 	 0.0
0.062021997892200045 	 0.0
0.06302199789220005 	 0.0
0.06402199789220005 	 0.0
0.06502199789220005 	 0.0
0.06602199789220005 	 0.0
0.06702199789220005 	 0.0
0.06802199789220005 	 0.0
0.06902199789220005 	 0.0
0.07002199789220005 	 0.0
0.07102199789220005 	 0.0
0.07202199789220005 	 0.0
0.07302199789220006 	 0.0
0.07402199789220006 	 0.0
0.07502199789220006 	 0.0
0.07602199789220006 	 0.0
0.07702199789220006 	 0.0
0.07802199789220006 	 0.0
0.07902199789220006 	 0.0
0.08002199789220006 	 0.0
0.08102199789220006 	 0.0
0.08202199789220006 	 0.0
0.08302199789220006 	 0.0
0.08402199789220006 	 0.0
0.08502199789220007 	 0.0
0.08602199789220007 	 0.0
0.08702199789220007 	 0.0
0.08802199789220007 	 0.0
0.08902199789220007 	 0.0
0.09002199789220007 	 0.0
0.09102199789220007 	 0.0
0.09202199789220007 	 0.0
0.09302199789220007 	 0.0
0.09402199789220007 	 0.0
0.09502199789220007 	 0.0
0.09602199789220008 	 0.0
0.09702199789220008 	 0.0
0.09802199789220008 	 0.0
0.09902199789220008 	 0.0
0.10002199789220008 	 0.0
0.10102199789220008 	 0.0
0.10202199789220008 	 0.0
0.10302199789220008 	 0.0
0.10402199789220008 	 0.0
0.10502199789220008 	 0.0
0.10602199789220008 	 0.0
0.10702199789220009 	 0.0
0.10802199789220009 	 0.0
0.10902199789220009 	 0.0
0.11002199789220009 	 0.0
0.11102199789220009 	 0.0
0.11202199789220009 	 0.0
0.11302199789220009 	 0.0
0.11402199789220009 	 0.0
0.11502199789220009 	 0.0
0.1160219978922001 	 0.0
0.1170219978922001 	 0.0
0.1180219978922001 	 0.0
0.1190219978922001 	 0.0
0.1200219978922001 	 0.0
0.1210219978922001 	 0.0
0.1220219978922001 	 0.0
0.1230219978922001 	 0.0
0.1240219978922001 	 0.0
0.1250219978922001 	 0.0
0.1260219978922001 	 0.0
0.1270219978922001 	 0.0
0.1280219978922001 	 0.0
0.1290219978922001 	 0.0
0.1300219978922001 	 0.0
0.1310219978922001 	 0.0
0.1320219978922001 	 0.0
0.1330219978922001 	 0.0
0.1340219978922001 	 0.0
0.1350219978922001 	 0.0
0.1360219978922001 	 0.0
0.1370219978922001 	 0.0
0.1380219978922001 	 0.0
0.1390219978922001 	 0.0
0.1400219978922001 	 0.0
0.1410219978922001 	 0.0
0.1420219978922001 	 0.0
0.1430219978922001 	 0.0
0.1440219978922001 	 0.0
0.1450219978922001 	 0.0
0.1460219978922001 	 0.0
0.1470219978922001 	 0.0
0.1480219978922001 	 0.0
0.1490219978922001 	 0.0
0.1500219978922001 	 0.0
0.1510219978922001 	 0.0
0.1520219978922001 	 0.0
0.1530219978922001 	 0.0
0.1540219978922001 	 0.0
0.15502199789220011 	 0.0
0.15602199789220011 	 0.0
0.15702199789220012 	 0.0
0.15802199789220012 	 0.0
0.15902199789220012 	 0.0
0.16002199789220012 	 0.0
0.16102199789220012 	 0.0
0.16202199789220012 	 0.0
0.16302199789220012 	 0.0
0.16402199789220012 	 0.0
0.16502199789220012 	 0.0
0.16602199789220012 	 0.0
0.16702199789220012 	 0.0
0.16802199789220013 	 0.0
0.16902199789220013 	 0.0
0.17002199789220013 	 0.0
0.17102199789220013 	 0.0
0.17202199789220013 	 0.0
0.17302199789220013 	 0.0
0.17402199789220013 	 0.0
0.17502199789220013 	 0.0
0.17602199789220013 	 0.0
0.17702199789220013 	 0.0
0.17802199789220013 	 0.0
0.17902199789220014 	 0.0
0.18002199789220014 	 0.0
0.18102199789220014 	 0.0
0.18202199789220014 	 0.0
0.18302199789220014 	 0.0
0.18402199789220014 	 0.0
0.18502199789220014 	 0.0
0.18602199789220014 	 0.0
0.18702199789220014 	 0.0
0.18802199789220014 	 0.0
0.18902199789220014 	 0.0
0.19002199789220015 	 0.0
0.19102199789220015 	 0.0
0.19202199789220015 	 0.0
0.19302199789220015 	 0.0
0.19402199789220015 	 0.0
0.19502199789220015 	 0.0
0.19602199789220015 	 0.0
0.19702199789220015 	 0.0
0.19802199789220015 	 0.0
0.19902199789220015 	 0.0
0.20002199789220015 	 0.0
0.20102199789220015 	 0.0
0.20202199789220016 	 0.0
0.20302199789220016 	 0.0
0.20402199789220016 	 0.0
0.20502199789220016 	 0.0
0.20602199789220016 	 0.0
0.20702199789220016 	 0.0
0.20802199789220016 	 0.0
0.20902199789220016 	 0.0
0.21002199789220016 	 0.0
0.21102199789220016 	 0.0
0.21202199789220016 	 0.0
0.21302199789220017 	 0.0
0.21402199789220017 	 0.0
0.21502199789220017 	 0.0
0.21602199789220017 	 0.0
0.21702199789220017 	 0.0
0.21802199789220017 	 0.0
0.21902199789220017 	 0.0
0.22002199789220017 	 0.0
0.22102199789220017 	 0.0
0.22202199789220017 	 0.0
0.22302199789220017 	 0.0
0.22402199789220018 	 0.0
0.22502199789220018 	 0.0
0.22602199789220018 	 0.0
0.22702199789220018 	 0.0
0.22802199789220018 	 0.0
0.22902199789220018 	 0.0
0.23002199789220018 	 0.0
0.23102199789220018 	 0.0
0.23202199789220018 	 0.0
0.23302199789220018 	 0.0
0.23402199789220018 	 0.0
0.23502199789220019 	 0.0
0.23602199789220019 	 0.0
0.2370219978922002 	 0.0
0.2380219978922002 	 0.0
0.2390219978922002 	 0.0
0.2400219978922002 	 0.0
0.2410219978922002 	 0.0
0.2420219978922002 	 0.0
0.2430219978922002 	 0.0
0.2440219978922002 	 0.0
0.2450219978922002 	 0.0
0.2460219978922002 	 0.0
0.2470219978922002 	 0.0
0.2480219978922002 	 0.0
0.2490219978922002 	 0.0
0.2500219978922002 	 0.0
0.2510219978922002 	 0.0
0.2520219978922002 	 0.0
0.2530219978922002 	 0.0
0.2540219978922002 	 0.0
0.2550219978922002 	 0.0
0.2560219978922002 	 0.0
0.2570219978922002 	 0.0
0.2580219978922002 	 0.0
0.2590219978922002 	 0.0
0.2600219978922002 	 0.0
0.2610219978922002 	 0.0
0.2620219978922002 	 0.0
0.2630219978922002 	 0.0
0.2640219978922002 	 0.0
0.2650219978922002 	 0.0
0.2660219978922002 	 0.0
0.2670219978922002 	 0.0
0.2680219978922002 	 0.0
0.2690219978922002 	 0.0
0.2700219978922002 	 0.0
0.2710219978922002 	 0.0
0.2720219978922002 	 0.0
0.2730219978922002 	 0.0
0.2740219978922002 	 0.0
0.2750219978922002 	 0.0
0.2760219978922002 	 0.0
0.2770219978922002 	 0.0
0.2780219978922002 	 0.0
0.2790219978922002 	 0.0
0.2800219978922002 	 0.0
0.2810219978922002 	 0.0
0.2820219978922002 	 0.0
0.2830219978922002 	 0.0
0.28402199789220023 	 0.0
0.28502199789220023 	 0.0
0.28602199789220023 	 0.0
0.28702199789220023 	 0.0
0.28802199789220023 	 0.0
0.28902199789220023 	 0.0
0.29002199789220023 	 0.0
0.29102199789220023 	 0.0
0.29202199789220024 	 0.0
0.29302199789220024 	 0.0
0.29402199789220024 	 0.0
0.29502199789220024 	 0.0
0.29602199789220024 	 0.0
0.29702199789220024 	 0.0
0.29802199789220024 	 0.0
0.29902199789220024 	 0.0
0.30002199789220024 	 0.0
0.30102199789220024 	 0.0
0.30202199789220024 	 0.0
0.30302199789220025 	 0.0
0.30402199789220025 	 0.0
0.30502199789220025 	 0.0
0.30602199789220025 	 0.0
0.30702199789220025 	 0.0
0.30802199789220025 	 0.0
0.30902199789220025 	 0.0
0.31002199789220025 	 0.0
0.31102199789220025 	 0.0
0.31202199789220025 	 0.0
0.31302199789220025 	 0.0
0.31402199789220026 	 0.0
0.31502199789220026 	 0.0
0.31602199789220026 	 0.0
0.31702199789220026 	 0.0
0.31802199789220026 	 0.0
0.31902199789220026 	 0.0
0.32002199789220026 	 0.0
0.32102199789220026 	 0.0
0.32202199789220026 	 0.0
0.32302199789220026 	 0.0
0.32402199789220026 	 0.0
0.32502199789220027 	 0.0
0.32602199789220027 	 0.0
0.32702199789220027 	 0.0
0.32802199789220027 	 0.0
0.32902199789220027 	 0.0
0.33002199789220027 	 0.0
0.33102199789220027 	 0.0
0.33202199789220027 	 0.0
0.33302199789220027 	 0.0
0.3340219978922003 	 0.0
0.3350219978922003 	 0.0
0.3360219978922003 	 0.0
0.3370219978922003 	 0.0
0.3380219978922003 	 0.0
0.3390219978922003 	 0.0
0.3400219978922003 	 0.0
0.3410219978922003 	 0.0
0.3420219978922003 	 0.0
0.3430219978922003 	 0.0
0.3440219978922003 	 0.0
0.3450219978922003 	 0.0
0.3460219978922003 	 0.0
0.3470219978922003 	 0.0
0.3480219978922003 	 0.0
0.3490219978922003 	 0.0
0.3500219978922003 	 0.0
0.3510219978922003 	 0.0
0.3520219978922003 	 0.0
0.3530219978922003 	 0.0
0.3540219978922003 	 0.0
0.3550219978922003 	 0.0
0.3560219978922003 	 0.0
0.3570219978922003 	 0.0
0.3580219978922003 	 0.0
0.3590219978922003 	 0.0
0.3600219978922003 	 0.0
0.3610219978922003 	 0.0
0.3620219978922003 	 0.0
0.3630219978922003 	 0.0
0.3640219978922003 	 0.0
0.3650219978922003 	 0.0
0.3660219978922003 	 0.0
0.3670219978922003 	 0.0
0.3680219978922003 	 0.0
0.3690219978922003 	 0.0
0.3700219978922003 	 0.0
0.3710219978922003 	 0.0
0.3720219978922003 	 0.0
0.3730219978922003 	 0.0
0.3740219978922003 	 0.0
0.3750219978922003 	 0.0
0.3760219978922003 	 0.0
0.3770219978922003 	 0.0
0.3780219978922003 	 0.0
0.3790219978922003 	 0.0
0.3800219978922003 	 0.0
0.3810219978922003 	 0.0
0.3820219978922003 	 0.0
0.3830219978922003 	 0.0
0.3840219978922003 	 0.0
0.3850219978922003 	 0.0
0.3860219978922003 	 0.0
0.3870219978922003 	 0.0
0.3880219978922003 	 0.0
0.3890219978922003 	 0.0
0.3900219978922003 	 0.0
0.3910219978922003 	 0.0
0.3920219978922003 	 0.0
0.3930219978922003 	 0.0
0.3940219978922003 	 0.0
0.3950219978922003 	 0.0
0.39602199789220033 	 0.0
0.39702199789220033 	 0.0
0.39802199789220033 	 0.0
0.39902199789220033 	 0.0
0.40002199789220033 	 0.0
0.40102199789220033 	 0.0
0.40202199789220033 	 0.0
0.40302199789220033 	 0.0
0.40402199789220034 	 0.0
0.40502199789220034 	 0.0
0.40602199789220034 	 0.0
0.40702199789220034 	 0.0
0.40802199789220034 	 0.0
0.40902199789220034 	 0.0
0.41002199789220034 	 0.0
0.41102199789220034 	 0.0
0.41202199789220034 	 0.0
0.41302199789220034 	 0.0
0.41402199789220034 	 0.0
0.41502199789220034 	 0.0
0.41602199789220035 	 0.0
0.41702199789220035 	 0.0
0.41802199789220035 	 0.0
0.41902199789220035 	 0.0
0.42002199789220035 	 0.0
0.42102199789220035 	 0.0
0.42202199789220035 	 0.0
0.42302199789220035 	 0.0
0.42402199789220035 	 0.0
0.42502199789220035 	 0.0
0.42602199789220035 	 0.0
0.42702199789220036 	 0.0
0.42802199789220036 	 0.0
0.42902199789220036 	 0.0
0.43002199789220036 	 0.0
0.43102199789220036 	 0.0
0.43202199789220036 	 0.0
0.43302199789220036 	 0.0
0.43402199789220036 	 0.0
0.43502199789220036 	 0.0
0.43602199789220036 	 0.0
0.43702199789220036 	 0.0
0.43802199789220037 	 0.0
0.43902199789220037 	 0.0
0.44002199789220037 	 0.0
0.44102199789220037 	 0.0
0.44202199789220037 	 0.0
0.44302199789220037 	 0.0
0.44402199789220037 	 0.0
0.44502199789220037 	 0.0
0.4460219978922004 	 0.0
0.4470219978922004 	 0.0
0.4480219978922004 	 0.0
0.4490219978922004 	 0.0
0.4500219978922004 	 0.0
0.4510219978922004 	 0.0
0.4520219978922004 	 0.0
0.4530219978922004 	 0.0
0.4540219978922004 	 0.0
0.4550219978922004 	 0.0
0.4560219978922004 	 0.0
0.4570219978922004 	 0.0
0.4580219978922004 	 0.0
0.4590219978922004 	 0.0
0.4600219978922004 	 0.0
0.4610219978922004 	 0.0
0.4620219978922004 	 0.0
0.4630219978922004 	 0.0
0.4640219978922004 	 0.0
0.4650219978922004 	 0.0
0.4660219978922004 	 0.0
0.4670219978922004 	 0.0
0.4680219978922004 	 0.0
0.4690219978922004 	 0.0
0.4700219978922004 	 0.0
0.4710219978922004 	 0.0
0.4720219978922004 	 0.0
0.4730219978922004 	 0.0
0.4740219978922004 	 0.0
0.4750219978922004 	 0.0
0.4760219978922004 	 0.0
0.4770219978922004 	 0.0
0.4780219978922004 	 0.0
0.4790219978922004 	 0.0
0.4800219978922004 	 0.0
0.4810219978922004 	 0.0
0.4820219978922004 	 0.0
0.4830219978922004 	 0.0
0.4840219978922004 	 0.0
0.4850219978922004 	 0.0
0.4860219978922004 	 0.0
0.4870219978922004 	 0.0
0.4880219978922004 	 0.0
0.4890219978922004 	 0.0
0.4900219978922004 	 0.0
0.4910219978922004 	 0.0
0.4920219978922004 	 0.0
0.4930219978922004 	 0.0
0.4940219978922004 	 0.0
0.4950219978922004 	 0.0
0.4960219978922004 	 0.0
0.4970219978922004 	 0.0
0.4980219978922004 	 0.0
0.4990219978922004 	 0.0
0.5000219978922004 	 0.0
0.5010219978922004 	 0.0
0.5020219978922004 	 0.0
0.5030219978922004 	 0.0
0.5040219978922004 	 0.0
0.5050219978922004 	 0.0
0.5060219978922004 	 0.0
0.5070219978922004 	 0.0
0.5080219978922004 	 0.0
0.5090219978922004 	 0.0
0.5100219978922004 	 0.0
0.5110219978922004 	 0.0
0.5120219978922004 	 0.0
0.5130219978922004 	 0.0
0.5140219978922004 	 0.0
0.5150219978922004 	 0.0
0.5160219978922004 	 0.0
0.5170219978922004 	 0.0
0.5180219978922004 	 0.0
0.5190219978922004 	 0.0
0.5200219978922004 	 0.0
0.5210219978922004 	 0.0
0.5220219978922004 	 0.0
0.5230219978922004 	 0.0
0.5240219978922004 	 0.0
0.5250219978922004 	 0.0
0.5260219978922004 	 0.0
0.5270219978922004 	 0.0
0.5280219978922004 	 0.0
0.5290219978922004 	 0.0
0.5300219978922004 	 0.0
0.5310219978922004 	 0.0
0.5320219978922004 	 0.0
0.5330219978922004 	 0.0
0.5340219978922004 	 0.0
0.5350219978922004 	 0.0
0.5360219978922004 	 0.0
0.5370219978922004 	 0.0
0.5380219978922004 	 0.0
0.5390219978922004 	 0.0
0.5400219978922004 	 0.0
0.5410219978922004 	 0.0
0.5420219978922004 	 0.0
0.5430219978922004 	 0.0
0.5440219978922004 	 0.0
0.5450219978922004 	 0.0
0.5460219978922004 	 0.0
0.5470219978922004 	 0.0
0.5480219978922004 	 0.0
0.5490219978922004 	 0.0
0.5500219978922004 	 0.0
0.5510219978922004 	 0.0
0.5520219978922004 	 0.0
0.5530219978922004 	 0.0
0.5540219978922004 	 0.0
0.5550219978922004 	 0.0
0.5560219978922004 	 0.0
0.5570219978922004 	 0.0
0.5580219978922004 	 0.0
0.5590219978922004 	 0.0
0.5600219978922004 	 0.0
0.5610219978922004 	 0.0
0.5620219978922004 	 0.0
0.5630219978922004 	 0.0
0.5640219978922004 	 0.0
0.5650219978922004 	 0.0
0.5660219978922004 	 0.0
0.5670219978922004 	 0.0
0.5680219978922004 	 0.0
0.5690219978922004 	 0.0
0.5700219978922004 	 0.0
0.5710219978922004 	 0.0
0.5720219978922004 	 0.0
0.5730219978922004 	 0.0
0.5740219978922004 	 0.0
0.5750219978922004 	 0.0
0.5760219978922004 	 0.0
0.5770219978922004 	 0.0
0.5780219978922004 	 0.0
0.5790219978922004 	 0.0
0.5800219978922004 	 0.0
0.5810219978922004 	 0.0
0.5820219978922004 	 0.0
0.5830219978922004 	 0.0
0.5840219978922004 	 0.0
0.5850219978922004 	 0.0
0.5860219978922004 	 0.0
0.5870219978922004 	 0.0
0.5880219978922004 	 0.0
0.5890219978922004 	 0.0
0.5900219978922004 	 0.0
0.5910219978922004 	 0.0
0.5920219978922004 	 0.0
0.5930219978922004 	 0.0
0.5940219978922004 	 0.0
0.5950219978922004 	 0.0
0.5960219978922005 	 0.0
0.5970219978922005 	 0.0
0.5980219978922005 	 0.0
0.5990219978922005 	 0.0
0.6000219978922005 	 0.0
0.6010219978922005 	 0.0
0.6020219978922005 	 0.0
0.6030219978922005 	 0.0
0.6040219978922005 	 0.0
0.6050219978922005 	 0.0
0.6060219978922005 	 0.0
0.6070219978922005 	 0.0
0.6080219978922005 	 0.0
0.6090219978922005 	 0.0
0.6100219978922005 	 0.0
0.6110219978922005 	 0.0
0.6120219978922005 	 0.0
0.6130219978922005 	 0.0
0.6140219978922005 	 0.0
0.6150219978922005 	 0.0
0.6160219978922005 	 0.0
0.6170219978922005 	 0.0
0.6180219978922005 	 0.0
0.6190219978922005 	 0.0
0.6200219978922005 	 0.0
0.6210219978922005 	 0.0
0.6220219978922005 	 0.0
0.6230219978922005 	 0.0
0.6240219978922005 	 0.0
0.6250219978922005 	 0.0
0.6260219978922005 	 0.0
0.6270219978922005 	 0.0
0.6280219978922005 	 0.0
0.6290219978922005 	 0.0
0.6300219978922005 	 0.0
0.6310219978922005 	 0.0
0.6320219978922005 	 0.0
0.6330219978922005 	 0.0
0.6340219978922005 	 0.0
0.6350219978922005 	 0.0
0.6360219978922005 	 0.0
0.6370219978922005 	 0.0
0.6380219978922005 	 0.0
0.6390219978922005 	 0.0
0.6400219978922005 	 0.0
0.6410219978922005 	 0.0
0.6420219978922005 	 0.0
0.6430219978922005 	 0.0
0.6440219978922005 	 0.0
0.6450219978922005 	 0.0
0.6460219978922005 	 0.0
0.6470219978922005 	 0.0
0.6480219978922005 	 0.0
0.6490219978922005 	 0.0
0.6500219978922005 	 0.0
0.6510219978922005 	 0.0
0.6520219978922005 	 0.0
0.6530219978922005 	 0.0
0.6540219978922005 	 0.0
0.6550219978922005 	 0.0
0.6560219978922005 	 0.0
0.6570219978922005 	 0.0
0.6580219978922005 	 0.0
0.6590219978922005 	 0.0
0.6600219978922005 	 0.0
0.6610219978922005 	 0.0
0.6620219978922005 	 0.0
0.6630219978922005 	 0.0
0.6640219978922005 	 0.0
0.6650219978922005 	 0.0
0.6660219978922005 	 0.0
0.6670219978922005 	 0.0
0.6680219978922005 	 0.0
0.6690219978922005 	 0.0
0.6700219978922005 	 0.0
0.6710219978922005 	 0.0
0.6720219978922005 	 0.0
0.6730219978922005 	 0.0
0.6740219978922005 	 0.0
0.6750219978922005 	 0.0
0.6760219978922005 	 0.0
0.6770219978922005 	 0.0
0.6780219978922005 	 0.0
0.6790219978922005 	 0.0
0.6800219978922005 	 0.0
0.6810219978922005 	 0.0
0.6820219978922005 	 0.0
0.6830219978922005 	 0.0
0.6840219978922005 	 0.0
0.6850219978922005 	 0.0
0.6860219978922005 	 0.0
0.6870219978922005 	 0.0
0.6880219978922005 	 0.0
0.6890219978922005 	 0.0
0.6900219978922005 	 0.0
0.6910219978922005 	 0.0
0.6920219978922005 	 0.0
0.6930219978922005 	 0.0
0.6940219978922005 	 0.0
0.6950219978922005 	 0.0
0.6960219978922005 	 0.0
0.6970219978922005 	 0.0
0.6980219978922005 	 0.0
0.6990219978922005 	 0.0
0.7000219978922005 	 0.0
0.7010219978922005 	 0.0
0.7020219978922005 	 0.0
0.7030219978922005 	 0.0
0.7040219978922005 	 0.0
0.7050219978922005 	 0.0
0.7060219978922005 	 0.0
0.7070219978922005 	 0.0
0.7080219978922005 	 0.0
0.7090219978922006 	 0.0
0.7100219978922006 	 0.0
0.7110219978922006 	 0.0
0.7120219978922006 	 0.0
0.7130219978922006 	 0.0
0.7140219978922006 	 0.0
0.7150219978922006 	 0.0
0.7160219978922006 	 0.0
0.7170219978922006 	 0.0
0.7180219978922006 	 0.0
0.7190219978922006 	 0.0
0.7200219978922006 	 0.0
0.7210219978922006 	 0.0
0.7220219978922006 	 0.0
0.7230219978922006 	 0.0
0.7240219978922006 	 0.0
0.7250219978922006 	 0.0
0.7260219978922006 	 0.0
0.7270219978922006 	 0.0
0.7280219978922006 	 0.0
0.7290219978922006 	 0.0
0.7300219978922006 	 0.0
0.7310219978922006 	 0.0
0.7320219978922006 	 0.0
0.7330219978922006 	 0.0
0.7340219978922006 	 0.0
0.7350219978922006 	 0.0
0.7360219978922006 	 0.0
0.7370219978922006 	 0.0
0.7380219978922006 	 0.0
0.7390219978922006 	 0.0
0.7400219978922006 	 0.0
0.7410219978922006 	 0.0
0.7420219978922006 	 0.0
0.7430219978922006 	 0.0
0.7440219978922006 	 0.0
0.7450219978922006 	 0.0
0.7460219978922006 	 0.0
0.7470219978922006 	 0.0
0.7480219978922006 	 0.0
0.7490219978922006 	 0.0
0.7500219978922006 	 0.0
0.7510219978922006 	 0.0
0.7520219978922006 	 0.0
0.7530219978922006 	 0.0
0.7540219978922006 	 0.0
0.7550219978922006 	 0.0
0.7560219978922006 	 0.0
0.7570219978922006 	 0.0
0.7580219978922006 	 0.0
0.7590219978922006 	 0.0
0.7600219978922006 	 0.0
0.7610219978922006 	 0.0
0.7620219978922006 	 0.0
0.7630219978922006 	 0.0
0.7640219978922006 	 0.0
0.7650219978922006 	 0.0
0.7660219978922006 	 0.0
0.7670219978922006 	 0.0
0.7680219978922006 	 0.0
0.7690219978922006 	 0.0
0.7700219978922006 	 0.0
0.7710219978922006 	 0.0
0.7720219978922006 	 0.0
0.7730219978922006 	 0.0
0.7740219978922006 	 0.0
0.7750219978922006 	 0.0
0.7760219978922006 	 0.0
0.7770219978922006 	 0.0
0.7780219978922006 	 0.0
0.7790219978922006 	 0.0
0.7800219978922006 	 0.0
0.7810219978922006 	 0.0
0.7820219978922006 	 0.0
0.7830219978922006 	 0.0
0.7840219978922006 	 0.0
0.7850219978922006 	 0.0
0.7860219978922006 	 0.0
0.7870219978922006 	 0.0
0.7880219978922006 	 0.0
0.7890219978922006 	 0.0
0.7900219978922006 	 0.0
0.7910219978922006 	 0.0
0.7920219978922006 	 0.0
0.7930219978922006 	 0.0
0.7940219978922006 	 0.0
0.7950219978922006 	 0.0
0.7960219978922006 	 0.0
0.7970219978922006 	 0.0
0.7980219978922006 	 0.0
0.7990219978922006 	 0.0
0.8000219978922006 	 0.0
0.8010219978922006 	 0.0
0.8020219978922006 	 0.0
0.8030219978922006 	 0.0
0.8040219978922006 	 0.0
0.8050219978922006 	 0.0
0.8060219978922006 	 0.0
0.8070219978922006 	 0.0
0.8080219978922006 	 0.0
0.8090219978922006 	 0.0
0.8100219978922006 	 0.0
0.8110219978922006 	 0.0
0.8120219978922006 	 0.0
0.8130219978922006 	 0.0
0.8140219978922006 	 0.0
0.8150219978922006 	 0.0
0.8160219978922006 	 0.0
0.8170219978922006 	 0.0
0.8180219978922006 	 0.0
0.8190219978922006 	 0.0
0.8200219978922006 	 0.0
0.8210219978922007 	 0.0
0.8220219978922007 	 0.0
0.8230219978922007 	 0.0
0.8240219978922007 	 0.0
0.8250219978922007 	 0.0
0.8260219978922007 	 0.0
0.8270219978922007 	 0.0
0.8280219978922007 	 0.0
0.8290219978922007 	 0.0
0.8300219978922007 	 0.0
0.8310219978922007 	 0.0
0.8320219978922007 	 0.0
0.8330219978922007 	 0.0
0.8340219978922007 	 0.0
0.8350219978922007 	 0.0
0.8360219978922007 	 0.0
0.8370219978922007 	 0.0
0.8380219978922007 	 0.0
0.8390219978922007 	 0.0
0.8400219978922007 	 0.0
0.8410219978922007 	 0.0
0.8420219978922007 	 0.0
0.8430219978922007 	 0.0
0.8440219978922007 	 0.0
0.8450219978922007 	 0.0
0.8460219978922007 	 0.0
0.8470219978922007 	 0.0
0.8480219978922007 	 0.0
0.8490219978922007 	 0.0
0.8500219978922007 	 0.0
0.8510219978922007 	 0.0
0.8520219978922007 	 0.0
0.8530219978922007 	 0.0
0.8540219978922007 	 0.0
0.8550219978922007 	 0.0
0.8560219978922007 	 0.0
0.8570219978922007 	 0.0
0.8580219978922007 	 0.0
0.8590219978922007 	 0.0
0.8600219978922007 	 0.0
0.8610219978922007 	 0.0
0.8620219978922007 	 0.0
0.8630219978922007 	 0.0
0.8640219978922007 	 0.0
0.8650219978922007 	 0.0
0.8660219978922007 	 0.0
0.8670219978922007 	 0.0
0.8680219978922007 	 0.0
0.8690219978922007 	 0.0
0.8700219978922007 	 0.0
0.8710219978922007 	 0.0
0.8720219978922007 	 0.0
0.8730219978922007 	 0.0
0.8740219978922007 	 0.0
0.8750219978922007 	 0.0
0.8760219978922007 	 0.0
0.8770219978922007 	 0.0
0.8780219978922007 	 0.0
0.8790219978922007 	 0.0
0.8800219978922007 	 0.0
0.8810219978922007 	 0.0
0.8820219978922007 	 0.0
0.8830219978922007 	 0.0
0.8840219978922007 	 0.0
0.8850219978922007 	 0.0
0.8860219978922007 	 0.0
0.8870219978922007 	 0.0
0.8880219978922007 	 0.0
0.8890219978922007 	 0.0
0.8900219978922007 	 0.0
0.8910219978922007 	 0.0
0.8920219978922007 	 0.0
0.8930219978922007 	 0.0
0.8940219978922007 	 0.0
0.8950219978922007 	 0.0
0.8960219978922007 	 0.0
0.8970219978922007 	 0.0
0.8980219978922007 	 0.0
0.8990219978922007 	 0.0
0.9000219978922007 	 0.0
0.9010219978922007 	 0.0
0.9020219978922007 	 0.0
0.9030219978922007 	 0.0
0.9040219978922007 	 0.0
0.9050219978922007 	 0.0
0.9060219978922007 	 0.0
0.9070219978922007 	 0.0
0.9080219978922007 	 0.0
0.9090219978922007 	 0.0
0.9100219978922007 	 0.0
0.9110219978922007 	 0.0
0.9120219978922007 	 0.0
0.9130219978922007 	 0.0
0.9140219978922007 	 0.0
0.9150219978922007 	 0.0
0.9160219978922007 	 0.0
0.9170219978922007 	 0.0
0.9180219978922007 	 0.0
0.9190219978922007 	 0.0
0.9200219978922007 	 0.0
0.9210219978922007 	 0.0
0.9220219978922007 	 0.0
0.9230219978922007 	 0.0
0.9240219978922007 	 0.0
0.9250219978922007 	 0.0
0.9260219978922007 	 0.0
0.9270219978922007 	 0.0
0.9280219978922007 	 0.0
0.9290219978922007 	 0.0
0.9300219978922007 	 0.0
0.9310219978922007 	 0.0
0.9320219978922007 	 0.0
0.9330219978922007 	 0.0
0.9340219978922008 	 0.0
0.9350219978922008 	 0.0
0.9360219978922008 	 0.0
0.9370219978922008 	 0.0
0.9380219978922008 	 0.0
0.9390219978922008 	 0.0
0.9400219978922008 	 0.0
0.9410219978922008 	 0.0
0.9420219978922008 	 0.0
0.9430219978922008 	 0.0
0.9440219978922008 	 0.0
0.9450219978922008 	 0.0
0.9460219978922008 	 0.0
0.9470219978922008 	 0.0
0.9480219978922008 	 0.0
0.9490219978922008 	 0.0
0.9500219978922008 	 0.0
0.9510219978922008 	 0.0
0.9520219978922008 	 0.0
0.9530219978922008 	 0.0
0.9540219978922008 	 0.0
0.9550219978922008 	 0.0
0.9560219978922008 	 0.0
0.9570219978922008 	 0.0
0.9580219978922008 	 0.0
0.9590219978922008 	 0.0
0.9600219978922008 	 0.0
0.9610219978922008 	 0.0
0.9620219978922008 	 0.0
0.9630219978922008 	 0.0
0.9640219978922008 	 0.0
0.9650219978922008 	 0.0
0.9660219978922008 	 0.0
0.9670219978922008 	 0.0
0.9680219978922008 	 0.0
0.9690219978922008 	 0.0
0.9700219978922008 	 0.0
0.9710219978922008 	 0.0
0.9720219978922008 	 0.0
0.9730219978922008 	 0.0
0.9740219978922008 	 0.0
0.9750219978922008 	 0.0
0.9760219978922008 	 0.0
0.9770219978922008 	 0.0
0.9780219978922008 	 0.0
0.9790219978922008 	 0.0
0.9800219978922008 	 0.0
0.9810219978922008 	 0.0
0.9820219978922008 	 0.0
0.9830219978922008 	 0.0
0.9840219978922008 	 0.0
0.9850219978922008 	 0.0
0.9860219978922008 	 0.0
0.9870219978922008 	 0.0
0.9880219978922008 	 0.0
0.9890219978922008 	 0.0
0.9900219978922008 	 0.0
0.9910219978922008 	 0.0
0.9920219978922008 	 0.0
0.9930219978922008 	 0.0
0.9940219978922008 	 0.0
0.9950219978922008 	 0.0
0.9960219978922008 	 0.0
0.9970219978922008 	 0.0
0.9980219978922008 	 0.0
0.9990219978922008 	 0.0
1.0000219978922007 	 0.0
1.0010219978922006 	 0.0
1.0020219978922005 	 0.0
1.0030219978922004 	 0.0
1.0040219978922003 	 0.0
1.0050219978922001 	 0.0
1.0060219978922 	 0.0
1.0070219978922 	 0.0
1.0080219978921998 	 0.0
1.0090219978921997 	 0.0
1.0100219978921996 	 0.0
1.0110219978921995 	 0.0
1.0120219978921994 	 0.0
1.0130219978921993 	 0.0
1.0140219978921992 	 0.0
1.015021997892199 	 0.0
1.016021997892199 	 0.0
1.0170219978921988 	 0.0
1.0180219978921987 	 0.0
1.0190219978921986 	 0.0
1.0200219978921985 	 0.0
1.0210219978921984 	 0.0
1.0220219978921983 	 0.0
1.0230219978921982 	 0.0
1.024021997892198 	 0.0
1.025021997892198 	 0.0
1.0260219978921978 	 0.0
1.0270219978921977 	 0.0
1.0280219978921976 	 0.0
1.0290219978921975 	 0.0
1.0300219978921974 	 0.0
1.0310219978921973 	 0.0
1.0320219978921972 	 0.0
1.033021997892197 	 0.0
1.034021997892197 	 0.0
1.0350219978921968 	 0.0
1.0360219978921967 	 0.0
1.0370219978921966 	 0.0
1.0380219978921965 	 0.0
1.0390219978921964 	 0.0
1.0400219978921963 	 0.0
1.0410219978921962 	 0.0
1.042021997892196 	 0.0
1.043021997892196 	 0.0
1.0440219978921959 	 0.0
1.0450219978921957 	 0.0
1.0460219978921956 	 0.0
1.0470219978921955 	 0.0
1.0480219978921954 	 0.0
1.0490219978921953 	 0.0
1.0500219978921952 	 0.0
1.051021997892195 	 0.0
1.052021997892195 	 0.0
1.0530219978921949 	 0.0
1.0540219978921948 	 0.0
1.0550219978921946 	 0.0
1.0560219978921945 	 0.0
1.0570219978921944 	 0.0
1.0580219978921943 	 0.0
1.0590219978921942 	 0.0
1.060021997892194 	 0.0
1.061021997892194 	 0.0
1.0620219978921939 	 0.0
1.0630219978921938 	 0.0
1.0640219978921936 	 0.0
1.0650219978921935 	 0.0
1.0660219978921934 	 0.0
1.0670219978921933 	 0.0
1.0680219978921932 	 0.0
1.069021997892193 	 0.0
1.070021997892193 	 0.0
1.0710219978921929 	 0.0
1.0720219978921928 	 0.0
1.0730219978921927 	 0.0
1.0740219978921925 	 0.0
1.0750219978921924 	 0.0
1.0760219978921923 	 0.0
1.0770219978921922 	 0.0
1.078021997892192 	 0.0
1.079021997892192 	 0.0
1.0800219978921919 	 0.0
1.0810219978921918 	 0.0
1.0820219978921917 	 0.0
1.0830219978921916 	 0.0
1.0840219978921914 	 0.0
1.0850219978921913 	 0.0
1.0860219978921912 	 0.0
1.0870219978921911 	 0.0
1.088021997892191 	 0.0
1.089021997892191 	 0.0
1.0900219978921908 	 0.0
1.0910219978921907 	 0.0
1.0920219978921906 	 0.0
1.0930219978921905 	 0.0
1.0940219978921903 	 0.0
1.0950219978921902 	 0.0
1.0960219978921901 	 0.0
1.09702199789219 	 0.0
1.09802199789219 	 0.0
1.0990219978921898 	 0.0
1.1000219978921897 	 0.0
1.1010219978921896 	 0.0
1.1020219978921895 	 0.0
1.1030219978921894 	 0.0
1.1040219978921892 	 0.0
1.1050219978921891 	 0.0
1.106021997892189 	 0.0
1.107021997892189 	 0.0
1.1080219978921888 	 0.0
1.1090219978921887 	 0.0
1.1100219978921886 	 0.0
1.1110219978921885 	 0.0
1.1120219978921884 	 0.0
1.1130219978921883 	 0.0
1.1140219978921881 	 0.0
1.115021997892188 	 0.0
1.116021997892188 	 0.0
1.1170219978921878 	 0.0
1.1180219978921877 	 0.0
1.1190219978921876 	 0.0
1.1200219978921875 	 0.0
1.1210219978921874 	 0.0
1.1220219978921873 	 0.0
1.1230219978921872 	 0.0
1.124021997892187 	 0.0
1.125021997892187 	 0.0
1.1260219978921868 	 0.0
1.1270219978921867 	 0.0
1.1280219978921866 	 0.0
1.1290219978921865 	 0.0
1.1300219978921864 	 0.0
1.1310219978921863 	 0.0
1.1320219978921862 	 0.0
1.133021997892186 	 0.0
1.134021997892186 	 0.0
1.1350219978921858 	 1.2976557666333597e-06
1.1360219978921857 	 1.239668608482338e-06
1.1370219978921856 	 1.1835429260816998e-06
1.1380219978921855 	 1.1292435177057806e-06
1.1390219978921854 	 1.0767351775708202e-06
1.1400219978921853 	 1.0259827020318755e-06
1.1410219978921852 	 9.769508950164384e-07
1.142021997892185 	 9.29604571064339e-07
1.143021997892185 	 8.839085537008522e-07
1.1440219978921848 	 8.398276902270449e-07
1.1450219978921847 	 7.973268587728313e-07
1.1460219978921846 	 7.563709727541798e-07
1.1470219978921845 	 7.169249847533593e-07
1.1480219978921844 	 6.789538906681398e-07
1.1490219978921843 	 6.424227333478608e-07
1.1500219978921842 	 6.07296606088206e-07
1.151021997892184 	 5.73540656242616e-07
1.152021997892184 	 5.411200872598385e-07
1.1530219978921838 	 5.100001595116775e-07
1.1540219978921837 	 4.801461969172998e-07
1.1550219978921836 	 4.5152359077390357e-07
1.1560219978921835 	 4.2409780228405834e-07
1.1570219978921834 	 3.978343650416926e-07
1.1580219978921833 	 3.7269888747184704e-07
1.1590219978921832 	 3.486570549844245e-07
1.160021997892183 	 3.256746322666634e-07
1.161021997892183 	 3.0371746525038986e-07
1.1620219978921829 	 2.827514828004189e-07
1.1630219978921827 	 2.6274269783257936e-07
1.1640219978921826 	 2.436572103734166e-07
1.1650219978921825 	 2.2546120963970485e-07
1.1660219978921824 	 2.0812097555320217e-07
1.1670219978921823 	 1.9160288033023156e-07
1.1680219978921822 	 1.7587338989774892e-07
1.169021997892182 	 1.608990652571671e-07
1.170021997892182 	 1.4664656386080695e-07
1.1710219978921819 	 1.3308264082472146e-07
1.1720219978921818 	 1.2017415007426734e-07
1.1730219978921816 	 1.0788804529492467e-07
1.1740219978921815 	 9.619138141358173e-08
1.1750219978921814 	 8.505131570494346e-08
1.1760219978921813 	 7.443510875141759e-08
1.1770219978921812 	 6.431012539550596e-08
1.178021997892181 	 5.464383559817962e-08
1.179021997892181 	 4.5403815291899284e-08
1.1800219978921809 	 3.655774717740079e-08
1.1810219978921808 	 2.8073421476936212e-08
1.1820219978921807 	 1.9918736656475243e-08
1.1830219978921805 	 1.2068755162876442e-08
1.1840219978921804 	 9.02257044969579e-09
1.1850219978921803 	 6.095690323296407e-09
1.1860219978921802 	 1.0041797620949391e-08
1.18702199789218 	 1.7025965055547926e-08
1.18802199789218 	 2.3870790741301128e-08
1.1890219978921799 	 3.0607600914087473e-08
1.1900219978921798 	 3.7267608965069543e-08
1.1910219978921797 	 4.388191500424537e-08
1.1920219978921796 	 5.0481505455295435e-08
1.1930219978921794 	 5.7097252658360804e-08
1.1940219978921793 	 6.375991450964124e-08
1.1950219978921792 	 7.050013414617075e-08
1.1960219978921791 	 7.734843962923853e-08
1.197021997892179 	 8.433524365131273e-08
1.198021997892179 	 9.149084328154051e-08
1.1990219978921788 	 9.884541970854777e-08
1.2000219978921787 	 1.0642903803078504e-07
1.2010219978921786 	 1.1427164703978061e-07
1.2020219978921785 	 1.2240307905611457e-07
1.2030219978921783 	 1.3085304985391105e-07
1.2040219978921782 	 1.396511584618894e-07
1.2050219978921781 	 1.488268869962735e-07
1.206021997892178 	 1.584096005931436e-07
1.207021997892178 	 1.6842854727320272e-07
1.2080219978921778 	 1.789128579029816e-07
1.2090219978921777 	 1.8989154611288833e-07
1.2100219978921776 	 2.0139350825149496e-07
1.2110219978921775 	 2.134475233815498e-07
1.2120219978921773 	 2.2608225336340248e-07
1.2130219978921772 	 2.393262431570589e-07
1.2140219978921771 	 2.53207920685786e-07
1.215021997892177 	 2.6775559677124475e-07
1.216021997892177 	 2.8299746517804447e-07
1.2170219978921768 	 2.98961602732027e-07
1.2180219978921767 	 3.1567596936996247e-07
1.2190219978921766 	 3.3316840829048784e-07
1.2200219978921765 	 3.514666460720938e-07
1.2210219978921764 	 3.7059954603440133e-07
1.2220219978921762 	 3.906005391995482e-07
1.2230219978921761 	 4.115040145812824e-07
1.224021997892176 	 4.333442182136324e-07
1.225021997892176 	 4.561552532006839e-07
1.2260219978921758 	 4.799722073409544e-07
1.2270219978921757 	 5.048342390837748e-07
1.2280219978921756 	 5.307813298116432e-07
1.2290219978921755 	 5.578532941448789e-07
1.2300219978921754 	 5.860897802154896e-07
1.2310219978921753 	 6.155316754206498e-07
1.2320219978921751 	 6.462249537231159e-07
1.233021997892175 	 6.782166293910856e-07
1.234021997892175 	 7.115535218704979e-07
1.2350219978921748 	 7.462822557951534e-07
1.2360219978921747 	 7.82450879136691e-07
1.2370219978921746 	 8.201132912565689e-07
1.2380219978921745 	 8.593245828596863e-07
1.2390219978921744 	 9.001396162025079e-07
1.2400219978921743 	 9.426130257952942e-07
1.2410219978921742 	 9.86801119900055e-07
1.242021997892174 	 1.032767085170131e-06
1.243021997892174 	 1.0805755151718019e-06
1.2440219978921738 	 1.1302907390339059e-06
1.2450219978921737 	 1.181976821396485e-06
1.2460219978921736 	 1.2356997808390824e-06
1.2470219978921735 	 1.291533659906851e-06
1.2480219978921734 	 1.3495541375831372e-06
1.2490219978921733 	 1.4098365834962555e-06
1.2500219978921732 	 1.4724560592985154e-06
1.251021997892173 	 1.5374899541051006e-06
1.252021997892173 	 1.605025197964675e-06
1.2530219978921728 	 1.6751506821562834e-06
1.2540219978921727 	 1.747954942014184e-06
1.2550219978921726 	 1.8235261566047083e-06
1.2560219978921725 	 1.9019551968189253e-06
1.2570219978921724 	 1.9833439640970128e-06
1.2580219978921723 	 2.067796616651993e-06
1.2590219978921722 	 2.155416897253486e-06
1.260021997892172 	 2.246308135803881e-06
1.261021997892172 	 2.340576873354251e-06
1.2620219978921718 	 2.438342781241995e-06
1.2630219978921717 	 2.5397282439957275e-06
1.2640219978921716 	 2.6448551718164254e-06
1.2650219978921715 	 2.7538450005045203e-06
1.2660219978921714 	 2.8668229657435175e-06
1.2670219978921713 	 2.983929795564812e-06
1.2680219978921712 	 3.105309410062423e-06
1.269021997892171 	 3.231105175807591e-06
1.270021997892171 	 3.3614599104953897e-06
1.2710219978921709 	 3.496520946013889e-06
1.2720219978921707 	 3.6364539856521905e-06
1.2730219978921706 	 3.7814285577951234e-06
1.2740219978921705 	 3.931613562683337e-06
1.2750219978921704 	 4.087177272892458e-06
1.2760219978921703 	 4.2482933484029756e-06
1.2770219978921702 	 4.415157289197263e-06
1.27802199789217 	 4.587969131351354e-06
1.27902199789217 	 4.766928178795978e-06
1.2800219978921699 	 4.9522330114558945e-06
1.2810219978921698 	 5.144088655044221e-06
1.2820219978921696 	 5.342726202286612e-06
1.2830219978921695 	 5.548382219573525e-06
1.2840219978921694 	 5.761292446118024e-06
1.2850219978921693 	 5.981691795430258e-06
1.2860219978921692 	 6.209822934271117e-06
1.287021997892169 	 6.445959745080751e-06
1.288021997892169 	 6.69038265623636e-06
1.2890219978921689 	 6.943371132571784e-06
1.2900219978921688 	 7.205203685972015e-06
1.2910219978921686 	 7.476168173504612e-06
1.2920219978921685 	 7.756590015233607e-06
1.2930219978921684 	 8.046802586983918e-06
1.2940219978921683 	 8.347138172705358e-06
1.2950219978921682 	 8.657927973559967e-06
1.296021997892168 	 8.979514545163054e-06
1.297021997892168 	 9.312285811443385e-06
1.2980219978921679 	 9.656639311255574e-06
1.2990219978921678 	 1.0012971311827234e-05
1.3000219978921677 	 1.0381676800219144e-05
1.3010219978921675 	 1.0763164629094864e-05
1.3020219978921674 	 1.1157898756299444e-05
1.3030219978921673 	 1.1566354896131157e-05
1.3040219978921672 	 1.1989007311491637e-05
1.305021997892167 	 1.2426328838799416e-05
1.306021997892167 	 1.2878809283584241e-05
1.3070219978921669 	 1.3347005729528903e-05
1.3080219978921668 	 1.3831489672531398e-05
1.3090219978921667 	 1.433283093108416e-05
1.3100219978921666 	 1.4851597682862455e-05
1.3110219978921664 	 1.538837903361875e-05
1.3120219978921663 	 1.5943846722665126e-05
1.3130219978921662 	 1.65186902156656e-05
1.3140219978921661 	 1.711359701154024e-05
1.315021997892166 	 1.7729252702381474e-05
1.316021997892166 	 1.8366368849869478e-05
1.3170219978921658 	 1.9025759230606896e-05
1.3180219978921657 	 1.970825973815131e-05
1.3190219978921656 	 2.04147040039152e-05
1.3200219978921655 	 2.1145923453304444e-05
1.3210219978921653 	 2.190278197373833e-05
1.3220219978921652 	 2.2686270662902494e-05
1.3230219978921651 	 2.3497407993043476e-05
1.324021997892165 	 2.4337209679247128e-05
1.325021997892165 	 2.520668880810781e-05
1.3260219978921648 	 2.6106899347001727e-05
1.3270219978921647 	 2.7039055170410734e-05
1.3280219978921646 	 2.8004405046061776e-05
1.3290219978921645 	 2.9004194582596413e-05
1.3300219978921644 	 3.0039666302928418e-05
1.3310219978921642 	 3.1112101396553544e-05
1.3320219978921641 	 3.2222964990770936e-05
1.333021997892164 	 3.3373809663018245e-05
1.334021997892164 	 3.456617283400001e-05
1.3350219978921638 	 3.5801585678276796e-05
1.3360219978921637 	 3.7081645169201944e-05
1.3370219978921636 	 3.840820760437552e-05
1.3380219978921635 	 3.9783185950479476e-05
1.3390219978921634 	 4.120848815423463e-05
1.3400219978921633 	 4.268601728221453e-05
1.3410219978921631 	 4.421775994342584e-05
1.342021997892163 	 4.5806027838690434e-05
1.343021997892163 	 4.745320251733607e-05
1.3440219978921628 	 4.9161658932642736e-05
1.3450219978921627 	 5.093376585942219e-05
1.3460219978921626 	 5.277200587313528e-05
1.3470219978921625 	 5.467930380191754e-05
1.3480219978921624 	 5.665868176867363e-05
1.3490219978921623 	 5.8713154074037124e-05
1.3500219978921622 	 6.0845727306735506e-05
1.351021997892162 	 6.305954977238481e-05
1.352021997892162 	 6.535831992686714e-05
1.3530219978921618 	 6.774585472476768e-05
1.3540219978921617 	 7.022596028793851e-05
1.3550219978921616 	 7.280243253634681e-05
1.3560219978921615 	 7.547925662248608e-05
1.3570219978921614 	 7.826115309241337e-05
1.3580219978921613 	 8.115300427447747e-05
1.3590219978921612 	 8.415967941014744e-05
1.360021997892161 	 8.72860347478369e-05
1.361021997892161 	 9.053716817649647e-05
1.3620219978921608 	 9.391911560607981e-05
1.3630219978921607 	 9.743811568105668e-05
1.3640219978921606 	 0.00010110038879496091
1.3650219978921605 	 0.00010491213792313083
1.3660219978921604 	 0.00010887986529806535
1.3670219978921603 	 0.00011301123986136881
1.3680219978921602 	 0.00011731418620062543
1.36902199789216 	 0.00012179660671214122
1.37002199789216 	 0.00012646638164822327
1.3710219978921598 	 0.00013133173158776958
1.3720219978921597 	 0.0001364022091702943
1.3730219978921596 	 0.00014168765289309494
1.3740219978921595 	 0.00014719787181168053
1.3750219978921594 	 0.00015294264645732966
1.3760219978921593 	 0.00015893207647123562
1.3770219978921592 	 0.00016517753298145026
1.378021997892159 	 0.00017169065834172096
1.379021997892159 	 0.00017848306104916573
1.3800219978921588 	 0.00018556631577037674
1.3810219978921587 	 0.00019295218160261533
1.3820219978921586 	 0.00020065319900687548
1.3830219978921585 	 0.00020868205909151753
1.3840219978921584 	 0.00021705141441511922
1.3850219978921583 	 0.00022577387962936327
1.3860219978921582 	 0.00023486201589229273
1.387021997892158 	 0.0002443282874456961
1.388021997892158 	 0.00025418510717691153
1.3890219978921579 	 0.00026444485052148215
1.3900219978921577 	 0.00027511985547519605
1.3910219978921576 	 0.00028622219797740713
1.3920219978921575 	 0.00029776307652093194
1.3930219978921574 	 0.00030975345813453244
1.3940219978921573 	 0.0003222042754287382
1.3950219978921572 	 0.0003351264263388114
1.396021997892157 	 0.00034853049023079557
1.397021997892157 	 0.00036242595082884224
1.3980219978921569 	 0.00037682201102135664
1.3990219978921568 	 0.00039172784058635185
1.4000219978921566 	 0.0004071525748951293
1.4010219978921565 	 0.00042310511040464816
1.4020219978921564 	 0.0004395935487191746
1.4030219978921563 	 0.00045662578356844803
1.4040219978921562 	 0.00047420967207893126
1.405021997892156 	 0.0004923530304286384
1.406021997892156 	 0.0005110635480543551
1.4070219978921559 	 0.000530348558028562
1.4080219978921558 	 0.0005502152704417771
1.4090219978921557 	 0.0005706708404798137
1.4100219978921555 	 0.0005917223638306178
1.4110219978921554 	 0.0006133769028823954
1.4120219978921553 	 0.0006356415716129751
1.4130219978921552 	 0.0006585234540987684
1.414021997892155 	 0.0006820295618585889
1.415021997892155 	 0.0007061668254310606
1.4160219978921549 	 0.0007309421536302108
1.4170219978921548 	 0.0007563626040990965
1.4180219978921547 	 0.0007824351954550157
1.4190219978921546 	 0.0008091668475367266
1.4200219978921544 	 0.0008365643781147998
1.4210219978921543 	 0.000864634664090297
1.4220219978921542 	 0.0008933850958084791
1.4230219978921541 	 0.0009228231248857719
1.424021997892154 	 0.0009529561008260173
1.425021997892154 	 0.0009837912642085055
1.4260219978921538 	 0.0010153359048043667
1.4270219978921537 	 0.0010475977956679904
1.4280219978921536 	 0.0010805847369460282
1.4290219978921535 	 0.0011143044171514896
1.4300219978921533 	 0.0011487644138157285
1.4310219978921532 	 0.0011839723700523413
1.4320219978921531 	 0.0012199364867849136
1.433021997892153 	 0.0012566650451310854
1.434021997892153 	 0.0012941662305043398
1.4350219978921528 	 0.0013324481244410236
1.4360219978921527 	 0.001371518913445824
1.4370219978921526 	 0.0014113874582320962
1.4380219978921525 	 0.0014520626961390278
1.4390219978921523 	 0.001493553459108347
1.4400219978921522 	 0.0015358684738591638
1.4410219978921521 	 0.001579016575387574
1.442021997892152 	 0.0016230073021220902
1.443021997892152 	 0.0016678503127728588
1.4440219978921518 	 0.001713555170667233
1.4450219978921517 	 0.0017601313340815353
1.4460219978921516 	 0.0018075883855881887
1.4470219978921515 	 0.0018559366605927048
1.4480219978921514 	 0.0019051865834243938
1.4490219978921512 	 0.0019553484642035315
1.4500219978921511 	 0.0020064324975231046
1.451021997892151 	 0.0020584489984839323
1.452021997892151 	 0.00211140906163345
1.4530219978921508 	 0.0021653239071669577
1.4540219978921507 	 0.0022202046430897715
1.4550219978921506 	 0.0022760622546518002
1.4560219978921505 	 0.0023329078710284143
1.4570219978921504 	 0.002390753497498651
1.4580219978921503 	 0.00244961124037141
1.4590219978921501 	 0.0025094930696840908
1.46002199789215 	 0.002570410817593363
1.46102199789215 	 0.002632376386212821
1.4620219978921498 	 0.0026954023290775043
1.4630219978921497 	 0.0027595012740409606
1.4640219978921496 	 0.002824685711934001
1.4650219978921495 	 0.002890967986764982
1.4660219978921494 	 0.002958360697005009
1.4670219978921493 	 0.0030268777954738017
1.4680219978921492 	 0.003096533425530704
1.469021997892149 	 0.0031673415654856524
1.470021997892149 	 0.0032393160270058996
1.4710219978921488 	 0.003312470561339429
1.4720219978921487 	 0.003386819161279536
1.4730219978921486 	 0.0034623757741775022
1.4740219978921485 	 0.003539154182962137
1.4750219978921484 	 0.0036171679974204233
1.4760219978921483 	 0.003696431076627494
1.4770219978921482 	 0.0037769586858743395
1.478021997892148 	 0.0038587662719188134
1.479021997892148 	 0.0039418690905489665
1.4800219978921478 	 0.004026282199674695
1.4810219978921477 	 0.004112020661017622
1.4820219978921476 	 0.004199100074174929
1.4830219978921475 	 0.0042875360386676305
1.4840219978921474 	 0.004377343959369395
1.4850219978921473 	 0.004468539038223177
1.4860219978921472 	 0.004561136658213184
1.487021997892147 	 0.004655153434507064
1.488021997892147 	 0.0047506061008250715
1.4890219978921468 	 0.004847511169696061
1.4900219978921467 	 0.004945884931299448
1.4910219978921466 	 0.005045743595702444
1.4920219978921465 	 0.005147103693459647
1.4930219978921464 	 0.005249981689315225
1.4940219978921463 	 0.005354393828849465
1.4950219978921462 	 0.005460356129127325
1.496021997892146 	 0.005567884712848455
1.497021997892146 	 0.0056769967225782
1.4980219978921459 	 0.00578770935159737
1.4990219978921457 	 0.005900039548438944
1.5000219978921456 	 0.006014004016047116
1.5010219978921455 	 0.006129619386138225
1.5020219978921454 	 0.006246902711471003
1.5030219978921453 	 0.0063658710009400375
1.5040219978921452 	 0.006486541024871093
1.505021997892145 	 0.006608929307583461
1.506021997892145 	 0.006733052291074795
1.5070219978921449 	 0.006858926810536108
1.5080219978921447 	 0.0069865695942510145
1.5090219978921446 	 0.007115997111543761
1.5100219978921445 	 0.007247225572532868
1.5110219978921444 	 0.007380271017150721
1.5120219978921443 	 0.007515149582453856
1.5130219978921442 	 0.007651877311281287
1.514021997892144 	 0.007790470011435432
1.515021997892144 	 0.007930943235935321
1.5160219978921439 	 0.008073312288678077
1.5170219978921438 	 0.008217592239630183
1.5180219978921436 	 0.0083637979092995
1.5190219978921435 	 0.008511943864295358
1.5200219978921434 	 0.008662044417772144
1.5210219978921433 	 0.008814113508235523
1.5220219978921432 	 0.008968164420106001
1.523021997892143 	 0.009124210256662829
1.524021997892143 	 0.00928226392215034
1.5250219978921429 	 0.009442338085333445
1.5260219978921428 	 0.009604444086098004
1.5270219978921427 	 0.009768592300176713
1.5280219978921425 	 0.009934793167184796
1.5290219978921424 	 0.010103056907351821
1.5300219978921423 	 0.01027339349654105
1.5310219978921422 	 0.010445812267667318
1.532021997892142 	 0.010620320777172485
1.533021997892142 	 0.010796926220577973
1.5340219978921419 	 0.010975635671903948
1.5350219978921418 	 0.011156456036982848
1.5360219978921417 	 0.011339393405490701
1.5370219978921416 	 0.011524451270850144
1.5380219978921414 	 0.01171163242687472
1.5390219978921413 	 0.011900939545521348
1.5400219978921412 	 0.01209237518133848
1.5410219978921411 	 0.012285940865884309
1.542021997892141 	 0.01248163470823405
1.543021997892141 	 0.012679454259682888
1.5440219978921408 	 0.012879397111838093
1.5450219978921407 	 0.013081460837070838
1.5460219978921406 	 0.013285641790659695
1.5470219978921405 	 0.013491931831900002
1.5480219978921403 	 0.01370032182469364
1.5490219978921402 	 0.01391080270784336
1.5500219978921401 	 0.014123365505131266
1.55102199789214 	 0.01433799979488733
1.55202199789214 	 0.014554689615773433
1.5530219978921398 	 0.014773418223562021
1.5540219978921397 	 0.014994169201899206
1.5550219978921396 	 0.015216926392373908
1.5560219978921395 	 0.01544167200975499
1.5570219978921394 	 0.01566838147020038
1.5580219978921392 	 0.015897028927892604
1.5590219978921391 	 0.016127588967925127
1.560021997892139 	 0.01636003662948406
1.561021997892139 	 0.01659434514552089
1.5620219978921388 	 0.016830479851913584
1.5630219978921387 	 0.017068405113381587
1.5640219978921386 	 0.017308086077655764
1.5650219978921385 	 0.017549488607542307
1.5660219978921384 	 0.017792576629311788
1.5670219978921383 	 0.018037304857408346
1.5680219978921381 	 0.01828358227752723
1.569021997892138 	 0.01853132369491364
1.570021997892138 	 0.018780514079655322
1.5710219978921378 	 0.019031112834008313
1.5720219978921377 	 0.019283064842075724
1.5730219978921376 	 0.019536311778948535
1.5740219978921375 	 0.019790795161309237
1.5750219978921374 	 0.020046456342301112
1.5760219978921373 	 0.02030323298926229
1.5770219978921372 	 0.020561049615894392
1.578021997892137 	 0.0208198266194916
1.579021997892137 	 0.021079482393089027
1.5800219978921368 	 0.02133993225670525
1.5810219978921367 	 0.021601083602040837
1.5820219978921366 	 0.02186282469338127
1.5830219978921365 	 0.02212503313569083
1.5840219978921364 	 0.022387577098843873
1.5850219978921363 	 0.022650313559613847
1.5860219978921362 	 0.022913083439704864
1.587021997892136 	 0.023175701501732485
1.588021997892136 	 0.023437968035600776
1.5890219978921358 	 0.023699675456073814
1.5900219978921357 	 0.0239606142876982
1.5910219978921356 	 0.024220578215295954
1.5920219978921355 	 0.024479364783211558
1.5930219978921354 	 0.02473679585018146
1.5940219978921353 	 0.02499272989594396
1.5950219978921352 	 0.02524706710221278
1.596021997892135 	 0.0254997457445668
1.597021997892135 	 0.02575072755252615
1.5980219978921348 	 0.02599999652213355
1.5990219978921347 	 0.026247549202837173
1.6000219978921346 	 0.026493382582455413
1.6010219978921345 	 0.026737481690213283
1.6020219978921344 	 0.026979805808371046
1.6030219978921343 	 0.02722029215972293
1.6040219978921342 	 0.027458858983262485
1.605021997892134 	 0.027695407687963886
1.606021997892134 	 0.027929824056444428
1.6070219978921338 	 0.02816197669143278
1.6080219978921337 	 0.02839172547144477
1.6090219978921336 	 0.028618926002043445
1.6100219978921335 	 0.0288434319116774
1.6110219978921334 	 0.029065095920307787
1.6120219978921333 	 0.029283768578666318
1.6130219978921332 	 0.029499300096157352
1.614021997892133 	 0.02971154313573312
1.615021997892133 	 0.029920353699452226
1.6160219978921329 	 0.03012559181703119
1.6170219978921327 	 0.03032712270386924
1.6180219978921326 	 0.030524815822903454
1.6190219978921325 	 0.030718544504418067
1.6200219978921324 	 0.0309081859417986
1.6210219978921323 	 0.031093622818798367
1.6220219978921322 	 0.03127474707527962
1.623021997892132 	 0.03145145334872068
1.624021997892132 	 0.03162363927453842
1.6250219978921319 	 0.03179120601873297
1.6260219978921318 	 0.03195406108359667
1.6270219978921316 	 0.03211212611142896
1.6280219978921315 	 0.03226532851633795
1.6290219978921314 	 0.03241359890172961
1.6300219978921313 	 0.0325568710220143
1.6310219978921312 	 0.03269508566454435
1.632021997892131 	 0.03282820074158189
1.633021997892131 	 0.032956177911500316
1.6340219978921309 	 0.03307898090924484
1.6350219978921308 	 0.03319657600739022
1.6360219978921307 	 0.03330893676862249
1.6370219978921305 	 0.033416057131644424
1.6380219978921304 	 0.033517937266790615
1.6390219978921303 	 0.03361457918710557
1.6400219978921302 	 0.03370598655302596
1.64102199789213 	 0.0337921698977668
1.64202199789213 	 0.03387316059157668
1.6430219978921299 	 0.03394899356844077
1.6440219978921298 	 0.0340197038634963
1.6450219978921297 	 0.03408532681150021
1.6460219978921296 	 0.03414590341162159
1.6470219978921294 	 0.03420149538292117
1.6480219978921293 	 0.03425216863715583
1.6490219978921292 	 0.0342979880028794
1.650021997892129 	 0.03433901687783843
1.651021997892129 	 0.03437532237994642
1.652021997892129 	 0.03440698965084647
1.6530219978921288 	 0.034434104875499104
1.6540219978921287 	 0.03445675096192764
1.6550219978921286 	 0.03447500746868187
1.6560219978921285 	 0.03448895528656672
1.6570219978921283 	 0.03449869011353855
1.6580219978921282 	 0.03450430758227655
1.6590219978921281 	 0.034505898472972106
1.660021997892128 	 0.03450354841830283
1.661021997892128 	 0.0344973419840512
1.6620219978921278 	 0.0344873741802889
1.6630219978921277 	 0.03447373774881641
1.6640219978921276 	 0.03445651914421006
1.6650219978921275 	 0.03443579842207581
1.6660219978921273 	 0.034411652598104116
1.6670219978921272 	 0.03438416515613625
1.6680219978921271 	 0.034353415928532235
1.669021997892127 	 0.034319478005463235
1.670021997892127 	 0.03428241775702094
1.6710219978921268 	 0.03424229746392416
1.6720219978921267 	 0.03419918265551204
1.6730219978921266 	 0.03415313540188842
1.6740219978921265 	 0.034104211742811044
1.6750219978921264 	 0.034052461764101934
1.6760219978921262 	 0.03399793149729885
1.6770219978921261 	 0.03394066770275175
1.678021997892126 	 0.03388071354990819
1.679021997892126 	 0.03381810756148176
1.6800219978921258 	 0.033752883998891973
1.6810219978921257 	 0.033685074034052145
1.6820219978921256 	 0.0336147085607124
1.6830219978921255 	 0.033541817368799826
1.6840219978921254 	 0.03346642800286515
1.6850219978921253 	 0.03338856592462203
1.6860219978921251 	 0.033308254939098156
1.687021997892125 	 0.03322551758476614
1.688021997892125 	 0.033140375608273695
1.6890219978921248 	 0.033052850392361485
1.6900219978921247 	 0.03296296335266145
1.6910219978921246 	 0.032870735664501195
1.6920219978921245 	 0.032776187201447274
1.6930219978921244 	 0.032679339752736423
1.6940219978921243 	 0.032580216817347914
1.6950219978921242 	 0.03247884355633468
1.696021997892124 	 0.0323752459107721
1.697021997892124 	 0.0322694476937079
1.6980219978921238 	 0.03216147403755469
1.6990219978921237 	 0.03205135256674114
1.7000219978921236 	 0.031939113550794714
1.7010219978921235 	 0.03182478854771114
1.7020219978921234 	 0.031708406771860556
1.7030219978921233 	 0.03159000038840635
1.7040219978921232 	 0.03146960483835475
1.705021997892123 	 0.03134725856674202
1.706021997892123 	 0.031223001372644766
1.7070219978921228 	 0.031096869632638482
1.7080219978921227 	 0.03096890128086089
1.7090219978921226 	 0.03083913718305828
1.7100219978921225 	 0.03070762112836326
1.7110219978921224 	 0.030574397983618364
1.7120219978921223 	 0.03043950896085095
1.7130219978921222 	 0.030302997520445702
1.714021997892122 	 0.03016491001978014
1.715021997892122 	 0.030025295381345872
1.7160219978921218 	 0.02988420319522826
1.7170219978921217 	 0.0297416786111964
1.7180219978921216 	 0.02959776745481627
1.7190219978921215 	 0.029452517741356852
1.7200219978921214 	 0.029305979594940457
1.7210219978921213 	 0.029158203386224373
1.7220219978921212 	 0.029009235042530942
1.723021997892121 	 0.028859121546631592
1.724021997892121 	 0.02870791179737863
1.7250219978921209 	 0.028555656322173134
1.7260219978921207 	 0.028402405531097363
1.7270219978921206 	 0.02824820504000032
1.7280219978921205 	 0.028093100353979546
1.7290219978921204 	 0.02793713825015587
1.7300219978921203 	 0.027780366719816967
1.7310219978921202 	 0.02762283335886248
1.73202199789212 	 0.02746458121820192
1.73302199789212 	 0.02730565354278004
1.7340219978921199 	 0.02714609461398508
1.7350219978921197 	 0.02698594956075322
1.7360219978921196 	 0.026825262937896836
1.7370219978921195 	 0.026639253260792004
1.7380219978921194 	 0.0264289754167478
1.7390219978921193 	 0.026219342450931476
1.7400219978921192 	 0.02601038818738762
1.741021997892119 	 0.025802145101591088
1.742021997892119 	 0.025594640836868025
1.7430219978921189 	 0.02538790186061156
1.7440219978921188 	 0.02518195457988695
1.7450219978921186 	 0.02497682534159345
1.7460219978921185 	 0.024772539377189914
1.7470219978921184 	 0.024569117910619633
1.7480219978921183 	 0.024366581193647274
1.7490219978921182 	 0.02416494943201366
1.750021997892118 	 0.023964242785557553
1.751021997892118 	 0.023764480442226756
1.7520219978921179 	 0.023565678080344835
1.7530219978921178 	 0.023367850531980924
1.7540219978921177 	 0.02317101259559799
1.7550219978921175 	 0.022975179036140658
1.7560219978921174 	 0.02278036382612568
1.7570219978921173 	 0.022586578065812008
1.7580219978921172 	 0.02239383216594745
1.759021997892117 	 0.022202136513763647
1.760021997892117 	 0.0220115014730363
1.7610219978921169 	 0.02182193674762908
1.7620219978921168 	 0.021633449637269056
1.7630219978921167 	 0.0214460468680323
1.7640219978921166 	 0.021259735150850837
1.7650219978921164 	 0.021074521181550402
1.7660219978921163 	 0.020890411138327552
1.7670219978921162 	 0.02070740930458354
1.7680219978921161 	 0.02052551951416164
1.769021997892116 	 0.02034474559230462
1.770021997892116 	 0.020165091355674687
1.7710219978921158 	 0.01998656019659513
1.7720219978921157 	 0.01980915394367676
1.7730219978921156 	 0.01963287405747233
1.7740219978921155 	 0.019457721995277365
1.7750219978921153 	 0.019283699211136224
1.7760219978921152 	 0.019110806849926762
1.7770219978921151 	 0.01893904490901974
1.778021997892115 	 0.018768413118002533
1.779021997892115 	 0.018598911207082867
1.7800219978921148 	 0.018430538907084727
1.7810219978921147 	 0.018263295712823195
1.7820219978921146 	 0.01809718023466175
1.7830219978921145 	 0.017932190878938374
1.7840219978921144 	 0.017768326055558538
1.7850219978921142 	 0.017605584177983507
1.7860219978921141 	 0.01744396349971864
1.787021997892114 	 0.01728346166624231
1.788021997892114 	 0.017124076185154144
1.7890219978921138 	 0.016965804569608323
1.7900219978921137 	 0.01680864433829697
1.7910219978921136 	 0.016652592909376415
1.7920219978921135 	 0.01649764730980773
1.7930219978921134 	 0.01634380448031562
1.7940219978921133 	 0.016191061368419822
1.7950219978921131 	 0.016039414928415607
1.796021997892113 	 0.01588886206990124
1.797021997892113 	 0.015739399516753877
1.7980219978921128 	 0.015591023955066724
1.7990219978921127 	 0.015443732078271445
1.8000219978921126 	 0.015297520587117659
1.8010219978921125 	 0.015152386177150465
1.8020219978921124 	 0.015008325504428722
1.8030219978921123 	 0.014865335221454818
1.8040219978921122 	 0.01472341198812286
1.805021997892112 	 0.014582552471698498
1.806021997892112 	 0.014442753377385743
1.8070219978921118 	 0.01430401153212928
1.8080219978921117 	 0.014166323796641624
1.8090219978921116 	 0.014029687038548538
1.8100219978921115 	 0.013894098132370535
1.8110219978921114 	 0.013759554020440561
1.8120219978921113 	 0.013626051879879888
1.8130219978921112 	 0.013493588947358501
1.814021997892111 	 0.013362162465616143
1.815021997892111 	 0.013231769683446472
1.8160219978921108 	 0.013102407945399765
1.8170219978921107 	 0.012974074937640084
1.8180219978921106 	 0.012846768429946536
1.8190219978921105 	 0.012720486196985643
1.8200219978921104 	 0.012595226018299042
1.8210219978921103 	 0.012470985793323147
1.8220219978921102 	 0.012347763856622476
1.82302199789211 	 0.012225558647108505
1.82402199789211 	 0.0121043686071078
1.8250219978921098 	 0.011984192182353998
1.8260219978921097 	 0.011865027956807918
1.8270219978921096 	 0.011746875022148485
1.8280219978921095 	 0.011629732590075147
1.8290219978921094 	 0.011513599874012858
1.8300219978921093 	 0.011398476089108874
1.8310219978921092 	 0.01128436060538431
1.832021997892109 	 0.011171253367456023
1.833021997892109 	 0.011059154454149737
1.8340219978921088 	 0.010948063944131796
1.8350219978921087 	 0.010837981915911312
1.8360219978921086 	 0.010728908614672085
1.8370219978921085 	 0.01062084490947884
1.8380219978921084 	 0.010513791813576935
1.8390219978921083 	 0.010407750338032342
1.8400219978921082 	 0.010302721491739296
1.841021997892108 	 0.01019870645843832
1.842021997892108 	 0.010095707081830088
1.8430219978921079 	 0.009993725356611013
1.8440219978921077 	 0.009892763273187648
1.8450219978921076 	 0.009792822817690132
1.8460219978921075 	 0.009693906155874435
1.8470219978921074 	 0.009596016137094949
1.8480219978921073 	 0.009499155765570907
1.8490219978921072 	 0.009403328039072343
1.850021997892107 	 0.009308535948939288
1.851021997892107 	 0.009214782664712045
1.8520219978921069 	 0.009122072040090846
1.8530219978921068 	 0.009030408082134901
1.8540219978921066 	 0.008939794789320867
1.8550219978921065 	 0.008850236151567707
1.8560219978921064 	 0.008761736331864322
1.8570219978921063 	 0.008674300163992454
1.8580219978921062 	 0.00858793263038453
1.859021997892106 	 0.00850263870282735
1.860021997892106 	 0.008418423342492315
1.8610219978921059 	 0.008335291672011434
1.8620219978921058 	 0.008253249447015837
1.8630219978921057 	 0.00817230256148144
1.8640219978921055 	 0.008092456896822718
1.8650219978921054 	 0.008013718321927767
1.8660219978921053 	 0.007936092846004083
1.8670219978921052 	 0.007859587037407927
1.868021997892105 	 0.007784207584304372
1.869021997892105 	 0.007709961160641162
1.8700219978921049 	 0.007636854426187891
1.8710219978921048 	 0.007564894158060209
1.8720219978921047 	 0.007494087611109495
1.8730219978921046 	 0.007424442139906681
1.8740219978921044 	 0.007355965083429491
1.8750219978921043 	 0.007288663765104751
1.8760219978921042 	 0.007222545586133429
1.877021997892104 	 0.007157618281186305
1.878021997892104 	 0.007093889650234693
1.879021997892104 	 0.007031367476755782
1.8800219978921038 	 0.0069700595277768515
1.8810219978921037 	 0.006909973606039165
1.8820219978921036 	 0.006851117692883646
1.8830219978921034 	 0.0067934997984381105
1.8840219978921033 	 0.00673712791593664
1.8850219978921032 	 0.006682010021764149
1.8860219978921031 	 0.0066281540722877945
1.887021997892103 	 0.006575567995095427
1.888021997892103 	 0.006524259698277958
1.8890219978921028 	 0.006474237073292166
1.8900219978921027 	 0.006425507995003859
1.8910219978921026 	 0.006378080255643683
1.8920219978921025 	 0.00633196138372732
1.8930219978921023 	 0.00628715883411177
1.8940219978921022 	 0.0062436800460154065
1.8950219978921021 	 0.006201532443057664
1.896021997892102 	 0.006160723292156392
1.897021997892102 	 0.006121259316742731
1.8980219978921018 	 0.006083147102609046
1.8990219978921017 	 0.006046393221770011
1.9000219978921016 	 0.006011004232496525
1.9010219978921015 	 0.005976986462501158
1.9020219978921014 	 0.0059443454146590954
1.9030219978921012 	 0.005913086390515172
1.9040219978921011 	 0.0058832146805546685
1.905021997892101 	 0.005854735564229103
1.906021997892101 	 0.005827653999397483
1.9070219978921008 	 0.0058019737711349165
1.9080219978921007 	 0.0057776983847321875
1.9090219978921006 	 0.0057548313381908175
1.9100219978921005 	 0.005733376122238166
1.9110219978921004 	 0.005713335830399742
1.9120219978921003 	 0.005694712090296345
1.9130219978921001 	 0.005677506184792338
1.9140219978921 	 0.005661719394098708
1.9150219978921 	 0.005647352995775156
1.9160219978920998 	 0.0056344077857188824
1.9170219978920997 	 0.0056228827653277075
1.9180219978920996 	 0.005612776518715855
1.9190219978920995 	 0.005604087632942785
1.9200219978920994 	 0.005596814697999989
1.9210219978920993 	 0.005590955753315565
1.9220219978920992 	 0.005586506770798136
1.923021997892099 	 0.005583463246133988
1.924021997892099 	 0.005581820684329389
1.9250219978920988 	 0.005581574599680286
1.9260219978920987 	 0.005582719898817175
1.9270219978920986 	 0.005585249189846791
1.9280219978920985 	 0.005589154556024718
1.9290219978920984 	 0.00559442809693602
1.9300219978920983 	 0.005601061928446466
1.9310219978920982 	 0.005609047522742142
1.932021997892098 	 0.005618373899630384
1.933021997892098 	 0.005629029523772954
1.9340219978920978 	 0.005641002883558109
1.9350219978920977 	 0.005654282491032704
1.9360219978920976 	 0.005668856201967726
1.9370219978920975 	 0.005684709352441598
1.9380219978920974 	 0.00570182671341446
1.9390219978920973 	 0.005720193087085758
1.9400219978920972 	 0.00573979330680731
1.941021997892097 	 0.005760611566077694
1.942021997892097 	 0.00578262957962367
1.9430219978920968 	 0.005805828512218729
1.9440219978920967 	 0.005830189567170749
1.9450219978920966 	 0.005855693986216968
1.9460219978920965 	 0.005882322416091552
1.9470219978920964 	 0.005910053172611391
1.9480219978920963 	 0.00593886406139042
1.9490219978920962 	 0.005968732933330591
1.950021997892096 	 0.0059996376845005105
1.951021997892096 	 0.006031555691654069
1.9520219978920959 	 0.006064462265318287
1.9530219978920957 	 0.0060983322722008015
1.9540219978920956 	 0.006133140630161074
1.9550219978920955 	 0.006168862308075315
1.9560219978920954 	 0.006205471854575088
1.9570219978920953 	 0.006242942106650393
1.9580219978920952 	 0.006281245543990239
1.959021997892095 	 0.0063203547021490935
1.960021997892095 	 0.006360242172401357
1.9610219978920949 	 0.006400880249050497
1.9620219978920947 	 0.0064422399630245705
1.9630219978920946 	 0.006484292095283999
1.9640219978920945 	 0.006527007485950768
1.9650219978920944 	 0.006570357034156221
1.9660219978920943 	 0.00661431147759623
1.9670219978920942 	 0.006658840788596915
1.968021997892094 	 0.0067039148072921065
1.969021997892094 	 0.006749503434726014
1.9700219978920939 	 0.006795576632698368
1.9710219978920938 	 0.006842104342651171
1.9720219978920936 	 0.006889056263620586
1.9730219978920935 	 0.0069364020848335884
1.9740219978920934 	 0.006984111556576327
1.9750219978920933 	 0.0070321544900406865
1.9760219978920932 	 0.007080500817782846
1.977021997892093 	 0.007129120759697064
1.978021997892093 	 0.007177984648611483
1.9790219978920929 	 0.007227062876965083
1.9800219978920928 	 0.0072763258966596035
1.9810219978920927 	 0.007325744408859123
1.9820219978920925 	 0.007375289884459053
1.9830219978920924 	 0.007424934017862843
1.9840219978920923 	 0.007474648560204839
1.9850219978920922 	 0.007524405319210984
1.986021997892092 	 0.007574176465029896
1.987021997892092 	 0.0076239353687142354
1.9880219978920919 	 0.007673655722458812
1.9890219978920918 	 0.007723311271052032
1.9900219978920917 	 0.007772875811748227
1.9910219978920916 	 0.007822323592778416
1.9920219978920914 	 0.0078716304058369
1.9930219978920913 	 0.007920772439928874
1.9940219978920912 	 0.00796972593154149
1.9950219978920911 	 0.008018467164530068
1.996021997892091 	 0.008066972945482928
1.997021997892091 	 0.008115221906835257
1.9980219978920908 	 0.008163193139833614
1.9990219978920907 	 0.008210865777314075
