0.0010219978922 	 0.0
0.0020219978922 	 0.0
0.0030219978922 	 0.0
0.0040219978922 	 0.0
0.0050219978922 	 0.0
0.0060219978922 	 0.0
0.0070219978922 	 0.0
0.0080219978922 	 0.0
0.009021997892200002 	 0.0
0.010021997892200003 	 0.0
0.011021997892200004 	 0.0
0.012021997892200004 	 0.0
0.013021997892200005 	 0.0
0.014021997892200006 	 0.0
0.015021997892200007 	 0.0
0.016021997892200008 	 0.0
0.01702199789220001 	 0.0
0.01802199789220001 	 0.0
0.01902199789220001 	 0.0
0.02002199789220001 	 0.0
0.021021997892200012 	 0.0
0.022021997892200013 	 0.0
0.023021997892200014 	 0.0
0.024021997892200015 	 0.0
0.025021997892200016 	 0.0
0.026021997892200017 	 0.0
0.027021997892200018 	 0.0
0.02802199789220002 	 0.0
0.02902199789220002 	 0.0
0.03002199789220002 	 0.0
0.03102199789220002 	 0.0
0.03202199789220002 	 0.0
0.03302199789220002 	 0.0
0.03402199789220002 	 0.0
0.03502199789220002 	 0.0
0.03602199789220002 	 0.0
0.03702199789220002 	 0.0
0.038021997892200024 	 0.0
0.039021997892200025 	 0.0
0.040021997892200026 	 0.0
0.04102199789220003 	 0.0
0.04202199789220003 	 0.0
0.04302199789220003 	 0.0
0.04402199789220003 	 0.0
0.04502199789220003 	 0.0
0.04602199789220003 	 0.0
0.04702199789220003 	 0.0
0.04802199789220003 	 0.0
0.049021997892200034 	 0.0
0.050021997892200035 	 0.0
0.051021997892200036 	 0.0
0.052021997892200036 	 0.0
0.05302199789220004 	 0.0
0.05402199789220004 	 0.0
0.05502199789220004 	 0.0
0.05602199789220004 	 0.0
0.05702199789220004 	 0.0
0.05802199789220004 	 0.0
0.05902199789220004 	 0.0
0.060021997892200044 	 0.0
0.061021997892200044 	 0.0
0.062021997892200045 	 0.0
0.06302199789220005 	 0.0
0.06402199789220005 	 0.0
0.06502199789220005 	 0.0
0.06602199789220005 	 0.0
0.06702199789220005 	 0.0
0.06802199789220005 	 0.0
0.06902199789220005 	 0.0
0.07002199789220005 	 0.0
0.07102199789220005 	 0.0
0.07202199789220005 	 0.0
0.07302199789220006 	 0.0
0.07402199789220006 	 0.0
0.07502199789220006 	 0.0
0.07602199789220006 	 0.0
0.07702199789220006 	 0.0
0.07802199789220006 	 0.0
0.07902199789220006 	 0.0
0.08002199789220006 	 0.0
0.08102199789220006 	 0.0
0.08202199789220006 	 0.0
0.08302199789220006 	 0.0
0.08402199789220006 	 0.0
0.08502199789220007 	 0.0
0.08602199789220007 	 0.0
0.08702199789220007 	 0.0
0.08802199789220007 	 0.0
0.08902199789220007 	 0.0
0.09002199789220007 	 0.0
0.09102199789220007 	 0.0
0.09202199789220007 	 0.0
0.09302199789220007 	 0.0
0.09402199789220007 	 0.0
0.09502199789220007 	 0.0
0.09602199789220008 	 0.0
0.09702199789220008 	 0.0
0.09802199789220008 	 0.0
0.09902199789220008 	 0.0
0.10002199789220008 	 0.0
0.10102199789220008 	 0.0
0.10202199789220008 	 0.0
0.10302199789220008 	 0.0
0.10402199789220008 	 0.0
0.10502199789220008 	 0.0
0.10602199789220008 	 0.0
0.10702199789220009 	 0.0
0.10802199789220009 	 0.0
0.10902199789220009 	 0.0
0.11002199789220009 	 0.0
0.11102199789220009 	 0.0
0.11202199789220009 	 0.0
0.11302199789220009 	 0.0
0.11402199789220009 	 0.0
0.11502199789220009 	 0.0
0.1160219978922001 	 0.0
0.1170219978922001 	 0.0
0.1180219978922001 	 0.0
0.1190219978922001 	 0.0
0.1200219978922001 	 0.0
0.1210219978922001 	 0.0
0.1220219978922001 	 0.0
0.1230219978922001 	 0.0
0.1240219978922001 	 0.0
0.1250219978922001 	 0.0
0.1260219978922001 	 0.0
0.1270219978922001 	 0.0
0.1280219978922001 	 0.0
0.1290219978922001 	 0.0
0.1300219978922001 	 0.0
0.1310219978922001 	 0.0
0.1320219978922001 	 0.0
0.1330219978922001 	 0.0
0.1340219978922001 	 0.0
0.1350219978922001 	 0.0
0.1360219978922001 	 0.0
0.1370219978922001 	 0.0
0.1380219978922001 	 0.0
0.1390219978922001 	 0.0
0.1400219978922001 	 0.0
0.1410219978922001 	 0.0
0.1420219978922001 	 0.0
0.1430219978922001 	 0.0
0.1440219978922001 	 0.0
0.1450219978922001 	 0.0
0.1460219978922001 	 0.0
0.1470219978922001 	 0.0
0.1480219978922001 	 0.0
0.1490219978922001 	 0.0
0.1500219978922001 	 0.0
0.1510219978922001 	 0.0
0.1520219978922001 	 0.0
0.1530219978922001 	 0.0
0.1540219978922001 	 0.0
0.15502199789220011 	 0.0
0.15602199789220011 	 0.0
0.15702199789220012 	 0.0
0.15802199789220012 	 0.0
0.15902199789220012 	 0.0
0.16002199789220012 	 0.0
0.16102199789220012 	 0.0
0.16202199789220012 	 0.0
0.16302199789220012 	 0.0
0.16402199789220012 	 0.0
0.16502199789220012 	 0.0
0.16602199789220012 	 0.0
0.16702199789220012 	 0.0
0.16802199789220013 	 0.0
0.16902199789220013 	 0.0
0.17002199789220013 	 0.0
0.17102199789220013 	 0.0
0.17202199789220013 	 0.0
0.17302199789220013 	 0.0
0.17402199789220013 	 0.0
0.17502199789220013 	 0.0
0.17602199789220013 	 0.0
0.17702199789220013 	 0.0
0.17802199789220013 	 0.0
0.17902199789220014 	 0.0
0.18002199789220014 	 0.0
0.18102199789220014 	 0.0
0.18202199789220014 	 0.0
0.18302199789220014 	 0.0
0.18402199789220014 	 0.0
0.18502199789220014 	 0.0
0.18602199789220014 	 0.0
0.18702199789220014 	 0.0
0.18802199789220014 	 0.0
0.18902199789220014 	 0.0
0.19002199789220015 	 0.0
0.19102199789220015 	 0.0
0.19202199789220015 	 0.0
0.19302199789220015 	 0.0
0.19402199789220015 	 0.0
0.19502199789220015 	 0.0
0.19602199789220015 	 0.0
0.19702199789220015 	 0.0
0.19802199789220015 	 0.0
0.19902199789220015 	 0.0
0.20002199789220015 	 0.0
0.20102199789220015 	 0.0
0.20202199789220016 	 0.0
0.20302199789220016 	 0.0
0.20402199789220016 	 0.0
0.20502199789220016 	 0.0
0.20602199789220016 	 0.0
0.20702199789220016 	 0.0
0.20802199789220016 	 0.0
0.20902199789220016 	 0.0
0.21002199789220016 	 0.0
0.21102199789220016 	 0.0
0.21202199789220016 	 0.0
0.21302199789220017 	 0.0
0.21402199789220017 	 0.0
0.21502199789220017 	 0.0
0.21602199789220017 	 0.0
0.21702199789220017 	 0.0
0.21802199789220017 	 0.0
0.21902199789220017 	 0.0
0.22002199789220017 	 0.0
0.22102199789220017 	 0.0
0.22202199789220017 	 0.0
0.22302199789220017 	 0.0
0.22402199789220018 	 0.0
0.22502199789220018 	 0.0
0.22602199789220018 	 0.0
0.22702199789220018 	 0.0
0.22802199789220018 	 0.0
0.22902199789220018 	 0.0
0.23002199789220018 	 0.0
0.23102199789220018 	 0.0
0.23202199789220018 	 0.0
0.23302199789220018 	 0.0
0.23402199789220018 	 0.0
0.23502199789220019 	 0.0
0.23602199789220019 	 0.0
0.2370219978922002 	 0.0
0.2380219978922002 	 0.0
0.2390219978922002 	 0.0
0.2400219978922002 	 0.0
0.2410219978922002 	 0.0
0.2420219978922002 	 0.0
0.2430219978922002 	 0.0
0.2440219978922002 	 0.0
0.2450219978922002 	 0.0
0.2460219978922002 	 0.0
0.2470219978922002 	 0.0
0.2480219978922002 	 0.0
0.2490219978922002 	 0.0
0.2500219978922002 	 0.0
0.2510219978922002 	 0.0
0.2520219978922002 	 0.0
0.2530219978922002 	 0.0
0.2540219978922002 	 0.0
0.2550219978922002 	 0.0
0.2560219978922002 	 0.0
0.2570219978922002 	 0.0
0.2580219978922002 	 0.0
0.2590219978922002 	 0.0
0.2600219978922002 	 0.0
0.2610219978922002 	 0.0
0.2620219978922002 	 0.0
0.2630219978922002 	 0.0
0.2640219978922002 	 0.0
0.2650219978922002 	 0.0
0.2660219978922002 	 0.0
0.2670219978922002 	 0.0
0.2680219978922002 	 0.0
0.2690219978922002 	 0.0
0.2700219978922002 	 0.0
0.2710219978922002 	 0.0
0.2720219978922002 	 0.0
0.2730219978922002 	 0.0
0.2740219978922002 	 0.0
0.2750219978922002 	 0.0
0.2760219978922002 	 0.0
0.2770219978922002 	 0.0
0.2780219978922002 	 0.0
0.2790219978922002 	 0.0
0.2800219978922002 	 0.0
0.2810219978922002 	 0.0
0.2820219978922002 	 0.0
0.2830219978922002 	 0.0
0.28402199789220023 	 0.0
0.28502199789220023 	 0.0
0.28602199789220023 	 0.0
0.28702199789220023 	 0.0
0.28802199789220023 	 0.0
0.28902199789220023 	 0.0
0.29002199789220023 	 0.0
0.29102199789220023 	 0.0
0.29202199789220024 	 0.0
0.29302199789220024 	 0.0
0.29402199789220024 	 0.0
0.29502199789220024 	 0.0
0.29602199789220024 	 0.0
0.29702199789220024 	 0.0
0.29802199789220024 	 0.0
0.29902199789220024 	 0.0
0.30002199789220024 	 0.0
0.30102199789220024 	 0.0
0.30202199789220024 	 0.0
0.30302199789220025 	 0.0
0.30402199789220025 	 0.0
0.30502199789220025 	 0.0
0.30602199789220025 	 0.0
0.30702199789220025 	 0.0
0.30802199789220025 	 0.0
0.30902199789220025 	 0.0
0.31002199789220025 	 0.0
0.31102199789220025 	 0.0
0.31202199789220025 	 0.0
0.31302199789220025 	 0.0
0.31402199789220026 	 0.0
0.31502199789220026 	 0.0
0.31602199789220026 	 0.0
0.31702199789220026 	 0.0
0.31802199789220026 	 0.0
0.31902199789220026 	 0.0
0.32002199789220026 	 0.0
0.32102199789220026 	 0.0
0.32202199789220026 	 0.0
0.32302199789220026 	 0.0
0.32402199789220026 	 0.0
0.32502199789220027 	 0.0
0.32602199789220027 	 0.0
0.32702199789220027 	 0.0
0.32802199789220027 	 0.0
0.32902199789220027 	 0.0
0.33002199789220027 	 0.0
0.33102199789220027 	 0.0
0.33202199789220027 	 0.0
0.33302199789220027 	 0.0
0.3340219978922003 	 0.0
0.3350219978922003 	 0.0
0.3360219978922003 	 0.0
0.3370219978922003 	 0.0
0.3380219978922003 	 0.0
0.3390219978922003 	 0.0
0.3400219978922003 	 0.0
0.3410219978922003 	 0.0
0.3420219978922003 	 0.0
0.3430219978922003 	 0.0
0.3440219978922003 	 0.0
0.3450219978922003 	 0.0
0.3460219978922003 	 0.0
0.3470219978922003 	 0.0
0.3480219978922003 	 0.0
0.3490219978922003 	 0.0
0.3500219978922003 	 0.0
0.3510219978922003 	 0.0
0.3520219978922003 	 0.0
0.3530219978922003 	 0.0
0.3540219978922003 	 0.0
0.3550219978922003 	 0.0
0.3560219978922003 	 0.0
0.3570219978922003 	 0.0
0.3580219978922003 	 0.0
0.3590219978922003 	 0.0
0.3600219978922003 	 0.0
0.3610219978922003 	 0.0
0.3620219978922003 	 0.0
0.3630219978922003 	 0.0
0.3640219978922003 	 0.0
0.3650219978922003 	 0.0
0.3660219978922003 	 0.0
0.3670219978922003 	 0.0
0.3680219978922003 	 0.0
0.3690219978922003 	 0.0
0.3700219978922003 	 0.0
0.3710219978922003 	 0.0
0.3720219978922003 	 0.0
0.3730219978922003 	 0.0
0.3740219978922003 	 0.0
0.3750219978922003 	 0.0
0.3760219978922003 	 0.0
0.3770219978922003 	 0.0
0.3780219978922003 	 0.0
0.3790219978922003 	 0.0
0.3800219978922003 	 0.0
0.3810219978922003 	 0.0
0.3820219978922003 	 0.0
0.3830219978922003 	 0.0
0.3840219978922003 	 0.0
0.3850219978922003 	 0.0
0.3860219978922003 	 0.0
0.3870219978922003 	 0.0
0.3880219978922003 	 0.0
0.3890219978922003 	 0.0
0.3900219978922003 	 0.0
0.3910219978922003 	 0.0
0.3920219978922003 	 0.0
0.3930219978922003 	 0.0
0.3940219978922003 	 0.0
0.3950219978922003 	 0.0
0.39602199789220033 	 0.0
0.39702199789220033 	 0.0
0.39802199789220033 	 0.0
0.39902199789220033 	 0.0
0.40002199789220033 	 0.0
0.40102199789220033 	 0.0
0.40202199789220033 	 0.0
0.40302199789220033 	 0.0
0.40402199789220034 	 0.0
0.40502199789220034 	 0.0
0.40602199789220034 	 0.0
0.40702199789220034 	 0.0
0.40802199789220034 	 0.0
0.40902199789220034 	 0.0
0.41002199789220034 	 0.0
0.41102199789220034 	 0.0
0.41202199789220034 	 0.0
0.41302199789220034 	 0.0
0.41402199789220034 	 0.0
0.41502199789220034 	 0.0
0.41602199789220035 	 0.0
0.41702199789220035 	 0.0
0.41802199789220035 	 0.0
0.41902199789220035 	 4.9592719137601184e-12
0.42002199789220035 	 9.380357901960612e-13
0.42102199789220035 	 5.86471434077901e-14
0.42202199789220035 	 8.298637965612337e-13
0.42302199789220035 	 4.1738531892287035e-12
0.42402199789220035 	 1.317834889253702e-11
0.42502199789220035 	 3.22390950633797e-11
0.42602199789220035 	 6.708534095800287e-11
0.42702199789220036 	 1.2482637306899117e-10
0.42802199789220036 	 2.1399398026658134e-10
0.42902199789220036 	 3.445876229080615e-10
0.43002199789220036 	 5.281205378407446e-10
0.43102199789220036 	 7.776673004773778e-10
0.43202199789220036 	 1.1079127532263508e-09
0.43302199789220036 	 1.535202374987789e-09
0.43402199789220036 	 2.077594123657735e-09
0.43502199789220036 	 2.7549117966367884e-09
0.43602199789220036 	 3.588799952476072e-09
0.43702199789220036 	 4.60278043900577e-09
0.43802199789220037 	 5.822310574450607e-09
0.43902199789220037 	 7.274843029532487e-09
0.44002199789220037 	 8.98988746003052e-09
0.44102199789220037 	 1.099907394081232e-08
0.44202199789220037 	 1.3336218253936816e-08
0.44302199789220037 	 1.6037389085037643e-08
0.44402199789220037 	 1.9140977183939483e-08
0.44502199789220037 	 2.2687766547136164e-08
0.4460219978922004 	 2.6721007681629767e-08
0.4470219978922004 	 3.128649301144742e-08
0.4480219978922004 	 3.6432634490111404e-08
0.4490219978922004 	 4.2210543484277723e-08
0.4500219978922004 	 4.867411299590161e-08
0.4510219978922004 	 5.588010229228652e-08
0.4520219978922004 	 6.388822401573781e-08
0.4530219978922004 	 7.276123384662688e-08
0.4540219978922004 	 8.256502279615954e-08
0.4550219978922004 	 9.336871220754148e-08
0.4560219978922004 	 1.0524475154666462e-07
0.4570219978922004 	 1.1826901906614105e-07
0.4580219978922004 	 1.32520925429127e-07
0.4590219978922004 	 1.4808352038217247e-07
0.4600219978922004 	 1.650436025692429e-07
0.4610219978922004 	 1.8349183258188282e-07
0.4620219978922004 	 2.0352284934385125e-07
0.4630219978922004 	 2.252353899313896e-07
0.4640219978922004 	 2.4873241293383e-07
0.4650219978922004 	 2.741212254624999e-07
0.4660219978922004 	 3.015136139196415e-07
0.4670219978922004 	 3.310259786422696e-07
0.4680219978922004 	 3.6277947254012407e-07
0.4690219978922004 	 3.9690014385059954e-07
0.4700219978922004 	 4.3351908313736126e-07
0.4710219978922004 	 4.727725746640318e-07
0.4720219978922004 	 5.148022522781993e-07
0.4730219978922004 	 5.597552599455942e-07
0.4740219978922004 	 6.077844170793965e-07
0.4750219978922004 	 6.590483888134671e-07
0.4760219978922004 	 7.137118613744709e-07
0.4770219978922004 	 7.719457227120858e-07
0.4780219978922004 	 8.339272485523897e-07
0.4790219978922004 	 8.998402940441151e-07
0.4800219978922004 	 9.698754911770487e-07
0.4810219978922004 	 1.0442304521440985e-06
0.4820219978922004 	 1.123109978872956e-06
0.4830219978922004 	 1.2067262787836595e-06
0.4840219978922004 	 1.295299187489613e-06
0.4850219978922004 	 1.3890563967226222e-06
0.4860219978922004 	 1.4882336948940293e-06
0.4870219978922004 	 1.593075295973798e-06
0.4880219978922004 	 1.703833724331777e-06
0.4890219978922004 	 1.820770627517021e-06
0.4900219978922004 	 1.9441566692842014e-06
0.4910219978922004 	 2.074271902575992e-06
0.4920219978922004 	 2.2114060483315796e-06
0.4930219978922004 	 2.355858788047211e-06
0.4940219978922004 	 2.5079400639543164e-06
0.4950219978922004 	 2.6679703888269924e-06
0.4960219978922004 	 2.8362811652616366e-06
0.4970219978922004 	 3.0132150148663574e-06
0.4980219978922004 	 3.1991261176503673e-06
0.4990219978922004 	 3.394380561961034e-06
0.5000219978922004 	 3.5993567053123465e-06
0.5010219978922004 	 3.8144455464673416e-06
0.5020219978922004 	 4.040051109148328e-06
0.5030219978922004 	 4.276590837760755e-06
0.5040219978922004 	 4.524496005533641e-06
0.5050219978922004 	 4.784212135490146e-06
0.5060219978922004 	 5.056199434680465e-06
0.5070219978922004 	 5.340933242121962e-06
0.5080219978922004 	 5.638904490910388e-06
0.5090219978922004 	 5.950620184980069e-06
0.5100219978922004 	 6.276603891010995e-06
0.5110219978922004 	 6.6173962459973154e-06
0.5120219978922004 	 6.973555481012531e-06
0.5130219978922004 	 7.345657961723138e-06
0.5140219978922004 	 7.734298746227766e-06
0.5150219978922004 	 8.140092160815182e-06
0.5160219978922004 	 8.56367239426135e-06
0.5170219978922004 	 9.00569411130476e-06
0.5180219978922004 	 9.466833085966291e-06
0.5190219978922004 	 9.94778685540416e-06
0.5200219978922004 	 1.0449275395020508e-05
0.5210219978922004 	 1.0972041815554892e-05
0.5220219978922004 	 1.1516853082976108e-05
0.5230219978922004 	 1.2084500761820532e-05
0.5240219978922004 	 1.2675801783378947e-05
0.5250219978922004 	 1.3291599237472414e-05
0.5260219978922004 	 1.3932763196632212e-05
0.5270219978922004 	 1.4600191657563756e-05
0.5280219978922004 	 1.529481100693424e-05
0.5290219978922004 	 1.6017577549129628e-05
0.5300219978922004 	 1.676947808155845e-05
0.5310219978922004 	 1.7551530705286522e-05
0.5320219978922004 	 1.836478622264125e-05
0.5330219978922004 	 1.9210328894796076e-05
0.5340219978922004 	 2.0089277579588045e-05
0.5350219978922004 	 2.1002786829960656e-05
0.5360219978922004 	 2.1952048033321233e-05
0.5370219978922004 	 2.2938290588600162e-05
0.5380219978922004 	 2.3962783123666987e-05
0.5390219978922004 	 2.5026834754254967e-05
0.5400219978922004 	 2.6131796386029433e-05
0.5410219978922004 	 2.7279062061367012e-05
0.5420219978922004 	 2.847007035257482e-05
0.5430219978922004 	 2.9706305803097637e-05
0.5440219978922004 	 3.098930041922105e-05
0.5450219978922004 	 3.232063521155233e-05
0.5460219978922004 	 3.370194179796211e-05
0.5470219978922004 	 3.5134904171111456e-05
0.5480219978922004 	 3.662125991435266e-05
0.5490219978922004 	 3.816280272809207e-05
0.5500219978922004 	 3.976138375077471e-05
0.5510219978922004 	 4.141891359349262e-05
0.5520219978922004 	 4.3137364300193545e-05
0.5530219978922004 	 4.491877138482998e-05
0.5540219978922004 	 4.676523593939196e-05
0.5550219978922004 	 4.867892681802311e-05
0.5560219978922004 	 5.066208289955537e-05
0.5570219978922004 	 5.2717015431717065e-05
0.5580219978922004 	 5.484611046019878e-05
0.5590219978922004 	 5.705183134594729e-05
0.5600219978922004 	 5.933672137420035e-05
0.5610219978922004 	 6.170340645891255e-05
0.5620219978922004 	 6.415459794644157e-05
0.5630219978922004 	 6.669309552231997e-05
0.5640219978922004 	 6.932179022589525e-05
0.5650219978922004 	 7.204366757491256e-05
0.5660219978922004 	 7.486181081307013e-05
0.5670219978922004 	 7.777940437348625e-05
0.5680219978922004 	 8.079973693654112e-05
0.5690219978922004 	 8.392620570901931e-05
0.5700219978922004 	 8.716231973485124e-05
0.5710219978922004 	 9.05117039131424e-05
0.5720219978922004 	 9.39781030409748e-05
0.5730219978922004 	 9.756538601666716e-05
0.5740219978922004 	 0.0001012775502022966
0.5750219978922004 	 0.00010511872595431942
0.5760219978922004 	 0.00010909318132884268
0.5770219978922004 	 0.00011320532696911691
0.5780219978922004 	 0.00011745972118299058
0.5790219978922004 	 0.00012186107521849604
0.5800219978922004 	 0.00012641425874599147
0.5810219978922004 	 0.00013112430555618163
0.5820219978922004 	 0.00013599641948192304
0.5830219978922004 	 0.00014103598055899028
0.5840219978922004 	 0.00014624855149158824
0.5850219978922004 	 0.00015163988403838033
0.5860219978922004 	 0.0001572159263537574
0.5870219978922004 	 0.0001629828299100535
0.5880219978922004 	 0.00016894695706684015
0.5890219978922004 	 0.00017511488887288494
0.5900219978922004 	 0.0001814934332816593
0.5910219978922004 	 0.00018808963318374692
0.5920219978922004 	 0.00019491077584374397
0.5930219978922004 	 0.00020196440163715667
0.5940219978922004 	 0.0002092583136666359
0.5950219978922004 	 0.00021680058775719582
0.5960219978922005 	 0.000224599582769777
0.5970219978922005 	 0.00023266395140114914
0.5980219978922005 	 0.00024100265142792645
0.5990219978922005 	 0.0002496249574276395
0.6000219978922005 	 0.0002585404729986911
0.6010219978922005 	 0.0002677591435029477
0.6020219978922005 	 0.0002772912693557397
0.6030219978922005 	 0.0002871475198894011
0.6040219978922005 	 0.00029733894781787667
0.6050219978922005 	 0.0003078770043312294
0.6060219978922005 	 0.0003187735548510796
0.6070219978922005 	 0.00033004089547709675
0.6080219978922005 	 0.0003416917701660328
0.6090219978922005 	 0.00035373938875833325
0.6100219978922005 	 0.0003661974453259662
0.6110219978922005 	 0.0003790801383421662
0.6120219978922005 	 0.00039240219073611703
0.6130219978922005 	 0.0004061788713835375
0.6140219978922005 	 0.00042042601745699587
0.6150219978922005 	 0.00043516005780774224
0.6160219978922005 	 0.0004503980374820204
0.6170219978922005 	 0.00046615764301657784
0.6180219978922005 	 0.0004824572296400801
0.6190219978922005 	 0.000499315848991945
0.6200219978922005 	 0.0005167532785288548
0.6210219978922005 	 0.0005347900522311385
0.6220219978922005 	 0.0005534474927677061
0.6230219978922005 	 0.0005727477451913707
0.6240219978922005 	 0.0005927138122473517
0.6250219978922005 	 0.0006133695913808688
0.6260219978922005 	 0.0006347399135352755
0.6270219978922005 	 0.0006568505838375403
0.6280219978922005 	 0.0006797284242737052
0.6290219978922005 	 0.0007034013184632085
0.6300219978922005 	 0.0007278982586473665
0.6310219978922005 	 0.0007532493950150239
0.6320219978922005 	 0.000779486087493611
0.6330219978922005 	 0.0008066409601503034
0.6340219978922005 	 0.0008347479584133749
0.6350219978922005 	 0.0008638424088134363
0.6360219978922005 	 0.0008939610826627879
0.6370219978922005 	 0.0009251422618275906
0.6380219978922005 	 0.0009574258090521726
0.6390219978922005 	 0.0009908532411196836
0.6400219978922005 	 0.0010254678062280123
0.6410219978922005 	 0.001061314565359322
0.6420219978922005 	 0.0010984404779687093
0.6430219978922005 	 0.0011368944922432657
0.6440219978922005 	 0.001176727640206567
0.6450219978922005 	 0.001217993137959971
0.6460219978922005 	 0.0012607464913722466
0.6470219978922005 	 0.0013050456075496646
0.6480219978922005 	 0.0013509509124420688
0.6490219978922005 	 0.0013985254749621758
0.6500219978922005 	 0.0014478351380299568
0.6510219978922005 	 0.0014989486570413106
0.6520219978922005 	 0.0015519378457545707
0.6530219978922005 	 0.0016068777313086003
0.6540219978922005 	 0.0016638467172541472
0.6550219978922005 	 0.0017229267564230532
0.6560219978922005 	 0.001784203533726914
0.6570219978922005 	 0.0018477666596363035
0.6580219978922005 	 0.00191370987503585
0.6590219978922005 	 0.001982131268209039
0.6600219978922005 	 0.002053133504760066
0.6610219978922005 	 0.0021268240713405717
0.6620219978922005 	 0.0022033155341137155
0.6630219978922005 	 0.0022827258129581073
0.6640219978922005 	 0.0023651784724910696
0.6650219978922005 	 0.0024508030310799165
0.6660219978922005 	 0.0025397352890359996
0.6670219978922005 	 0.0026321176774829133
0.6680219978922005 	 0.0027280996291581885
0.6690219978922005 	 0.002827837972911412
0.6700219978922005 	 0.0029314973532014086
0.6710219978922005 	 0.003039250677275058
0.6720219978922005 	 0.0031512795908530686
0.6730219978922005 	 0.0032677749853296883
0.6740219978922005 	 0.003388937538430584
0.6750219978922005 	 0.003514978290898024
0.6760219978922005 	 0.003646119261950905
0.6770219978922005 	 0.003782594106109863
0.6780219978922005 	 0.003924648815445796
0.6790219978922005 	 0.0040725424695035655
0.6800219978922005 	 0.004226548037552128
0.6810219978922005 	 0.004386953236850402
0.6820219978922005 	 0.004554061451417788
0.6830219978922005 	 0.00472819271611097
0.6840219978922005 	 0.004909684771239463
0.6850219978922005 	 0.005098894193415708
0.6860219978922005 	 0.005296197608854418
0.6870219978922005 	 0.005501992995944309
0.6880219978922005 	 0.005716701084125473
0.6890219978922005 	 0.005940766858074474
0.6900219978922005 	 0.0061746611747673374
0.6910219978922005 	 0.0064188825041176035
0.6920219978922005 	 0.00667395880275411
0.6930219978922005 	 0.006940449534142718
0.6940219978922005 	 0.00721894784562132
0.6950219978922005 	 0.0075100829178681985
0.6960219978922005 	 0.007814522501417053
0.6970219978922005 	 0.008132975657124994
0.6980219978922005 	 0.00846619571903903
0.6990219978922005 	 0.008814983499967158
0.7000219978922005 	 0.00918019076211465
0.7010219978922005 	 0.009562723977429934
0.7020219978922005 	 0.00996354840484231
0.7030219978922005 	 0.010383692514399478
0.7040219978922005 	 0.010824252791455552
0.7050219978922005 	 0.011286398957565748
0.7060219978922005 	 0.011771379648649716
0.7070219978922005 	 0.012280528595347076
0.7080219978922005 	 0.012815271355357163
0.7090219978922006 	 0.013377132652999219
0.7100219978922006 	 0.01396774438731497
0.7110219978922006 	 0.014588854376850481
0.7120219978922006 	 0.01524233591688446
0.7130219978922006 	 0.01593019823342267
0.7140219978922006 	 0.01665459792786907
0.7150219978922006 	 0.01741785151704687
0.7160219978922006 	 0.01822244918533384
0.7170219978922006 	 0.01907106987922505
0.7180219978922006 	 0.019966597889779086
0.7190219978922006 	 0.02091214108612007
0.7200219978922006 	 0.021911050981265123
0.7210219978922006 	 0.022966944834522655
0.7220219978922006 	 0.02408373001822684
0.7230219978922006 	 0.025265630904274815
0.7240219978922006 	 0.026517218556665383
0.7250219978922006 	 0.027843443550832386
0.7260219978922006 	 0.029249672279379663
0.7270219978922006 	 0.03074172714735566
0.7280219978922006 	 0.03232593110893087
0.7290219978922006 	 0.03400915705180142
0.7300219978922006 	 0.03579888259633812
0.7310219978922006 	 0.03770325094396442
0.7320219978922006 	 0.03973113848394182
0.7330219978922006 	 0.04189222994962436
0.7340219978922006 	 0.04419710200624577
0.7350219978922006 	 0.046657316248092315
0.7360219978922006 	 0.04928552268944176
0.7370219978922006 	 0.05209557494308657
0.7380219978922006 	 0.05510265839558469
0.7390219978922006 	 0.058323432803098284
0.7400219978922006 	 0.06177619084302218
0.7410219978922006 	 0.06548103425524338
0.7420219978922006 	 0.06946006928297564
0.7430219978922006 	 0.07373762316055878
0.7440219978922006 	 0.07834048337252789
0.7450219978922006 	 0.08329816129393067
0.7460219978922006 	 0.08864318157405918
0.7470219978922006 	 0.09441139818652625
0.7480219978922006 	 0.10064233735941323
0.7490219978922006 	 0.10737956651411061
0.7500219978922006 	 0.11467108673879203
0.7510219978922006 	 0.12256974401454651
0.7520219978922006 	 0.1311336511523691
0.7530219978922006 	 0.1404266078678269
0.7540219978922006 	 0.15051850020804458
0.7550219978922006 	 0.1614856521395596
0.7560219978922006 	 0.17341109087669365
0.7570219978922006 	 0.18638467273675208
0.7580219978922006 	 0.20050299711536584
0.7590219978922006 	 0.2158690117304677
0.7600219978922006 	 0.2325911818460784
0.7610219978922006 	 0.2507820594006465
0.7620219978922006 	 0.27055604528871996
0.7630219978922006 	 0.2920260914595616
0.7640219978922006 	 0.3152990435421465
0.7650219978922006 	 0.3404692879147912
0.7660219978922006 	 0.36761035380680984
0.7670219978922006 	 0.3967641530288624
0.7680219978922006 	 0.4279276478804464
0.7690219978922006 	 0.4610369599381477
0.7700219978922006 	 0.4959493090056448
0.7710219978922006 	 0.5324237307584742
0.7720219978922006 	 0.5701022540249663
0.7730219978922006 	 0.608494037152548
0.7740219978922006 	 0.6469656545298819
0.7750219978922006 	 0.6847409095908567
0.7760219978922006 	 0.7209127071955527
0.7770219978922006 	 0.7544671800384545
0.7780219978922006 	 0.7843168600444155
0.7790219978922006 	 0.8093390027813064
0.7800219978922006 	 0.828430501565186
0.7810219978922006 	 0.8406439555621804
0.7820219978922006 	 0.8455198964203507
0.7830219978922006 	 0.843497345554435
0.7840219978922006 	 0.8357879923928333
0.7850219978922006 	 0.8235626317004068
0.7860219978922006 	 0.8074783771026871
0.7870219978922006 	 0.7879391219791937
0.7880219978922006 	 0.7654140767605718
0.7890219978922006 	 0.7404997832461231
0.7900219978922006 	 0.7138529861027896
0.7910219978922006 	 0.6861147891741259
0.7920219978922006 	 0.6578614757299459
0.7930219978922006 	 0.6295809419767004
0.7940219978922006 	 0.6016666088315779
0.7950219978922006 	 0.5744217164213508
0.7960219978922006 	 0.5480690582053056
0.7970219978922006 	 0.5227629617902936
0.7980219978922006 	 0.498601567139204
0.7990219978922006 	 0.4756382988561806
0.8000219978922006 	 0.45389198737911296
0.8010219978922006 	 0.43335544676082455
0.8020219978922006 	 0.41400252644571583
0.8030219978922006 	 0.3957937675631732
0.8040219978922006 	 0.3786808449787336
0.8050219978922006 	 0.36260998896884195
0.8060219978922006 	 0.3475245714876265
0.8070219978922006 	 0.3333670223703238
0.8080219978922006 	 0.3200802171458477
0.8090219978922006 	 0.30760845428219546
0.8100219978922006 	 0.2958981177039524
0.8110219978922006 	 0.2848981012056134
0.8120219978922006 	 0.2745600551722839
0.8130219978922006 	 0.2648385026804951
0.8140219978922006 	 0.255690861280379
0.8150219978922006 	 0.2470773981868754
0.8160219978922006 	 0.23896113986188236
0.8170219978922006 	 0.23130775171201376
0.8180219978922006 	 0.2240853995627615
0.8190219978922006 	 0.2172646014513952
0.8200219978922006 	 0.21081807590418433
0.8210219978922007 	 0.20472059106425486
0.8220219978922007 	 0.1989488176837501
0.8230219978922007 	 0.19348118798480068
0.8240219978922007 	 0.1882977616474193
0.8250219978922007 	 0.18338009963610438
0.8260219978922007 	 0.17871114618220302
0.8270219978922007 	 0.17427511895856057
0.8280219978922007 	 0.17005740728812585
0.8290219978922007 	 0.16604447809708794
0.8300219978922007 	 0.16222378923918063
0.8310219978922007 	 0.15858370976837655
0.8320219978922007 	 0.15511344671278643
0.8330219978922007 	 0.15180297789598973
0.8340219978922007 	 0.14864299035789472
0.8350219978922007 	 0.14562482394155885
0.8360219978922007 	 0.1427404196322108
0.8370219978922007 	 0.13998227225788762
0.8380219978922007 	 0.13734338718598568
0.8390219978922007 	 0.13481724067557074
0.8400219978922007 	 0.13239774357064657
0.8410219978922007 	 0.13007920804424705
0.8420219978922007 	 0.12785631712681214
0.8430219978922007 	 0.12572409677461624
0.8440219978922007 	 0.12367789025492842
0.8450219978922007 	 0.12171333464403783
0.8460219978922007 	 0.1198263392522702
0.8470219978922007 	 0.11801306580670529
0.8480219978922007 	 0.11626991023751757
0.8490219978922007 	 0.11459348592776185
0.8500219978922007 	 0.1129806082992157
0.8510219978922007 	 0.11142828061834366
0.8520219978922007 	 0.10993368091711979
0.8530219978922007 	 0.10849414993295049
0.8540219978922007 	 0.10710717998066097
0.8550219978922007 	 0.10577040467740778
0.8560219978922007 	 0.10448158944853377
0.8570219978922007 	 0.10323862274887943
0.8580219978922007 	 0.10203950793994944
0.8590219978922007 	 0.10088235576867062
0.8600219978922007 	 0.0997653773983096
0.8610219978922007 	 0.09868687794650716
0.8620219978922007 	 0.09764525048936279
0.8630219978922007 	 0.09663897049410153
0.8640219978922007 	 0.09566659064613613
0.8650219978922007 	 0.09472673603929652
0.8660219978922007 	 0.09381809970069964
0.8670219978922007 	 0.09293943842417737
0.8680219978922007 	 0.0920895688884049
0.8690219978922007 	 0.09126736403789251
0.8700219978922007 	 0.09047174970684314
0.8710219978922007 	 0.08970170146755559
0.8720219978922007 	 0.08895624168653436
0.8730219978922007 	 0.0882344367729844
0.8740219978922007 	 0.08753539460540889
0.8750219978922007 	 0.08685826212341127
0.8760219978922007 	 0.08620222307270611
0.8770219978922007 	 0.08556649589236014
0.8780219978922007 	 0.08495033173414536
0.8790219978922007 	 0.08435301260468668
0.8800219978922007 	 0.08377384962182041
0.8810219978922007 	 0.08321218137724105
0.8820219978922007 	 0.08266737239813077
0.8830219978922007 	 0.08213881170101596
0.8840219978922007 	 0.08162591143161282
0.8850219978922007 	 0.08112810558488476
0.8860219978922007 	 0.0806448487999637
0.8870219978922007 	 0.08017561522497833
0.8880219978922007 	 0.07971989744718687
0.8890219978922007 	 0.079277205484142
0.8900219978922007 	 0.07884706583191232
0.8910219978922007 	 0.07842902056665826
0.8920219978922007 	 0.07802262649611202
0.8930219978922007 	 0.07762745435773628
0.8940219978922007 	 0.07724308806055154
0.8950219978922007 	 0.07686912396779158
0.8960219978922007 	 0.07650517021782251
0.8970219978922007 	 0.07615084608062958
0.8980219978922007 	 0.07580578134780648
0.8990219978922007 	 0.0754696157536264
0.9000219978922007 	 0.07514199842518725
0.9010219978922007 	 0.07482258735964503
0.9020219978922007 	 0.07451104892666263
0.9030219978922007 	 0.07420705739438295
0.9040219978922007 	 0.073910294476495
0.9050219978922007 	 0.07362044890073167
0.9060219978922007 	 0.07333721599451892
0.9070219978922007 	 0.07306029728842954
0.9080219978922007 	 0.07278940013504509
0.9090219978922007 	 0.07252423734211823
0.9100219978922007 	 0.0722645268185996
0.9110219978922007 	 0.07200999123231693
0.9120219978922007 	 0.0717603576779719
0.9130219978922007 	 0.0715153573543508
0.9140219978922007 	 0.07127472524945355
0.9150219978922007 	 0.07103819983243902
0.9160219978922007 	 0.07080552275123198
0.9170219978922007 	 0.0705764385347067
0.9180219978922007 	 0.07035069429827834
0.9190219978922007 	 0.07012803945188434
0.9200219978922007 	 0.06990822540921969
0.9210219978922007 	 0.0696910052971702
0.9220219978922007 	 0.06947613366435695
0.9230219978922007 	 0.06926336618768547
0.9240219978922007 	 0.06905245937584824
0.9250219978922007 	 0.06884317026860401
0.9260219978922007 	 0.06863525613073788
0.9270219978922007 	 0.0684284741395338
0.9280219978922007 	 0.06822258106455598
0.9290219978922007 	 0.06801733293845195
0.9300219978922007 	 0.06781248471765436
0.9310219978922007 	 0.06760778993131109
0.9320219978922007 	 0.06740300031748045
0.9330219978922007 	 0.06719786544467274
0.9340219978922008 	 0.06699213231743532
0.9350219978922008 	 0.06678554496420522
0.9360219978922008 	 0.06657784400567754
0.9370219978922008 	 0.06636876620173142
0.9380219978922008 	 0.0661580439749723
0.9390219978922008 	 0.06594540490855033
0.9400219978922008 	 0.06573057121597116
0.9410219978922008 	 0.06551325918028171
0.9420219978922008 	 0.06529317855984178
0.9430219978922008 	 0.06507003195764911
0.9440219978922008 	 0.06484351415085422
0.9450219978922008 	 0.06461331137695281
0.9460219978922008 	 0.06437910057263274
0.9470219978922008 	 0.0641405485606943
0.9480219978922008 	 0.06389731117925884
0.9490219978922008 	 0.06364903236526395
0.9500219978922008 	 0.06339534310922651
0.9510219978922008 	 0.06313586046422187
0.9520219978922008 	 0.06287018631291554
0.9530219978922008 	 0.06259790617166132
0.9540219978922008 	 0.06231858783998506
0.9550219978922008 	 0.062031779956542014
0.9560219978922008 	 0.061737010443638676
0.9570219978922008 	 0.06143378481039017
0.9580219978922008 	 0.06112158432830997
0.9590219978922008 	 0.0607998640442807
0.9600219978922008 	 0.060468050629086834
0.9610219978922008 	 0.060125540023905445
0.9620219978922008 	 0.059771694897366515
0.9630219978922008 	 0.05940584185859158
0.9640219978922008 	 0.05902726842211993
0.9650219978922008 	 0.05863521969066312
0.9660219978922008 	 0.058228894726786475
0.9670219978922008 	 0.05780744257974863
0.9680219978922008 	 0.057369957930027915
0.9690219978922008 	 0.05691547630988739
0.9700219978922008 	 0.05644296885321465
0.9710219978922008 	 0.055951336523024885
0.9720219978922008 	 0.05543940375888732
0.9730219978922008 	 0.0549059114807201
0.9740219978922008 	 0.05434950937832486
0.9750219978922008 	 0.053768747408645165
0.9760219978922008 	 0.053162066416744536
0.9770219978922008 	 0.05252778780443822
0.9780219978922008 	 0.051864102013611774
0.9790219978922008 	 0.05116905622835338
0.9800219978922008 	 0.05044054006554804
0.9810219978922008 	 0.04967627070463671
0.9820219978922008 	 0.048873775969726696
0.9830219978922008 	 0.0480303760517867
0.9840219978922008 	 0.047143163563168854
0.9850219978922008 	 0.046208981961219045
0.9860219978922008 	 0.04522440241741775
0.9870219978922008 	 0.04418569934604913
0.9880219978922008 	 0.04308310700198739
0.9890219978922008 	 0.04190626945469227
0.9900219978922008 	 0.04065472136630072
0.9910219978922008 	 0.03932432416266153
0.9920219978922008 	 0.037909980551152626
0.9930219978922008 	 0.03640601714117001
0.9940219978922008 	 0.0348063413029907
0.9950219978922008 	 0.03310457546519488
0.9960219978922008 	 0.03128451855773649
0.9970219978922008 	 0.02933589545451114
0.9980219978922008 	 0.027258608868054313
0.9990219978922008 	 0.025050249359540765
1.0000219978922007 	 0.022710318209089662
1.0010219978922006 	 0.02024221238900016
1.0020219978922005 	 0.017655706023149656
1.0030219978922004 	 0.01497047829755435
1.0040219978922003 	 0.012221239907978616
1.0050219978922001 	 0.009465178171447467
1.0060219978922 	 0.006792664606125824
1.0070219978922 	 0.004342364881983234
1.0080219978921998 	 0.0023218674434541202
1.0090219978921997 	 0.0010342453889855404
1.0100219978921996 	 0.0009086398041787812
1.0110219978921995 	 0.002527320655016472
1.0120219978921994 	 0.006630706584697876
1.0130219978921993 	 0.01406515544919498
1.0140219978921992 	 0.02562521554047426
1.015021997892199 	 0.04175950235587345
1.016021997892199 	 0.062212013285367164
1.0170219978921988 	 0.08586288612330459
1.0180219978921987 	 0.11117883941923337
1.0190219978921986 	 0.13640616390217358
1.0200219978921985 	 0.1580502119737254
1.0210219978921984 	 0.17258741114923196
1.0220219978921983 	 0.18159164889555296
1.0230219978921982 	 0.18648309251751582
1.024021997892198 	 0.18840892885864197
1.025021997892198 	 0.18823322920249508
1.0260219978921978 	 0.18665786922519542
1.0270219978921977 	 0.184203311629751
1.0280219978921976 	 0.18124233309880627
1.0290219978921975 	 0.1780297367749253
1.0300219978921974 	 0.17473453750871595
1.0310219978921973 	 0.17146512210311624
1.0320219978921972 	 0.16828840384654334
1.033021997892197 	 0.16524342101812045
1.034021997892197 	 0.1623508011897445
1.0350219978921968 	 0.1596192075827969
1.0360219978921967 	 0.15704968457091256
1.0370219978921966 	 0.1546385595695474
1.0380219978921965 	 0.15237936640917069
1.0390219978921964 	 0.1502641092179518
1.0400219978921963 	 0.14828408389654107
1.0410219978921962 	 0.14643040370168556
1.042021997892196 	 0.14469432757212528
1.043021997892196 	 0.14306745748587654
1.0440219978921959 	 0.14154184938365272
1.0450219978921957 	 0.14011006756856692
1.0460219978921956 	 0.13876520266742473
1.0470219978921955 	 0.1375008665560814
1.0480219978921954 	 0.13631117334338333
1.0490219978921953 	 0.1351907122623682
1.0500219978921952 	 0.13413451647492763
1.051021997892195 	 0.13313803033357216
1.052021997892195 	 0.13219707674091197
1.0530219978921949 	 0.13130782554859027
1.0540219978921948 	 0.13046676370052615
1.0550219978921946 	 0.12967066730161647
1.0560219978921945 	 0.12891657582013624
1.0570219978921944 	 0.1282017684036429
1.0580219978921943 	 0.12752374225103807
1.0590219978921942 	 0.12688019293400793
1.060021997892194 	 0.12626899653893828
1.061021997892194 	 0.1256881934896428
1.0620219978921939 	 0.12513597152556089
1.0630219978921938 	 0.12461062866531002
1.0640219978921936 	 0.12411061873243993
1.0650219978921935 	 0.12363450966780805
1.0660219978921934 	 0.12318097142365975
1.0670219978921933 	 0.12274876846364251
1.0680219978921932 	 0.12233675206989048
1.069021997892193 	 0.12194385320102803
1.070021997892193 	 0.12156907599940678
1.0710219978921929 	 0.12121149184221408
1.0720219978921928 	 0.12087023397491974
1.0730219978921927 	 0.12054449259884013
1.0740219978921925 	 0.12023351041495776
1.0750219978921924 	 0.1199365785629106
1.0760219978921923 	 0.11965303291796366
1.0770219978921922 	 0.11938225072020557
1.078021997892192 	 0.11912364748095702
1.079021997892192 	 0.11887667417013799
1.0800219978921919 	 0.1186408146333003
1.0810219978921918 	 0.1184155832351427
1.0820219978921917 	 0.11820052268358726
1.0830219978921916 	 0.11799520204635601
1.0840219978921914 	 0.11779921492914502
1.0850219978921913 	 0.11761217778314656
1.0860219978921912 	 0.11743372837678798
1.0870219978921911 	 0.11726352435656698
1.088021997892191 	 0.11710124193537354
1.089021997892191 	 0.11694657468612904
1.0900219978921908 	 0.11679923242172938
1.0910219978921907 	 0.11665894015232688
1.0920219978921906 	 0.11652543712830946
1.0930219978921905 	 0.11639847595053589
1.0940219978921903 	 0.1162778217643386
1.0950219978921902 	 0.11616325146440923
1.0960219978921901 	 0.11605455300965395
1.09702199789219 	 0.11595152475212399
1.09802199789219 	 0.11585397484786869
1.0990219978921898 	 0.11576172056616839
1.1000219978921897 	 0.11567458821498272
1.1010219978921896 	 0.11559241098277684
1.1020219978921895 	 0.11551497903058086
1.1030219978921894 	 0.11544216235218757
1.1040219978921892 	 0.11537385048486011
1.1050219978921891 	 0.11530992904653117
1.106021997892189 	 0.11525027996532324
1.107021997892189 	 0.11519478171659873
1.1080219978921888 	 0.11514330951920604
1.1090219978921887 	 0.11509573553570294
1.1100219978921886 	 0.11505192905873889
1.1110219978921885 	 0.1150117566699648
1.1120219978921884 	 0.1149750946939024
1.1130219978921883 	 0.1149418630816706
1.1140219978921881 	 0.11491199039675046
1.115021997892188 	 0.11488540316560228
1.116021997892188 	 0.11486202601224733
1.1170219978921878 	 0.11484178173526616
1.1180219978921877 	 0.114824591428972
1.1190219978921876 	 0.11481037457325867
1.1200219978921875 	 0.11479904910995874
1.1210219978921874 	 0.11479053154716672
1.1220219978921873 	 0.11478474368251693
1.1230219978921872 	 0.1147816310538414
1.124021997892187 	 0.11478114383811541
1.125021997892187 	 0.11478323110216157
1.1260219978921868 	 0.11478784082882139
1.1270219978921867 	 0.1147949199927502
1.1280219978921866 	 0.11480441459513012
1.1290219978921865 	 0.11481626973396747
1.1300219978921864 	 0.11483042961836722
1.1310219978921863 	 0.11484683765044403
1.1320219978921862 	 0.11486544066365066
1.133021997892186 	 0.11488620063398557
1.134021997892186 	 0.11490908253965641
1.1350219978921858 	 0.11493390155876787
1.1360219978921857 	 0.11496092629450777
1.1370219978921856 	 0.11498996384722983
1.1380219978921855 	 0.1150209767316784
1.1390219978921854 	 0.11505392690974209
1.1400219978921853 	 0.11508877583495475
1.1410219978921852 	 0.11512548444445364
1.142021997892185 	 0.11516401586322801
1.143021997892185 	 0.11520434265177198
1.1440219978921848 	 0.11524643926702335
1.1450219978921847 	 0.11529027974759001
1.1460219978921846 	 0.11533583775376384
1.1470219978921845 	 0.11538308655256369
1.1480219978921844 	 0.11543199906777953
1.1490219978921843 	 0.1154825478807011
1.1500219978921842 	 0.11553470522938253
1.151021997892184 	 0.11558844305718449
1.152021997892184 	 0.11564373470699672
1.1530219978921838 	 0.11570055965810175
1.1540219978921837 	 0.11575889860728795
1.1550219978921836 	 0.11581873199765035
1.1560219978921835 	 0.1158800400142584
1.1570219978921834 	 0.11594280259411997
1.1580219978921833 	 0.11600699945537726
1.1590219978921832 	 0.11607261007402833
1.160021997892183 	 0.11613961373080721
1.161021997892183 	 0.1162079894874123
1.1620219978921829 	 0.11627771730628955
1.1630219978921827 	 0.11634878105682404
1.1640219978921826 	 0.11642116537065891
1.1650219978921825 	 0.11649485471899422
1.1660219978921824 	 0.1165698333846809
1.1670219978921823 	 0.11664608550332113
1.1680219978921822 	 0.11672359505420628
1.169021997892182 	 0.11680234585044262
1.170021997892182 	 0.11688232157968616
1.1710219978921819 	 0.11696350577660193
1.1720219978921818 	 0.11704588251509215
1.1730219978921816 	 0.11712943821807814
1.1740219978921815 	 0.11721415977379349
1.1750219978921814 	 0.11730003395145039
1.1760219978921813 	 0.11738704738800093
1.1770219978921812 	 0.11747518662745668
1.178021997892181 	 0.11756443809182943
1.179021997892181 	 0.11765478810428275
1.1800219978921809 	 0.11774622289303303
1.1810219978921808 	 0.11783872857740668
1.1820219978921807 	 0.11793229153609083
1.1830219978921805 	 0.11802689932500826
1.1840219978921804 	 0.11812253917067221
1.1850219978921803 	 0.11821919931160908
1.1860219978921802 	 0.11831686654093983
1.18702199789218 	 0.1184155288297153
1.18802199789218 	 0.11851517400223609
1.1890219978921799 	 0.1186157894196656
1.1900219978921798 	 0.11871736238180239
1.1910219978921797 	 0.11881988011159322
1.1920219978921796 	 0.11892332984814763
1.1930219978921794 	 0.11902769904143334
1.1940219978921793 	 0.11913297512783289
1.1950219978921792 	 0.11923914550091368
1.1960219978921791 	 0.11934619749579502
1.197021997892179 	 0.11945411838373969
1.198021997892179 	 0.11956289539237785
1.1990219978921788 	 0.11967251568944648
1.2000219978921787 	 0.11978296640453537
1.2010219978921786 	 0.1198942346148097
1.2020219978921785 	 0.12000630717676111
1.2030219978921783 	 0.12011917027732405
1.2040219978921782 	 0.12023280991546881
1.2050219978921781 	 0.12034721203417202
1.206021997892178 	 0.12046236255852091
1.207021997892178 	 0.12057824736075504
1.2080219978921778 	 0.1206948522908747
1.2090219978921777 	 0.12081216315995738
1.2100219978921776 	 0.1209301657412539
1.2110219978921775 	 0.12104884578636296
1.2120219978921773 	 0.12116818861187051
1.2130219978921772 	 0.12128817796474521
1.2140219978921771 	 0.12140879722677343
1.215021997892177 	 0.12153002975470409
1.216021997892177 	 0.1216518588737568
1.2170219978921768 	 0.12177426789758974
1.2180219978921767 	 0.12189724011063442
1.2190219978921766 	 0.12202075878783282
1.2200219978921765 	 0.1221448071883568
1.2210219978921764 	 0.12226936853768129
1.2220219978921762 	 0.12239442540842034
1.2230219978921761 	 0.1225199579116704
1.224021997892176 	 0.12264594556679614
1.225021997892176 	 0.12277236789042106
1.2260219978921758 	 0.12289920439719348
1.2270219978921757 	 0.1230264345813608
1.2280219978921756 	 0.12315403794268712
1.2290219978921755 	 0.1232819939761231
1.2300219978921754 	 0.12341028216100618
1.2310219978921753 	 0.12353888198845307
1.2320219978921751 	 0.12366777201878819
1.233021997892175 	 0.1237969274075414
1.234021997892175 	 0.12392632251189677
1.2350219978921748 	 0.12405593169526037
1.2360219978921747 	 0.12418572932776746
1.2370219978921746 	 0.12431568978640525
1.2380219978921745 	 0.12444578745623293
1.2390219978921744 	 0.12457599673116856
1.2400219978921743 	 0.12470629201457041
1.2410219978921742 	 0.12483664771953785
1.242021997892174 	 0.12496703708779296
1.243021997892174 	 0.12509742895246498
1.2440219978921738 	 0.1252277911314431
1.2450219978921737 	 0.12535809146355528
1.2460219978921736 	 0.12548829780874507
1.2470219978921735 	 0.12561837804772708
1.2480219978921734 	 0.1257483000831666
1.2490219978921733 	 0.12587803184026974
1.2500219978921732 	 0.1260075412670939
1.251021997892173 	 0.12613679633447555
1.252021997892173 	 0.1262657635943482
1.2530219978921728 	 0.12639440422685083
1.2540219978921727 	 0.12652267819147192
1.2550219978921726 	 0.12665054547462162
1.2560219978921725 	 0.1267779661001862
1.2570219978921724 	 0.126904900125818
1.2580219978921723 	 0.12703130764404985
1.2590219978921722 	 0.12715714878259388
1.260021997892172 	 0.12728238370425685
1.261021997892172 	 0.12740697260633255
1.2620219978921718 	 0.12753087406232996
1.2630219978921717 	 0.12765404047995652
1.2640219978921716 	 0.12777642286098434
1.2650219978921715 	 0.12789797225387262
1.2660219978921714 	 0.1280186397527733
1.2670219978921713 	 0.12813837649552143
1.2680219978921712 	 0.12825713366463362
1.269021997892171 	 0.1283748624871569
1.270021997892171 	 0.12849151423397814
1.2710219978921709 	 0.12860704021840585
1.2720219978921707 	 0.12872139002775038
1.2730219978921706 	 0.12883450668217558
1.2740219978921705 	 0.12894633170686354
1.2750219978921704 	 0.12905680667939362
1.2760219978921703 	 0.1291658732277008
1.2770219978921702 	 0.1292734730265999
1.27802199789217 	 0.12937954779858704
1.27902199789217 	 0.12948403931301428
1.2800219978921699 	 0.1295868893845054
1.2810219978921698 	 0.12968803987034694
1.2820219978921696 	 0.12978743099813084
1.2830219978921695 	 0.12988499674198226
1.2840219978921694 	 0.12998066967853966
1.2850219978921693 	 0.1300743824244096
1.2860219978921692 	 0.1301660676400308
1.287021997892169 	 0.13025565802412417
1.288021997892169 	 0.1303430863143039
1.2890219978921689 	 0.1304282852853648
1.2900219978921688 	 0.13051118768720807
1.2910219978921686 	 0.13059172612027314
1.2920219978921685 	 0.1306698321534842
1.2930219978921684 	 0.13074543267113192
1.2940219978921683 	 0.13081845347785137
1.2950219978921682 	 0.13088882040482838
1.296021997892168 	 0.1309564593037743
1.297021997892168 	 0.13102129603888463
1.2980219978921679 	 0.13108325648767769
1.2990219978921678 	 0.13114226647789398
1.3000219978921677 	 0.1311982513962504
1.3010219978921675 	 0.13125113701486818
1.3020219978921674 	 0.13130084880763682
1.3030219978921673 	 0.1313473107359693
1.3040219978921672 	 0.13139044639925376
1.305021997892167 	 0.13143017938226403
1.306021997892167 	 0.13146643324834184
1.3070219978921669 	 0.13149913152665946
1.3080219978921668 	 0.1315281977150003
1.3090219978921667 	 0.1315535552760655
1.3100219978921666 	 0.13157512763191037
1.3110219978921664 	 0.13159283815592238
1.3120219978921663 	 0.1316066111720772
1.3130219978921662 	 0.1316163747378404
1.3140219978921661 	 0.13162205773279623
1.315021997892166 	 0.13162358896527404
1.316021997892166 	 0.13162089716270123
1.3170219978921658 	 0.13161391095635241
1.3180219978921657 	 0.13160255888612116
1.3190219978921656 	 0.13158676939823952
1.3200219978921655 	 0.13156647083970385
1.3210219978921653 	 0.13154159144734273
1.3220219978921652 	 0.13151206230601575
1.3230219978921651 	 0.13147782552293383
1.324021997892165 	 0.13143882568744328
1.325021997892165 	 0.13139500725919492
1.3260219978921648 	 0.13134631455741852
1.3270219978921647 	 0.1312926917411703
1.3280219978921646 	 0.13123408281563698
1.3290219978921645 	 0.13117043165838138
1.3300219978921644 	 0.13110168197671657
1.3310219978921642 	 0.13102772217045802
1.3320219978921641 	 0.1309483816805642
1.333021997892164 	 0.13086369927931896
1.334021997892164 	 0.13077366764600507
1.3350219978921638 	 0.13067826842883282
1.3360219978921637 	 0.13057747914442905
1.3370219978921636 	 0.13047127520435003
1.3380219978921635 	 0.13035963070743295
1.3390219978921634 	 0.13024251886721733
1.3400219978921633 	 0.1301199122426874
1.3410219978921631 	 0.12999178286872368
1.342021997892163 	 0.1298581098275712
1.343021997892163 	 0.12971889997512606
1.3440219978921628 	 0.12957416646317718
1.3450219978921627 	 0.12942392219817386
1.3460219978921626 	 0.12926817985755806
1.3470219978921625 	 0.12910695187403537
1.3480219978921624 	 0.1289402505049278
1.3490219978921623 	 0.1287680878667007
1.3500219978921622 	 0.12859047595588635
1.351021997892162 	 0.1284074266486392
1.352021997892162 	 0.12821896066001973
1.3530219978921618 	 0.1280251323144834
1.3540219978921617 	 0.12782600381974124
1.3550219978921616 	 0.12762163741560012
1.3560219978921615 	 0.12741209537134807
1.3570219978921614 	 0.12719743994424593
1.3580219978921613 	 0.12697773347729524
1.3590219978921612 	 0.1267530384511889
1.360021997892161 	 0.1265234175104538
1.361021997892161 	 0.1262889334632263
1.3620219978921608 	 0.12604965829392123
1.3630219978921607 	 0.12580569821269666
1.3640219978921606 	 0.1255571677337839
1.3650219978921605 	 0.1253041817712061
1.3660219978921604 	 0.12504685563692536
1.3670219978921603 	 0.124785304976621
1.3680219978921602 	 0.12451964592506039
1.36902199789216 	 0.12424999518723283
1.37002199789216 	 0.12397647008119093
1.3710219978921598 	 0.12369918854172697
1.3720219978921597 	 0.12341827643900104
1.3730219978921596 	 0.12313388807772949
1.3740219978921595 	 0.12284618510930521
1.3750219978921594 	 0.12255533010669786
1.3760219978921593 	 0.12226148657113217
1.3770219978921592 	 0.12196481886599861
1.378021997892159 	 0.12166549238826403
1.379021997892159 	 0.12136367364997604
1.3800219978921588 	 0.1210595303228185
1.3810219978921587 	 0.1207532312486028
1.3820219978921586 	 0.12044495056991511
1.3830219978921585 	 0.12013487928468641
1.3840219978921584 	 0.11982321337924125
1.3850219978921583 	 0.11951015011445193
1.3860219978921582 	 0.11919588814512748
1.387021997892158 	 0.11888062743879356
1.388021997892158 	 0.11856456926770442
1.3890219978921579 	 0.11824791616884545
1.3900219978921577 	 0.11793087189009495
1.3910219978921576 	 0.11761364134528929
1.3920219978921575 	 0.11729643075486715
1.3930219978921574 	 0.11697944790009178
1.3940219978921573 	 0.11666290150394198
1.3950219978921572 	 0.11634700093508032
1.396021997892157 	 0.11603195606126371
1.397021997892157 	 0.11571797713815243
1.3980219978921569 	 0.1154052744922326
1.3990219978921568 	 0.11509405824949352
1.4000219978921566 	 0.11478453807827049
1.4010219978921565 	 0.11447692293810821
1.4020219978921564 	 0.11417141727878803
1.4030219978921563 	 0.11386821083677577
1.4040219978921562 	 0.11356748859111236
1.405021997892156 	 0.11326943362327561
1.406021997892156 	 0.11297422685768807
1.4070219978921559 	 0.11268204684212728
1.4080219978921558 	 0.11239306949860374
1.4090219978921557 	 0.11210746792780327
1.4100219978921555 	 0.11182541226199835
1.4110219978921554 	 0.11154706954412476
1.4120219978921553 	 0.11127259750341503
1.4130219978921552 	 0.11100212743664419
1.414021997892155 	 0.11073578209177645
1.415021997892155 	 0.11047368120045561
1.4160219978921549 	 0.11021594162579013
1.4170219978921548 	 0.10996267755024969
1.4180219978921547 	 0.10971400074264213
1.4190219978921546 	 0.1094700208492388
1.4200219978921544 	 0.1092308457093422
1.4210219978921543 	 0.10899658167111587
1.4220219978921542 	 0.10876732655031719
1.4230219978921541 	 0.10854314986789146
1.424021997892154 	 0.10832411426098719
1.425021997892154 	 0.10811028226027843
1.4260219978921538 	 0.10790171659353288
1.4270219978921537 	 0.10769848043940797
1.4280219978921536 	 0.10750063774424477
1.4290219978921535 	 0.10730825347023536
1.4300219978921533 	 0.10712139379496077
1.4310219978921532 	 0.10694012625124102
1.4320219978921531 	 0.10676451268574894
1.433021997892153 	 0.10659458970564618
1.434021997892153 	 0.1064303893678262
1.4350219978921528 	 0.10627194535383903
1.4360219978921527 	 0.10611929296523762
1.4370219978921526 	 0.10597246902797948
1.4380219978921525 	 0.10583151190078578
1.4390219978921523 	 0.10569646141471882
1.4400219978921522 	 0.10556735878034972
1.4410219978921521 	 0.10544424645831235
1.442021997892152 	 0.10532716192318595
1.443021997892152 	 0.10521612099181316
1.4440219978921518 	 0.1051111351011717
1.4450219978921517 	 0.10501221649359621
1.4460219978921516 	 0.10491937807234421
1.4470219978921515 	 0.10483263321420405
1.4480219978921514 	 0.10475199572131111
1.4490219978921512 	 0.10467747973216514
1.4500219978921511 	 0.1046090996121154
1.451021997892151 	 0.10454686982836943
1.452021997892151 	 0.10449080014898429
1.4530219978921508 	 0.10444088290765349
1.4540219978921507 	 0.10439710627204414
1.4550219978921506 	 0.1043594582412851
1.4560219978921505 	 0.10432792655274348
1.4570219978921504 	 0.10430249855048015
1.4580219978921503 	 0.10428316121395693
1.4590219978921501 	 0.10426990113608078
1.46002199789215 	 0.10426270448559295
1.46102199789215 	 0.10426155694762564
1.4620219978921498 	 0.1042664403250623
1.4630219978921497 	 0.10427732350341344
1.4640219978921496 	 0.10429417196723736
1.4650219978921495 	 0.10431695069068349
1.4660219978921494 	 0.10434562408286957
1.4670219978921493 	 0.10438015586292027
1.4680219978921492 	 0.10442050917674117
1.469021997892149 	 0.10446664662913618
1.470021997892149 	 0.1045185302822981
1.4710219978921488 	 0.10457612164458895
1.4720219978921487 	 0.10463937931103316
1.4730219978921486 	 0.10470825261636464
1.4740219978921485 	 0.10478268835690101
1.4750219978921484 	 0.10486263284355063
1.4760219978921483 	 0.10494803186599101
1.4770219978921482 	 0.10503883057994615
1.478021997892148 	 0.10513497364574102
1.479021997892148 	 0.10523640531540586
1.4800219978921478 	 0.1053430692954228
1.4810219978921477 	 0.10545490895987802
1.4820219978921476 	 0.10557186535284692
1.4830219978921475 	 0.10569387235474668
1.4840219978921474 	 0.10582086191270589
1.4850219978921473 	 0.10595276563942674
1.4860219978921472 	 0.10608951478624701
1.487021997892147 	 0.10623104014466465
1.488021997892147 	 0.10637727217821034
1.4890219978921468 	 0.10652814107241158
1.4900219978921467 	 0.10668357674870615
1.4910219978921466 	 0.10684350886285385
1.4920219978921465 	 0.10700786503492006
1.4930219978921464 	 0.10717656614167004
1.4940219978921463 	 0.10734953136366678
1.4950219978921462 	 0.10752667972938038
1.496021997892146 	 0.10770793009341706
1.497021997892146 	 0.1078932010512206
1.4980219978921459 	 0.1080824110571982
1.4990219978921457 	 0.10827547847040278
1.5000219978921456 	 0.10847232156823035
1.5010219978921455 	 0.10867285854075381
1.5020219978921454 	 0.10887700536028071
1.5030219978921453 	 0.1090846701296016
1.5040219978921452 	 0.10929575912069116
1.505021997892145 	 0.10951017871866647
1.506021997892145 	 0.10972783527809823
1.5070219978921449 	 0.10994863517682629
1.5080219978921447 	 0.1101724848613981
1.5090219978921446 	 0.11039929087597991
1.5100219978921445 	 0.11062895987742885
1.5110219978921444 	 0.11086139863719992
1.5120219978921443 	 0.11109651125162077
1.5130219978921442 	 0.1113341915945293
1.514021997892144 	 0.11157433134993737
1.515021997892144 	 0.11181682246530864
1.5160219978921439 	 0.11206155716508533
1.5170219978921438 	 0.11230842796300863
1.5180219978921436 	 0.11255732767780473
1.5190219978921435 	 0.11280814944756004
1.5200219978921434 	 0.1130607867435003
1.5210219978921433 	 0.11331513329003477
1.5220219978921432 	 0.11357107933626084
1.523021997892143 	 0.11382850203023677
1.524021997892143 	 0.11408727580977032
1.5250219978921429 	 0.11434727558448095
1.5260219978921428 	 0.11460836678212262
1.5270219978921427 	 0.11487041867903557
1.5280219978921425 	 0.11513330740587199
1.5290219978921424 	 0.1153969096634767
1.5300219978921423 	 0.1156611024393552
1.5310219978921422 	 0.11592576350949264
1.532021997892142 	 0.11619076693855909
1.533021997892142 	 0.11645597001719986
1.5340219978921419 	 0.11672122675345517
1.5350219978921418 	 0.1169863919797574
1.5360219978921417 	 0.11725132147096864
1.5370219978921416 	 0.1175158721565867
1.5380219978921414 	 0.1177799019379376
1.5390219978921413 	 0.11804326963235641
1.5400219978921412 	 0.11830583499843556
1.5410219978921411 	 0.11856745886904232
1.542021997892141 	 0.1188279979693927
1.543021997892141 	 0.11908728958427042
1.5440219978921408 	 0.11934516740766435
1.5450219978921407 	 0.1196014664168175
1.5460219978921406 	 0.11985602305104529
1.5470219978921405 	 0.12010867564878965
1.5480219978921403 	 0.12035926406486722
1.5490219978921402 	 0.12060762958170214
1.5500219978921401 	 0.12085361495152519
1.55102199789214 	 0.12109706463126053
1.55202199789214 	 0.12133781947499657
1.5530219978921398 	 0.12157570019095845
1.5540219978921397 	 0.1218105242263922
1.5550219978921396 	 0.12204211097292042
1.5560219978921395 	 0.12227028207811667
1.5570219978921394 	 0.12249486215252861
1.5580219978921392 	 0.12271567817410693
1.5590219978921391 	 0.12293255932977476
1.560021997892139 	 0.12314533710265703
1.561021997892139 	 0.12335384561997081
1.5620219978921388 	 0.12355791715142524
1.5630219978921387 	 0.12375736664088409
1.5640219978921386 	 0.12395200706279352
1.5650219978921385 	 0.12414165417776023
1.5660219978921384 	 0.12432612689719577
1.5670219978921383 	 0.12450524815928464
1.5680219978921381 	 0.1246785419937639
1.569021997892138 	 0.1248455827252347
1.570021997892138 	 0.125006420584253
1.5710219978921378 	 0.12516094421110985
1.5720219978921377 	 0.12530901239100667
1.5730219978921376 	 0.12545045970656718
1.5740219978921375 	 0.1255851111146944
1.5750219978921374 	 0.12571278592127222
1.5760219978921373 	 0.1258332973727162
1.5770219978921372 	 0.12594645180735028
1.578021997892137 	 0.12605204429749184
1.579021997892137 	 0.12614985412833288
1.5800219978921368 	 0.1262396394657429
1.5810219978921367 	 0.12632113138035733
1.5820219978921366 	 0.12639402740747321
1.5830219978921365 	 0.12645798140258394
1.5840219978921364 	 0.12651259592571906
1.5850219978921363 	 0.1265574157454007
1.5860219978921362 	 0.12659192478836348
1.587021997892136 	 0.1266155494787305
1.588021997892136 	 0.12662766776513884
1.5890219978921358 	 0.12662763008265593
1.5900219978921357 	 0.126614792869084
1.5910219978921356 	 0.12658856373594904
1.5920219978921355 	 0.12654845834920794
1.5930219978921354 	 0.12649416094398405
1.5940219978921353 	 0.12642554784858584
1.5950219978921352 	 0.12634269844503826
1.596021997892135 	 0.12624588259868383
1.597021997892135 	 0.12613552214255608
1.5980219978921348 	 0.12601213130196265
1.5990219978921347 	 0.12587625130845917
1.6000219978921346 	 0.1257283912245853
1.6010219978921345 	 0.12556898364796565
1.6020219978921344 	 0.12539836966055884
1.6030219978921343 	 0.12521681685045621
1.6040219978921342 	 0.12502449511603483
1.605021997892134 	 0.12482148163676446
1.606021997892134 	 0.1246077791598833
1.6070219978921338 	 0.12438333517177881
1.6080219978921337 	 0.1241480582636433
1.6090219978921336 	 0.12390183237357452
1.6100219978921335 	 0.12364452794471265
1.6110219978921334 	 0.12337601064818259
1.6120219978921333 	 0.1230961628993965
1.6130219978921332 	 0.12280492899682506
1.614021997892133 	 0.12250227414894992
1.615021997892133 	 0.12218817274878443
1.6160219978921329 	 0.12186260918589378
1.6170219978921327 	 0.12152557770853241
1.6180219978921326 	 0.12117708292720812
1.6190219978921325 	 0.12081713929704903
1.6200219978921324 	 0.12044577071287456
1.6210219978921323 	 0.12006300989489659
1.6220219978921322 	 0.11966891534764341
1.623021997892132 	 0.11926362103154903
1.624021997892132 	 0.11884728389156463
1.6250219978921319 	 0.11842006760780917
1.6260219978921318 	 0.11798214175104337
1.6270219978921316 	 0.11753368050064317
1.6280219978921315 	 0.11707486326007424
1.6290219978921314 	 0.11660587456305913
1.6300219978921313 	 0.11612690375380852
1.6310219978921312 	 0.11563814407935029
1.632021997892131 	 0.11513980890686829
1.633021997892131 	 0.1146321814566222
1.6340219978921309 	 0.11411556365838264
1.6350219978921308 	 0.11359026003635242
1.6360219978921307 	 0.11305657678173628
1.6370219978921305 	 0.11251481973862061
1.6380219978921304 	 0.1119652955536002
1.6390219978921303 	 0.11140831172239099
1.6400219978921302 	 0.11084417594988112
1.64102199789213 	 0.11027319501679689
1.64202199789213 	 0.10969568653376104
1.6430219978921299 	 0.10911201890790206
1.6440219978921298 	 0.10852257062879216
1.6450219978921297 	 0.10792771716123016
1.6460219978921296 	 0.10732782967005379
1.6470219978921294 	 0.10672327251823838
1.6480219978921293 	 0.10611440442474174
1.6490219978921292 	 0.10550157821784438
1.650021997892129 	 0.10488514002531162
1.651021997892129 	 0.1042654279674846
1.652021997892129 	 0.10364277770999442
1.6530219978921288 	 0.10301754549910787
1.6540219978921287 	 0.10239008496570139
1.6550219978921286 	 0.10176073948549116
1.6560219978921285 	 0.10112984095663831
1.6570219978921283 	 0.10049770772572944
1.6580219978921282 	 0.09986464564046069
1.6590219978921281 	 0.09923094793034361
1.660021997892128 	 0.09859689480117034
1.661021997892128 	 0.09796275266128643
1.6620219978921278 	 0.09732877343734983
1.6630219978921277 	 0.0966951992783916
1.6640219978921276 	 0.09606225922143127
1.6650219978921275 	 0.09543016822438216
1.6660219978921273 	 0.09479912686792176
1.6670219978921272 	 0.09416932057412886
1.6680219978921271 	 0.0935409208670942
1.669021997892127 	 0.09291408602241223
1.670021997892127 	 0.09228896151074105
1.6710219978921268 	 0.09166568029534759
1.6720219978921267 	 0.09104435801631959
1.6730219978921266 	 0.09042508121432687
1.6740219978921265 	 0.08980792199909486
1.6750219978921264 	 0.08919294310534452
1.6760219978921262 	 0.08858019867860827
1.6770219978921261 	 0.08796973486717946
1.678021997892126 	 0.08736159130644981
1.679021997892126 	 0.08675580233774992
1.6800219978921258 	 0.08615239810303583
1.6810219978921257 	 0.0855514056291021
1.6820219978921256 	 0.08495284098651491
1.6830219978921255 	 0.0843566863747293
1.6840219978921254 	 0.08376291621544979
1.6850219978921253 	 0.08317150587644143
1.6860219978921251 	 0.08258243270223856
1.687021997892125 	 0.0819956770059577
1.688021997892125 	 0.08141122300428903
1.6890219978921248 	 0.08082905970045452
1.6900219978921247 	 0.08024918170817621
1.6910219978921246 	 0.07967159006471931
1.6920219978921245 	 0.07909628250960804
1.6930219978921244 	 0.07852322476333752
1.6940219978921243 	 0.07795238095977343
1.6950219978921242 	 0.07738372331660037
1.696021997892124 	 0.0768172326214805
1.697021997892124 	 0.07625289880540075
1.6980219978921238 	 0.07569072094166597
1.6990219978921237 	 0.07513070736950596
1.7000219978921236 	 0.07457287583944396
1.7010219978921235 	 0.07401725371727294
1.7020219978921234 	 0.07346386785627254
1.7030219978921233 	 0.07291271528926449
1.7040219978921232 	 0.07236379274981478
1.705021997892123 	 0.0718171057058711
1.706021997892123 	 0.07127266841158252
1.7070219978921228 	 0.07073050386404198
1.7080219978921227 	 0.07019064358040854
1.7090219978921226 	 0.06965312706846659
1.7100219978921225 	 0.06911800165224963
1.7110219978921224 	 0.06858532236386543
1.7120219978921223 	 0.06805514288409562
1.7130219978921222 	 0.0675274895897126
1.714021997892122 	 0.06700238711395858
1.715021997892122 	 0.066479866057754
1.7160219978921218 	 0.06595996284423002
1.7170219978921217 	 0.06544271978440974
1.7180219978921216 	 0.06492818444475953
1.7190219978921215 	 0.06441640927445008
1.7200219978921214 	 0.06390745134758616
1.7210219978921213 	 0.06340137220165157
1.7220219978921212 	 0.06289823076064312
1.723021997892121 	 0.062398062578300786
1.724021997892121 	 0.06190090014238828
1.7250219978921209 	 0.06140677894619984
1.7260219978921207 	 0.06091573738377032
1.7270219978921206 	 0.0604278168314473
1.7280219978921205 	 0.05994306115084234
1.7290219978921204 	 0.0594615164008964
1.7300219978921203 	 0.05898323068469051
1.7310219978921202 	 0.05850825406496893
1.73202199789212 	 0.05803663342383407
1.73302199789212 	 0.05756839756825596
1.7340219978921199 	 0.057103571870574736
1.7350219978921197 	 0.056642182709931925
1.7360219978921196 	 0.05618425743281682
1.7370219978921195 	 0.055677945451060806
1.7380219978921194 	 0.05512571122079947
1.7390219978921193 	 0.054579648866943116
1.7400219978921192 	 0.054039744312446944
1.741021997892119 	 0.05350598347997392
1.742021997892119 	 0.052978348692959726
1.7430219978921189 	 0.05245680879747113
1.7440219978921188 	 0.05194132948503868
1.7450219978921186 	 0.05143187644665991
1.7460219978921185 	 0.05092841537279976
1.7470219978921184 	 0.050430911953391076
1.7480219978921183 	 0.04993933187783508
1.7490219978921182 	 0.0494536408350018
1.750021997892118 	 0.04897380451323057
1.751021997892118 	 0.04849978860031032
1.7520219978921179 	 0.04803155674766034
1.7530219978921178 	 0.04756906498253587
1.7540219978921177 	 0.04711226754737394
1.7550219978921175 	 0.04666111868392742
1.7560219978921174 	 0.04621557263326581
1.7570219978921173 	 0.045775583635775934
1.7580219978921172 	 0.04534110593116258
1.759021997892117 	 0.04491209375844932
1.760021997892117 	 0.04448850135597913
1.7610219978921169 	 0.044070282961406165
1.7620219978921168 	 0.04365739190397891
1.7630219978921167 	 0.04324977811309259
1.7640219978921166 	 0.04284739072189812
1.7650219978921164 	 0.04245017886280041
1.7660219978921163 	 0.042058091667459226
1.7670219978921162 	 0.04167107826678996
1.7680219978921161 	 0.04128908779096448
1.769021997892116 	 0.04091206936941201
1.770021997892116 	 0.04053997213081998
1.7710219978921158 	 0.040172745203133346
1.7720219978921157 	 0.03981033756701709
1.7730219978921156 	 0.03945269765364716
1.7740219978921155 	 0.039099773765028004
1.7750219978921153 	 0.038751514202415356
1.7760219978921152 	 0.03840786726631718
1.7770219978921151 	 0.038068781256494585
1.778021997892115 	 0.03773420447196265
1.779021997892115 	 0.0374040852109913
1.7800219978921148 	 0.03707837177110623
1.7810219978921147 	 0.03675701244909312
1.7820219978921146 	 0.036439955872868066
1.7830219978921145 	 0.036127151912374096
1.7840219978921144 	 0.03581855072767953
1.7850219978921142 	 0.03551410247813796
1.7860219978921141 	 0.035213757322389024
1.787021997892114 	 0.03491746541835927
1.788021997892114 	 0.03462517692326316
1.7890219978921138 	 0.034336841993603734
1.7900219978921137 	 0.034052410785173695
1.7910219978921136 	 0.033771833453062165
1.7920219978921135 	 0.03349506075788084
1.7930219978921134 	 0.03322204572969502
1.7940219978921133 	 0.03295274192918691
1.7950219978921131 	 0.032687102916378004
1.796021997892113 	 0.032425082250630025
1.797021997892113 	 0.03216663349064568
1.7980219978921128 	 0.03191171019446946
1.7990219978921127 	 0.03166026591948853
1.8000219978921126 	 0.03141225422243354
1.8010219978921125 	 0.03116762865938682
1.8020219978921124 	 0.030926343526846808
1.8030219978921123 	 0.030688355895755134
1.8040219978921122 	 0.030453623485902352
1.805021997892112 	 0.03022210401648179
1.806021997892112 	 0.029993755206090388
1.8070219978921118 	 0.02976853477272937
1.8080219978921117 	 0.02954640043380506
1.8090219978921116 	 0.029327309906129615
1.8100219978921115 	 0.02911122090592182
1.8110219978921114 	 0.02889809114881568
1.8120219978921113 	 0.028687879135075128
1.8130219978921112 	 0.028480546304802463
1.814021997892111 	 0.02827605478570689
1.815021997892111 	 0.028074366704966186
1.8160219978921108 	 0.027875444189227362
1.8170219978921107 	 0.027679249364607385
1.8180219978921106 	 0.027485744356693872
1.8190219978921105 	 0.027294891290545745
1.8200219978921104 	 0.027106652290693926
1.8210219978921103 	 0.026920989481149783
1.8220219978921102 	 0.026737865758925634
1.82302199789211 	 0.02655724691714566
1.82402199789211 	 0.02637909942635645
1.8250219978921098 	 0.02620338975663704
1.8260219978921097 	 0.02603008437759947
1.8270219978921096 	 0.02585914975838939
1.8280219978921095 	 0.02569055236768676
1.8290219978921094 	 0.025524258673706345
1.8300219978921093 	 0.025360235144198415
1.8310219978921092 	 0.025198448246456645
1.832021997892109 	 0.02503886517703698
1.833021997892109 	 0.02488145586464457
1.8340219978921088 	 0.024726190877080213
1.8350219978921087 	 0.024573040781736694
1.8360219978921086 	 0.024421976145599315
1.8370219978921085 	 0.024272967535246406
1.8380219978921084 	 0.024125985516849937
1.8390219978921083 	 0.023981000656175963
1.8400219978921082 	 0.02383798351858527
1.841021997892108 	 0.023696904669040536
1.842021997892108 	 0.02355773534145418
1.8430219978921079 	 0.023420449275872304
1.8440219978921077 	 0.023285020798583463
1.8450219978921076 	 0.02315142423552234
1.8460219978921075 	 0.02301963391227016
1.8470219978921074 	 0.022889624154055255
1.8480219978921073 	 0.022761369285753476
1.8490219978921072 	 0.022634843631888668
1.850021997892107 	 0.02251002151663319
1.851021997892107 	 0.02238687726381439
1.8520219978921069 	 0.022265385799143445
1.8530219978921068 	 0.022145524303175547
1.8540219978921066 	 0.02202727048393568
1.8550219978921065 	 0.02191060204914326
1.8560219978921064 	 0.021795496706212558
1.8570219978921063 	 0.021681932162253108
1.8580219978921062 	 0.021569886124070133
1.859021997892106 	 0.021459336298164947
1.860021997892106 	 0.021350260390735388
1.8610219978921059 	 0.021242636107681546
1.8620219978921058 	 0.021136441688967864
1.8630219978921057 	 0.021031657375306434
1.8640219978921055 	 0.020928263875445323
1.8650219978921054 	 0.020826241897869614
1.8660219978921053 	 0.020725572150801785
1.8670219978921052 	 0.020626235342202013
1.868021997892105 	 0.020528212179768603
1.869021997892105 	 0.02043148337093831
1.8700219978921049 	 0.020336029622886713
1.8710219978921048 	 0.020241831642533265
1.8720219978921047 	 0.020148870605832824
1.8730219978921046 	 0.020057129445857542
1.8740219978921044 	 0.01996659150672685
1.8750219978921043 	 0.019877240132334346
1.8760219978921042 	 0.019789058666348117
1.877021997892104 	 0.01970203045221104
1.878021997892104 	 0.019616138833141096
1.879021997892104 	 0.01953136715213169
1.8800219978921038 	 0.01944769875195196
1.8810219978921037 	 0.01936511697515116
1.8820219978921036 	 0.01928360557301224
1.8830219978921034 	 0.019203149828021616
1.8840219978921033 	 0.019123735380866782
1.8850219978921032 	 0.019045347872041565
1.8860219978921031 	 0.01896797294184643
1.887021997892103 	 0.01889159623038873
1.888021997892103 	 0.018816203377582944
1.8890219978921028 	 0.018741780023151012
1.8900219978921027 	 0.01866831180662257
1.8910219978921026 	 0.018595784367338754
1.8920219978921025 	 0.018524183698761028
1.8930219978921023 	 0.018453497120955644
1.8940219978921022 	 0.018383712264328608
1.8950219978921021 	 0.018314816759119997
1.896021997892102 	 0.018246798235404222
1.897021997892102 	 0.018179644323090195
1.8980219978921018 	 0.01811334265192161
1.8990219978921017 	 0.018047880851477165
1.9000219978921016 	 0.017983246551170784
1.9010219978921015 	 0.017919427380254923
1.9020219978921014 	 0.017856411273485917
1.9030219978921012 	 0.017794187310094852
1.9040219978921011 	 0.017732744837046725
1.905021997892101 	 0.017672073201164377
1.906021997892101 	 0.01761216174912871
1.9070219978921008 	 0.017552999827478877
1.9080219978921007 	 0.017494576782612473
1.9090219978921006 	 0.017436881960785775
1.9100219978921005 	 0.0173799047081139
1.9110219978921004 	 0.017323634370573677
1.9120219978921003 	 0.01726806055689349
1.9130219978921001 	 0.01721317386011693
1.9140219978921 	 0.01715896510355469
1.9150219978921 	 0.01710542511039566
1.9160219978920998 	 0.017052544703707127
1.9170219978920997 	 0.017000314706434906
1.9180219978920996 	 0.016948725941403533
1.9190219978920995 	 0.016897769231316445
1.9200219978920994 	 0.01684743539875614
1.9210219978920993 	 0.016797715266186612
1.9220219978920992 	 0.01674859988161464
1.923021997892099 	 0.016700081137970463
1.924021997892099 	 0.016652151125842757
1.9250219978920988 	 0.016604801935715778
1.9260219978920987 	 0.016558025657969502
1.9270219978920986 	 0.016511814382879797
1.9280219978920985 	 0.016466160200618543
1.9290219978920984 	 0.016421055201253792
1.9300219978920983 	 0.016376491474749937
1.9310219978920982 	 0.016332461110969764
1.932021997892098 	 0.016288956393152688
1.933021997892098 	 0.016245970328961423
1.9340219978920978 	 0.016203496095527674
1.9350219978920977 	 0.016161526869893535
1.9360219978920976 	 0.016120055829011663
1.9370219978920975 	 0.016079076149745315
1.9380219978920974 	 0.0160385810088686
1.9390219978920973 	 0.015998563583066498
1.9400219978920972 	 0.01595901704893506
1.941021997892097 	 0.01591993458298316
1.942021997892097 	 0.015881309527440542
1.9430219978920968 	 0.01584313584535717
1.9440219978920967 	 0.015805407645015302
1.9450219978920966 	 0.015768119034620266
1.9460219978920965 	 0.015731264122300512
1.9470219978920964 	 0.01569483701610779
1.9480219978920963 	 0.015658831824017196
1.9490219978920962 	 0.015623242653927323
1.950021997892096 	 0.015588063613660365
1.951021997892096 	 0.015553288810963649
1.9520219978920959 	 0.015518912495614155
1.9530219978920957 	 0.015484929449457894
1.9540219978920956 	 0.015451334578810944
1.9550219978920955 	 0.015418122789923185
1.9560219978920954 	 0.015385288988978403
1.9570219978920953 	 0.015352828082094438
1.9580219978920952 	 0.015320734975323219
1.959021997892095 	 0.01528900457465087
1.960021997892095 	 0.015257631785997856
1.9610219978920949 	 0.015226611515220216
1.9620219978920947 	 0.015195938789958301
1.9630219978920946 	 0.015165609094079097
1.9640219978920945 	 0.015135618018177173
1.9650219978920944 	 0.015105961152790136
1.9660219978920943 	 0.015076634088398688
1.9670219978920942 	 0.015047632415426743
1.968021997892094 	 0.015018951724241458
1.969021997892094 	 0.014990587605153356
1.9700219978920939 	 0.014962535648416413
1.9710219978920938 	 0.014934791444229158
1.9720219978920936 	 0.014907350687300676
1.9730219978920935 	 0.014880209463856618
1.9740219978920934 	 0.014853363951712075
1.9750219978920933 	 0.014826810328633016
1.9760219978920932 	 0.014800544772336357
1.977021997892093 	 0.014774563460490032
1.978021997892093 	 0.014748862570713096
1.9790219978920929 	 0.014723438280575747
1.9800219978920928 	 0.014698286767599428
1.9810219978920927 	 0.01467340420925779
1.9820219978920925 	 0.014648786872802461
1.9830219978920924 	 0.014624431361810932
1.9840219978920923 	 0.014600334358538943
1.9850219978920922 	 0.014576492545199837
1.986021997892092 	 0.014552902603964605
1.987021997892092 	 0.014529561216961973
1.9880219978920919 	 0.014506465066278442
1.9890219978920918 	 0.014483610833958353
1.9900219978920917 	 0.01446099520200397
1.9910219978920916 	 0.014438614852376295
1.9920219978920914 	 0.014416466544259094
1.9930219978920913 	 0.014394547326128306
1.9940219978920912 	 0.01437285431413515
1.9950219978920911 	 0.01435138462439416
1.996021997892091 	 0.01433013537298331
1.997021997892091 	 0.014309103675944
1.9980219978920908 	 0.014288286649281152
1.9990219978920907 	 0.01426768140896325
