0.0010219978922 	 0.0
0.0020219978922 	 0.0
0.0030219978922 	 0.0
0.0040219978922 	 0.0
0.0050219978922 	 0.0
0.0060219978922 	 0.0
0.0070219978922 	 0.0
0.0080219978922 	 0.0
0.009021997892200002 	 0.0
0.010021997892200003 	 0.0
0.011021997892200004 	 0.0
0.012021997892200004 	 0.0
0.013021997892200005 	 0.0
0.014021997892200006 	 0.0
0.015021997892200007 	 0.0
0.016021997892200008 	 0.0
0.01702199789220001 	 0.0
0.01802199789220001 	 0.0
0.01902199789220001 	 0.0
0.02002199789220001 	 0.0
0.021021997892200012 	 0.0
0.022021997892200013 	 0.0
0.023021997892200014 	 0.0
0.024021997892200015 	 0.0
0.025021997892200016 	 0.0
0.026021997892200017 	 0.0
0.027021997892200018 	 0.0
0.02802199789220002 	 0.0
0.02902199789220002 	 0.0
0.03002199789220002 	 0.0
0.03102199789220002 	 0.0
0.03202199789220002 	 0.0
0.03302199789220002 	 0.0
0.03402199789220002 	 0.0
0.03502199789220002 	 0.0
0.03602199789220002 	 0.0
0.03702199789220002 	 0.0
0.038021997892200024 	 0.0
0.039021997892200025 	 0.0
0.040021997892200026 	 0.0
0.04102199789220003 	 0.0
0.04202199789220003 	 0.0
0.04302199789220003 	 0.0
0.04402199789220003 	 0.0
0.04502199789220003 	 0.0
0.04602199789220003 	 0.0
0.04702199789220003 	 0.0
0.04802199789220003 	 0.0
0.049021997892200034 	 0.0
0.050021997892200035 	 0.0
0.051021997892200036 	 0.0
0.052021997892200036 	 0.0
0.05302199789220004 	 0.0
0.05402199789220004 	 0.0
0.05502199789220004 	 0.0
0.05602199789220004 	 0.0
0.05702199789220004 	 0.0
0.05802199789220004 	 0.0
0.05902199789220004 	 0.0
0.060021997892200044 	 0.0
0.061021997892200044 	 0.0
0.062021997892200045 	 0.0
0.06302199789220005 	 0.0
0.06402199789220005 	 0.0
0.06502199789220005 	 0.0
0.06602199789220005 	 0.0
0.06702199789220005 	 0.0
0.06802199789220005 	 0.0
0.06902199789220005 	 0.0
0.07002199789220005 	 0.0
0.07102199789220005 	 0.0
0.07202199789220005 	 0.0
0.07302199789220006 	 0.0
0.07402199789220006 	 0.0
0.07502199789220006 	 0.0
0.07602199789220006 	 0.0
0.07702199789220006 	 0.0
0.07802199789220006 	 0.0
0.07902199789220006 	 0.0
0.08002199789220006 	 0.0
0.08102199789220006 	 0.0
0.08202199789220006 	 0.0
0.08302199789220006 	 0.0
0.08402199789220006 	 0.0
0.08502199789220007 	 0.0
0.08602199789220007 	 0.0
0.08702199789220007 	 0.0
0.08802199789220007 	 0.0
0.08902199789220007 	 0.0
0.09002199789220007 	 0.0
0.09102199789220007 	 0.0
0.09202199789220007 	 0.0
0.09302199789220007 	 0.0
0.09402199789220007 	 0.0
0.09502199789220007 	 0.0
0.09602199789220008 	 0.0
0.09702199789220008 	 0.0
0.09802199789220008 	 0.0
0.09902199789220008 	 0.0
0.10002199789220008 	 0.0
0.10102199789220008 	 0.0
0.10202199789220008 	 0.0
0.10302199789220008 	 0.0
0.10402199789220008 	 0.0
0.10502199789220008 	 0.0
0.10602199789220008 	 0.0
0.10702199789220009 	 0.0
0.10802199789220009 	 0.0
0.10902199789220009 	 0.0
0.11002199789220009 	 0.0
0.11102199789220009 	 0.0
0.11202199789220009 	 0.0
0.11302199789220009 	 0.0
0.11402199789220009 	 0.0
0.11502199789220009 	 0.0
0.1160219978922001 	 0.0
0.1170219978922001 	 0.0
0.1180219978922001 	 0.0
0.1190219978922001 	 0.0
0.1200219978922001 	 0.0
0.1210219978922001 	 0.0
0.1220219978922001 	 0.0
0.1230219978922001 	 0.0
0.1240219978922001 	 0.0
0.1250219978922001 	 0.0
0.1260219978922001 	 0.0
0.1270219978922001 	 0.0
0.1280219978922001 	 0.0
0.1290219978922001 	 0.0
0.1300219978922001 	 0.0
0.1310219978922001 	 0.0
0.1320219978922001 	 0.0
0.1330219978922001 	 0.0
0.1340219978922001 	 0.0
0.1350219978922001 	 0.0
0.1360219978922001 	 0.0
0.1370219978922001 	 0.0
0.1380219978922001 	 0.0
0.1390219978922001 	 0.0
0.1400219978922001 	 0.0
0.1410219978922001 	 0.0
0.1420219978922001 	 0.0
0.1430219978922001 	 0.0
0.1440219978922001 	 0.0
0.1450219978922001 	 0.0
0.1460219978922001 	 0.0
0.1470219978922001 	 0.0
0.1480219978922001 	 0.0
0.1490219978922001 	 0.0
0.1500219978922001 	 0.0
0.1510219978922001 	 0.0
0.1520219978922001 	 0.0
0.1530219978922001 	 0.0
0.1540219978922001 	 0.0
0.15502199789220011 	 0.0
0.15602199789220011 	 0.0
0.15702199789220012 	 0.0
0.15802199789220012 	 0.0
0.15902199789220012 	 0.0
0.16002199789220012 	 0.0
0.16102199789220012 	 0.0
0.16202199789220012 	 0.0
0.16302199789220012 	 0.0
0.16402199789220012 	 0.0
0.16502199789220012 	 0.0
0.16602199789220012 	 0.0
0.16702199789220012 	 0.0
0.16802199789220013 	 0.0
0.16902199789220013 	 0.0
0.17002199789220013 	 0.0
0.17102199789220013 	 0.0
0.17202199789220013 	 0.0
0.17302199789220013 	 0.0
0.17402199789220013 	 0.0
0.17502199789220013 	 0.0
0.17602199789220013 	 0.0
0.17702199789220013 	 0.0
0.17802199789220013 	 0.0
0.17902199789220014 	 0.0
0.18002199789220014 	 0.0
0.18102199789220014 	 0.0
0.18202199789220014 	 0.0
0.18302199789220014 	 0.0
0.18402199789220014 	 0.0
0.18502199789220014 	 0.0
0.18602199789220014 	 0.0
0.18702199789220014 	 0.0
0.18802199789220014 	 0.0
0.18902199789220014 	 0.0
0.19002199789220015 	 0.0
0.19102199789220015 	 0.0
0.19202199789220015 	 0.0
0.19302199789220015 	 0.0
0.19402199789220015 	 0.0
0.19502199789220015 	 0.0
0.19602199789220015 	 0.0
0.19702199789220015 	 0.0
0.19802199789220015 	 0.0
0.19902199789220015 	 0.0
0.20002199789220015 	 0.0
0.20102199789220015 	 0.0
0.20202199789220016 	 0.0
0.20302199789220016 	 0.0
0.20402199789220016 	 0.0
0.20502199789220016 	 0.0
0.20602199789220016 	 0.0
0.20702199789220016 	 0.0
0.20802199789220016 	 0.0
0.20902199789220016 	 0.0
0.21002199789220016 	 0.0
0.21102199789220016 	 0.0
0.21202199789220016 	 0.0
0.21302199789220017 	 0.0
0.21402199789220017 	 0.0
0.21502199789220017 	 0.0
0.21602199789220017 	 0.0
0.21702199789220017 	 0.0
0.21802199789220017 	 0.0
0.21902199789220017 	 0.0
0.22002199789220017 	 0.0
0.22102199789220017 	 0.0
0.22202199789220017 	 0.0
0.22302199789220017 	 0.0
0.22402199789220018 	 0.0
0.22502199789220018 	 0.0
0.22602199789220018 	 0.0
0.22702199789220018 	 0.0
0.22802199789220018 	 0.0
0.22902199789220018 	 0.0
0.23002199789220018 	 0.0
0.23102199789220018 	 0.0
0.23202199789220018 	 0.0
0.23302199789220018 	 0.0
0.23402199789220018 	 0.0
0.23502199789220019 	 0.0
0.23602199789220019 	 0.0
0.2370219978922002 	 0.0
0.2380219978922002 	 0.0
0.2390219978922002 	 0.0
0.2400219978922002 	 0.0
0.2410219978922002 	 0.0
0.2420219978922002 	 0.0
0.2430219978922002 	 0.0
0.2440219978922002 	 0.0
0.2450219978922002 	 0.0
0.2460219978922002 	 0.0
0.2470219978922002 	 0.0
0.2480219978922002 	 0.0
0.2490219978922002 	 0.0
0.2500219978922002 	 0.0
0.2510219978922002 	 0.0
0.2520219978922002 	 0.0
0.2530219978922002 	 0.0
0.2540219978922002 	 0.0
0.2550219978922002 	 0.0
0.2560219978922002 	 0.0
0.2570219978922002 	 0.0
0.2580219978922002 	 0.0
0.2590219978922002 	 0.0
0.2600219978922002 	 0.0
0.2610219978922002 	 0.0
0.2620219978922002 	 0.0
0.2630219978922002 	 0.0
0.2640219978922002 	 0.0
0.2650219978922002 	 0.0
0.2660219978922002 	 0.0
0.2670219978922002 	 0.0
0.2680219978922002 	 0.0
0.2690219978922002 	 0.0
0.2700219978922002 	 0.0
0.2710219978922002 	 0.0
0.2720219978922002 	 0.0
0.2730219978922002 	 0.0
0.2740219978922002 	 0.0
0.2750219978922002 	 0.0
0.2760219978922002 	 0.0
0.2770219978922002 	 0.0
0.2780219978922002 	 0.0
0.2790219978922002 	 0.0
0.2800219978922002 	 0.0
0.2810219978922002 	 0.0
0.2820219978922002 	 0.0
0.2830219978922002 	 0.0
0.28402199789220023 	 0.0
0.28502199789220023 	 0.0
0.28602199789220023 	 0.0
0.28702199789220023 	 0.0
0.28802199789220023 	 0.0
0.28902199789220023 	 0.0
0.29002199789220023 	 0.0
0.29102199789220023 	 0.0
0.29202199789220024 	 0.0
0.29302199789220024 	 0.0
0.29402199789220024 	 0.0
0.29502199789220024 	 0.0
0.29602199789220024 	 0.0
0.29702199789220024 	 0.0
0.29802199789220024 	 0.0
0.29902199789220024 	 0.0
0.30002199789220024 	 0.0
0.30102199789220024 	 0.0
0.30202199789220024 	 0.0
0.30302199789220025 	 0.0
0.30402199789220025 	 0.0
0.30502199789220025 	 0.0
0.30602199789220025 	 0.0
0.30702199789220025 	 0.0
0.30802199789220025 	 0.0
0.30902199789220025 	 0.0
0.31002199789220025 	 0.0
0.31102199789220025 	 0.0
0.31202199789220025 	 0.0
0.31302199789220025 	 0.0
0.31402199789220026 	 0.0
0.31502199789220026 	 0.0
0.31602199789220026 	 0.0
0.31702199789220026 	 0.0
0.31802199789220026 	 0.0
0.31902199789220026 	 0.0
0.32002199789220026 	 0.0
0.32102199789220026 	 0.0
0.32202199789220026 	 0.0
0.32302199789220026 	 0.0
0.32402199789220026 	 0.0
0.32502199789220027 	 0.0
0.32602199789220027 	 0.0
0.32702199789220027 	 0.0
0.32802199789220027 	 0.0
0.32902199789220027 	 0.0
0.33002199789220027 	 0.0
0.33102199789220027 	 0.0
0.33202199789220027 	 0.0
0.33302199789220027 	 0.0
0.3340219978922003 	 0.0
0.3350219978922003 	 0.0
0.3360219978922003 	 0.0
0.3370219978922003 	 0.0
0.3380219978922003 	 0.0
0.3390219978922003 	 0.0
0.3400219978922003 	 0.0
0.3410219978922003 	 0.0
0.3420219978922003 	 0.0
0.3430219978922003 	 0.0
0.3440219978922003 	 0.0
0.3450219978922003 	 0.0
0.3460219978922003 	 0.0
0.3470219978922003 	 0.0
0.3480219978922003 	 0.0
0.3490219978922003 	 0.0
0.3500219978922003 	 0.0
0.3510219978922003 	 0.0
0.3520219978922003 	 0.0
0.3530219978922003 	 0.0
0.3540219978922003 	 0.0
0.3550219978922003 	 0.0
0.3560219978922003 	 0.0
0.3570219978922003 	 0.0
0.3580219978922003 	 0.0
0.3590219978922003 	 0.0
0.3600219978922003 	 0.0
0.3610219978922003 	 0.0
0.3620219978922003 	 0.0
0.3630219978922003 	 0.0
0.3640219978922003 	 0.0
0.3650219978922003 	 0.0
0.3660219978922003 	 0.0
0.3670219978922003 	 0.0
0.3680219978922003 	 0.0
0.3690219978922003 	 0.0
0.3700219978922003 	 0.0
0.3710219978922003 	 0.0
0.3720219978922003 	 0.0
0.3730219978922003 	 0.0
0.3740219978922003 	 0.0
0.3750219978922003 	 0.0
0.3760219978922003 	 0.0
0.3770219978922003 	 0.0
0.3780219978922003 	 0.0
0.3790219978922003 	 0.0
0.3800219978922003 	 0.0
0.3810219978922003 	 0.0
0.3820219978922003 	 0.0
0.3830219978922003 	 0.0
0.3840219978922003 	 0.0
0.3850219978922003 	 0.0
0.3860219978922003 	 0.0
0.3870219978922003 	 0.0
0.3880219978922003 	 0.0
0.3890219978922003 	 0.0
0.3900219978922003 	 0.0
0.3910219978922003 	 0.0
0.3920219978922003 	 0.0
0.3930219978922003 	 0.0
0.3940219978922003 	 0.0
0.3950219978922003 	 0.0
0.39602199789220033 	 0.0
0.39702199789220033 	 0.0
0.39802199789220033 	 0.0
0.39902199789220033 	 0.0
0.40002199789220033 	 0.0
0.40102199789220033 	 0.0
0.40202199789220033 	 0.0
0.40302199789220033 	 0.0
0.40402199789220034 	 0.0
0.40502199789220034 	 0.0
0.40602199789220034 	 0.0
0.40702199789220034 	 0.0
0.40802199789220034 	 0.0
0.40902199789220034 	 0.0
0.41002199789220034 	 0.0
0.41102199789220034 	 0.0
0.41202199789220034 	 0.0
0.41302199789220034 	 0.0
0.41402199789220034 	 0.0
0.41502199789220034 	 0.0
0.41602199789220035 	 0.0
0.41702199789220035 	 0.0
0.41802199789220035 	 0.0
0.41902199789220035 	 0.0
0.42002199789220035 	 0.0
0.42102199789220035 	 0.0
0.42202199789220035 	 0.0
0.42302199789220035 	 0.0
0.42402199789220035 	 0.0
0.42502199789220035 	 0.0
0.42602199789220035 	 0.0
0.42702199789220036 	 0.0
0.42802199789220036 	 0.0
0.42902199789220036 	 0.0
0.43002199789220036 	 0.0
0.43102199789220036 	 0.0
0.43202199789220036 	 0.0
0.43302199789220036 	 0.0
0.43402199789220036 	 0.0
0.43502199789220036 	 0.0
0.43602199789220036 	 0.0
0.43702199789220036 	 0.0
0.43802199789220037 	 0.0
0.43902199789220037 	 0.0
0.44002199789220037 	 0.0
0.44102199789220037 	 0.0
0.44202199789220037 	 0.0
0.44302199789220037 	 0.0
0.44402199789220037 	 0.0
0.44502199789220037 	 0.0
0.4460219978922004 	 0.0
0.4470219978922004 	 0.0
0.4480219978922004 	 0.0
0.4490219978922004 	 0.0
0.4500219978922004 	 0.0
0.4510219978922004 	 0.0
0.4520219978922004 	 0.0
0.4530219978922004 	 0.0
0.4540219978922004 	 0.0
0.4550219978922004 	 0.0
0.4560219978922004 	 0.0
0.4570219978922004 	 0.0
0.4580219978922004 	 0.0
0.4590219978922004 	 0.0
0.4600219978922004 	 0.0
0.4610219978922004 	 0.0
0.4620219978922004 	 0.0
0.4630219978922004 	 0.0
0.4640219978922004 	 0.0
0.4650219978922004 	 0.0
0.4660219978922004 	 0.0
0.4670219978922004 	 0.0
0.4680219978922004 	 0.0
0.4690219978922004 	 0.0
0.4700219978922004 	 0.0
0.4710219978922004 	 0.0
0.4720219978922004 	 0.0
0.4730219978922004 	 0.0
0.4740219978922004 	 0.0
0.4750219978922004 	 0.0
0.4760219978922004 	 0.0
0.4770219978922004 	 0.0
0.4780219978922004 	 0.0
0.4790219978922004 	 0.0
0.4800219978922004 	 0.0
0.4810219978922004 	 0.0
0.4820219978922004 	 0.0
0.4830219978922004 	 0.0
0.4840219978922004 	 0.0
0.4850219978922004 	 0.0
0.4860219978922004 	 0.0
0.4870219978922004 	 0.0
0.4880219978922004 	 0.0
0.4890219978922004 	 0.0
0.4900219978922004 	 0.0
0.4910219978922004 	 0.0
0.4920219978922004 	 0.0
0.4930219978922004 	 0.0
0.4940219978922004 	 0.0
0.4950219978922004 	 0.0
0.4960219978922004 	 0.0
0.4970219978922004 	 0.0
0.4980219978922004 	 0.0
0.4990219978922004 	 0.0
0.5000219978922004 	 0.0
0.5010219978922004 	 0.0
0.5020219978922004 	 0.0
0.5030219978922004 	 0.0
0.5040219978922004 	 0.0
0.5050219978922004 	 0.0
0.5060219978922004 	 0.0
0.5070219978922004 	 0.0
0.5080219978922004 	 0.0
0.5090219978922004 	 0.0
0.5100219978922004 	 0.0
0.5110219978922004 	 0.0
0.5120219978922004 	 0.0
0.5130219978922004 	 0.0
0.5140219978922004 	 0.0
0.5150219978922004 	 0.0
0.5160219978922004 	 0.0
0.5170219978922004 	 0.0
0.5180219978922004 	 0.0
0.5190219978922004 	 0.0
0.5200219978922004 	 0.0
0.5210219978922004 	 0.0
0.5220219978922004 	 0.0
0.5230219978922004 	 0.0
0.5240219978922004 	 0.0
0.5250219978922004 	 0.0
0.5260219978922004 	 0.0
0.5270219978922004 	 0.0
0.5280219978922004 	 0.0
0.5290219978922004 	 0.0
0.5300219978922004 	 0.0
0.5310219978922004 	 0.0
0.5320219978922004 	 0.0
0.5330219978922004 	 0.0
0.5340219978922004 	 0.0
0.5350219978922004 	 0.0
0.5360219978922004 	 0.0
0.5370219978922004 	 0.0
0.5380219978922004 	 0.0
0.5390219978922004 	 0.0
0.5400219978922004 	 0.0
0.5410219978922004 	 0.0
0.5420219978922004 	 0.0
0.5430219978922004 	 0.0
0.5440219978922004 	 0.0
0.5450219978922004 	 0.0
0.5460219978922004 	 0.0
0.5470219978922004 	 0.0
0.5480219978922004 	 0.0
0.5490219978922004 	 0.0
0.5500219978922004 	 0.0
0.5510219978922004 	 0.0
0.5520219978922004 	 0.0
0.5530219978922004 	 0.0
0.5540219978922004 	 0.0
0.5550219978922004 	 0.0
0.5560219978922004 	 0.0
0.5570219978922004 	 0.0
0.5580219978922004 	 0.0
0.5590219978922004 	 0.0
0.5600219978922004 	 0.0
0.5610219978922004 	 0.0
0.5620219978922004 	 0.0
0.5630219978922004 	 0.0
0.5640219978922004 	 0.0
0.5650219978922004 	 0.0
0.5660219978922004 	 0.0
0.5670219978922004 	 0.0
0.5680219978922004 	 0.0
0.5690219978922004 	 0.0
0.5700219978922004 	 0.0
0.5710219978922004 	 0.0
0.5720219978922004 	 0.0
0.5730219978922004 	 0.0
0.5740219978922004 	 0.0
0.5750219978922004 	 0.0
0.5760219978922004 	 0.0
0.5770219978922004 	 0.0
0.5780219978922004 	 0.0
0.5790219978922004 	 0.0
0.5800219978922004 	 0.0
0.5810219978922004 	 0.0
0.5820219978922004 	 0.0
0.5830219978922004 	 0.0
0.5840219978922004 	 0.0
0.5850219978922004 	 0.0
0.5860219978922004 	 0.0
0.5870219978922004 	 0.0
0.5880219978922004 	 0.0
0.5890219978922004 	 0.0
0.5900219978922004 	 0.0
0.5910219978922004 	 0.0
0.5920219978922004 	 0.0
0.5930219978922004 	 0.0
0.5940219978922004 	 0.0
0.5950219978922004 	 0.0
0.5960219978922005 	 0.0
0.5970219978922005 	 0.0
0.5980219978922005 	 0.0
0.5990219978922005 	 0.0
0.6000219978922005 	 0.0
0.6010219978922005 	 0.0
0.6020219978922005 	 0.0
0.6030219978922005 	 0.0
0.6040219978922005 	 0.0
0.6050219978922005 	 0.0
0.6060219978922005 	 0.0
0.6070219978922005 	 0.0
0.6080219978922005 	 0.0
0.6090219978922005 	 0.0
0.6100219978922005 	 0.0
0.6110219978922005 	 0.0
0.6120219978922005 	 0.0
0.6130219978922005 	 0.0
0.6140219978922005 	 0.0
0.6150219978922005 	 0.0
0.6160219978922005 	 0.0
0.6170219978922005 	 0.0
0.6180219978922005 	 0.0
0.6190219978922005 	 0.0
0.6200219978922005 	 0.0
0.6210219978922005 	 0.0
0.6220219978922005 	 0.0
0.6230219978922005 	 0.0
0.6240219978922005 	 0.0
0.6250219978922005 	 0.0
0.6260219978922005 	 0.0
0.6270219978922005 	 0.0
0.6280219978922005 	 0.0
0.6290219978922005 	 0.0
0.6300219978922005 	 0.0
0.6310219978922005 	 0.0
0.6320219978922005 	 0.0
0.6330219978922005 	 0.0
0.6340219978922005 	 0.0
0.6350219978922005 	 0.0
0.6360219978922005 	 0.0
0.6370219978922005 	 0.0
0.6380219978922005 	 0.0
0.6390219978922005 	 0.0
0.6400219978922005 	 0.0
0.6410219978922005 	 0.0
0.6420219978922005 	 0.0
0.6430219978922005 	 0.0
0.6440219978922005 	 0.0
0.6450219978922005 	 0.0
0.6460219978922005 	 0.0
0.6470219978922005 	 0.0
0.6480219978922005 	 0.0
0.6490219978922005 	 0.0
0.6500219978922005 	 0.0
0.6510219978922005 	 0.0
0.6520219978922005 	 0.0
0.6530219978922005 	 0.0
0.6540219978922005 	 0.0
0.6550219978922005 	 0.0
0.6560219978922005 	 0.0
0.6570219978922005 	 0.0
0.6580219978922005 	 0.0
0.6590219978922005 	 0.0
0.6600219978922005 	 0.0
0.6610219978922005 	 0.0
0.6620219978922005 	 0.0
0.6630219978922005 	 0.0
0.6640219978922005 	 0.0
0.6650219978922005 	 0.0
0.6660219978922005 	 0.0
0.6670219978922005 	 0.0
0.6680219978922005 	 0.0
0.6690219978922005 	 0.0
0.6700219978922005 	 0.0
0.6710219978922005 	 0.0
0.6720219978922005 	 0.0
0.6730219978922005 	 0.0
0.6740219978922005 	 0.0
0.6750219978922005 	 0.0
0.6760219978922005 	 0.0
0.6770219978922005 	 0.0
0.6780219978922005 	 0.0
0.6790219978922005 	 0.0
0.6800219978922005 	 0.0
0.6810219978922005 	 0.0
0.6820219978922005 	 0.0
0.6830219978922005 	 0.0
0.6840219978922005 	 0.0
0.6850219978922005 	 0.0
0.6860219978922005 	 0.0
0.6870219978922005 	 0.0
0.6880219978922005 	 0.0
0.6890219978922005 	 0.0
0.6900219978922005 	 0.0
0.6910219978922005 	 0.0
0.6920219978922005 	 0.0
0.6930219978922005 	 0.0
0.6940219978922005 	 0.0
0.6950219978922005 	 0.0
0.6960219978922005 	 0.0
0.6970219978922005 	 0.0
0.6980219978922005 	 0.0
0.6990219978922005 	 0.0
0.7000219978922005 	 0.0
0.7010219978922005 	 0.0
0.7020219978922005 	 0.0
0.7030219978922005 	 0.0
0.7040219978922005 	 0.0
0.7050219978922005 	 0.0
0.7060219978922005 	 0.0
0.7070219978922005 	 0.0
0.7080219978922005 	 0.0
0.7090219978922006 	 0.0
0.7100219978922006 	 0.0
0.7110219978922006 	 0.0
0.7120219978922006 	 0.0
0.7130219978922006 	 0.0
0.7140219978922006 	 0.0
0.7150219978922006 	 0.0
0.7160219978922006 	 0.0
0.7170219978922006 	 0.0
0.7180219978922006 	 0.0
0.7190219978922006 	 0.0
0.7200219978922006 	 0.0
0.7210219978922006 	 0.0
0.7220219978922006 	 0.0
0.7230219978922006 	 0.0
0.7240219978922006 	 0.0
0.7250219978922006 	 0.0
0.7260219978922006 	 0.0
0.7270219978922006 	 0.0
0.7280219978922006 	 0.0
0.7290219978922006 	 0.0
0.7300219978922006 	 0.0
0.7310219978922006 	 0.0
0.7320219978922006 	 0.0
0.7330219978922006 	 0.0
0.7340219978922006 	 0.0
0.7350219978922006 	 0.0
0.7360219978922006 	 0.0
0.7370219978922006 	 0.0
0.7380219978922006 	 0.0
0.7390219978922006 	 0.0
0.7400219978922006 	 0.0
0.7410219978922006 	 0.0
0.7420219978922006 	 0.0
0.7430219978922006 	 0.0
0.7440219978922006 	 0.0
0.7450219978922006 	 0.0
0.7460219978922006 	 0.0
0.7470219978922006 	 0.0
0.7480219978922006 	 0.0
0.7490219978922006 	 0.0
0.7500219978922006 	 0.0
0.7510219978922006 	 0.0
0.7520219978922006 	 0.0
0.7530219978922006 	 0.0
0.7540219978922006 	 0.0
0.7550219978922006 	 0.0
0.7560219978922006 	 0.0
0.7570219978922006 	 0.0
0.7580219978922006 	 0.0
0.7590219978922006 	 0.0
0.7600219978922006 	 0.0
0.7610219978922006 	 0.0
0.7620219978922006 	 0.0
0.7630219978922006 	 0.0
0.7640219978922006 	 0.0
0.7650219978922006 	 0.0
0.7660219978922006 	 0.0
0.7670219978922006 	 0.0
0.7680219978922006 	 0.0
0.7690219978922006 	 0.0
0.7700219978922006 	 0.0
0.7710219978922006 	 0.0
0.7720219978922006 	 0.0
0.7730219978922006 	 0.0
0.7740219978922006 	 0.0
0.7750219978922006 	 0.0
0.7760219978922006 	 0.0
0.7770219978922006 	 0.0
0.7780219978922006 	 0.0
0.7790219978922006 	 0.0
0.7800219978922006 	 0.0
0.7810219978922006 	 0.0
0.7820219978922006 	 0.0
0.7830219978922006 	 0.0
0.7840219978922006 	 0.0
0.7850219978922006 	 0.0
0.7860219978922006 	 0.0
0.7870219978922006 	 0.0
0.7880219978922006 	 0.0
0.7890219978922006 	 0.0
0.7900219978922006 	 0.0
0.7910219978922006 	 0.0
0.7920219978922006 	 0.0
0.7930219978922006 	 0.0
0.7940219978922006 	 0.0
0.7950219978922006 	 0.0
0.7960219978922006 	 0.0
0.7970219978922006 	 0.0
0.7980219978922006 	 0.0
0.7990219978922006 	 0.0
0.8000219978922006 	 0.0
0.8010219978922006 	 0.0
0.8020219978922006 	 0.0
0.8030219978922006 	 0.0
0.8040219978922006 	 0.0
0.8050219978922006 	 0.0
0.8060219978922006 	 0.0
0.8070219978922006 	 0.0
0.8080219978922006 	 0.0
0.8090219978922006 	 0.0
0.8100219978922006 	 0.0
0.8110219978922006 	 0.0
0.8120219978922006 	 0.0
0.8130219978922006 	 0.0
0.8140219978922006 	 0.0
0.8150219978922006 	 0.0
0.8160219978922006 	 0.0
0.8170219978922006 	 0.0
0.8180219978922006 	 0.0
0.8190219978922006 	 0.0
0.8200219978922006 	 0.0
0.8210219978922007 	 0.0
0.8220219978922007 	 0.0
0.8230219978922007 	 0.0
0.8240219978922007 	 0.0
0.8250219978922007 	 0.0
0.8260219978922007 	 0.0
0.8270219978922007 	 0.0
0.8280219978922007 	 0.0
0.8290219978922007 	 0.0
0.8300219978922007 	 0.0
0.8310219978922007 	 0.0
0.8320219978922007 	 0.0
0.8330219978922007 	 0.0
0.8340219978922007 	 0.0
0.8350219978922007 	 0.0
0.8360219978922007 	 0.0
0.8370219978922007 	 0.0
0.8380219978922007 	 0.0
0.8390219978922007 	 0.0
0.8400219978922007 	 0.0
0.8410219978922007 	 0.0
0.8420219978922007 	 0.0
0.8430219978922007 	 0.0
0.8440219978922007 	 0.0
0.8450219978922007 	 0.0
0.8460219978922007 	 0.0
0.8470219978922007 	 0.0
0.8480219978922007 	 0.0
0.8490219978922007 	 0.0
0.8500219978922007 	 0.0
0.8510219978922007 	 0.0
0.8520219978922007 	 0.0
0.8530219978922007 	 0.0
0.8540219978922007 	 0.0
0.8550219978922007 	 0.0
0.8560219978922007 	 0.0
0.8570219978922007 	 0.0
0.8580219978922007 	 0.0
0.8590219978922007 	 0.0
0.8600219978922007 	 0.0
0.8610219978922007 	 0.0
0.8620219978922007 	 0.0
0.8630219978922007 	 0.0
0.8640219978922007 	 0.0
0.8650219978922007 	 0.0
0.8660219978922007 	 0.0
0.8670219978922007 	 0.0
0.8680219978922007 	 0.0
0.8690219978922007 	 0.0
0.8700219978922007 	 0.0
0.8710219978922007 	 0.0
0.8720219978922007 	 0.0
0.8730219978922007 	 0.0
0.8740219978922007 	 0.0
0.8750219978922007 	 0.0
0.8760219978922007 	 0.0
0.8770219978922007 	 0.0
0.8780219978922007 	 0.0
0.8790219978922007 	 0.0
0.8800219978922007 	 0.0
0.8810219978922007 	 0.0
0.8820219978922007 	 0.0
0.8830219978922007 	 0.0
0.8840219978922007 	 0.0
0.8850219978922007 	 0.0
0.8860219978922007 	 0.0
0.8870219978922007 	 0.0
0.8880219978922007 	 0.0
0.8890219978922007 	 0.0
0.8900219978922007 	 0.0
0.8910219978922007 	 0.0
0.8920219978922007 	 0.0
0.8930219978922007 	 0.0
0.8940219978922007 	 0.0
0.8950219978922007 	 0.0
0.8960219978922007 	 0.0
0.8970219978922007 	 0.0
0.8980219978922007 	 0.0
0.8990219978922007 	 0.0
0.9000219978922007 	 0.0
0.9010219978922007 	 0.0
0.9020219978922007 	 0.0
0.9030219978922007 	 0.0
0.9040219978922007 	 0.0
0.9050219978922007 	 0.0
0.9060219978922007 	 0.0
0.9070219978922007 	 0.0
0.9080219978922007 	 0.0
0.9090219978922007 	 0.0
0.9100219978922007 	 0.0
0.9110219978922007 	 0.0
0.9120219978922007 	 0.0
0.9130219978922007 	 0.0
0.9140219978922007 	 0.0
0.9150219978922007 	 0.0
0.9160219978922007 	 0.0
0.9170219978922007 	 0.0
0.9180219978922007 	 0.0
0.9190219978922007 	 0.0
0.9200219978922007 	 0.0
0.9210219978922007 	 0.0
0.9220219978922007 	 0.0
0.9230219978922007 	 0.0
0.9240219978922007 	 0.0
0.9250219978922007 	 0.0
0.9260219978922007 	 0.0
0.9270219978922007 	 0.0
0.9280219978922007 	 0.0
0.9290219978922007 	 0.0
0.9300219978922007 	 0.0
0.9310219978922007 	 0.0
0.9320219978922007 	 0.0
0.9330219978922007 	 0.0
0.9340219978922008 	 0.0
0.9350219978922008 	 0.0
0.9360219978922008 	 0.0
0.9370219978922008 	 0.0
0.9380219978922008 	 0.0
0.9390219978922008 	 0.0
0.9400219978922008 	 0.0
0.9410219978922008 	 0.0
0.9420219978922008 	 0.0
0.9430219978922008 	 0.0
0.9440219978922008 	 0.0
0.9450219978922008 	 0.0
0.9460219978922008 	 0.0
0.9470219978922008 	 0.0
0.9480219978922008 	 0.0
0.9490219978922008 	 0.0
0.9500219978922008 	 0.0
0.9510219978922008 	 0.0
0.9520219978922008 	 0.0
0.9530219978922008 	 0.0
0.9540219978922008 	 0.0
0.9550219978922008 	 0.0
0.9560219978922008 	 0.0
0.9570219978922008 	 0.0
0.9580219978922008 	 0.0
0.9590219978922008 	 0.0
0.9600219978922008 	 0.0
0.9610219978922008 	 0.0
0.9620219978922008 	 0.0
0.9630219978922008 	 0.0
0.9640219978922008 	 0.0
0.9650219978922008 	 0.0
0.9660219978922008 	 0.0
0.9670219978922008 	 0.0
0.9680219978922008 	 0.0
0.9690219978922008 	 0.0
0.9700219978922008 	 0.0
0.9710219978922008 	 0.0
0.9720219978922008 	 0.0
0.9730219978922008 	 0.0
0.9740219978922008 	 0.0
0.9750219978922008 	 0.0
0.9760219978922008 	 0.0
0.9770219978922008 	 0.0
0.9780219978922008 	 0.0
0.9790219978922008 	 0.0
0.9800219978922008 	 0.0
0.9810219978922008 	 0.0
0.9820219978922008 	 0.0
0.9830219978922008 	 0.0
0.9840219978922008 	 0.0
0.9850219978922008 	 0.0
0.9860219978922008 	 0.0
0.9870219978922008 	 0.0
0.9880219978922008 	 0.0
0.9890219978922008 	 0.0
0.9900219978922008 	 0.0
0.9910219978922008 	 0.0
0.9920219978922008 	 0.0
0.9930219978922008 	 0.0
0.9940219978922008 	 0.0
0.9950219978922008 	 0.0
0.9960219978922008 	 0.0
0.9970219978922008 	 0.0
0.9980219978922008 	 0.0
0.9990219978922008 	 0.0
1.0000219978922007 	 0.0
1.0010219978922006 	 0.0
1.0020219978922005 	 0.0
1.0030219978922004 	 0.0
1.0040219978922003 	 0.0
1.0050219978922001 	 0.0
1.0060219978922 	 0.0
1.0070219978922 	 0.0
1.0080219978921998 	 0.0
1.0090219978921997 	 0.0
1.0100219978921996 	 0.0
1.0110219978921995 	 0.0
1.0120219978921994 	 0.0
1.0130219978921993 	 0.0
1.0140219978921992 	 0.0
1.015021997892199 	 0.0
1.016021997892199 	 0.0
1.0170219978921988 	 0.0
1.0180219978921987 	 0.0
1.0190219978921986 	 0.0
1.0200219978921985 	 0.0
1.0210219978921984 	 0.0
1.0220219978921983 	 0.0
1.0230219978921982 	 0.0
1.024021997892198 	 0.0
1.025021997892198 	 0.0
1.0260219978921978 	 0.0
1.0270219978921977 	 0.0
1.0280219978921976 	 0.0
1.0290219978921975 	 0.0
1.0300219978921974 	 0.0
1.0310219978921973 	 0.0
1.0320219978921972 	 0.0
1.033021997892197 	 0.0
1.034021997892197 	 0.0
1.0350219978921968 	 0.0
1.0360219978921967 	 0.0
1.0370219978921966 	 0.0
1.0380219978921965 	 0.0
1.0390219978921964 	 0.0
1.0400219978921963 	 0.0
1.0410219978921962 	 0.0
1.042021997892196 	 0.0
1.043021997892196 	 0.0
1.0440219978921959 	 0.0
1.0450219978921957 	 0.0
1.0460219978921956 	 0.0
1.0470219978921955 	 0.0
1.0480219978921954 	 0.0
1.0490219978921953 	 0.0
1.0500219978921952 	 0.0
1.051021997892195 	 0.0
1.052021997892195 	 0.0
1.0530219978921949 	 0.0
1.0540219978921948 	 0.0
1.0550219978921946 	 0.0
1.0560219978921945 	 0.0
1.0570219978921944 	 0.0
1.0580219978921943 	 0.0
1.0590219978921942 	 0.0
1.060021997892194 	 0.0
1.061021997892194 	 0.0
1.0620219978921939 	 0.0
1.0630219978921938 	 0.0
1.0640219978921936 	 0.0
1.0650219978921935 	 0.0
1.0660219978921934 	 0.0
1.0670219978921933 	 0.0
1.0680219978921932 	 0.0
1.069021997892193 	 0.0
1.070021997892193 	 0.0
1.0710219978921929 	 0.0
1.0720219978921928 	 0.0
1.0730219978921927 	 0.0
1.0740219978921925 	 0.0
1.0750219978921924 	 0.0
1.0760219978921923 	 0.0
1.0770219978921922 	 0.0
1.078021997892192 	 0.0
1.079021997892192 	 0.0
1.0800219978921919 	 0.0
1.0810219978921918 	 0.0
1.0820219978921917 	 0.0
1.0830219978921916 	 0.0
1.0840219978921914 	 0.0
1.0850219978921913 	 0.0
1.0860219978921912 	 0.0
1.0870219978921911 	 0.0
1.088021997892191 	 0.0
1.089021997892191 	 0.0
1.0900219978921908 	 0.0
1.0910219978921907 	 0.0
1.0920219978921906 	 0.0
1.0930219978921905 	 0.0
1.0940219978921903 	 0.0
1.0950219978921902 	 0.0
1.0960219978921901 	 0.0
1.09702199789219 	 0.0
1.09802199789219 	 0.0
1.0990219978921898 	 0.0
1.1000219978921897 	 0.0
1.1010219978921896 	 0.0
1.1020219978921895 	 0.0
1.1030219978921894 	 0.0
1.1040219978921892 	 0.0
1.1050219978921891 	 0.0
1.106021997892189 	 0.0
1.107021997892189 	 0.0
1.1080219978921888 	 0.0
1.1090219978921887 	 0.0
1.1100219978921886 	 0.0
1.1110219978921885 	 0.0
1.1120219978921884 	 0.0
1.1130219978921883 	 0.0
1.1140219978921881 	 0.0
1.115021997892188 	 0.0
1.116021997892188 	 0.0
1.1170219978921878 	 0.0
1.1180219978921877 	 0.0
1.1190219978921876 	 0.0
1.1200219978921875 	 0.0
1.1210219978921874 	 0.0
1.1220219978921873 	 0.0
1.1230219978921872 	 0.0
1.124021997892187 	 0.0
1.125021997892187 	 0.0
1.1260219978921868 	 0.0
1.1270219978921867 	 0.0
1.1280219978921866 	 0.0
1.1290219978921865 	 0.0
1.1300219978921864 	 0.0
1.1310219978921863 	 0.0
1.1320219978921862 	 0.0
1.133021997892186 	 0.0
1.134021997892186 	 0.0
1.1350219978921858 	 0.0
1.1360219978921857 	 0.0
1.1370219978921856 	 0.0
1.1380219978921855 	 0.0
1.1390219978921854 	 0.0
1.1400219978921853 	 0.0
1.1410219978921852 	 0.0
1.142021997892185 	 0.0
1.143021997892185 	 0.0
1.1440219978921848 	 0.0
1.1450219978921847 	 0.0
1.1460219978921846 	 0.0
1.1470219978921845 	 0.0
1.1480219978921844 	 0.0
1.1490219978921843 	 0.0
1.1500219978921842 	 0.0
1.151021997892184 	 0.0
1.152021997892184 	 0.0
1.1530219978921838 	 0.0
1.1540219978921837 	 0.0
1.1550219978921836 	 0.0
1.1560219978921835 	 0.0
1.1570219978921834 	 0.0
1.1580219978921833 	 0.0
1.1590219978921832 	 0.0
1.160021997892183 	 0.0
1.161021997892183 	 0.0
1.1620219978921829 	 0.0
1.1630219978921827 	 0.0
1.1640219978921826 	 0.0
1.1650219978921825 	 0.0
1.1660219978921824 	 0.0
1.1670219978921823 	 0.0
1.1680219978921822 	 0.0
1.169021997892182 	 0.0
1.170021997892182 	 0.0
1.1710219978921819 	 0.0
1.1720219978921818 	 0.0
1.1730219978921816 	 0.0
1.1740219978921815 	 0.0
1.1750219978921814 	 0.0
1.1760219978921813 	 0.0
1.1770219978921812 	 0.0
1.178021997892181 	 0.0
1.179021997892181 	 0.0
1.1800219978921809 	 0.0
1.1810219978921808 	 0.0
1.1820219978921807 	 0.0
1.1830219978921805 	 0.0
1.1840219978921804 	 0.0
1.1850219978921803 	 0.0
1.1860219978921802 	 0.0
1.18702199789218 	 0.0
1.18802199789218 	 0.0
1.1890219978921799 	 0.0
1.1900219978921798 	 0.0
1.1910219978921797 	 0.0
1.1920219978921796 	 0.0
1.1930219978921794 	 0.0
1.1940219978921793 	 0.0
1.1950219978921792 	 0.0
1.1960219978921791 	 0.0
1.197021997892179 	 0.0
1.198021997892179 	 0.0
1.1990219978921788 	 0.0
1.2000219978921787 	 0.0
1.2010219978921786 	 0.0
1.2020219978921785 	 0.0
1.2030219978921783 	 0.0
1.2040219978921782 	 0.0
1.2050219978921781 	 0.0
1.206021997892178 	 0.0
1.207021997892178 	 0.0
1.2080219978921778 	 0.0
1.2090219978921777 	 0.0
1.2100219978921776 	 0.0
1.2110219978921775 	 0.0
1.2120219978921773 	 0.0
1.2130219978921772 	 0.0
1.2140219978921771 	 0.0
1.215021997892177 	 0.0
1.216021997892177 	 0.0
1.2170219978921768 	 0.0
1.2180219978921767 	 0.0
1.2190219978921766 	 0.0
1.2200219978921765 	 0.0
1.2210219978921764 	 0.0
1.2220219978921762 	 0.0
1.2230219978921761 	 0.0
1.224021997892176 	 0.0
1.225021997892176 	 0.0
1.2260219978921758 	 0.0
1.2270219978921757 	 0.0
1.2280219978921756 	 0.0
1.2290219978921755 	 0.0
1.2300219978921754 	 0.0
1.2310219978921753 	 0.0
1.2320219978921751 	 0.0
1.233021997892175 	 0.0
1.234021997892175 	 0.0
1.2350219978921748 	 0.0
1.2360219978921747 	 0.0
1.2370219978921746 	 0.0
1.2380219978921745 	 0.0
1.2390219978921744 	 0.0
1.2400219978921743 	 0.0
1.2410219978921742 	 0.0
1.242021997892174 	 0.0
1.243021997892174 	 0.0
1.2440219978921738 	 0.0
1.2450219978921737 	 0.0
1.2460219978921736 	 0.0
1.2470219978921735 	 0.0
1.2480219978921734 	 0.0
1.2490219978921733 	 0.0
1.2500219978921732 	 0.0
1.251021997892173 	 0.0
1.252021997892173 	 0.0
1.2530219978921728 	 0.0
1.2540219978921727 	 0.0
1.2550219978921726 	 0.0
1.2560219978921725 	 0.0
1.2570219978921724 	 0.0
1.2580219978921723 	 0.0
1.2590219978921722 	 0.0
1.260021997892172 	 0.0
1.261021997892172 	 0.0
1.2620219978921718 	 0.0
1.2630219978921717 	 0.0
1.2640219978921716 	 0.0
1.2650219978921715 	 0.0
1.2660219978921714 	 0.0
1.2670219978921713 	 0.0
1.2680219978921712 	 0.0
1.269021997892171 	 0.0
1.270021997892171 	 0.0
1.2710219978921709 	 0.0
1.2720219978921707 	 0.0
1.2730219978921706 	 0.0
1.2740219978921705 	 0.0
1.2750219978921704 	 0.0
1.2760219978921703 	 0.0
1.2770219978921702 	 0.0
1.27802199789217 	 0.0
1.27902199789217 	 0.0
1.2800219978921699 	 0.0
1.2810219978921698 	 0.0
1.2820219978921696 	 0.0
1.2830219978921695 	 0.0
1.2840219978921694 	 0.0
1.2850219978921693 	 0.0
1.2860219978921692 	 0.0
1.287021997892169 	 0.0
1.288021997892169 	 0.0
1.2890219978921689 	 0.0
1.2900219978921688 	 0.0
1.2910219978921686 	 0.0
1.2920219978921685 	 0.0
1.2930219978921684 	 0.0
1.2940219978921683 	 0.0
1.2950219978921682 	 0.0
1.296021997892168 	 0.0
1.297021997892168 	 0.0
1.2980219978921679 	 0.0
1.2990219978921678 	 4.5947226681934785e-10
1.3000219978921677 	 5.247619348861336e-09
1.3010219978921675 	 1.528991863352423e-08
1.3020219978921674 	 3.064956756329672e-08
1.3030219978921673 	 5.138882434867129e-08
1.3040219978921672 	 7.757174952339937e-08
1.305021997892167 	 1.0926440834668536e-07
1.306021997892167 	 1.465304799441393e-07
1.3070219978921669 	 1.89439123004083e-07
1.3080219978921668 	 2.3805714495848405e-07
1.3090219978921667 	 2.924522988579174e-07
1.3100219978921666 	 3.526969165953571e-07
1.3110219978921664 	 4.1886095298451285e-07
1.3120219978921663 	 4.910166054243868e-07
1.3130219978921662 	 5.69237200002311e-07
1.3140219978921661 	 6.535972144408563e-07
1.315021997892166 	 7.441723012232971e-07
1.316021997892166 	 8.410393107978938e-07
1.3170219978921658 	 9.442763151756795e-07
1.3180219978921657 	 1.0539626320845116e-06
1.3190219978921656 	 1.1701800804023171e-06
1.3200219978921655 	 1.2930080660753986e-06
1.3210219978921653 	 1.4225310384336956e-06
1.3220219978921652 	 1.5588335430195606e-06
1.3230219978921651 	 1.7020014744978392e-06
1.324021997892165 	 1.8521233760705931e-06
1.325021997892165 	 2.0092853880186948e-06
1.3260219978921648 	 2.173578933246283e-06
1.3270219978921647 	 2.3450956131240415e-06
1.3280219978921646 	 2.5239298051959256e-06
1.3290219978921645 	 2.710173537104648e-06
1.3300219978921644 	 2.9039242901389304e-06
1.3310219978921642 	 3.10527981727263e-06
1.3320219978921641 	 3.3143335231705894e-06
1.333021997892164 	 3.531188658952095e-06
1.334021997892164 	 3.7559490541429226e-06
1.3350219978921638 	 3.988715962654858e-06
1.3360219978921637 	 4.229596287483572e-06
1.3370219978921636 	 4.47869857134166e-06
1.3380219978921635 	 4.736129025050188e-06
1.3390219978921634 	 5.001999679831841e-06
1.3400219978921633 	 5.276424309782187e-06
1.3410219978921631 	 5.559514452564553e-06
1.342021997892163 	 5.851388887334881e-06
1.343021997892163 	 6.152162535592039e-06
1.3440219978921628 	 6.461956310285588e-06
1.3450219978921627 	 6.780892951751729e-06
1.3460219978921626 	 7.1090929782875296e-06
1.3470219978921625 	 7.44668438806962e-06
1.3480219978921624 	 7.79379153374471e-06
1.3490219978921623 	 8.150546417936585e-06
1.3500219978921622 	 8.517077357674213e-06
1.351021997892162 	 8.89352047959387e-06
1.352021997892162 	 9.2800080944416e-06
1.3530219978921618 	 9.676678630418858e-06
1.3540219978921617 	 1.0083672436459777e-05
1.3550219978921616 	 1.0501127662607594e-05
1.3560219978921615 	 1.0929190336552661e-05
1.3570219978921614 	 1.1368002827299816e-05
1.3580219978921613 	 1.1817715514925306e-05
1.3590219978921612 	 1.2278475122899418e-05
1.360021997892161 	 1.2750436520511916e-05
1.361021997892161 	 1.3233750922675654e-05
1.3620219978921608 	 1.3728577666541519e-05
1.3630219978921607 	 1.4235071874723238e-05
1.3640219978921606 	 1.4753396841353043e-05
1.3650219978921605 	 1.5283712122461503e-05
1.3660219978921604 	 1.582618567778029e-05
1.3670219978921603 	 1.6380981733861447e-05
1.3680219978921602 	 1.6948273042354732e-05
1.36902199789216 	 1.7528228674926497e-05
1.37002199789216 	 1.8121026361373596e-05
1.3710219978921598 	 1.8726840194786744e-05
1.3720219978921597 	 1.9345852871689777e-05
1.3730219978921596 	 1.9978242859830795e-05
1.3740219978921595 	 2.062419730264436e-05
1.3750219978921594 	 2.1283899722836574e-05
1.3760219978921593 	 2.195754258526871e-05
1.3770219978921592 	 2.2645316386502776e-05
1.378021997892159 	 2.3347414308568622e-05
1.379021997892159 	 2.4064037299593822e-05
1.3800219978921588 	 2.4795382731793e-05
1.3810219978921587 	 2.5541657497014812e-05
1.3820219978921586 	 2.6303064887546205e-05
1.3830219978921585 	 2.707981739331116e-05
1.3840219978921584 	 2.7872124001447264e-05
1.3850219978921583 	 2.8680203478629308e-05
1.3860219978921582 	 2.9504271339240987e-05
1.387021997892158 	 3.0344553067703322e-05
1.388021997892158 	 3.120127270131731e-05
1.3890219978921579 	 3.2074657727448126e-05
1.3900219978921577 	 3.296494437879059e-05
1.3910219978921576 	 3.387236579707995e-05
1.3920219978921575 	 3.47971657179994e-05
1.3930219978921574 	 3.57395848791092e-05
1.3940219978921573 	 3.669987470760956e-05
1.3950219978921572 	 3.767828545790024e-05
1.396021997892157 	 3.867507124557186e-05
1.397021997892157 	 3.969049547240807e-05
1.3980219978921569 	 4.072481849158448e-05
1.3990219978921568 	 4.177831161463148e-05
1.4000219978921566 	 4.285124302169406e-05
1.4010219978921565 	 4.3943891760548986e-05
1.4020219978921564 	 4.5056535589921294e-05
1.4030219978921563 	 4.618945654240457e-05
1.4040219978921562 	 4.734294585658359e-05
1.405021997892156 	 4.8517291023050544e-05
1.406021997892156 	 4.9712790067562725e-05
1.4070219978921559 	 5.092973876728683e-05
1.4080219978921558 	 5.216843575237254e-05
1.4090219978921557 	 5.3429187973111156e-05
1.4100219978921555 	 5.471229751000996e-05
1.4110219978921554 	 5.60180761812882e-05
1.4120219978921553 	 5.734683282256794e-05
1.4130219978921552 	 5.8698879690118526e-05
1.414021997892155 	 6.007453710291998e-05
1.415021997892155 	 6.147411966062409e-05
1.4160219978921549 	 6.289795131292271e-05
1.4170219978921548 	 6.434635200898856e-05
1.4180219978921547 	 6.581964324423655e-05
1.4190219978921546 	 6.731815399378923e-05
1.4200219978921544 	 6.884220711974799e-05
1.4210219978921543 	 7.039213495875465e-05
1.4220219978921542 	 7.196826640493134e-05
1.4230219978921541 	 7.357093451128092e-05
1.424021997892154 	 7.520048120000592e-05
1.425021997892154 	 7.685724303277011e-05
1.4260219978921538 	 7.854156729727001e-05
1.4270219978921537 	 8.025379832233877e-05
1.4280219978921536 	 8.199428359558709e-05
1.4290219978921535 	 8.376338021756347e-05
1.4300219978921533 	 8.556144297361167e-05
1.4310219978921532 	 8.738883054042608e-05
1.4320219978921531 	 8.92459127453214e-05
1.433021997892153 	 9.113305829075861e-05
1.434021997892153 	 9.305064984864045e-05
1.4350219978921528 	 9.499906911215703e-05
1.4360219978921527 	 9.697870310507903e-05
1.4370219978921526 	 9.898995076716852e-05
1.4380219978921525 	 0.0001010332083505941
1.4390219978921523 	 0.00010310888650972747
1.4400219978921522 	 0.00010521739566334941
1.4410219978921521 	 0.00010735915232982497
1.442021997892152 	 0.00010953458649444173
1.443021997892152 	 0.00011174413097423353
1.4440219978921518 	 0.00011398822595498685
1.4450219978921517 	 0.00011626732516700183
1.4460219978921516 	 0.00011858188273415636
1.4470219978921515 	 0.00012093235965676161
1.4480219978921514 	 0.00012331923079109656
1.4490219978921512 	 0.00012574296920324536
1.4500219978921511 	 0.00012820406416902644
1.451021997892151 	 0.00013070300551847313
1.452021997892151 	 0.0001332402909017831
1.4530219978921508 	 0.00013581643488117228
1.4540219978921507 	 0.0001384319534825655
1.4550219978921506 	 0.00014108737041504372
1.4560219978921505 	 0.00014378322418632548
1.4570219978921504 	 0.00014652005407198482
1.4580219978921503 	 0.00014929840714882178
1.4590219978921501 	 0.00015211884561663582
1.46002199789215 	 0.00015498193022345618
1.46102199789215 	 0.00015788823927022062
1.4620219978921498 	 0.00016083835259180968
1.4630219978921497 	 0.0001638328604231044
1.4640219978921496 	 0.00016687236928858952
1.4650219978921495 	 0.00016995748708006797
1.4660219978921494 	 0.00017308883019456298
1.4670219978921493 	 0.00017626703090345858
1.4680219978921492 	 0.00017949272285511402
1.469021997892149 	 0.0001827665510062048
1.470021997892149 	 0.00018608916926422816
1.4710219978921488 	 0.00018946124054761412
1.4720219978921487 	 0.00019288343731035774
1.4730219978921486 	 0.00019635644312380036
1.4740219978921485 	 0.00019988095145277295
1.4750219978921484 	 0.00020345766532035807
1.4760219978921483 	 0.00020708729731002995
1.4770219978921482 	 0.00021077056940324845
1.478021997892148 	 0.0002145082133035009
1.479021997892148 	 0.0002183009706777061
1.4800219978921478 	 0.00022214959293880997
1.4810219978921477 	 0.00022605484174747744
1.4820219978921476 	 0.0002300174891348586
1.4830219978921475 	 0.00023403831911671105
1.4840219978921474 	 0.00023811812658840087
1.4850219978921473 	 0.00024225771702166641
1.4860219978921472 	 0.00024645790645821735
1.487021997892147 	 0.00025071952132375635
1.488021997892147 	 0.0002550433987670098
1.4890219978921468 	 0.0002594303868231871
1.4900219978921467 	 0.00026388134449414994
1.4910219978921466 	 0.0002683971417873761
1.4920219978921465 	 0.00027297866021232985
1.4930219978921464 	 0.00027762679448276864
1.4940219978921463 	 0.00028234245120487786
1.4950219978921462 	 0.0002871265484959888
1.496021997892146 	 0.00029198001595288187
1.497021997892146 	 0.0002969037944327153
1.4980219978921459 	 0.0003018988363732651
1.4990219978921457 	 0.0003069661059287527
1.5000219978921456 	 0.0003121065790168778
1.5010219978921455 	 0.0003173212433043959
1.5020219978921454 	 0.0003226110988397658
1.5030219978921453 	 0.00032797716040120406
1.5040219978921452 	 0.0003334204554814085
1.505021997892145 	 0.0003389420239493453
1.506021997892145 	 0.0003445429175864355
1.5070219978921449 	 0.0003502242002022438
1.5080219978921447 	 0.0003559869477258297
1.5090219978921446 	 0.0003618322482432799
1.5100219978921445 	 0.00036776120198479096
1.5110219978921444 	 0.0003737749212587846
1.5120219978921443 	 0.00037987453150411377
1.5130219978921442 	 0.00038606117472567245
1.514021997892144 	 0.000392336006299133
1.515021997892144 	 0.00039870019390203407
1.5160219978921439 	 0.0004051549174389762
1.5170219978921438 	 0.0004117013689498967
1.5180219978921436 	 0.00041834075251735465
1.5190219978921435 	 0.0004250742841557553
1.5200219978921434 	 0.00043190319168408915
1.5210219978921433 	 0.00043882871422074325
1.5220219978921432 	 0.0004458521036388066
1.523021997892143 	 0.0004529746313978169
1.524021997892143 	 0.0004601975757779714
1.5250219978921429 	 0.00046752224611095117
1.5260219978921428 	 0.00047494990195577294
1.5270219978921427 	 0.00048248183206590505
1.5280219978921425 	 0.0004901193612458383
1.5290219978921424 	 0.0004978638246603247
1.5300219978921423 	 0.0005057165662250356
1.5310219978921422 	 0.0005136789403490754
1.532021997892142 	 0.0005217523151051947
1.533021997892142 	 0.0005299380784256147
1.5340219978921419 	 0.0005382376302184149
1.5350219978921418 	 0.0005466523795385145
1.5360219978921417 	 0.0005551837446376871
1.5370219978921416 	 0.0005638331534764006
1.5380219978921414 	 0.0005726020423616512
1.5390219978921413 	 0.0005814918551061112
1.5400219978921412 	 0.0005905040425330344
1.5410219978921411 	 0.0005996400624974505
1.542021997892141 	 0.0006089013847135279
1.543021997892141 	 0.0006182894995484114
1.5440219978921408 	 0.0006278059067472743
1.5450219978921407 	 0.0006374521116078657
1.5460219978921406 	 0.0006472296251647763
1.5470219978921405 	 0.0006571399658182982
1.5480219978921403 	 0.0006671846565641874
1.5490219978921402 	 0.0006773652236679073
1.5500219978921401 	 0.0006876831959990953
1.55102199789214 	 0.0006981401054479461
1.55202199789214 	 0.000708737494082303
1.5530219978921398 	 0.0007194769240037098
1.5540219978921397 	 0.0007303599630729893
1.5550219978921396 	 0.0007413881801021932
1.5560219978921395 	 0.0007525631457364448
1.5570219978921394 	 0.0007638864359043022
1.5580219978921392 	 0.0007753596273418135
1.5590219978921391 	 0.0007869842955831343
1.560021997892139 	 0.0007987620144196962
1.561021997892139 	 0.0008106943570698563
1.5620219978921388 	 0.0008227829060334259
1.5630219978921387 	 0.0008350292615038755
1.5640219978921386 	 0.0008474350255050951
1.5650219978921385 	 0.0008600017966697702
1.5660219978921384 	 0.0008727311716619823
1.5670219978921383 	 0.000885624750403451
1.5680219978921381 	 0.0008986819518996891
1.569021997892138 	 0.0009119024184879609
1.570021997892138 	 0.0009252891837810709
1.5710219978921378 	 0.000938844120197872
1.5720219978921377 	 0.0009525688906743104
1.5730219978921376 	 0.0009664650635253618
1.5740219978921375 	 0.0009805341264776805
1.5750219978921374 	 0.000994777483556133
1.5760219978921373 	 0.0010091964457856221
1.5770219978921372 	 0.001023792217814112
1.578021997892137 	 0.0010385658399030074
1.579021997892137 	 0.0010535181996347172
1.5800219978921368 	 0.0010686498851116173
1.5810219978921367 	 0.0010839611760773316
1.5820219978921366 	 0.0010994519550031644
1.5830219978921365 	 0.0011151215993739974
1.5840219978921364 	 0.0011309688738095163
1.5850219978921363 	 0.0011469918299677117
1.5860219978921362 	 0.0011631877336190889
1.587021997892136 	 0.001179553046832415
1.588021997892136 	 0.0011960834642155867
1.5890219978921358 	 0.0012127740683381765
1.5900219978921357 	 0.0012296196218666224
1.5910219978921356 	 0.0012466150004285881
1.5920219978921355 	 0.0012637557277547851
1.5930219978921354 	 0.0012810385014689744
1.5940219978921353 	 0.0012984616818933962
1.5950219978921352 	 0.0013160255799965217
1.596021997892135 	 0.001333732469059819
1.597021997892135 	 0.0013515863146284074
1.5980219978921348 	 0.0013695922476755086
1.5990219978921347 	 0.0013877559243224498
1.6000219978921346 	 0.0014060828970294333
1.6010219978921345 	 0.0014245780990459614
1.6020219978921344 	 0.0014432454883998107
1.6030219978921343 	 0.0014620878156358784
1.6040219978921342 	 0.0014811066420982472
1.605021997892134 	 0.0015003024346931656
1.606021997892134 	 0.0015196747108609195
1.6070219978921338 	 0.0015392222102427696
1.6080219978921337 	 0.00155894304887736
1.6090219978921336 	 0.001578834862135615
1.6100219978921335 	 0.0015988949221950562
1.6110219978921334 	 0.0016191202353492854
1.6120219978921333 	 0.0016395075897794702
1.6130219978921332 	 0.0016600535238672678
1.614021997892133 	 0.001680754440385955
1.615021997892133 	 0.0017016066563335544
1.6160219978921329 	 0.001722606420574829
1.6170219978921327 	 0.0017437499196482178
1.6180219978921326 	 0.0017650332935783325
1.6190219978921325 	 0.0017864526381336466
1.6200219978921324 	 0.0018080040090306276
1.6210219978921323 	 0.0018296834233581416
1.6220219978921322 	 0.0018514868151647645
1.623021997892132 	 0.001873409941273876
1.624021997892132 	 0.0018954484909426586
1.6250219978921319 	 0.0019175981244008683
1.6260219978921318 	 0.0019398544713508654
1.6270219978921316 	 0.001962213121895286
1.6280219978921315 	 0.0019846696486492087
1.6290219978921314 	 0.0020072195897523535
1.6300219978921313 	 0.002029858572483416
1.6310219978921312 	 0.002052582140301735
1.632021997892131 	 0.0020753858112183545
1.633021997892131 	 0.0020982649618950604
1.6340219978921309 	 0.0021212149594230395
1.6350219978921308 	 0.00214423120429729
1.6360219978921307 	 0.002167309129074869
1.6370219978921305 	 0.0021904441751770362
1.6380219978921304 	 0.002213631829487636
1.6390219978921303 	 0.002236867641695244
1.6400219978921302 	 0.002260147228581098
1.64102199789213 	 0.002283466267735512
1.64202199789213 	 0.002306820427311246
1.6430219978921299 	 0.002330205302090384
1.6440219978921298 	 0.0023536165256612222
1.6450219978921297 	 0.002377049801012144
1.6460219978921296 	 0.0024005008863017927
1.6470219978921294 	 0.0024239655505303033
1.6480219978921293 	 0.0024474396086349875
1.6490219978921292 	 0.0024709189262436936
1.650021997892129 	 0.00249439941062796
1.651021997892129 	 0.0025178769879437937
1.652021997892129 	 0.0025413475269136314
1.6530219978921288 	 0.002564806802966257
1.6540219978921287 	 0.0025882505563134535
1.6550219978921286 	 0.002611674496751572
1.6560219978921285 	 0.002635074271572717
1.6570219978921283 	 0.002658445407422103
1.6580219978921282 	 0.002681783330362823
1.6590219978921281 	 0.00270508335558833
1.660021997892128 	 0.0027283406679744744
1.661021997892128 	 0.002751550290269171
1.6620219978921278 	 0.0027747070147430683
1.6630219978921277 	 0.002797805420668019
1.6640219978921276 	 0.002820839865826598
1.6650219978921275 	 0.002843804472949276
1.6660219978921273 	 0.002866693101865507
1.6670219978921272 	 0.002889499304607703
1.6680219978921271 	 0.002912216340496237
1.669021997892127 	 0.002934837173772987
1.670021997892127 	 0.002957354464893046
1.6710219978921268 	 0.002979760556785621
1.6720219978921267 	 0.003002047465762951
1.6730219978921266 	 0.003024206948494934
1.6740219978921265 	 0.0030462304691168847
1.6750219978921264 	 0.0030681091930692722
1.6760219978921262 	 0.003089833992884635
1.6770219978921261 	 0.0031113954480553045
1.678021997892126 	 0.0031327838773201723
1.679021997892126 	 0.0031539893191265306
1.6800219978921258 	 0.0031750017359979993
1.6810219978921257 	 0.0031958107692113494
1.6820219978921256 	 0.003216405971738342
1.6830219978921255 	 0.0032367768886541835
1.6840219978921254 	 0.0032569130075386075
1.6850219978921253 	 0.0032768037669781793
1.6860219978921251 	 0.0032964385928646246
1.687021997892125 	 0.0033158069355304844
1.688021997892125 	 0.003334898306911701
1.6890219978921248 	 0.003353702317790511
1.6900219978921247 	 0.0033722087146941275
1.6910219978921246 	 0.0033904074183373663
1.6920219978921245 	 0.003408288604178968
1.6930219978921244 	 0.00342584283920405
1.6940219978921243 	 0.0034430610035334876
1.6950219978921242 	 0.0034599342868324463
1.696021997892124 	 0.0034764542205050018
1.697021997892124 	 0.003492612714997374
1.6980219978921238 	 0.00350840207191498
1.6990219978921237 	 0.003523815001561097
1.7000219978921236 	 0.0035388446415156437
1.7010219978921235 	 0.0035534845781372685
1.7020219978921234 	 0.0035677289156107656
1.7030219978921233 	 0.0035815723842521313
1.7040219978921232 	 0.003595010231664261
1.705021997892123 	 0.0036080381937432173
1.706021997892123 	 0.0036206525074695896
1.7070219978921228 	 0.003632849918690791
1.7080219978921227 	 0.003644627680161169
1.7090219978921226 	 0.003655983532498325
1.7100219978921225 	 0.003666915701973533
1.7110219978921224 	 0.003677422901083185
1.7120219978921223 	 0.003687504375837235
1.7130219978921222 	 0.0036971599777785016
1.714021997892122 	 0.0037063900454719348
1.715021997892122 	 0.0037151953608818003
1.7160219978921218 	 0.0037235771431334743
1.7170219978921217 	 0.0037315370537723113
1.7180219978921216 	 0.0037390771620301653
1.7190219978921215 	 0.00374619992306206
1.7200219978921214 	 0.0037529081617182214
1.7210219978921213 	 0.0037592050612341808
1.7220219978921212 	 0.0037650942002406523
1.723021997892121 	 0.0037705795878461004
1.724021997892121 	 0.003775665563929133
1.7250219978921209 	 0.0037803567546338527
1.7260219978921207 	 0.0037846580611818354
1.7270219978921206 	 0.003788574660233884
1.7280219978921205 	 0.0037921119137133896
1.7290219978921204 	 0.0037952755627558713
1.7300219978921203 	 0.003798071385432864
1.7310219978921202 	 0.003800505402768722
1.73202199789212 	 0.003802583845941984
1.73302199789212 	 0.0038043131815964247
1.7340219978921199 	 0.003805700030932007
1.7350219978921197 	 0.0038067511359903845
1.7360219978921196 	 0.003807473350211457
1.7370219978921195 	 0.003804328881779622
1.7380219978921194 	 0.003797405553615984
1.7390219978921193 	 0.0037902434311145212
1.7400219978921192 	 0.003782851252934787
1.741021997892119 	 0.003775237672447673
1.742021997892119 	 0.0037674112508946167
1.7430219978921189 	 0.0037593804510111088
1.7440219978921188 	 0.0037511536311059406
1.7450219978921186 	 0.003742739039586702
1.7460219978921185 	 0.003734144809921201
1.7470219978921184 	 0.003725378956023649
1.7480219978921183 	 0.003716449368053936
1.7490219978921182 	 0.0037073638086176767
1.750021997892118 	 0.0036981299093541307
1.751021997892118 	 0.0036887551678989696
1.7520219978921179 	 0.003679246945208234
1.7530219978921178 	 0.003669612463229875
1.7540219978921177 	 0.003659858802908812
1.7550219978921175 	 0.0036499929025116435
1.7560219978921174 	 0.0036400215562567726
1.7570219978921173 	 0.0036299514132360306
1.7580219978921172 	 0.0036197889766136724
1.759021997892117 	 0.003609540603088922
1.760021997892117 	 0.003599212502608286
1.7610219978921169 	 0.003588810738314078
1.7620219978921168 	 0.0035783412267158
1.7630219978921167 	 0.003567809738071319
1.7640219978921166 	 0.003557221896965055
1.7650219978921164 	 0.003546583183070592
1.7660219978921163 	 0.0035358989320856573
1.7670219978921162 	 0.003525174336827567
1.7680219978921161 	 0.003514414448477671
1.769021997892116 	 0.003503624177963728
1.770021997892116 	 0.0034928082974694905
1.7710219978921158 	 0.003481971442061123
1.7720219978921157 	 0.003471118111420561
1.7730219978921156 	 0.003460252671676274
1.7740219978921155 	 0.0034493793573221873
1.7750219978921153 	 0.0034385022732161727
1.7760219978921152 	 0.0034276253966496065
1.7770219978921151 	 0.003416752530377242
1.778021997892115 	 0.003405887501335731
1.779021997892115 	 0.003395033867906578
1.7800219978921148 	 0.0033841951189622433
1.7810219978921147 	 0.0033733746269577363
1.7820219978921146 	 0.0033625756502727983
1.7830219978921145 	 0.003351801335577282
1.7840219978921144 	 0.0033410547202143174
1.7850219978921142 	 0.003330338734596138
1.7860219978921141 	 0.003319656204607824
1.787021997892114 	 0.003309009854014495
1.788021997892114 	 0.00329840230686772
1.7890219978921138 	 0.0032878360899073625
1.7900219978921137 	 0.003277313634955205
1.7910219978921136 	 0.003266837281296929
1.7920219978921135 	 0.0032564092780495444
1.7930219978921134 	 0.003246031786511213
1.7940219978921133 	 0.0032357068824910144
1.7950219978921131 	 0.003225436558616149
1.796021997892113 	 0.003215222726614471
1.797021997892113 	 0.003205067219570282
1.7980219978921128 	 0.003194971794151689
1.7990219978921127 	 0.003184938132807826
1.8000219978921126 	 0.0031749678459345393
1.8010219978921125 	 0.003165062474007232
1.8020219978921124 	 0.003155223489679763
1.8030219978921123 	 0.003145452299848381
1.8040219978921122 	 0.0031357502476798615
1.805021997892112 	 0.0031261186146031
1.806021997892112 	 0.003116558622263595
1.8070219978921118 	 0.0031070714344402727
1.8080219978921117 	 0.003097658158924288
1.8090219978921116 	 0.0030883198493595163
1.8100219978921115 	 0.0030790575070445032
1.8110219978921114 	 0.003069872082695804
1.8120219978921113 	 0.0030607644781725655
1.8130219978921112 	 0.003051735548162545
1.814021997892111 	 0.0030427861018294746
1.815021997892111 	 0.003033916904422081
1.8160219978921108 	 0.0030251286788449006
1.8170219978921107 	 0.003016422107191163
1.8180219978921106 	 0.0030077978322380814
1.8190219978921105 	 0.002999256458904874
1.8200219978921104 	 0.002990798555673942
1.8210219978921103 	 0.002982424655975629
1.8220219978921102 	 0.0029741352595369884
1.82302199789211 	 0.002965930833695126
1.82402199789211 	 0.00295781181467555
1.8250219978921098 	 0.0029497785664355366
1.8260219978921097 	 0.002941831551558821
1.8270219978921096 	 0.002933971077781108
1.8280219978921095 	 0.0029261974689854045
1.8290219978921094 	 0.002918511023830187
1.8300219978921093 	 0.0029109120168299626
1.8310219978921092 	 0.0029034006994050027
1.832021997892109 	 0.002895977300900849
1.833021997892109 	 0.00288864202957823
1.8340219978921088 	 0.002881395073574023
1.8350219978921087 	 0.002874236601833911
1.8360219978921086 	 0.0028671667650173446
1.8370219978921085 	 0.0028601856963754993
1.8380219978921084 	 0.002853293512602805
1.8390219978921083 	 0.002846490314662691
1.8400219978921082 	 0.0028397761885882514
1.841021997892108 	 0.002833151206258328
1.842021997892108 	 0.002826615426149743
1.8430219978921079 	 0.0028201688940662243
1.8440219978921077 	 0.0028138116438446697
1.8450219978921076 	 0.0028075436980393247
1.8460219978921075 	 0.002801365068584468
1.8470219978921074 	 0.0027952757574362095
1.8480219978921073 	 0.002789275757193941
1.8490219978921072 	 0.0027833650517020206
1.850021997892107 	 0.002777543616632258
1.851021997892107 	 0.0027718114200477235
1.8520219978921069 	 0.002766168422948431
1.8530219978921068 	 0.002760614579799417
1.8540219978921066 	 0.002755149839041723
1.8550219978921065 	 0.0027497741435867926
1.8560219978921064 	 0.0027444874312948044
1.8570219978921063 	 0.0027392896354373575
1.8580219978921062 	 0.002734180685145052
1.859021997892106 	 0.0027291605058403943
1.860021997892106 	 0.00272422901965648
1.8610219978921059 	 0.002719386145841895
1.8620219978921058 	 0.0027146318011522933
1.8630219978921057 	 0.0027099659002290254
1.8640219978921055 	 0.0027053883559652594
1.8650219978921054 	 0.002700899079859998
1.8660219978921053 	 0.0026964979823603666
1.8670219978921052 	 0.0026921849731925416
1.868021997892105 	 0.002687959961681726
1.869021997892105 	 0.0026838228570614927
1.8700219978921049 	 0.002679773568772867
1.8710219978921048 	 0.0026758120067534915
1.8720219978921047 	 0.002671938081717185
1.8730219978921046 	 0.0026681516670597574
1.8740219978921044 	 0.002664452752602637
1.8750219978921043 	 0.002660841214584311
1.8760219978921042 	 0.0026573169694381112
1.877021997892104 	 0.0026538799356383763
1.878021997892104 	 0.0026505300339288987
1.879021997892104 	 0.002647267187543816
1.8800219978921038 	 0.002644091322421233
1.8810219978921037 	 0.0026410023674098434
1.8820219978921036 	 0.0026380002544687566
1.8830219978921034 	 0.0026350849188608075
1.8840219978921033 	 0.0026322562993395266
1.8850219978921032 	 0.0026295143383300453
1.8860219978921031 	 0.0026268589821041234
1.887021997892103 	 0.0026242901809495002
1.888021997892103 	 0.0026218078893337775
1.8890219978921028 	 0.002619412066063041
1.8900219978921027 	 0.002617102674435369
1.8910219978921026 	 0.002614879682389449
1.8920219978921025 	 0.0026127430626484466
1.8930219978921023 	 0.0026106927928593003
1.8940219978921022 	 0.002608728855727611
1.8950219978921021 	 0.0026068512391482636
1.896021997892102 	 0.0026050599363319498
1.897021997892102 	 0.0026033549459276973
1.8980219978921018 	 0.002601736272141598
1.8990219978921017 	 0.002600203924851801
1.9000219978921016 	 0.002598757919719944
1.9010219978921015 	 0.002597398278299113
1.9020219978921014 	 0.002596125028138466
1.9030219978921012 	 0.0025949382028846064
1.9040219978921011 	 0.0025938378423798216
1.905021997892101 	 0.0025928239927572884
1.906021997892101 	 0.0025918967065333147
1.9070219978921008 	 0.0025910560426967385
1.9080219978921007 	 0.0025903020667955383
1.9090219978921006 	 0.002589634851020743
1.9100219978921005 	 0.002589054474287717
1.9110219978921004 	 0.002588561022314873
1.9120219978921003 	 0.0025881545876998958
1.9130219978921001 	 0.002587835269993517
1.9140219978921 	 0.002587603175770901
1.9150219978921 	 0.002587458418700697
1.9160219978920998 	 0.00258740111961178
1.9170219978920997 	 0.002587431406557736
1.9180219978920996 	 0.0025875494148791286
1.9190219978920995 	 0.0025877552872635608
1.9200219978920994 	 0.002588049173803555
1.9210219978920993 	 0.002588431194822014
1.9220219978920992 	 0.0025889015898125103
1.923021997892099 	 0.0025894604942111165
1.924021997892099 	 0.002590108088266091
1.9250219978920988 	 0.002590844559887995
1.9260219978920987 	 0.002591670104694774
1.9270219978920986 	 0.002592584926054728
1.9280219978920985 	 0.002593589235127301
1.9290219978920984 	 0.0025946832509017195
1.9300219978920983 	 0.0025958672002334253
1.9310219978920982 	 0.0025971413178782748
1.932021997892098 	 0.0025985058465244986
1.933021997892098 	 0.0025999610368223278
1.9340219978920978 	 0.0026015071474112983
1.9350219978920977 	 0.0026031444449451375
1.9360219978920976 	 0.0026048732041142036
1.9370219978920975 	 0.002606693707665389
1.9380219978920974 	 0.002608606246419467
1.9390219978920973 	 0.002610611119285725
1.9400219978920972 	 0.002612708633273885
1.941021997892097 	 0.0026148991035032016
1.942021997892097 	 0.002617182853208582
1.9430219978920968 	 0.0026195602137437353
1.9440219978920967 	 0.002622031524581139
1.9450219978920966 	 0.002624597133308791
1.9460219978920965 	 0.002627257395623568
1.9470219978920964 	 0.002630012675321082
1.9480219978920963 	 0.002632863344281913
1.9490219978920962 	 0.00263580978245405
1.950021997892096 	 0.002638852377831393
1.951021997892096 	 0.0026419915264281712
1.9520219978920959 	 0.0026452276322490825
1.9530219978920957 	 0.002648561107255005
1.9540219978920956 	 0.0026519923713240563
1.9550219978920955 	 0.002655521852207856
1.9560219978920954 	 0.0026591499854827197
1.9570219978920953 	 0.002662877214495638
1.9580219978920952 	 0.0026667039903047534
1.959021997892095 	 0.002670630771614151
1.960021997892095 	 0.002674658024702653
1.9610219978920949 	 0.0026787862233464354
1.9620219978920947 	 0.0026830158487351277
1.9630219978920946 	 0.0026873473893811646
1.9640219978920945 	 0.0026917813410220286
1.9650219978920944 	 0.002696318206515186
1.9660219978920943 	 0.0027009584957252623
1.9670219978920942 	 0.0027057027254032352
1.968021997892094 	 0.002710551419057233
1.969021997892094 	 0.0027155050677461906
1.9700219978920939 	 0.0027205642861048485
1.9710219978920938 	 0.0027257295780798623
1.9720219978920936 	 0.0027310014927354846
1.9730219978920935 	 0.002736380585108295
1.9740219978920934 	 0.0027418674160196183
1.9750219978920933 	 0.00274746255187669
1.9760219978920932 	 0.002753166564462113
1.977021997892093 	 0.0027589800307111145
1.978021997892093 	 0.002764903532476087
1.9790219978920929 	 0.0027709376562778413
1.9800219978920928 	 0.0027770829930431084
1.9810219978920927 	 0.002783340137827612
1.9820219978920925 	 0.0027897096895242307
1.9830219978920924 	 0.0027961922505555085
1.9840219978920923 	 0.0028027884265500007
1.9850219978920922 	 0.0028094988260017133
1.986021997892092 	 0.002816324059911983
1.987021997892092 	 0.002823264741413095
1.9880219978920919 	 0.002830321485372883
1.9890219978920918 	 0.0028374949079796098
1.9900219978920917 	 0.002844785626306274
1.9910219978920916 	 0.002852194257853592
1.9920219978920914 	 0.0028597214200708084
1.9930219978920913 	 0.0028673677298534568
1.9940219978920912 	 0.0028751338030171976
1.9950219978920911 	 0.0028830202537468317
1.996021997892091 	 0.0028910276940194947
1.997021997892091 	 0.0028991567330011164
1.9980219978920908 	 0.002907407976415111
1.9990219978920907 	 0.002915782025882261
