0.0010219978922 	 0.0
0.0020219978922 	 0.0
0.0030219978922 	 0.0
0.0040219978922 	 0.0
0.0050219978922 	 0.0
0.0060219978922 	 0.0
0.0070219978922 	 0.0
0.0080219978922 	 0.0
0.009021997892200002 	 0.0
0.010021997892200003 	 0.0
0.011021997892200004 	 0.0
0.012021997892200004 	 0.0
0.013021997892200005 	 0.0
0.014021997892200006 	 0.0
0.015021997892200007 	 0.0
0.016021997892200008 	 0.0
0.01702199789220001 	 0.0
0.01802199789220001 	 0.0
0.01902199789220001 	 0.0
0.02002199789220001 	 0.0
0.021021997892200012 	 0.0
0.022021997892200013 	 0.0
0.023021997892200014 	 0.0
0.024021997892200015 	 0.0
0.025021997892200016 	 0.0
0.026021997892200017 	 0.0
0.027021997892200018 	 0.0
0.02802199789220002 	 0.0
0.02902199789220002 	 0.0
0.03002199789220002 	 0.0
0.03102199789220002 	 0.0
0.03202199789220002 	 0.0
0.03302199789220002 	 0.0
0.03402199789220002 	 0.0
0.03502199789220002 	 0.0
0.03602199789220002 	 0.0
0.03702199789220002 	 0.0
0.038021997892200024 	 0.0
0.039021997892200025 	 0.0
0.040021997892200026 	 0.0
0.04102199789220003 	 0.0
0.04202199789220003 	 0.0
0.04302199789220003 	 0.0
0.04402199789220003 	 0.0
0.04502199789220003 	 0.0
0.04602199789220003 	 0.0
0.04702199789220003 	 0.0
0.04802199789220003 	 0.0
0.049021997892200034 	 0.0
0.050021997892200035 	 0.0
0.051021997892200036 	 0.0
0.052021997892200036 	 0.0
0.05302199789220004 	 0.0
0.05402199789220004 	 0.0
0.05502199789220004 	 0.0
0.05602199789220004 	 0.0
0.05702199789220004 	 0.0
0.05802199789220004 	 0.0
0.05902199789220004 	 0.0
0.060021997892200044 	 0.0
0.061021997892200044 	 0.0
0.062021997892200045 	 0.0
0.06302199789220005 	 0.0
0.06402199789220005 	 0.0
0.06502199789220005 	 0.0
0.06602199789220005 	 0.0
0.06702199789220005 	 0.0
0.06802199789220005 	 0.0
0.06902199789220005 	 0.0
0.07002199789220005 	 0.0
0.07102199789220005 	 0.0
0.07202199789220005 	 0.0
0.07302199789220006 	 0.0
0.07402199789220006 	 0.0
0.07502199789220006 	 0.0
0.07602199789220006 	 0.0
0.07702199789220006 	 0.0
0.07802199789220006 	 0.0
0.07902199789220006 	 0.0
0.08002199789220006 	 0.0
0.08102199789220006 	 0.0
0.08202199789220006 	 0.0
0.08302199789220006 	 0.0
0.08402199789220006 	 0.0
0.08502199789220007 	 0.0
0.08602199789220007 	 0.0
0.08702199789220007 	 0.0
0.08802199789220007 	 0.0
0.08902199789220007 	 0.0
0.09002199789220007 	 0.0
0.09102199789220007 	 0.0
0.09202199789220007 	 0.0
0.09302199789220007 	 0.0
0.09402199789220007 	 0.0
0.09502199789220007 	 0.0
0.09602199789220008 	 0.0
0.09702199789220008 	 0.0
0.09802199789220008 	 0.0
0.09902199789220008 	 0.0
0.10002199789220008 	 0.0
0.10102199789220008 	 0.0
0.10202199789220008 	 0.0
0.10302199789220008 	 0.0
0.10402199789220008 	 0.0
0.10502199789220008 	 0.0
0.10602199789220008 	 0.0
0.10702199789220009 	 0.0
0.10802199789220009 	 0.0
0.10902199789220009 	 0.0
0.11002199789220009 	 0.0
0.11102199789220009 	 0.0
0.11202199789220009 	 0.0
0.11302199789220009 	 0.0
0.11402199789220009 	 0.0
0.11502199789220009 	 0.0
0.1160219978922001 	 0.0
0.1170219978922001 	 0.0
0.1180219978922001 	 0.0
0.1190219978922001 	 0.0
0.1200219978922001 	 0.0
0.1210219978922001 	 0.0
0.1220219978922001 	 0.0
0.1230219978922001 	 0.0
0.1240219978922001 	 0.0
0.1250219978922001 	 0.0
0.1260219978922001 	 0.0
0.1270219978922001 	 0.0
0.1280219978922001 	 0.0
0.1290219978922001 	 0.0
0.1300219978922001 	 0.0
0.1310219978922001 	 0.0
0.1320219978922001 	 0.0
0.1330219978922001 	 0.0
0.1340219978922001 	 0.0
0.1350219978922001 	 0.0
0.1360219978922001 	 0.0
0.1370219978922001 	 0.0
0.1380219978922001 	 0.0
0.1390219978922001 	 0.0
0.1400219978922001 	 0.0
0.1410219978922001 	 0.0
0.1420219978922001 	 0.0
0.1430219978922001 	 0.0
0.1440219978922001 	 0.0
0.1450219978922001 	 0.0
0.1460219978922001 	 0.0
0.1470219978922001 	 0.0
0.1480219978922001 	 0.0
0.1490219978922001 	 0.0
0.1500219978922001 	 0.0
0.1510219978922001 	 0.0
0.1520219978922001 	 0.0
0.1530219978922001 	 0.0
0.1540219978922001 	 0.0
0.15502199789220011 	 0.0
0.15602199789220011 	 0.0
0.15702199789220012 	 0.0
0.15802199789220012 	 0.0
0.15902199789220012 	 0.0
0.16002199789220012 	 0.0
0.16102199789220012 	 0.0
0.16202199789220012 	 0.0
0.16302199789220012 	 0.0
0.16402199789220012 	 0.0
0.16502199789220012 	 0.0
0.16602199789220012 	 0.0
0.16702199789220012 	 0.0
0.16802199789220013 	 0.0
0.16902199789220013 	 0.0
0.17002199789220013 	 0.0
0.17102199789220013 	 0.0
0.17202199789220013 	 0.0
0.17302199789220013 	 0.0
0.17402199789220013 	 0.0
0.17502199789220013 	 0.0
0.17602199789220013 	 0.0
0.17702199789220013 	 0.0
0.17802199789220013 	 0.0
0.17902199789220014 	 0.0
0.18002199789220014 	 0.0
0.18102199789220014 	 0.0
0.18202199789220014 	 0.0
0.18302199789220014 	 0.0
0.18402199789220014 	 0.0
0.18502199789220014 	 0.0
0.18602199789220014 	 0.0
0.18702199789220014 	 0.0
0.18802199789220014 	 0.0
0.18902199789220014 	 0.0
0.19002199789220015 	 0.0
0.19102199789220015 	 0.0
0.19202199789220015 	 0.0
0.19302199789220015 	 0.0
0.19402199789220015 	 0.0
0.19502199789220015 	 0.0
0.19602199789220015 	 0.0
0.19702199789220015 	 0.0
0.19802199789220015 	 0.0
0.19902199789220015 	 0.0
0.20002199789220015 	 0.0
0.20102199789220015 	 0.0
0.20202199789220016 	 0.0
0.20302199789220016 	 0.0
0.20402199789220016 	 0.0
0.20502199789220016 	 0.0
0.20602199789220016 	 0.0
0.20702199789220016 	 0.0
0.20802199789220016 	 0.0
0.20902199789220016 	 0.0
0.21002199789220016 	 0.0
0.21102199789220016 	 0.0
0.21202199789220016 	 0.0
0.21302199789220017 	 0.0
0.21402199789220017 	 0.0
0.21502199789220017 	 0.0
0.21602199789220017 	 0.0
0.21702199789220017 	 0.0
0.21802199789220017 	 0.0
0.21902199789220017 	 0.0
0.22002199789220017 	 0.0
0.22102199789220017 	 0.0
0.22202199789220017 	 0.0
0.22302199789220017 	 0.0
0.22402199789220018 	 0.0
0.22502199789220018 	 0.0
0.22602199789220018 	 0.0
0.22702199789220018 	 0.0
0.22802199789220018 	 0.0
0.22902199789220018 	 0.0
0.23002199789220018 	 0.0
0.23102199789220018 	 0.0
0.23202199789220018 	 0.0
0.23302199789220018 	 0.0
0.23402199789220018 	 0.0
0.23502199789220019 	 0.0
0.23602199789220019 	 0.0
0.2370219978922002 	 0.0
0.2380219978922002 	 0.0
0.2390219978922002 	 0.0
0.2400219978922002 	 0.0
0.2410219978922002 	 0.0
0.2420219978922002 	 0.0
0.2430219978922002 	 0.0
0.2440219978922002 	 0.0
0.2450219978922002 	 0.0
0.2460219978922002 	 0.0
0.2470219978922002 	 0.0
0.2480219978922002 	 0.0
0.2490219978922002 	 0.0
0.2500219978922002 	 0.0
0.2510219978922002 	 0.0
0.2520219978922002 	 0.0
0.2530219978922002 	 0.0
0.2540219978922002 	 0.0
0.2550219978922002 	 0.0
0.2560219978922002 	 0.0
0.2570219978922002 	 0.0
0.2580219978922002 	 0.0
0.2590219978922002 	 0.0
0.2600219978922002 	 0.0
0.2610219978922002 	 0.0
0.2620219978922002 	 0.0
0.2630219978922002 	 0.0
0.2640219978922002 	 0.0
0.2650219978922002 	 0.0
0.2660219978922002 	 0.0
0.2670219978922002 	 0.0
0.2680219978922002 	 0.0
0.2690219978922002 	 0.0
0.2700219978922002 	 0.0
0.2710219978922002 	 0.0
0.2720219978922002 	 0.0
0.2730219978922002 	 0.0
0.2740219978922002 	 0.0
0.2750219978922002 	 0.0
0.2760219978922002 	 0.0
0.2770219978922002 	 0.0
0.2780219978922002 	 0.0
0.2790219978922002 	 0.0
0.2800219978922002 	 0.0
0.2810219978922002 	 0.0
0.2820219978922002 	 0.0
0.2830219978922002 	 0.0
0.28402199789220023 	 0.0
0.28502199789220023 	 0.0
0.28602199789220023 	 0.0
0.28702199789220023 	 0.0
0.28802199789220023 	 0.0
0.28902199789220023 	 0.0
0.29002199789220023 	 0.0
0.29102199789220023 	 0.0
0.29202199789220024 	 0.0
0.29302199789220024 	 0.0
0.29402199789220024 	 0.0
0.29502199789220024 	 0.0
0.29602199789220024 	 0.0
0.29702199789220024 	 0.0
0.29802199789220024 	 0.0
0.29902199789220024 	 0.0
0.30002199789220024 	 0.0
0.30102199789220024 	 0.0
0.30202199789220024 	 0.0
0.30302199789220025 	 0.0
0.30402199789220025 	 0.0
0.30502199789220025 	 0.0
0.30602199789220025 	 0.0
0.30702199789220025 	 0.0
0.30802199789220025 	 0.0
0.30902199789220025 	 0.0
0.31002199789220025 	 0.0
0.31102199789220025 	 0.0
0.31202199789220025 	 0.0
0.31302199789220025 	 0.0
0.31402199789220026 	 0.0
0.31502199789220026 	 0.0
0.31602199789220026 	 0.0
0.31702199789220026 	 0.0
0.31802199789220026 	 0.0
0.31902199789220026 	 0.0
0.32002199789220026 	 0.0
0.32102199789220026 	 0.0
0.32202199789220026 	 0.0
0.32302199789220026 	 0.0
0.32402199789220026 	 0.0
0.32502199789220027 	 0.0
0.32602199789220027 	 0.0
0.32702199789220027 	 0.0
0.32802199789220027 	 0.0
0.32902199789220027 	 0.0
0.33002199789220027 	 0.0
0.33102199789220027 	 0.0
0.33202199789220027 	 0.0
0.33302199789220027 	 0.0
0.3340219978922003 	 0.0
0.3350219978922003 	 0.0
0.3360219978922003 	 0.0
0.3370219978922003 	 0.0
0.3380219978922003 	 0.0
0.3390219978922003 	 0.0
0.3400219978922003 	 0.0
0.3410219978922003 	 0.0
0.3420219978922003 	 0.0
0.3430219978922003 	 0.0
0.3440219978922003 	 0.0
0.3450219978922003 	 0.0
0.3460219978922003 	 0.0
0.3470219978922003 	 0.0
0.3480219978922003 	 0.0
0.3490219978922003 	 0.0
0.3500219978922003 	 0.0
0.3510219978922003 	 0.0
0.3520219978922003 	 0.0
0.3530219978922003 	 0.0
0.3540219978922003 	 0.0
0.3550219978922003 	 0.0
0.3560219978922003 	 0.0
0.3570219978922003 	 0.0
0.3580219978922003 	 0.0
0.3590219978922003 	 0.0
0.3600219978922003 	 0.0
0.3610219978922003 	 0.0
0.3620219978922003 	 0.0
0.3630219978922003 	 0.0
0.3640219978922003 	 0.0
0.3650219978922003 	 0.0
0.3660219978922003 	 0.0
0.3670219978922003 	 0.0
0.3680219978922003 	 0.0
0.3690219978922003 	 0.0
0.3700219978922003 	 0.0
0.3710219978922003 	 0.0
0.3720219978922003 	 0.0
0.3730219978922003 	 0.0
0.3740219978922003 	 0.0
0.3750219978922003 	 0.0
0.3760219978922003 	 0.0
0.3770219978922003 	 0.0
0.3780219978922003 	 0.0
0.3790219978922003 	 0.0
0.3800219978922003 	 0.0
0.3810219978922003 	 0.0
0.3820219978922003 	 0.0
0.3830219978922003 	 0.0
0.3840219978922003 	 0.0
0.3850219978922003 	 0.0
0.3860219978922003 	 0.0
0.3870219978922003 	 0.0
0.3880219978922003 	 0.0
0.3890219978922003 	 0.0
0.3900219978922003 	 0.0
0.3910219978922003 	 0.0
0.3920219978922003 	 0.0
0.3930219978922003 	 0.0
0.3940219978922003 	 0.0
0.3950219978922003 	 0.0
0.39602199789220033 	 0.0
0.39702199789220033 	 0.0
0.39802199789220033 	 0.0
0.39902199789220033 	 0.0
0.40002199789220033 	 0.0
0.40102199789220033 	 0.0
0.40202199789220033 	 0.0
0.40302199789220033 	 0.0
0.40402199789220034 	 0.0
0.40502199789220034 	 0.0
0.40602199789220034 	 0.0
0.40702199789220034 	 0.0
0.40802199789220034 	 0.0
0.40902199789220034 	 0.0
0.41002199789220034 	 0.0
0.41102199789220034 	 0.0
0.41202199789220034 	 0.0
0.41302199789220034 	 0.0
0.41402199789220034 	 0.0
0.41502199789220034 	 0.0
0.41602199789220035 	 0.0
0.41702199789220035 	 0.0
0.41802199789220035 	 0.0
0.41902199789220035 	 0.0
0.42002199789220035 	 0.0
0.42102199789220035 	 0.0
0.42202199789220035 	 0.0
0.42302199789220035 	 0.0
0.42402199789220035 	 0.0
0.42502199789220035 	 0.0
0.42602199789220035 	 0.0
0.42702199789220036 	 0.0
0.42802199789220036 	 0.0
0.42902199789220036 	 0.0
0.43002199789220036 	 0.0
0.43102199789220036 	 0.0
0.43202199789220036 	 0.0
0.43302199789220036 	 0.0
0.43402199789220036 	 0.0
0.43502199789220036 	 0.0
0.43602199789220036 	 0.0
0.43702199789220036 	 0.0
0.43802199789220037 	 0.0
0.43902199789220037 	 0.0
0.44002199789220037 	 0.0
0.44102199789220037 	 0.0
0.44202199789220037 	 0.0
0.44302199789220037 	 0.0
0.44402199789220037 	 0.0
0.44502199789220037 	 0.0
0.4460219978922004 	 0.0
0.4470219978922004 	 0.0
0.4480219978922004 	 0.0
0.4490219978922004 	 0.0
0.4500219978922004 	 0.0
0.4510219978922004 	 0.0
0.4520219978922004 	 0.0
0.4530219978922004 	 0.0
0.4540219978922004 	 0.0
0.4550219978922004 	 0.0
0.4560219978922004 	 0.0
0.4570219978922004 	 0.0
0.4580219978922004 	 0.0
0.4590219978922004 	 0.0
0.4600219978922004 	 0.0
0.4610219978922004 	 0.0
0.4620219978922004 	 0.0
0.4630219978922004 	 0.0
0.4640219978922004 	 0.0
0.4650219978922004 	 0.0
0.4660219978922004 	 0.0
0.4670219978922004 	 0.0
0.4680219978922004 	 0.0
0.4690219978922004 	 0.0
0.4700219978922004 	 0.0
0.4710219978922004 	 0.0
0.4720219978922004 	 0.0
0.4730219978922004 	 0.0
0.4740219978922004 	 0.0
0.4750219978922004 	 0.0
0.4760219978922004 	 0.0
0.4770219978922004 	 0.0
0.4780219978922004 	 0.0
0.4790219978922004 	 0.0
0.4800219978922004 	 0.0
0.4810219978922004 	 0.0
0.4820219978922004 	 0.0
0.4830219978922004 	 0.0
0.4840219978922004 	 0.0
0.4850219978922004 	 0.0
0.4860219978922004 	 0.0
0.4870219978922004 	 0.0
0.4880219978922004 	 0.0
0.4890219978922004 	 0.0
0.4900219978922004 	 0.0
0.4910219978922004 	 0.0
0.4920219978922004 	 0.0
0.4930219978922004 	 0.0
0.4940219978922004 	 0.0
0.4950219978922004 	 0.0
0.4960219978922004 	 0.0
0.4970219978922004 	 0.0
0.4980219978922004 	 0.0
0.4990219978922004 	 0.0
0.5000219978922004 	 0.0
0.5010219978922004 	 0.0
0.5020219978922004 	 0.0
0.5030219978922004 	 0.0
0.5040219978922004 	 0.0
0.5050219978922004 	 0.0
0.5060219978922004 	 0.0
0.5070219978922004 	 0.0
0.5080219978922004 	 0.0
0.5090219978922004 	 0.0
0.5100219978922004 	 0.0
0.5110219978922004 	 0.0
0.5120219978922004 	 0.0
0.5130219978922004 	 0.0
0.5140219978922004 	 0.0
0.5150219978922004 	 0.0
0.5160219978922004 	 0.0
0.5170219978922004 	 0.0
0.5180219978922004 	 0.0
0.5190219978922004 	 0.0
0.5200219978922004 	 0.0
0.5210219978922004 	 0.0
0.5220219978922004 	 0.0
0.5230219978922004 	 0.0
0.5240219978922004 	 0.0
0.5250219978922004 	 0.0
0.5260219978922004 	 0.0
0.5270219978922004 	 0.0
0.5280219978922004 	 0.0
0.5290219978922004 	 0.0
0.5300219978922004 	 0.0
0.5310219978922004 	 0.0
0.5320219978922004 	 0.0
0.5330219978922004 	 0.0
0.5340219978922004 	 0.0
0.5350219978922004 	 0.0
0.5360219978922004 	 0.0
0.5370219978922004 	 0.0
0.5380219978922004 	 0.0
0.5390219978922004 	 0.0
0.5400219978922004 	 0.0
0.5410219978922004 	 0.0
0.5420219978922004 	 0.0
0.5430219978922004 	 0.0
0.5440219978922004 	 0.0
0.5450219978922004 	 0.0
0.5460219978922004 	 0.0
0.5470219978922004 	 0.0
0.5480219978922004 	 6.138404678930704e-15
0.5490219978922004 	 2.3411608694616685e-12
0.5500219978922004 	 1.5128073065712513e-11
0.5510219978922004 	 4.7409472168014263e-11
0.5520219978922004 	 1.0826358495175013e-10
0.5530219978922004 	 2.0680797573936932e-10
0.5540219978922004 	 3.522033136543515e-10
0.5550219978922004 	 5.536572022445963e-10
0.5560219978922004 	 8.204280746341232e-10
0.5570219978922004 	 1.1618291574645327e-09
0.5580219978922004 	 1.5872325069943823e-09
0.5590219978922004 	 2.1060731208371487e-09
0.5600219978922004 	 2.7278531289364256e-09
0.5610219978922004 	 3.462146067499789e-09
0.5620219978922004 	 4.318601239742502e-09
0.5630219978922004 	 5.306948167428176e-09
0.5640219978922004 	 6.437001137334429e-09
0.5650219978922004 	 7.718663846921716e-09
0.5660219978922004 	 9.161934153638661e-09
0.5670219978922004 	 1.0776908932460257e-08
0.5680219978922004 	 1.2573789046434104e-08
0.5690219978922004 	 1.4562884435166368e-08
0.5700219978922004 	 1.675461932640605e-08
0.5710219978922004 	 1.9159537576045255e-08
0.5720219978922004 	 2.178830814208316e-08
0.5730219978922004 	 2.4651730698310387e-08
0.5740219978922004 	 2.7760741393699445e-08
0.5750219978922004 	 3.1126418763725435e-08
0.5760219978922004 	 3.475998980009223e-08
0.5770219978922004 	 3.8672836185598596e-08
0.5780219978922004 	 4.287650070116056e-08
0.5790219978922004 	 4.738269381228757e-08
0.5800219978922004 	 5.220330044262038e-08
0.5810219978922004 	 5.735038694244924e-08
0.5820219978922004 	 6.283620826047493e-08
0.5830219978922004 	 6.867321532741326e-08
0.5840219978922004 	 7.487406266042197e-08
0.5850219978922004 	 8.14516161977334e-08
0.5860219978922004 	 8.841896137319657e-08
0.5870219978922004 	 9.5789411441016e-08
0.5880219978922004 	 1.035765160612595e-07
0.5890219978922004 	 1.1179407015728391e-07
0.5900219978922004 	 1.2045612305666788e-07
0.5910219978922004 	 1.2957698792786038e-07
0.5920219978922004 	 1.3917125152503738e-07
0.5930219978922004 	 1.492537842546758e-07
0.5940219978922004 	 1.5983975057752154e-07
0.5950219978922004 	 1.709446197605131e-07
0.5960219978922005 	 1.8258417699384863e-07
0.5970219978922005 	 1.9477453488905399e-07
0.5980219978922005 	 2.0753214537468776e-07
0.5990219978922005 	 2.2087381200709224e-07
0.6000219978922005 	 2.3481670271442497e-07
0.6010219978922005 	 2.4937836299308325e-07
0.6020219978922005 	 2.6457672957654864e-07
0.6030219978922005 	 2.8043014459763587e-07
0.6040219978922005 	 2.969573702661825e-07
0.6050219978922005 	 3.1417760408525595e-07
0.6060219978922005 	 3.3211049463012223e-07
0.6070219978922005 	 3.507761579153928e-07
0.6080219978922005 	 3.7019519437706635e-07
0.6090219978922005 	 3.9038870649745626e-07
0.6100219978922005 	 4.1137831710267363e-07
0.6110219978922005 	 4.331861883630645e-07
0.6120219978922005 	 4.558350415298549e-07
0.6130219978922005 	 4.793481774416549e-07
0.6140219978922005 	 5.037494978369943e-07
0.6150219978922005 	 5.290635275106776e-07
0.6160219978922005 	 5.553154373537451e-07
0.6170219978922005 	 5.825310683191445e-07
0.6180219978922005 	 6.107369563566511e-07
0.6190219978922005 	 6.399603583642992e-07
0.6200219978922005 	 6.702292792046518e-07
0.6210219978922005 	 7.015724998377554e-07
0.6220219978922005 	 7.340196066251137e-07
0.6230219978922005 	 7.67601021862019e-07
0.6240219978922005 	 8.023480355987444e-07
0.6250219978922005 	 8.382928388144066e-07
0.6260219978922005 	 8.754685580108945e-07
0.6270219978922005 	 9.13909291297983e-07
0.6280219978922005 	 9.536501460447742e-07
0.6290219978922005 	 9.947272781768531e-07
0.6300219978922005 	 1.037177933203059e-06
0.6310219978922005 	 1.0810404890605867e-06
0.6320219978922005 	 1.1263545008722237e-06
0.6330219978922005 	 1.1731607477150096e-06
0.6340219978922005 	 1.2215012815052687e-06
0.6350219978922005 	 1.271419478111819e-06
0.6360219978922005 	 1.3229600908136104e-06
0.6370219978922005 	 1.3761693062291295e-06
0.6380219978922005 	 1.4310948028469482e-06
0.6390219978922005 	 1.4877858123001975e-06
0.6400219978922005 	 1.546293183532129e-06
0.6410219978922005 	 1.6066694500113106e-06
0.6420219978922005 	 1.6689689001637417e-06
0.6430219978922005 	 1.733247651199977e-06
0.6440219978922005 	 1.7995637265261102e-06
0.6450219978922005 	 1.867977136939516e-06
0.6460219978922005 	 1.9385499658228964e-06
0.6470219978922005 	 2.011346458563641e-06
0.6480219978922005 	 2.0864331164401657e-06
0.6490219978922005 	 2.1638787952323665e-06
0.6500219978922005 	 2.2437548088300385e-06
0.6510219978922005 	 2.3261350381308127e-06
0.6520219978922005 	 2.4110960455395977e-06
0.6530219978922005 	 2.498717195398225e-06
0.6540219978922005 	 2.589080780702619e-06
0.6550219978922005 	 2.6822721564819617e-06
0.6560219978922005 	 2.7783798802438652e-06
0.6570219978922005 	 2.877495859915532e-06
0.6580219978922005 	 2.9797155097407056e-06
0.6590219978922005 	 3.085137914623883e-06
0.6600219978922005 	 3.1938660034475024e-06
0.6610219978922005 	 3.3060067319245455e-06
0.6620219978922005 	 3.421671275588885e-06
0.6630219978922005 	 3.54097523356832e-06
0.6640219978922005 	 3.664038843831512e-06
0.6650219978922005 	 3.790987210649949e-06
0.6660219978922005 	 3.921950545069963e-06
0.6670219978922005 	 4.057064419247578e-06
0.6680219978922005 	 4.196470035562806e-06
0.6690219978922005 	 4.340314511496983e-06
0.6700219978922005 	 4.488751181332491e-06
0.6710219978922005 	 4.641939915809075e-06
0.6720219978922005 	 4.800047460965725e-06
0.6730219978922005 	 4.963247797482426e-06
0.6740219978922005 	 5.131722521943258e-06
0.6750219978922005 	 5.305661251550546e-06
0.6760219978922005 	 5.48526205394023e-06
0.6770219978922005 	 5.670731903880884e-06
0.6780219978922005 	 5.862287168774181e-06
0.6790219978922005 	 6.060154125039942e-06
0.6800219978922005 	 6.264569507625887e-06
0.6810219978922005 	 6.4757810950718805e-06
0.6820219978922005 	 6.6940483327559195e-06
0.6830219978922005 	 6.919642997167043e-06
0.6840219978922005 	 7.152849904287989e-06
0.6850219978922005 	 7.393967665430031e-06
0.6860219978922005 	 7.643309494145972e-06
0.6870219978922005 	 7.901204068157259e-06
0.6880219978922005 	 8.16799645057353e-06
0.6890219978922005 	 8.444049075045054e-06
0.6900219978922005 	 8.729742799912462e-06
0.6910219978922005 	 9.025478036846684e-06
0.6920219978922005 	 9.331675959979247e-06
0.6930219978922005 	 9.648779802037423e-06
0.6940219978922005 	 9.977256244623013e-06
0.6950219978922005 	 1.0317596910390749e-05
0.6960219978922005 	 1.0670319965616046e-05
0.6970219978922005 	 1.1035971842422079e-05
0.6980219978922005 	 1.1415129090803258e-05
0.6990219978922005 	 1.1808400371536806e-05
0.7000219978922005 	 1.2216428602127233e-05
0.7010219978922005 	 1.2639893269089555e-05
0.7020219978922005 	 1.3079512921160394e-05
0.7030219978922005 	 1.35360478594427e-05
0.7040219978922005 	 1.4010303042055843e-05
0.7050219978922005 	 1.4503131222595164e-05
0.7060219978922005 	 1.5015436343621602e-05
0.7070219978922005 	 1.554817720852357e-05
0.7080219978922005 	 1.6102371457443244e-05
0.7090219978922006 	 1.6679099875562845e-05
0.7100219978922006 	 1.7279511064932302e-05
0.7110219978922006 	 1.790482651421895e-05
0.7120219978922006 	 1.8556346104307875e-05
0.7130219978922006 	 1.9235454091617435e-05
0.7140219978922006 	 1.9943625615358294e-05
0.7150219978922006 	 2.068243377980719e-05
0.7160219978922006 	 2.1453557368036086e-05
0.7170219978922006 	 2.2258789249490533e-05
0.7180219978922006 	 2.3100045550412477e-05
0.7190219978922006 	 2.3979375663397307e-05
0.7200219978922006 	 2.489897318048471e-05
0.7210219978922006 	 2.5861187843097293e-05
0.7220219978922006 	 2.68685386120165e-05
0.7230219978922006 	 2.792372797145494e-05
0.7240219978922006 	 2.9029657593220514e-05
0.7250219978922006 	 3.0189445500066947e-05
0.7260219978922006 	 3.140644488160778e-05
0.7270219978922006 	 3.2684264731714395e-05
0.7280219978922006 	 3.402679249309541e-05
0.7290219978922006 	 3.5438218912765955e-05
0.7300219978922006 	 3.692306533124227e-05
0.7310219978922006 	 3.848621364836763e-05
0.7320219978922006 	 4.013293922938851e-05
0.7330219978922006 	 4.1868947035785194e-05
0.7340219978922006 	 4.370041128565972e-05
0.7350219978922006 	 4.56340189673382e-05
0.7360219978922006 	 4.767701754556412e-05
0.7370219978922006 	 4.9837267210499107e-05
0.7380219978922006 	 5.212329802275171e-05
0.7390219978922006 	 5.454437229917466e-05
0.7400219978922006 	 5.711055255899546e-05
0.7410219978922006 	 5.9832775301158274e-05
0.7420219978922006 	 6.272293080227792e-05
0.7430219978922006 	 6.579394899804756e-05
0.7440219978922006 	 6.905989132293057e-05
0.7450219978922006 	 7.253604811192538e-05
0.7460219978922006 	 7.623904078564427e-05
0.7470219978922006 	 8.018692750869869e-05
0.7480219978922006 	 8.439931028291301e-05
0.7490219978922006 	 8.889744044845336e-05
0.7500219978922006 	 9.370431823704882e-05
0.7510219978922006 	 9.884478024956504e-05
0.7520219978922006 	 0.00010434556638675598
0.7530219978922006 	 0.00011023535468788668
0.7540219978922006 	 0.00011654474853503627
0.7550219978922006 	 0.0001233061955356186
0.7560219978922006 	 0.00013055381084987964
0.7570219978922006 	 0.0001383230695215752
0.7580219978922006 	 0.0001466503222640975
0.7590219978922006 	 0.00015557207701045913
0.7600219978922006 	 0.00016512397442653594
0.7610219978922006 	 0.0001753393699893179
0.7620219978922006 	 0.00018624741932641648
0.7630219978922006 	 0.0001978705496300785
0.7640219978922006 	 0.00021022119220914394
0.7650219978922006 	 0.0002232976563551184
0.7660219978922006 	 0.0002370790530484697
0.7670219978922006 	 0.0002515192437573363
0.7680219978922006 	 0.0002665399155816288
0.7690219978922006 	 0.00028202309652489903
0.7700219978922006 	 0.0002978037573774468
0.7710219978922006 	 0.0003136636397812733
0.7720219978922006 	 0.00032932815356841454
0.7730219978922006 	 0.0003444691743623711
0.7740219978922006 	 0.0003587179799357543
0.7750219978922006 	 0.0003716946556240378
0.7760219978922006 	 0.00038306348400983384
0.7770219978922006 	 0.0003926281595495448
0.7780219978922006 	 0.0004004827111510512
0.7790219978922006 	 0.00040721519137127863
0.7800219978922006 	 0.0004140581678562021
0.7810219978922006 	 0.000422588265850196
0.7820219978922006 	 0.0004333172701248815
0.7830219978922006 	 0.0004437171514241177
0.7840219978922006 	 0.000448863660009349
0.7850219978922006 	 0.00044548336415901413
0.7860219978922006 	 0.00043405088828771954
0.7870219978922006 	 0.00041702549836997914
0.7880219978922006 	 0.00039681385981913693
0.7890219978922006 	 0.00037510986949994415
0.7900219978922006 	 0.00035297919814022
0.7910219978922006 	 0.0003310754880482445
0.7920219978922006 	 0.0003098009431252773
0.7930219978922006 	 0.00028940222116367626
0.7940219978922006 	 0.0002700252865713505
0.7950219978922006 	 0.00025174790013757404
0.7960219978922006 	 0.0002346002574551326
0.7970219978922006 	 0.00021857908520712488
0.7980219978922006 	 0.00020365780394743843
0.7990219978922006 	 0.00018979407849662917
0.8000219978922006 	 0.00017693548432779196
0.8010219978922006 	 0.0001650237442466414
0.8020219978922006 	 0.00015399785511830834
0.8030219978922006 	 0.00014379634922248209
0.8040219978922006 	 0.00013435888506945932
0.8050219978922006 	 0.00012562732464097386
0.8060219978922006 	 0.00011754642297990367
0.8070219978922006 	 0.00011006423004103054
0.8080219978922006 	 0.00010313228301141395
0.8090219978922006 	 9.670564946222188e-05
0.8100219978922006 	 9.074286726833747e-05
0.8110219978922006 	 8.520581576482209e-05
0.8120219978922006 	 8.005954363177378e-05
0.8130219978922006 	 7.5272072066938e-05
0.8140219978922006 	 7.081418651927269e-05
0.8150219978922006 	 6.66592262727116e-05
0.8160219978922006 	 6.278287820083335e-05
0.8170219978922006 	 5.9162978826714764e-05
0.8180219978922006 	 5.577932723183301e-05
0.8190219978922006 	 5.261351021726972e-05
0.8200219978922006 	 4.964874031628447e-05
0.8210219978922007 	 4.686970670252209e-05
0.8220219978922007 	 4.426243866649872e-05
0.8230219978922007 	 4.181418109461589e-05
0.8240219978922007 	 3.951328124233903e-05
0.8250219978922007 	 3.734908601848896e-05
0.8260219978922007 	 3.5311848970251685e-05
0.8270219978922007 	 3.3392646163408006e-05
0.8280219978922007 	 3.1583300178443204e-05
0.8290219978922007 	 2.987631148267132e-05
0.8300219978922007 	 2.826479648569125e-05
0.8310219978922007 	 2.6742431636378796e-05
0.8320219978922007 	 2.530340297149639e-05
0.8330219978922007 	 2.3942360577026766e-05
0.8340219978922007 	 2.2654377472310794e-05
0.8350219978922007 	 2.1434912473276617e-05
0.8360219978922007 	 2.0279776634080444e-05
0.8370219978922007 	 1.918510290617551e-05
0.8380219978922007 	 1.814731869016649e-05
0.8390219978922007 	 1.716312098888843e-05
0.8400219978922007 	 1.6229453900120794e-05
0.8410219978922007 	 1.5343488214408373e-05
0.8420219978922007 	 1.4502602907822414e-05
0.8430219978922007 	 1.3704368341380442e-05
0.8440219978922007 	 1.2946530998465444e-05
0.8450219978922007 	 1.2226999609161305e-05
0.8460219978922007 	 1.1543832526143594e-05
0.8470219978922007 	 1.0895226230822289e-05
0.8480219978922007 	 1.0279504860994642e-05
0.8490219978922007 	 9.695110662489747e-06
0.8500219978922007 	 9.140595277309485e-06
0.8510219978922007 	 8.614611789727749e-06
0.8520219978922007 	 8.115907459809281e-06
0.8530219978922007 	 7.643317080961537e-06
0.8540219978922007 	 7.195756904525293e-06
0.8550219978922007 	 6.772219080127529e-06
0.8560219978922007 	 6.3717665656380185e-06
0.8570219978922007 	 5.9935284651517355e-06
0.8580219978922007 	 5.636695757525733e-06
0.8590219978922007 	 5.300517381679048e-06
0.8600219978922007 	 4.984296648168009e-06
0.8610219978922007 	 4.687387949514796e-06
0.8620219978922007 	 4.409193744433448e-06
0.8630219978922007 	 4.149161793496134e-06
0.8640219978922007 	 3.906782625941622e-06
0.8650219978922007 	 3.6815872192753835e-06
0.8660219978922007 	 3.4731448750675777e-06
0.8670219978922007 	 3.2810612759421044e-06
0.8680219978922007 	 3.1049767101863675e-06
0.8690219978922007 	 2.944564451711569e-06
0.8700219978922007 	 2.7995292842734345e-06
0.8710219978922007 	 2.6696061599352182e-06
0.8720219978922007 	 2.5545589827300837e-06
0.8730219978922007 	 2.454179509369602e-06
0.8740219978922007 	 2.3682863596576847e-06
0.8750219978922007 	 2.2967241300129465e-06
0.8760219978922007 	 2.239362604185605e-06
0.8770219978922007 	 2.1960960558832917e-06
0.8780219978922007 	 2.1668426386001385e-06
0.8790219978922007 	 2.1515438584806502e-06
0.8800219978922007 	 2.150164126549039e-06
0.8810219978922007 	 2.162690387100364e-06
0.8820219978922007 	 2.189131819486344e-06
0.8830219978922007 	 2.2295196109394842e-06
0.8840219978922007 	 2.28390679846823e-06
0.8850219978922007 	 2.352368178225696e-06
0.8860219978922007 	 2.435000281109099e-06
0.8870219978922007 	 2.5319214136880477e-06
0.8880219978922007 	 2.643271763891121e-06
0.8890219978922007 	 2.7692135712031955e-06
0.8900219978922007 	 2.9099313614441494e-06
0.8910219978922007 	 3.0656322465143373e-06
0.8920219978922007 	 3.2365462898067455e-06
0.8930219978922007 	 3.4229269383015894e-06
0.8940219978922007 	 3.625051522679233e-06
0.8950219978922007 	 3.843221827113277e-06
0.8960219978922007 	 4.077764730740306e-06
0.8970219978922007 	 4.329032923149556e-06
0.8980219978922007 	 4.597405696593074e-06
0.8990219978922007 	 4.883289817994454e-06
0.9000219978922007 	 5.187120484227078e-06
0.9010219978922007 	 5.509362364549435e-06
0.9020219978922007 	 5.85051073452609e-06
0.9030219978922007 	 6.211092706231287e-06
0.9040219978922007 	 6.591668560039152e-06
0.9050219978922007 	 6.9928331838237726e-06
0.9060219978922007 	 7.415217626000351e-06
0.9070219978922007 	 7.85949076942887e-06
0.9080219978922007 	 8.326361133894005e-06
0.9090219978922007 	 8.816578815594894e-06
0.9100219978922007 	 9.33093757286975e-06
0.9110219978922007 	 9.870277068237867e-06
0.9120219978922007 	 1.04354852777775e-05
0.9130219978922007 	 1.1027501079874597e-05
0.9140219978922007 	 1.1647317036494866e-05
0.9150219978922007 	 1.2295982381346808e-05
0.9160219978922007 	 1.2974606230639246e-05
0.9170219978922007 	 1.3684361033600492e-05
0.9180219978922007 	 1.4426486281534844e-05
0.9190219978922007 	 1.5202292495959222e-05
0.9200219978922007 	 1.601316551831024e-05
0.9210219978922007 	 1.6860571125857044e-05
0.9220219978922007 	 1.774606000082476e-05
0.9230219978922007 	 1.8671273082347e-05
0.9240219978922007 	 1.9637947333761545e-05
0.9250219978922007 	 2.0647921960967705e-05
0.9260219978922007 	 2.170314512111324e-05
0.9270219978922007 	 2.2805681164824997e-05
0.9280219978922007 	 2.395771845957432e-05
0.9290219978922007 	 2.51615778466449e-05
0.9300219978922007 	 2.6419721789592053e-05
0.9310219978922007 	 2.7734764278146977e-05
0.9320219978922007 	 2.9109481558256116e-05
0.9330219978922007 	 3.054682376652101e-05
0.9340219978922008 	 3.2049927555740445e-05
0.9350219978922008 	 3.362212980773839e-05
0.9360219978922008 	 3.526698254028689e-05
0.9370219978922008 	 3.6988269126881634e-05
0.9380219978922008 	 3.879002196155949e-05
0.9390219978922008 	 4.067654171609608e-05
0.9400219978922008 	 4.265241835399917e-05
0.9410219978922008 	 4.472255408502005e-05
0.9420219978922008 	 4.689218846574403e-05
0.9430219978922008 	 4.916692587658476e-05
0.9440219978922008 	 5.15527656335974e-05
0.9450219978922008 	 5.4056135025478766e-05
0.9460219978922008 	 5.6683925602493854e-05
0.9470219978922008 	 5.944353308559214e-05
0.9480219978922008 	 6.234290131143558e-05
0.9490219978922008 	 6.53905706820945e-05
0.9500219978922008 	 6.859573165685284e-05
0.9510219978922008 	 7.196828387671905e-05
0.9520219978922008 	 7.551890162770107e-05
0.9530219978922008 	 7.925910640360233e-05
0.9540219978922008 	 8.320134747179119e-05
0.9550219978922008 	 8.735909145448406e-05
0.9560219978922008 	 9.174692209083417e-05
0.9570219978922008 	 9.638065151786102e-05
0.9580219978922008 	 0.00010127744460393434
0.9590219978922008 	 0.00010645595810629318
0.9600219978922008 	 0.00011193649669420721
0.9610219978922008 	 0.00011774118820404623
0.9620219978922008 	 0.00012389418086449034
0.9630219978922008 	 0.00013042186568344765
0.9640219978922008 	 0.00013735312770998625
0.9650219978922008 	 0.00014471963051399428
0.9660219978922008 	 0.000152556138970769
0.9670219978922008 	 0.0001609008863278047
0.9680219978922008 	 0.00016979599259670127
0.9690219978922008 	 0.00017928794259332455
0.9700219978922008 	 0.00018942813349265625
0.9710219978922008 	 0.00020027350363128793
0.9720219978922008 	 0.00021188725655650639
0.9730219978922008 	 0.00022433969708172274
0.9740219978922008 	 0.00023770919948506704
0.9750219978922008 	 0.0002520833321353691
0.9760219978922008 	 0.0002675601679439884
0.9770219978922008 	 0.00028424981637126576
0.9780219978922008 	 0.00030227622064401324
0.9790219978922008 	 0.00032177927349722184
0.9800219978922008 	 0.00034291731763720103
0.9810219978922008 	 0.0003658701119180058
0.9820219978922008 	 0.00039084236499415927
0.9830219978922008 	 0.00041806796286659504
0.9840219978922008 	 0.00044781504960335545
0.9850219978922008 	 0.0004803921624666528
0.9860219978922008 	 0.0005161556773712814
0.9870219978922008 	 0.0005555188921895461
0.9880219978922008 	 0.000598883685733937
0.9890219978922008 	 0.0006466949871423766
0.9900219978922008 	 0.0006996224322071765
0.9910219978922008 	 0.0007584061090871667
0.9920219978922008 	 0.0008239098935385263
0.9930219978922008 	 0.0008971530849703364
0.9940219978922008 	 0.0009793462110970327
0.9950219978922008 	 0.001071935063932033
0.9960219978922008 	 0.0011762907728754056
0.9970219978922008 	 0.001294146772287434
0.9980219978922008 	 0.0014279583564296063
0.9990219978922008 	 0.0015805439673310588
1.0000219978922007 	 0.0017552784462879912
1.0010219978922006 	 0.001956227001710303
1.0020219978922005 	 0.0021882938463209834
1.0030219978922004 	 0.002457387810457874
1.0040219978922003 	 0.002770595129396926
1.0050219978922001 	 0.003136332852669394
1.0060219978922 	 0.00356442582991299
1.0070219978922 	 0.004065995282021501
1.0080219978921998 	 0.004652952526885916
1.0090219978921997 	 0.005336740867299993
1.0100219978921996 	 0.006125758977385191
1.0110219978921995 	 0.007020688377857434
1.0120219978921994 	 0.008006965380435343
1.0130219978921993 	 0.009044474006942149
1.0140219978921992 	 0.010057263151112484
1.015021997892199 	 0.010931931602149756
1.016021997892199 	 0.01154271397783185
1.0170219978921988 	 0.011836331955224207
1.0180219978921987 	 0.012029274030133506
1.0190219978921986 	 0.012737592372692844
1.0200219978921985 	 0.013692230575503471
1.0210219978921984 	 0.013382912776221086
1.0220219978921983 	 0.012090104640062858
1.0230219978921982 	 0.010608636965384374
1.024021997892198 	 0.009234987526627667
1.025021997892198 	 0.008036214803111359
1.0260219978921978 	 0.0070120935792536716
1.0270219978921977 	 0.006144190245806769
1.0280219978921976 	 0.005410238219811228
1.0290219978921975 	 0.004788930513619128
1.0300219978921974 	 0.004261468932373343
1.0310219978921973 	 0.003811899183332382
1.0320219978921972 	 0.003426953126280078
1.033021997892197 	 0.0030957145841357748
1.034021997892197 	 0.002809247897174638
1.0350219978921968 	 0.0025602497494185586
1.0360219978921967 	 0.002342746361087807
1.0370219978921966 	 0.002151840330593243
1.0380219978921965 	 0.0019835036186414
1.0390219978921964 	 0.001834410371084787
1.0400219978921963 	 0.00170180281430134
1.0410219978921962 	 0.0015833840005622178
1.042021997892196 	 0.0014772320734472296
1.043021997892196 	 0.0013817316595573891
1.0440219978921959 	 0.0012955188434711962
1.0450219978921957 	 0.001217436905457041
1.0460219978921956 	 0.00114650059296165
1.0470219978921955 	 0.001081867170935103
1.0480219978921954 	 0.0010228128707957596
1.0490219978921953 	 0.0009687136526252645
1.0500219978921952 	 0.0009190294252676176
1.051021997892195 	 0.0008732910490670462
1.052021997892195 	 0.0008310895865061687
1.0530219978921949 	 0.0007920673760120677
1.0540219978921948 	 0.0007559105901738625
1.0550219978921946 	 0.0007223430075568053
1.0560219978921945 	 0.0006911207804375503
1.0570219978921944 	 0.0006620280230767913
1.0580219978921943 	 0.000634873078573961
1.0590219978921942 	 0.0006094853489989531
1.060021997892194 	 0.0005857125947856467
1.061021997892194 	 0.0005634186264480134
1.0620219978921939 	 0.0005424813150853933
1.0630219978921938 	 0.0005227907920768993
1.0640219978921936 	 0.0005042482316576284
1.0650219978921935 	 0.0004867644377899078
1.0660219978921934 	 0.0004702587337585175
1.0670219978921933 	 0.0004546580104819832
1.0680219978921932 	 0.00043989589272065016
1.069021997892193 	 0.0004259120094699535
1.070021997892193 	 0.00041265135453138796
1.0710219978921929 	 0.00040006372467827944
1.0720219978921928 	 0.0003881032251918055
1.0730219978921927 	 0.0003767278335101415
1.0740219978921925 	 0.00036589901349253683
1.0750219978921924 	 0.00035558137367605716
1.0760219978921923 	 0.00034574236390795174
1.0770219978921922 	 0.0003363520055485733
1.078021997892192 	 0.0003273826510171772
1.079021997892192 	 0.00031880876917841504
1.0800219978921919 	 0.00031060675339074335
1.0810219978921918 	 0.0003027547495742167
1.0820219978921917 	 0.0002952325018916714
1.0830219978921916 	 0.000288021214084105
1.0840219978921914 	 0.000281103424643105
1.0850219978921913 	 0.0002744628942268382
1.0860219978921912 	 0.0002680845040737166
1.0870219978921911 	 0.0002619541640688564
1.088021997892191 	 0.00025605872953320607
1.089021997892191 	 0.00025038592577822496
1.0900219978921908 	 0.00024492427958850793
1.0910219978921907 	 0.00023966305691297112
1.0920219978921906 	 0.00023459220615929156
1.0930219978921905 	 0.00022970230650208202
1.0940219978921903 	 0.00022498452074630162
1.0950219978921902 	 0.00022043055216896702
1.0960219978921901 	 0.0002160326051413374
1.09702199789219 	 0.0002117833490234368
1.09802199789219 	 0.00020767588504903907
1.0990219978921898 	 0.00020370371597622783
1.1000219978921897 	 0.00019986071812403384
1.1010219978921896 	 0.00019614111601749538
1.1020219978921895 	 0.00019253946957975012
1.1030219978921894 	 0.00018905062494167058
1.1040219978921892 	 0.00018566970843651593
1.1050219978921891 	 0.0001823921130273779
1.106021997892189 	 0.00017921348081816039
1.107021997892189 	 0.00017612968692987647
1.1080219978921888 	 0.00017313682454904076
1.1090219978921887 	 0.00017023119111404
1.1100219978921886 	 0.00016740927551536495
1.1110219978921885 	 0.00016466774620416507
1.1120219978921884 	 0.0001620034379436024
1.1130219978921883 	 0.00015941333565617648
1.1140219978921881 	 0.00015689457181001276
1.115021997892188 	 0.00015444441953162567
1.116021997892188 	 0.000152060284350923
1.1170219978921878 	 0.0001497396964441065
1.1180219978921877 	 0.00014748030346767768
1.1190219978921876 	 0.00014527986384024432
1.1200219978921875 	 0.00014313624046062483
1.1210219978921874 	 0.00014104739487999073
1.1220219978921873 	 0.00013901138074049886
1.1230219978921872 	 0.00013702633593790558
1.124021997892187 	 0.00013509048096940952
1.125021997892187 	 0.00013320211541610171
1.1260219978921868 	 0.00013135961367977746
1.1270219978921867 	 0.00012956142104515655
1.1280219978921866 	 0.00012780604994181715
1.1290219978921865 	 0.00012609207647689175
1.1300219978921864 	 0.0001244181371192435
1.1310219978921863 	 0.00012278292565809194
1.1320219978921862 	 0.00012118518967910411
1.133021997892186 	 0.00011962372634108575
1.134021997892186 	 0.00011809738152805851
1.1350219978921858 	 0.00011660489665076459
1.1360219978921857 	 0.00011514552016290556
1.1370219978921856 	 0.00011371807140990609
1.1380219978921855 	 0.00011232157039699408
1.1390219978921854 	 0.00011095507554375612
1.1400219978921853 	 0.00010961768188596911
1.1410219978921852 	 0.00010830851932790987
1.142021997892185 	 0.00010702675073570543
1.143021997892185 	 0.00010577156952323367
1.1440219978921848 	 0.00010454219918442604
1.1450219978921847 	 0.00010333789218598243
1.1460219978921846 	 0.00010215792868175966
1.1470219978921845 	 0.0001010016152469792
1.1480219978921844 	 9.986828373585865e-05
1.1490219978921843 	 9.875729015629883e-05
1.1500219978921842 	 9.766801360194131e-05
1.151021997892184 	 9.659985528060245e-05
1.152021997892184 	 9.55522373511372e-05
1.1530219978921838 	 9.452460154695875e-05
1.1540219978921837 	 9.35164088598691e-05
1.1550219978921836 	 9.252713890401237e-05
1.1560219978921835 	 9.155628912635547e-05
1.1570219978921834 	 9.060337406739842e-05
1.1580219978921833 	 8.966792467287708e-05
1.1590219978921832 	 8.874948759848943e-05
1.160021997892183 	 8.784762460158493e-05
1.161021997892183 	 8.696191190859829e-05
1.1620219978921829 	 8.609193954425223e-05
1.1630219978921827 	 8.523731049561239e-05
1.1640219978921826 	 8.439764049162371e-05
1.1650219978921825 	 8.357255761575139e-05
1.1660219978921824 	 8.276170180080306e-05
1.1670219978921823 	 8.196472439579414e-05
1.1680219978921822 	 8.118128771726544e-05
1.169021997892182 	 8.041106462050675e-05
1.170021997892182 	 7.965373812470558e-05
1.1710219978921819 	 7.890900100838616e-05
1.1720219978921818 	 7.817655540150795e-05
1.1730219978921816 	 7.745611226755276e-05
1.1740219978921815 	 7.674739125702956e-05
1.1750219978921814 	 7.605012043551228e-05
1.1760219978921813 	 7.536403596614451e-05
1.1770219978921812 	 7.468888183935886e-05
1.178021997892181 	 7.402440957072198e-05
1.179021997892181 	 7.337037794446057e-05
1.1800219978921809 	 7.272655275571066e-05
1.1810219978921808 	 7.20927065526313e-05
1.1820219978921807 	 7.146861838742215e-05
1.1830219978921805 	 7.085407350415435e-05
1.1840219978921804 	 7.02488628856581e-05
1.1850219978921803 	 6.965278404797226e-05
1.1860219978921802 	 6.906563937305486e-05
1.18702199789218 	 6.848723746869778e-05
1.18802199789218 	 6.79173921888546e-05
1.1890219978921799 	 6.735592227690888e-05
1.1900219978921798 	 6.680265142985151e-05
1.1910219978921797 	 6.625740812391894e-05
1.1920219978921796 	 6.572002546158643e-05
1.1930219978921794 	 6.519034100135926e-05
1.1940219978921793 	 6.466819661822256e-05
1.1950219978921792 	 6.415343838597061e-05
1.1960219978921791 	 6.364591643241165e-05
1.197021997892179 	 6.314548480562146e-05
1.198021997892179 	 6.265200135874077e-05
1.1990219978921788 	 6.216532762001259e-05
1.2000219978921787 	 6.168532868738619e-05
1.2010219978921786 	 6.12118731084995e-05
1.2020219978921785 	 6.074483278486206e-05
1.2030219978921783 	 6.028408290726806e-05
1.2040219978921782 	 5.982950181748883e-05
1.2050219978921781 	 5.938097089261395e-05
1.206021997892178 	 5.893837447060299e-05
1.207021997892178 	 5.85015997428124e-05
1.2080219978921778 	 5.8070536682165456e-05
1.2090219978921777 	 5.764507795111384e-05
1.2100219978921776 	 5.722511882139299e-05
1.2110219978921775 	 5.681055710368272e-05
1.2120219978921773 	 5.640129309546146e-05
1.2130219978921772 	 5.599722957052394e-05
1.2140219978921771 	 5.559827164744806e-05
1.215021997892177 	 5.520432669057505e-05
1.216021997892177 	 5.4815304241724366e-05
1.2170219978921768 	 5.443111596611385e-05
1.2180219978921767 	 5.405167558331327e-05
1.2190219978921766 	 5.367689881709964e-05
1.2200219978921765 	 5.33067033355299e-05
1.2210219978921764 	 5.294100868802362e-05
1.2220219978921762 	 5.2579736306150205e-05
1.2230219978921761 	 5.2222809549838626e-05
1.224021997892176 	 5.187015353901415e-05
1.225021997892176 	 5.152169507764341e-05
1.2260219978921758 	 5.117736260742984e-05
1.2270219978921757 	 5.083708615508517e-05
1.2280219978921756 	 5.0500797299598116e-05
1.2290219978921755 	 5.0168429125667467e-05
1.2300219978921754 	 4.983991617849906e-05
1.2310219978921753 	 4.9515194435419015e-05
1.2320219978921751 	 4.919420130652949e-05
1.233021997892175 	 4.8876875746771397e-05
1.234021997892175 	 4.8563158063006696e-05
1.2350219978921748 	 4.825298983570033e-05
1.2360219978921747 	 4.794631388555023e-05
1.2370219978921746 	 4.76430742410085e-05
1.2380219978921745 	 4.734321610722715e-05
1.2390219978921744 	 4.704668583579383e-05
1.2400219978921743 	 4.675343089531744e-05
1.2410219978921742 	 4.646339984281196e-05
1.242021997892174 	 4.617654235810863e-05
1.243021997892174 	 4.589280938527115e-05
1.2440219978921738 	 4.561215292284884e-05
1.2450219978921737 	 4.5334525943511876e-05
1.2460219978921736 	 4.5059882369645045e-05
1.2470219978921735 	 4.478817704948525e-05
1.2480219978921734 	 4.451936573451182e-05
1.2490219978921733 	 4.4253405057295334e-05
1.2500219978921732 	 4.399025250990103e-05
1.251021997892173 	 4.3729866422799386e-05
1.252021997892173 	 4.3472206015879594e-05
1.2530219978921728 	 4.321723157148386e-05
1.2540219978921727 	 4.2964904207836986e-05
1.2550219978921726 	 4.2715185791404675e-05
1.2560219978921725 	 4.246803892257251e-05
1.2570219978921724 	 4.2223426916951964e-05
1.2580219978921723 	 4.1981313788833584e-05
1.2590219978921722 	 4.17416642348432e-05
1.260021997892172 	 4.150444361793908e-05
1.261021997892172 	 4.1269617951701325e-05
1.2620219978921718 	 4.103715396272515e-05
1.2630219978921717 	 4.08070192867309e-05
1.2640219978921716 	 4.057918222508315e-05
1.2650219978921715 	 4.035361166200706e-05
1.2660219978921714 	 4.013027705110481e-05
1.2670219978921713 	 3.990914840193944e-05
1.2680219978921712 	 3.969019626793347e-05
1.269021997892171 	 3.947339173424933e-05
1.270021997892171 	 3.925870640584341e-05
1.2710219978921709 	 3.904611239563957e-05
1.2720219978921707 	 3.883558239138131e-05
1.2730219978921706 	 3.8627089857824355e-05
1.2740219978921705 	 3.8420608794827174e-05
1.2750219978921704 	 3.821611365737025e-05
1.2760219978921703 	 3.801357934537006e-05
1.2770219978921702 	 3.7812981193362924e-05
1.27802199789217 	 3.761429496172765e-05
1.27902199789217 	 3.7417496827679066e-05
1.2800219978921699 	 3.722256337629379e-05
1.2810219978921698 	 3.70294715914997e-05
1.2820219978921696 	 3.683819891988363e-05
1.2830219978921695 	 3.664872344645226e-05
1.2840219978921694 	 3.646102369115961e-05
1.2850219978921693 	 3.6275078529944646e-05
1.2860219978921692 	 3.6090867189021006e-05
1.287021997892169 	 3.5908369236724674e-05
1.288021997892169 	 3.5727564577287677e-05
1.2890219978921689 	 3.554843344415083e-05
1.2900219978921688 	 3.53709563771066e-05
1.2910219978921686 	 3.519511418333394e-05
1.2920219978921685 	 3.5020888086617944e-05
1.2930219978921684 	 3.484825980905608e-05
1.2940219978921683 	 3.46772114088767e-05
1.2950219978921682 	 3.4507725229654576e-05
1.296021997892168 	 3.433978389398265e-05
1.297021997892168 	 3.4173370296805e-05
1.2980219978921679 	 3.40084676012517e-05
1.2990219978921678 	 3.3845059218090825e-05
1.3000219978921677 	 3.368312870156599e-05
1.3010219978921675 	 3.352265995945401e-05
1.3020219978921674 	 3.336363719045628e-05
1.3030219978921673 	 3.320604489325127e-05
1.3040219978921672 	 3.304986781692033e-05
1.305021997892167 	 3.289509094271207e-05
1.306021997892167 	 3.274169947912209e-05
1.3070219978921669 	 3.258967885565152e-05
1.3080219978921668 	 3.243901472057602e-05
1.3090219978921667 	 3.228969293719359e-05
1.3100219978921666 	 3.214169957972597e-05
1.3110219978921664 	 3.1995020928741875e-05
1.3120219978921663 	 3.1849643428104084e-05
1.3130219978921662 	 3.1705553582663436e-05
1.3140219978921661 	 3.156273806398799e-05
1.315021997892166 	 3.142118373962314e-05
1.316021997892166 	 3.128087766849431e-05
1.3170219978921658 	 3.1141807095112116e-05
1.3180219978921657 	 3.1003959448652845e-05
1.3190219978921656 	 3.086732234041563e-05
1.3200219978921655 	 3.0731883560584e-05
1.3210219978921653 	 3.0597631073825276e-05
1.3220219978921652 	 3.0464552909040738e-05
1.3230219978921651 	 3.0332636876539645e-05
1.324021997892165 	 3.0201870871185632e-05
1.325021997892165 	 3.0072242961795766e-05
1.3260219978921648 	 2.9943741386627706e-05
1.3270219978921647 	 2.981635454692577e-05
1.3280219978921646 	 2.9690071006513253e-05
1.3290219978921645 	 2.956487949589183e-05
1.3300219978921644 	 2.944076890079011e-05
1.3310219978921642 	 2.9317715923425663e-05
1.3320219978921641 	 2.919568312905795e-05
1.333021997892164 	 2.907467508449884e-05
1.334021997892164 	 2.895468493723472e-05
1.3350219978921638 	 2.8835703530402447e-05
1.3360219978921637 	 2.8717720960708373e-05
1.3370219978921636 	 2.8600727035903622e-05
1.3380219978921635 	 2.84847114531564e-05
1.3390219978921634 	 2.8369663894258425e-05
1.3400219978921633 	 2.8255574076176888e-05
1.3410219978921631 	 2.8142431778843263e-05
1.342021997892163 	 2.803022661501944e-05
1.343021997892163 	 2.7918947393790194e-05
1.3440219978921628 	 2.7808582837220793e-05
1.3450219978921627 	 2.7699121799808717e-05
1.3460219978921626 	 2.7590553268831362e-05
1.3470219978921625 	 2.748286635785775e-05
1.3480219978921624 	 2.7376050318421552e-05
1.3490219978921623 	 2.727009454413571e-05
1.3500219978921622 	 2.716498857187715e-05
1.351021997892162 	 2.7060722078441133e-05
1.352021997892162 	 2.6957284592475274e-05
1.3530219978921618 	 2.6854664751965246e-05
1.3540219978921617 	 2.675285111958512e-05
1.3550219978921616 	 2.665183242893221e-05
1.3560219978921615 	 2.6551597579385576e-05
1.3570219978921614 	 2.6452135623003222e-05
1.3580219978921613 	 2.635343578054542e-05
1.3590219978921612 	 2.625548744787402e-05
1.360021997892161 	 2.6158280197012232e-05
1.361021997892161 	 2.606180377180635e-05
1.3620219978921608 	 2.5966047802089786e-05
1.3630219978921607 	 2.5871001093811734e-05
1.3640219978921606 	 2.577665242283382e-05
1.3650219978921605 	 2.5682990776101623e-05
1.3660219978921604 	 2.5590005346217478e-05
1.3670219978921603 	 2.5497685513474494e-05
1.3680219978921602 	 2.540602087300378e-05
1.36902199789216 	 2.5315001246705055e-05
1.37002199789216 	 2.522461668744573e-05
1.3710219978921598 	 2.5134857475418358e-05
1.3720219978921597 	 2.504571388710777e-05
1.3730219978921596 	 2.4957175653538784e-05
1.3740219978921595 	 2.4869232589504008e-05
1.3750219978921594 	 2.478187478593831e-05
1.3760219978921593 	 2.469509260702661e-05
1.3770219978921592 	 2.4608876672883355e-05
1.378021997892159 	 2.452321789043808e-05
1.379021997892159 	 2.4438107466247356e-05
1.3800219978921588 	 2.4353536912024215e-05
1.3810219978921587 	 2.426949804350538e-05
1.3820219978921586 	 2.41859828555198e-05
1.3830219978921585 	 2.410298322854551e-05
1.3840219978921584 	 2.4020491272559448e-05
1.3850219978921583 	 2.3938499412548713e-05
1.3860219978921582 	 2.3857000410066084e-05
1.387021997892158 	 2.3775987344769835e-05
1.388021997892158 	 2.369545361087852e-05
1.3890219978921579 	 2.3615392907426233e-05
1.3900219978921577 	 2.353579922595977e-05
1.3910219978921576 	 2.3456666840208188e-05
1.3920219978921575 	 2.3377990296550024e-05
1.3930219978921574 	 2.3299764363844905e-05
1.3940219978921573 	 2.322198401354879e-05
1.3950219978921572 	 2.314464439197761e-05
1.396021997892157 	 2.306774079066772e-05
1.397021997892157 	 2.2991268623933824e-05
1.3980219978921569 	 2.2915223365673705e-05
1.3990219978921568 	 2.283960049552179e-05
1.4000219978921566 	 2.276439544804304e-05
1.4010219978921565 	 2.2689603563349923e-05
1.4020219978921564 	 2.2615220136188537e-05
1.4030219978921563 	 2.2541240594943833e-05
1.4040219978921562 	 2.246766017555738e-05
1.405021997892156 	 2.239447378692442e-05
1.406021997892156 	 2.2321675961104123e-05
1.4070219978921559 	 2.224926081173706e-05
1.4080219978921558 	 2.2177221986972378e-05
1.4090219978921557 	 2.210555263336193e-05
1.4100219978921555 	 2.2034245369715515e-05
1.4110219978921554 	 2.196329226654179e-05
1.4120219978921553 	 2.1892684999489046e-05
1.4130219978921552 	 2.1822415256708294e-05
1.414021997892155 	 2.1752474317798628e-05
1.415021997892155 	 2.168285294198731e-05
1.4160219978921549 	 2.1613541401879567e-05
1.4170219978921548 	 2.1544529525366076e-05
1.4180219978921547 	 2.1475806753276935e-05
1.4190219978921546 	 2.1407362201937913e-05
1.4200219978921544 	 2.1339184730640686e-05
1.4210219978921543 	 2.1271263009267404e-05
1.4220219978921542 	 2.120358575798745e-05
1.4230219978921541 	 2.1136142307252458e-05
1.424021997892154 	 2.1068922166154543e-05
1.425021997892154 	 2.1001914940204743e-05
1.4260219978921538 	 2.0935110394991056e-05
1.4270219978921537 	 2.0868498509898435e-05
1.4280219978921536 	 2.080206954373928e-05
1.4290219978921535 	 2.07358140866819e-05
1.4300219978921533 	 2.0669723102394827e-05
1.4310219978921532 	 2.0603787958325167e-05
1.4320219978921531 	 2.0538000611172997e-05
1.433021997892153 	 2.0472354062904338e-05
1.434021997892153 	 2.0406841927353342e-05
1.4350219978921528 	 2.0341458270925945e-05
1.4360219978921527 	 2.0276197612124818e-05
1.4370219978921526 	 2.0211054903456537e-05
1.4380219978921525 	 2.0146025533039475e-05
1.4390219978921523 	 2.0081105312832676e-05
1.4400219978921522 	 2.0016290460551505e-05
1.4410219978921521 	 1.9951577574578594e-05
1.442021997892152 	 1.988696373398006e-05
1.443021997892152 	 1.9822446853200012e-05
1.4440219978921518 	 1.975802526856918e-05
1.4450219978921517 	 1.9693697594221164e-05
1.4460219978921516 	 1.9629462693011836e-05
1.4470219978921515 	 1.9565319639583475e-05
1.4480219978921514 	 1.9501267709659425e-05
1.4490219978921512 	 1.9437306361720142e-05
1.4500219978921511 	 1.93734352149641e-05
1.451021997892151 	 1.9309654024589092e-05
1.452021997892151 	 1.9245962749997027e-05
1.4530219978921508 	 1.9182361821113246e-05
1.4540219978921507 	 1.9118851835662303e-05
1.4550219978921506 	 1.9055433456299845e-05
1.4560219978921505 	 1.8992107391666727e-05
1.4570219978921504 	 1.8928874370760907e-05
1.4580219978921503 	 1.886573514672636e-05
1.4590219978921501 	 1.8802690491402547e-05
1.46002199789215 	 1.8739741187132345e-05
1.46102199789215 	 1.867688801480082e-05
1.4620219978921498 	 1.861413180570622e-05
1.4630219978921497 	 1.8551473633919993e-05
1.4640219978921496 	 1.8488914613916084e-05
1.4650219978921495 	 1.842645583591974e-05
1.4660219978921494 	 1.8364098354871752e-05
1.4670219978921493 	 1.830184316732851e-05
1.4680219978921492 	 1.8239691231146953e-05
1.469021997892149 	 1.817764347004677e-05
1.470021997892149 	 1.8115700772277658e-05
1.4710219978921488 	 1.8053863987681588e-05
1.4720219978921487 	 1.7992133968593045e-05
1.4730219978921486 	 1.7930511702270135e-05
1.4740219978921485 	 1.786899817575175e-05
1.4750219978921484 	 1.7807594334643292e-05
1.4760219978921483 	 1.7746301075928693e-05
1.4770219978921482 	 1.768511922806895e-05
1.478021997892148 	 1.7624049573799814e-05
1.479021997892148 	 1.756309286381713e-05
1.4800219978921478 	 1.7502249792871666e-05
1.4810219978921477 	 1.7441521034509616e-05
1.4820219978921476 	 1.7380907243221642e-05
1.4830219978921475 	 1.7320409166857026e-05
1.4840219978921474 	 1.7260027548234013e-05
1.4850219978921473 	 1.7199763095314493e-05
1.4860219978921472 	 1.7139616475772472e-05
1.487021997892147 	 1.707958830026242e-05
1.488021997892147 	 1.7019679143080865e-05
1.4890219978921468 	 1.695988954924466e-05
1.4900219978921467 	 1.6900220035692348e-05
1.4910219978921466 	 1.684067109004655e-05
1.4920219978921465 	 1.6781243197947302e-05
1.4930219978921464 	 1.6721936940026697e-05
1.4940219978921463 	 1.6662752899439182e-05
1.4950219978921462 	 1.6603691634036084e-05
1.496021997892146 	 1.6544753671874516e-05
1.497021997892146 	 1.6485939497196665e-05
1.4980219978921459 	 1.6427249567813047e-05
1.4990219978921457 	 1.636868432103016e-05
1.5000219978921456 	 1.6310244174613168e-05
1.5010219978921455 	 1.6251929524854806e-05
1.5020219978921454 	 1.619374077773376e-05
1.5030219978921453 	 1.6135678461152362e-05
1.5040219978921452 	 1.6077743113648343e-05
1.505021997892145 	 1.6019935265259567e-05
1.506021997892145 	 1.596225541509636e-05
1.5070219978921449 	 1.5904704038259883e-05
1.5080219978921447 	 1.58472815913631e-05
1.5090219978921446 	 1.5789988515535294e-05
1.5100219978921445 	 1.5732825237385654e-05
1.5110219978921444 	 1.5675792168103448e-05
1.5120219978921443 	 1.561888974911964e-05
1.5130219978921442 	 1.5562118588976276e-05
1.514021997892144 	 1.5505479322339826e-05
1.515021997892144 	 1.5448972567499526e-05
1.5160219978921439 	 1.53925989269167e-05
1.5170219978921438 	 1.533635898762269e-05
1.5180219978921436 	 1.5280253322091547e-05
1.5190219978921435 	 1.522428248893616e-05
1.5200219978921434 	 1.5168447033530125e-05
1.5210219978921433 	 1.5112747476141166e-05
1.5220219978921432 	 1.5057184368266276e-05
1.523021997892143 	 1.5001758521180241e-05
1.524021997892143 	 1.4946470786337139e-05
1.5250219978921429 	 1.4891321990875303e-05
1.5260219978921428 	 1.4836311647999731e-05
1.5270219978921427 	 1.4781439709798758e-05
1.5280219978921425 	 1.4726706937416107e-05
1.5290219978921424 	 1.467211407651787e-05
1.5300219978921423 	 1.4617661820284865e-05
1.5310219978921422 	 1.4563350872440173e-05
1.532021997892142 	 1.450918204370492e-05
1.533021997892142 	 1.445515642038346e-05
1.5340219978921419 	 1.4401275137106749e-05
1.5350219978921418 	 1.4347539307563184e-05
1.5360219978921417 	 1.4293950037745468e-05
1.5370219978921416 	 1.4240508450188891e-05
1.5380219978921414 	 1.4187215659808164e-05
1.5390219978921413 	 1.4134072765843295e-05
1.5400219978921412 	 1.4081080853791669e-05
1.5410219978921411 	 1.4028241010081699e-05
1.542021997892141 	 1.3975554446285271e-05
1.543021997892141 	 1.3923022699411004e-05
1.5440219978921408 	 1.3870647366363294e-05
1.5450219978921407 	 1.3818430029143095e-05
1.5460219978921406 	 1.3766372274323322e-05
1.5470219978921405 	 1.3714475741402569e-05
1.5480219978921403 	 1.3662742076474204e-05
1.5490219978921402 	 1.361117292075587e-05
1.5500219978921401 	 1.3559769914287962e-05
1.55102199789214 	 1.3508534721083367e-05
1.55202199789214 	 1.3457469180380384e-05
1.5530219978921398 	 1.3406575492081195e-05
1.5540219978921397 	 1.3355855940298216e-05
1.5550219978921396 	 1.3305312816849334e-05
1.5560219978921395 	 1.3254948454015488e-05
1.5570219978921394 	 1.3204765298943084e-05
1.5580219978921392 	 1.315476584604318e-05
1.5590219978921391 	 1.3104952618368781e-05
1.560021997892139 	 1.3055328175782791e-05
1.561021997892139 	 1.3005895150480477e-05
1.5620219978921388 	 1.2956656416136422e-05
1.5630219978921387 	 1.2907615216715029e-05
1.5640219978921386 	 1.2858774912579162e-05
1.5650219978921385 	 1.2810138912287412e-05
1.5660219978921384 	 1.276171070943475e-05
1.5670219978921383 	 1.2713493970760758e-05
1.5680219978921381 	 1.2665461759112409e-05
1.569021997892138 	 1.2617592609507967e-05
1.570021997892138 	 1.2569913181211546e-05
1.5710219978921378 	 1.2522433265002544e-05
1.5720219978921377 	 1.2475159732530557e-05
1.5730219978921376 	 1.2428098283807801e-05
1.5740219978921375 	 1.2381253745476556e-05
1.5750219978921374 	 1.2334630130027778e-05
1.5760219978921373 	 1.2288230617887017e-05
1.5770219978921372 	 1.2242057496999047e-05
1.578021997892137 	 1.2196111764242224e-05
1.579021997892137 	 1.2150392721534267e-05
1.5800219978921368 	 1.2104897504194785e-05
1.5810219978921367 	 1.2059620559085003e-05
1.5820219978921366 	 1.2014553118489276e-05
1.5830219978921365 	 1.1969682382857509e-05
1.5840219978921364 	 1.1924990803010363e-05
1.5850219978921363 	 1.1880455536728842e-05
1.5860219978921362 	 1.1836048259858734e-05
1.587021997892136 	 1.1791735571010929e-05
1.588021997892136 	 1.1747479908043824e-05
1.5890219978921358 	 1.1703241540266754e-05
1.5900219978921357 	 1.1658981666592808e-05
1.5910219978921356 	 1.1614666511922638e-05
1.5920219978921355 	 1.1570271932109405e-05
1.5930219978921354 	 1.152578743987933e-05
1.5940219978921353 	 1.1481219452884685e-05
1.5950219978921352 	 1.1436592412067046e-05
1.596021997892135 	 1.139194736426563e-05
1.597021997892135 	 1.1347338260151148e-05
1.5980219978921348 	 1.1302826451716793e-05
1.5990219978921347 	 1.1258474783524282e-05
1.6000219978921346 	 1.1214342348205138e-05
1.6010219978921345 	 1.1170480653976193e-05
1.6020219978921344 	 1.1126931419652785e-05
1.6030219978921343 	 1.1083725553159615e-05
1.6040219978921342 	 1.1040884130884596e-05
1.605021997892134 	 1.0998419874160367e-05
1.606021997892134 	 1.0956338871741558e-05
1.6070219978921338 	 1.0914642346844912e-05
1.6080219978921337 	 1.087332814824695e-05
1.6090219978921336 	 1.0832392032114371e-05
1.6100219978921335 	 1.0791828656320044e-05
1.6110219978921334 	 1.0751632349691767e-05
1.6120219978921333 	 1.0711797485607585e-05
1.6130219978921332 	 1.067231830885972e-05
1.614021997892133 	 1.0633189700834307e-05
1.615021997892133 	 1.0594407470390598e-05
1.6160219978921329 	 1.0555968417087996e-05
1.6170219978921327 	 1.0517870313445885e-05
1.6180219978921326 	 1.0480111944472416e-05
1.6190219978921325 	 1.0442693060510685e-05
1.6200219978921324 	 1.040561434179722e-05
1.6210219978921323 	 1.036887734679173e-05
1.6220219978921322 	 1.0332484205791562e-05
1.623021997892132 	 1.0296437065335666e-05
1.624021997892132 	 1.0260738683400113e-05
1.6250219978921319 	 1.0225392590133296e-05
1.6260219978921318 	 1.0190403020972107e-05
1.6270219978921316 	 1.015577481326489e-05
1.6280219978921315 	 1.0121513467961927e-05
1.6290219978921314 	 1.0087625151349185e-05
1.6300219978921313 	 1.0054116678514917e-05
1.6310219978921312 	 1.0020995447057275e-05
1.632021997892131 	 9.988269110737085e-06
1.633021997892131 	 9.955945128141948e-06
1.6340219978921309 	 9.924031372799998e-06
1.6350219978921308 	 9.892536281328025e-06
1.6360219978921307 	 9.86146878555339e-06
1.6370219978921305 	 9.830838149874553e-06
1.6380219978921304 	 9.800654084506734e-06
1.6390219978921303 	 9.770926763725511e-06
1.6400219978921302 	 9.741666784608388e-06
1.64102199789213 	 9.712885082386369e-06
1.64202199789213 	 9.684592582352058e-06
1.6430219978921299 	 9.656799903486937e-06
1.6440219978921298 	 9.62951780423289e-06
1.6450219978921297 	 9.602757264100637e-06
1.6460219978921296 	 9.576529379373717e-06
1.6470219978921294 	 9.550845147045355e-06
1.6480219978921293 	 9.52571557294584e-06
1.6490219978921292 	 9.501151654755866e-06
1.650021997892129 	 9.477164313255774e-06
1.651021997892129 	 9.453764276495475e-06
1.652021997892129 	 9.430961772925726e-06
1.6530219978921288 	 9.408766393784327e-06
1.6540219978921287 	 9.387187305223125e-06
1.6550219978921286 	 9.366233254807574e-06
1.6560219978921285 	 9.34591244649436e-06
1.6570219978921283 	 9.326232332154514e-06
1.6580219978921282 	 9.307199687687356e-06
1.6590219978921281 	 9.288820579725619e-06
1.660021997892128 	 9.271100302972674e-06
1.661021997892128 	 9.254043279473041e-06
1.6620219978921278 	 9.237652841938139e-06
1.6630219978921277 	 9.221931312394738e-06
1.6640219978921276 	 9.20687999072405e-06
1.6650219978921275 	 9.19249912675444e-06
1.6660219978921273 	 9.178787847430052e-06
1.6670219978921272 	 9.165744033132517e-06
1.6680219978921271 	 9.153364388349078e-06
1.669021997892127 	 9.141644453017004e-06
1.670021997892127 	 9.13057859256048e-06
1.6710219978921268 	 9.120159971890297e-06
1.6720219978921267 	 9.11038054362653e-06
1.6730219978921266 	 9.101231264550363e-06
1.6740219978921265 	 9.092702002043027e-06
1.6750219978921264 	 9.084781523141188e-06
1.6760219978921262 	 9.077457518041559e-06
1.6770219978921261 	 9.070716604085504e-06
1.678021997892126 	 9.064544422226134e-06
1.679021997892126 	 9.058925709322106e-06
1.6800219978921258 	 9.05384436023437e-06
1.6810219978921257 	 9.049283491474046e-06
1.6820219978921256 	 9.04522557892104e-06
1.6830219978921255 	 9.041652792076164e-06
1.6840219978921254 	 9.038546829522788e-06
1.6850219978921253 	 9.035888921357434e-06
1.6860219978921251 	 9.03365990795954e-06
1.687021997892125 	 9.031840318518029e-06
1.688021997892125 	 9.030410447405273e-06
1.6890219978921248 	 9.029350428905841e-06
1.6900219978921247 	 9.028640309501827e-06
1.6910219978921246 	 9.028260123105224e-06
1.6920219978921245 	 9.028190076855806e-06
1.6930219978921244 	 9.028410880996584e-06
1.6940219978921243 	 9.028903506694788e-06
1.6950219978921242 	 9.029649148716632e-06
1.696021997892124 	 9.030629284358353e-06
1.697021997892124 	 9.031825746211341e-06
1.6980219978921238 	 9.033220730526159e-06
1.6990219978921237 	 9.034796821759093e-06
1.7000219978921236 	 9.036537021684186e-06
1.7010219978921235 	 9.038424787799995e-06
1.7020219978921234 	 9.040444193920408e-06
1.7030219978921233 	 9.04258018900043e-06
1.7040219978921232 	 9.044818307083843e-06
1.705021997892123 	 9.047144586623397e-06
1.706021997892123 	 9.049545598498363e-06
1.7070219978921228 	 9.052008463510468e-06
1.7080219978921227 	 9.054520847818207e-06
1.7090219978921226 	 9.057070918524152e-06
1.7100219978921225 	 9.059647343869306e-06
1.7110219978921224 	 9.062239302397568e-06
1.7120219978921223 	 9.06483660884771e-06
1.7130219978921222 	 9.067429900872228e-06
1.714021997892122 	 9.070010359072196e-06
1.715021997892122 	 9.072569615657458e-06
1.7160219978921218 	 9.075099756944006e-06
1.7170219978921217 	 9.077593355166377e-06
1.7180219978921216 	 9.080043404104613e-06
1.7190219978921215 	 9.08244328799369e-06
1.7200219978921214 	 9.084786765107553e-06
1.7210219978921213 	 9.087067964204878e-06
1.7220219978921212 	 9.0892814983539e-06
1.723021997892121 	 9.09142257387337e-06
1.724021997892121 	 9.093486774570231e-06
1.7250219978921209 	 9.095469980837119e-06
1.7260219978921207 	 9.097368369590983e-06
1.7270219978921206 	 9.099178442055564e-06
1.7280219978921205 	 9.100896964849052e-06
1.7290219978921204 	 9.102520939894153e-06
1.7300219978921203 	 9.104047593418082e-06
1.7310219978921202 	 9.105474374917665e-06
1.73202199789212 	 9.106799035065962e-06
1.73302199789212 	 9.108019712030788e-06
1.7340219978921199 	 9.109134763062089e-06
1.7350219978921197 	 9.110142708874455e-06
1.7360219978921196 	 9.111042235580879e-06
1.7370219978921195 	 9.103349997004175e-06
1.7380219978921194 	 9.087256982473795e-06
1.7390219978921193 	 9.071213024564253e-06
1.7400219978921192 	 9.055217902872741e-06
1.741021997892119 	 9.039271398316006e-06
1.742021997892119 	 9.02337329312052e-06
1.7430219978921189 	 9.007523370812677e-06
1.7440219978921188 	 8.991721416209125e-06
1.7450219978921186 	 8.975967215407185e-06
1.7460219978921185 	 8.960260555775305e-06
1.7470219978921184 	 8.94460122594367e-06
1.7480219978921183 	 8.92898901579484e-06
1.7490219978921182 	 8.913423716454492e-06
1.750021997892118 	 8.897905120282241e-06
1.751021997892118 	 8.882433020862544e-06
1.7520219978921179 	 8.867007212995699e-06
1.7530219978921178 	 8.851627492688868e-06
1.7540219978921177 	 8.836293657147252e-06
1.7550219978921175 	 8.821005504765323e-06
1.7560219978921174 	 8.805762835118044e-06
1.7570219978921173 	 8.79056544895234e-06
1.7580219978921172 	 8.77541314817848e-06
1.759021997892117 	 8.76030573586161e-06
1.760021997892117 	 8.745243016213362e-06
1.7610219978921169 	 8.7302247945835e-06
1.7620219978921168 	 8.715250877451712e-06
1.7630219978921167 	 8.700321072419343e-06
1.7640219978921166 	 8.685435188201353e-06
1.7650219978921164 	 8.670593034618222e-06
1.7660219978921163 	 8.655794422587998e-06
1.7670219978921162 	 8.641039164118382e-06
1.7680219978921161 	 8.626327072298878e-06
1.769021997892116 	 8.611657961293055e-06
1.770021997892116 	 8.597031646330787e-06
1.7710219978921158 	 8.582447943700675e-06
1.7720219978921157 	 8.56790667074241e-06
1.7730219978921156 	 8.55340764583931e-06
1.7740219978921155 	 8.538950688410867e-06
1.7750219978921153 	 8.524535618905352e-06
1.7760219978921152 	 8.510162258792492e-06
1.7770219978921151 	 8.495830430556239e-06
1.778021997892115 	 8.481539957687561e-06
1.779021997892115 	 8.467290664677291e-06
1.7800219978921148 	 8.45308237700909e-06
1.7810219978921147 	 8.438914921152396e-06
1.7820219978921146 	 8.424788124555505e-06
1.7830219978921145 	 8.41070181563864e-06
1.7840219978921144 	 8.396655823787145e-06
1.7850219978921142 	 8.382649979344688e-06
1.7860219978921141 	 8.368684113606537e-06
1.787021997892114 	 8.354758058812896e-06
1.788021997892114 	 8.3408716481423e-06
1.7890219978921138 	 8.327024715705069e-06
1.7900219978921137 	 8.313217096536767e-06
1.7910219978921136 	 8.299448626591805e-06
1.7920219978921135 	 8.28571914273701e-06
1.7930219978921134 	 8.272028482745322e-06
1.7940219978921133 	 8.258376485289455e-06
1.7950219978921131 	 8.244762989935725e-06
1.796021997892113 	 8.231187837137815e-06
1.797021997892113 	 8.217650868230698e-06
1.7980219978921128 	 8.204151925424474e-06
1.7990219978921127 	 8.190690851798416e-06
1.8000219978921126 	 8.17726749129496e-06
1.8010219978921125 	 8.163881688713771e-06
1.8020219978921124 	 8.150533289705862e-06
1.8030219978921123 	 8.137222140767764e-06
1.8040219978921122 	 8.123948089235724e-06
1.805021997892112 	 8.110710983279985e-06
1.806021997892112 	 8.097510671899088e-06
1.8070219978921118 	 8.08434700491421e-06
1.8080219978921117 	 8.071219832963595e-06
1.8090219978921116 	 8.058129007496963e-06
1.8100219978921115 	 8.045074380770022e-06
1.8110219978921114 	 8.03205580583901e-06
1.8120219978921113 	 8.01907313655527e-06
1.8130219978921112 	 8.006126227559847e-06
1.814021997892111 	 7.993214934278195e-06
1.815021997892111 	 7.980339112914861e-06
1.8160219978921108 	 7.967498620448257e-06
1.8170219978921107 	 7.95469331462543e-06
1.8180219978921106 	 7.941923053956917e-06
1.8190219978921105 	 7.929187697711643e-06
1.8200219978921104 	 7.916487105911794e-06
1.8210219978921103 	 7.903821139327804e-06
1.8220219978921102 	 7.891189659473374e-06
1.82302199789211 	 7.878592528600466e-06
1.82402199789211 	 7.866029609694437e-06
1.8250219978921098 	 7.853500766469115e-06
1.8260219978921097 	 7.841005863361974e-06
1.8270219978921096 	 7.828544765529353e-06
1.8280219978921095 	 7.816117338841649e-06
1.8290219978921094 	 7.803723449878618e-06
1.8300219978921093 	 7.791362965924681e-06
1.8310219978921092 	 7.779035754964271e-06
1.832021997892109 	 7.76674168567721e-06
1.833021997892109 	 7.754480627434145e-06
1.8340219978921088 	 7.74225245029199e-06
1.8350219978921087 	 7.73005702498944e-06
1.8360219978921086 	 7.71789422294245e-06
1.8370219978921085 	 7.705763916239866e-06
1.8380219978921084 	 7.693665977638977e-06
1.8390219978921083 	 7.681600280561152e-06
1.8400219978921082 	 7.669566699087534e-06
1.841021997892108 	 7.657565107954705e-06
1.842021997892108 	 7.645595382550441e-06
1.8430219978921079 	 7.633657398909486e-06
1.8440219978921077 	 7.621751033709318e-06
1.8450219978921076 	 7.609876164266026e-06
1.8460219978921075 	 7.5980326685301506e-06
1.8470219978921074 	 7.586220425082581e-06
1.8480219978921073 	 7.5744393131304884e-06
1.8490219978921072 	 7.562689212503285e-06
1.850021997892107 	 7.550970003648624e-06
1.851021997892107 	 7.539281567628423e-06
1.8520219978921069 	 7.527623786114888e-06
1.8530219978921068 	 7.5159965413866356e-06
1.8540219978921066 	 7.5043997163247905e-06
1.8550219978921065 	 7.492833194409126e-06
1.8560219978921064 	 7.481296859714236e-06
1.8570219978921063 	 7.4697905969057605e-06
1.8580219978921062 	 7.458314291236578e-06
1.859021997892106 	 7.446867828543092e-06
1.860021997892106 	 7.435451095241518e-06
1.8610219978921059 	 7.42406397832421e-06
1.8620219978921058 	 7.4127063653559684e-06
1.8630219978921057 	 7.401378144470452e-06
1.8640219978921055 	 7.3900792043665714e-06
1.8650219978921054 	 7.37880943430489e-06
1.8660219978921053 	 7.367568724104108e-06
1.8670219978921052 	 7.3563569641375435e-06
1.868021997892105 	 7.345174045329617e-06
1.869021997892105 	 7.334019859152407e-06
1.8700219978921049 	 7.322894297622205e-06
1.8710219978921048 	 7.311797253296098e-06
1.8720219978921047 	 7.300728619268588e-06
1.8730219978921046 	 7.28968828916822e-06
1.8740219978921044 	 7.278676157154258e-06
1.8750219978921043 	 7.2676921179133505e-06
1.8760219978921042 	 7.256736066656273e-06
1.877021997892104 	 7.245807899114642e-06
1.878021997892104 	 7.234907511537686e-06
1.879021997892104 	 7.224034800689027e-06
1.8800219978921038 	 7.213189663843489e-06
1.8810219978921037 	 7.2023719987839435e-06
1.8820219978921036 	 7.191581703798149e-06
1.8830219978921034 	 7.180818677675639e-06
1.8840219978921033 	 7.17008281970463e-06
1.8850219978921032 	 7.159374029668948e-06
1.8860219978921031 	 7.1486922078449425e-06
1.887021997892103 	 7.138037254998528e-06
1.888021997892103 	 7.127409072382096e-06
1.8890219978921028 	 7.116807561731611e-06
1.8900219978921027 	 7.1062326252635745e-06
1.8910219978921026 	 7.095684165672132e-06
1.8920219978921025 	 7.085162086126145e-06
1.8930219978921023 	 7.0746662902662814e-06
1.8940219978921022 	 7.064196682202149e-06
1.8950219978921021 	 7.053753166509429e-06
1.896021997892102 	 7.043335648227062e-06
1.897021997892102 	 7.032944032854408e-06
1.8980219978921018 	 7.022578226348478e-06
1.8990219978921017 	 7.012238135121141e-06
1.9000219978921016 	 7.0019236660363774e-06
1.9010219978921015 	 6.991634726407567e-06
1.9020219978921014 	 6.981371223994719e-06
1.9030219978921012 	 6.971133067001856e-06
1.9040219978921011 	 6.960920164074269e-06
1.905021997892101 	 6.950732424295911e-06
1.906021997892101 	 6.940569757186737e-06
1.9070219978921008 	 6.930432072700092e-06
1.9080219978921007 	 6.920319281220123e-06
1.9090219978921006 	 6.910231293559173e-06
1.9100219978921005 	 6.900168020955256e-06
1.9110219978921004 	 6.890129375069499e-06
1.9120219978921003 	 6.880115267983607e-06
1.9130219978921001 	 6.870125612197355e-06
1.9140219978921 	 6.860160320626144e-06
1.9150219978921 	 6.850219306598461e-06
1.9160219978920998 	 6.840302483853498e-06
1.9170219978920997 	 6.830409766538653e-06
1.9180219978920996 	 6.820541069207153e-06
1.9190219978920995 	 6.8106963068156375e-06
1.9200219978920994 	 6.800875394721777e-06
1.9210219978920993 	 6.791078248681909e-06
1.9220219978920992 	 6.78130478484868e-06
1.923021997892099 	 6.771554919768737e-06
1.924021997892099 	 6.761828570380361e-06
1.9250219978920988 	 6.752125654011214e-06
1.9260219978920987 	 6.742446088376029e-06
1.9270219978920986 	 6.732789791574359e-06
1.9280219978920985 	 6.7231566820883045e-06
1.9290219978920984 	 6.713546678780292e-06
1.9300219978920983 	 6.70395970089084e-06
1.9310219978920982 	 6.694395668036371e-06
1.932021997892098 	 6.684854500207008e-06
1.933021997892098 	 6.675336117764396e-06
1.9340219978920978 	 6.665840441439559e-06
1.9350219978920977 	 6.656367392330747e-06
1.9360219978920976 	 6.64691689190129e-06
1.9370219978920975 	 6.637488861977513e-06
1.9380219978920974 	 6.628083224746623e-06
1.9390219978920973 	 6.618699902754613e-06
1.9400219978920972 	 6.609338818904204e-06
1.941021997892097 	 6.599999896452777e-06
1.942021997892097 	 6.590683059010354e-06
1.9430219978920968 	 6.581388230537545e-06
1.9440219978920967 	 6.572115335343526e-06
1.9450219978920966 	 6.562864298084074e-06
1.9460219978920965 	 6.55363504375956e-06
1.9470219978920964 	 6.544427497712972e-06
1.9480219978920963 	 6.535241585627951e-06
1.9490219978920962 	 6.526077233526866e-06
1.950021997892096 	 6.516934367768862e-06
1.951021997892096 	 6.507812915047951e-06
1.9520219978920959 	 6.498712802391099e-06
1.9530219978920957 	 6.489633957156344e-06
1.9540219978920956 	 6.480576307030894e-06
1.9550219978920955 	 6.471539780029283e-06
1.9560219978920954 	 6.462524304491496e-06
1.9570219978920953 	 6.453529809081148e-06
1.9580219978920952 	 6.444556222783633e-06
1.959021997892095 	 6.435603474904314e-06
1.960021997892095 	 6.426671495066735e-06
1.9610219978920949 	 6.417760213210797e-06
1.9620219978920947 	 6.408869559590992e-06
1.9630219978920946 	 6.399999464774653e-06
1.9640219978920945 	 6.391149859640166e-06
1.9650219978920944 	 6.38232067537523e-06
1.9660219978920943 	 6.373511843475163e-06
1.9670219978920942 	 6.364723295741118e-06
1.968021997892094 	 6.355954964278419e-06
1.969021997892094 	 6.347206781494845e-06
1.9700219978920939 	 6.338478680098951e-06
1.9710219978920938 	 6.329770593098385e-06
1.9720219978920936 	 6.321082453798225e-06
1.9730219978920935 	 6.312414195799323e-06
1.9740219978920934 	 6.303765752996667e-06
1.9750219978920933 	 6.295137059577745e-06
1.9760219978920932 	 6.286528050020944e-06
1.977021997892093 	 6.277938659093902e-06
1.978021997892093 	 6.269368821851939e-06
1.9790219978920929 	 6.260818473636466e-06
1.9800219978920928 	 6.25228755007338e-06
1.9810219978920927 	 6.243775987071544e-06
1.9820219978920925 	 6.235283720821182e-06
1.9830219978920924 	 6.226810687792358e-06
1.9840219978920923 	 6.218356824733439e-06
1.9850219978920922 	 6.209922068669559e-06
1.986021997892092 	 6.201506356901099e-06
1.987021997892092 	 6.193109627002203e-06
1.9880219978920919 	 6.184731816819256e-06
1.9890219978920918 	 6.1763728644694e-06
1.9900219978920917 	 6.168032708339088e-06
1.9910219978920916 	 6.159711287082565e-06
1.9920219978920914 	 6.15140853962045e-06
1.9930219978920913 	 6.143124405138278e-06
1.9940219978920912 	 6.134858823085064e-06
1.9950219978920911 	 6.126611733171836e-06
1.996021997892091 	 6.118383075370289e-06
1.997021997892091 	 6.110172789911299e-06
1.9980219978920908 	 6.101980817283575e-06
1.9990219978920907 	 6.093807098232227e-06
