0.0010219978922 	 0.0
0.0020219978922 	 0.0
0.0030219978922 	 0.0
0.0040219978922 	 0.0
0.0050219978922 	 0.0
0.0060219978922 	 0.0
0.0070219978922 	 0.0
0.0080219978922 	 0.0
0.009021997892200002 	 0.0
0.010021997892200003 	 0.0
0.011021997892200004 	 0.0
0.012021997892200004 	 0.0
0.013021997892200005 	 0.0
0.014021997892200006 	 0.0
0.015021997892200007 	 0.0
0.016021997892200008 	 0.0
0.01702199789220001 	 0.0
0.01802199789220001 	 0.0
0.01902199789220001 	 0.0
0.02002199789220001 	 0.0
0.021021997892200012 	 0.0
0.022021997892200013 	 0.0
0.023021997892200014 	 0.0
0.024021997892200015 	 0.0
0.025021997892200016 	 0.0
0.026021997892200017 	 0.0
0.027021997892200018 	 0.0
0.02802199789220002 	 0.0
0.02902199789220002 	 0.0
0.03002199789220002 	 0.0
0.03102199789220002 	 0.0
0.03202199789220002 	 0.0
0.03302199789220002 	 0.0
0.03402199789220002 	 0.0
0.03502199789220002 	 0.0
0.03602199789220002 	 0.0
0.03702199789220002 	 0.0
0.038021997892200024 	 0.0
0.039021997892200025 	 0.0
0.040021997892200026 	 0.0
0.04102199789220003 	 0.0
0.04202199789220003 	 0.0
0.04302199789220003 	 0.0
0.04402199789220003 	 0.0
0.04502199789220003 	 0.0
0.04602199789220003 	 0.0
0.04702199789220003 	 0.0
0.04802199789220003 	 0.0
0.049021997892200034 	 0.0
0.050021997892200035 	 0.0
0.051021997892200036 	 0.0
0.052021997892200036 	 0.0
0.05302199789220004 	 0.0
0.05402199789220004 	 0.0
0.05502199789220004 	 0.0
0.05602199789220004 	 0.0
0.05702199789220004 	 0.0
0.05802199789220004 	 0.0
0.05902199789220004 	 0.0
0.060021997892200044 	 0.0
0.061021997892200044 	 0.0
0.062021997892200045 	 0.0
0.06302199789220005 	 0.0
0.06402199789220005 	 0.0
0.06502199789220005 	 0.0
0.06602199789220005 	 0.0
0.06702199789220005 	 0.0
0.06802199789220005 	 0.0
0.06902199789220005 	 0.0
0.07002199789220005 	 0.0
0.07102199789220005 	 0.0
0.07202199789220005 	 0.0
0.07302199789220006 	 0.0
0.07402199789220006 	 0.0
0.07502199789220006 	 0.0
0.07602199789220006 	 0.0
0.07702199789220006 	 0.0
0.07802199789220006 	 0.0
0.07902199789220006 	 0.0
0.08002199789220006 	 0.0
0.08102199789220006 	 0.0
0.08202199789220006 	 0.0
0.08302199789220006 	 0.0
0.08402199789220006 	 0.0
0.08502199789220007 	 0.0
0.08602199789220007 	 0.0
0.08702199789220007 	 0.0
0.08802199789220007 	 0.0
0.08902199789220007 	 0.0
0.09002199789220007 	 0.0
0.09102199789220007 	 0.0
0.09202199789220007 	 0.0
0.09302199789220007 	 0.0
0.09402199789220007 	 0.0
0.09502199789220007 	 0.0
0.09602199789220008 	 0.0
0.09702199789220008 	 0.0
0.09802199789220008 	 0.0
0.09902199789220008 	 0.0
0.10002199789220008 	 0.0
0.10102199789220008 	 0.0
0.10202199789220008 	 0.0
0.10302199789220008 	 0.0
0.10402199789220008 	 0.0
0.10502199789220008 	 0.0
0.10602199789220008 	 0.0
0.10702199789220009 	 0.0
0.10802199789220009 	 0.0
0.10902199789220009 	 0.0
0.11002199789220009 	 0.0
0.11102199789220009 	 0.0
0.11202199789220009 	 0.0
0.11302199789220009 	 0.0
0.11402199789220009 	 0.0
0.11502199789220009 	 0.0
0.1160219978922001 	 0.0
0.1170219978922001 	 0.0
0.1180219978922001 	 0.0
0.1190219978922001 	 0.0
0.1200219978922001 	 0.0
0.1210219978922001 	 0.0
0.1220219978922001 	 0.0
0.1230219978922001 	 0.0
0.1240219978922001 	 0.0
0.1250219978922001 	 0.0
0.1260219978922001 	 0.0
0.1270219978922001 	 0.0
0.1280219978922001 	 0.0
0.1290219978922001 	 0.0
0.1300219978922001 	 0.0
0.1310219978922001 	 0.0
0.1320219978922001 	 0.0
0.1330219978922001 	 0.0
0.1340219978922001 	 0.0
0.1350219978922001 	 0.0
0.1360219978922001 	 0.0
0.1370219978922001 	 0.0
0.1380219978922001 	 0.0
0.1390219978922001 	 0.0
0.1400219978922001 	 0.0
0.1410219978922001 	 0.0
0.1420219978922001 	 0.0
0.1430219978922001 	 0.0
0.1440219978922001 	 0.0
0.1450219978922001 	 0.0
0.1460219978922001 	 0.0
0.1470219978922001 	 0.0
0.1480219978922001 	 0.0
0.1490219978922001 	 0.0
0.1500219978922001 	 0.0
0.1510219978922001 	 0.0
0.1520219978922001 	 0.0
0.1530219978922001 	 0.0
0.1540219978922001 	 0.0
0.15502199789220011 	 0.0
0.15602199789220011 	 0.0
0.15702199789220012 	 0.0
0.15802199789220012 	 0.0
0.15902199789220012 	 0.0
0.16002199789220012 	 0.0
0.16102199789220012 	 0.0
0.16202199789220012 	 0.0
0.16302199789220012 	 0.0
0.16402199789220012 	 0.0
0.16502199789220012 	 0.0
0.16602199789220012 	 0.0
0.16702199789220012 	 0.0
0.16802199789220013 	 0.0
0.16902199789220013 	 0.0
0.17002199789220013 	 0.0
0.17102199789220013 	 0.0
0.17202199789220013 	 0.0
0.17302199789220013 	 0.0
0.17402199789220013 	 0.0
0.17502199789220013 	 0.0
0.17602199789220013 	 0.0
0.17702199789220013 	 0.0
0.17802199789220013 	 0.0
0.17902199789220014 	 0.0
0.18002199789220014 	 0.0
0.18102199789220014 	 0.0
0.18202199789220014 	 0.0
0.18302199789220014 	 0.0
0.18402199789220014 	 0.0
0.18502199789220014 	 0.0
0.18602199789220014 	 0.0
0.18702199789220014 	 0.0
0.18802199789220014 	 0.0
0.18902199789220014 	 0.0
0.19002199789220015 	 0.0
0.19102199789220015 	 0.0
0.19202199789220015 	 0.0
0.19302199789220015 	 0.0
0.19402199789220015 	 0.0
0.19502199789220015 	 0.0
0.19602199789220015 	 0.0
0.19702199789220015 	 0.0
0.19802199789220015 	 0.0
0.19902199789220015 	 0.0
0.20002199789220015 	 0.0
0.20102199789220015 	 0.0
0.20202199789220016 	 0.0
0.20302199789220016 	 0.0
0.20402199789220016 	 0.0
0.20502199789220016 	 0.0
0.20602199789220016 	 0.0
0.20702199789220016 	 0.0
0.20802199789220016 	 0.0
0.20902199789220016 	 0.0
0.21002199789220016 	 0.0
0.21102199789220016 	 0.0
0.21202199789220016 	 0.0
0.21302199789220017 	 0.0
0.21402199789220017 	 0.0
0.21502199789220017 	 0.0
0.21602199789220017 	 0.0
0.21702199789220017 	 0.0
0.21802199789220017 	 0.0
0.21902199789220017 	 0.0
0.22002199789220017 	 0.0
0.22102199789220017 	 0.0
0.22202199789220017 	 0.0
0.22302199789220017 	 0.0
0.22402199789220018 	 0.0
0.22502199789220018 	 0.0
0.22602199789220018 	 0.0
0.22702199789220018 	 0.0
0.22802199789220018 	 0.0
0.22902199789220018 	 0.0
0.23002199789220018 	 0.0
0.23102199789220018 	 0.0
0.23202199789220018 	 0.0
0.23302199789220018 	 0.0
0.23402199789220018 	 0.0
0.23502199789220019 	 0.0
0.23602199789220019 	 0.0
0.2370219978922002 	 0.0
0.2380219978922002 	 0.0
0.2390219978922002 	 0.0
0.2400219978922002 	 0.0
0.2410219978922002 	 0.0
0.2420219978922002 	 0.0
0.2430219978922002 	 0.0
0.2440219978922002 	 0.0
0.2450219978922002 	 0.0
0.2460219978922002 	 0.0
0.2470219978922002 	 0.0
0.2480219978922002 	 0.0
0.2490219978922002 	 0.0
0.2500219978922002 	 0.0
0.2510219978922002 	 0.0
0.2520219978922002 	 0.0
0.2530219978922002 	 0.0
0.2540219978922002 	 0.0
0.2550219978922002 	 0.0
0.2560219978922002 	 0.0
0.2570219978922002 	 0.0
0.2580219978922002 	 0.0
0.2590219978922002 	 0.0
0.2600219978922002 	 0.0
0.2610219978922002 	 0.0
0.2620219978922002 	 0.0
0.2630219978922002 	 0.0
0.2640219978922002 	 0.0
0.2650219978922002 	 0.0
0.2660219978922002 	 0.0
0.2670219978922002 	 0.0
0.2680219978922002 	 0.0
0.2690219978922002 	 0.0
0.2700219978922002 	 0.0
0.2710219978922002 	 0.0
0.2720219978922002 	 0.0
0.2730219978922002 	 0.0
0.2740219978922002 	 0.0
0.2750219978922002 	 0.0
0.2760219978922002 	 0.0
0.2770219978922002 	 0.0
0.2780219978922002 	 0.0
0.2790219978922002 	 0.0
0.2800219978922002 	 0.0
0.2810219978922002 	 0.0
0.2820219978922002 	 0.0
0.2830219978922002 	 0.0
0.28402199789220023 	 0.0
0.28502199789220023 	 0.0
0.28602199789220023 	 0.0
0.28702199789220023 	 0.0
0.28802199789220023 	 0.0
0.28902199789220023 	 0.0
0.29002199789220023 	 0.0
0.29102199789220023 	 0.0
0.29202199789220024 	 0.0
0.29302199789220024 	 0.0
0.29402199789220024 	 0.0
0.29502199789220024 	 0.0
0.29602199789220024 	 0.0
0.29702199789220024 	 0.0
0.29802199789220024 	 0.0
0.29902199789220024 	 0.0
0.30002199789220024 	 0.0
0.30102199789220024 	 0.0
0.30202199789220024 	 0.0
0.30302199789220025 	 0.0
0.30402199789220025 	 0.0
0.30502199789220025 	 0.0
0.30602199789220025 	 0.0
0.30702199789220025 	 0.0
0.30802199789220025 	 0.0
0.30902199789220025 	 0.0
0.31002199789220025 	 0.0
0.31102199789220025 	 0.0
0.31202199789220025 	 0.0
0.31302199789220025 	 0.0
0.31402199789220026 	 0.0
0.31502199789220026 	 0.0
0.31602199789220026 	 0.0
0.31702199789220026 	 0.0
0.31802199789220026 	 0.0
0.31902199789220026 	 0.0
0.32002199789220026 	 0.0
0.32102199789220026 	 0.0
0.32202199789220026 	 0.0
0.32302199789220026 	 0.0
0.32402199789220026 	 0.0
0.32502199789220027 	 0.0
0.32602199789220027 	 0.0
0.32702199789220027 	 0.0
0.32802199789220027 	 0.0
0.32902199789220027 	 0.0
0.33002199789220027 	 0.0
0.33102199789220027 	 0.0
0.33202199789220027 	 0.0
0.33302199789220027 	 0.0
0.3340219978922003 	 0.0
0.3350219978922003 	 0.0
0.3360219978922003 	 0.0
0.3370219978922003 	 0.0
0.3380219978922003 	 0.0
0.3390219978922003 	 0.0
0.3400219978922003 	 0.0
0.3410219978922003 	 0.0
0.3420219978922003 	 0.0
0.3430219978922003 	 0.0
0.3440219978922003 	 0.0
0.3450219978922003 	 0.0
0.3460219978922003 	 0.0
0.3470219978922003 	 0.0
0.3480219978922003 	 0.0
0.3490219978922003 	 0.0
0.3500219978922003 	 0.0
0.3510219978922003 	 0.0
0.3520219978922003 	 0.0
0.3530219978922003 	 0.0
0.3540219978922003 	 0.0
0.3550219978922003 	 0.0
0.3560219978922003 	 0.0
0.3570219978922003 	 0.0
0.3580219978922003 	 0.0
0.3590219978922003 	 0.0
0.3600219978922003 	 0.0
0.3610219978922003 	 0.0
0.3620219978922003 	 0.0
0.3630219978922003 	 0.0
0.3640219978922003 	 0.0
0.3650219978922003 	 0.0
0.3660219978922003 	 0.0
0.3670219978922003 	 0.0
0.3680219978922003 	 0.0
0.3690219978922003 	 0.0
0.3700219978922003 	 0.0
0.3710219978922003 	 0.0
0.3720219978922003 	 0.0
0.3730219978922003 	 0.0
0.3740219978922003 	 0.0
0.3750219978922003 	 0.0
0.3760219978922003 	 0.0
0.3770219978922003 	 0.0
0.3780219978922003 	 0.0
0.3790219978922003 	 0.0
0.3800219978922003 	 0.0
0.3810219978922003 	 0.0
0.3820219978922003 	 0.0
0.3830219978922003 	 0.0
0.3840219978922003 	 0.0
0.3850219978922003 	 0.0
0.3860219978922003 	 0.0
0.3870219978922003 	 0.0
0.3880219978922003 	 0.0
0.3890219978922003 	 0.0
0.3900219978922003 	 0.0
0.3910219978922003 	 0.0
0.3920219978922003 	 0.0
0.3930219978922003 	 0.0
0.3940219978922003 	 0.0
0.3950219978922003 	 0.0
0.39602199789220033 	 0.0
0.39702199789220033 	 0.0
0.39802199789220033 	 0.0
0.39902199789220033 	 0.0
0.40002199789220033 	 0.0
0.40102199789220033 	 0.0
0.40202199789220033 	 0.0
0.40302199789220033 	 0.0
0.40402199789220034 	 0.0
0.40502199789220034 	 0.0
0.40602199789220034 	 0.0
0.40702199789220034 	 0.0
0.40802199789220034 	 0.0
0.40902199789220034 	 0.0
0.41002199789220034 	 0.0
0.41102199789220034 	 0.0
0.41202199789220034 	 0.0
0.41302199789220034 	 0.0
0.41402199789220034 	 0.0
0.41502199789220034 	 0.0
0.41602199789220035 	 0.0
0.41702199789220035 	 0.0
0.41802199789220035 	 0.0
0.41902199789220035 	 0.0
0.42002199789220035 	 0.0
0.42102199789220035 	 0.0
0.42202199789220035 	 0.0
0.42302199789220035 	 0.0
0.42402199789220035 	 0.0
0.42502199789220035 	 0.0
0.42602199789220035 	 0.0
0.42702199789220036 	 0.0
0.42802199789220036 	 0.0
0.42902199789220036 	 0.0
0.43002199789220036 	 0.0
0.43102199789220036 	 0.0
0.43202199789220036 	 0.0
0.43302199789220036 	 0.0
0.43402199789220036 	 0.0
0.43502199789220036 	 0.0
0.43602199789220036 	 0.0
0.43702199789220036 	 0.0
0.43802199789220037 	 0.0
0.43902199789220037 	 0.0
0.44002199789220037 	 0.0
0.44102199789220037 	 0.0
0.44202199789220037 	 0.0
0.44302199789220037 	 0.0
0.44402199789220037 	 0.0
0.44502199789220037 	 0.0
0.4460219978922004 	 0.0
0.4470219978922004 	 0.0
0.4480219978922004 	 0.0
0.4490219978922004 	 0.0
0.4500219978922004 	 0.0
0.4510219978922004 	 0.0
0.4520219978922004 	 0.0
0.4530219978922004 	 0.0
0.4540219978922004 	 0.0
0.4550219978922004 	 0.0
0.4560219978922004 	 0.0
0.4570219978922004 	 0.0
0.4580219978922004 	 0.0
0.4590219978922004 	 0.0
0.4600219978922004 	 0.0
0.4610219978922004 	 0.0
0.4620219978922004 	 0.0
0.4630219978922004 	 0.0
0.4640219978922004 	 0.0
0.4650219978922004 	 0.0
0.4660219978922004 	 0.0
0.4670219978922004 	 0.0
0.4680219978922004 	 0.0
0.4690219978922004 	 0.0
0.4700219978922004 	 0.0
0.4710219978922004 	 0.0
0.4720219978922004 	 0.0
0.4730219978922004 	 0.0
0.4740219978922004 	 0.0
0.4750219978922004 	 0.0
0.4760219978922004 	 0.0
0.4770219978922004 	 0.0
0.4780219978922004 	 0.0
0.4790219978922004 	 0.0
0.4800219978922004 	 0.0
0.4810219978922004 	 0.0
0.4820219978922004 	 0.0
0.4830219978922004 	 0.0
0.4840219978922004 	 0.0
0.4850219978922004 	 0.0
0.4860219978922004 	 0.0
0.4870219978922004 	 0.0
0.4880219978922004 	 0.0
0.4890219978922004 	 0.0
0.4900219978922004 	 0.0
0.4910219978922004 	 0.0
0.4920219978922004 	 0.0
0.4930219978922004 	 0.0
0.4940219978922004 	 0.0
0.4950219978922004 	 0.0
0.4960219978922004 	 0.0
0.4970219978922004 	 0.0
0.4980219978922004 	 0.0
0.4990219978922004 	 0.0
0.5000219978922004 	 0.0
0.5010219978922004 	 0.0
0.5020219978922004 	 0.0
0.5030219978922004 	 0.0
0.5040219978922004 	 0.0
0.5050219978922004 	 0.0
0.5060219978922004 	 0.0
0.5070219978922004 	 0.0
0.5080219978922004 	 0.0
0.5090219978922004 	 0.0
0.5100219978922004 	 0.0
0.5110219978922004 	 0.0
0.5120219978922004 	 0.0
0.5130219978922004 	 0.0
0.5140219978922004 	 0.0
0.5150219978922004 	 0.0
0.5160219978922004 	 0.0
0.5170219978922004 	 0.0
0.5180219978922004 	 0.0
0.5190219978922004 	 0.0
0.5200219978922004 	 0.0
0.5210219978922004 	 0.0
0.5220219978922004 	 0.0
0.5230219978922004 	 0.0
0.5240219978922004 	 0.0
0.5250219978922004 	 0.0
0.5260219978922004 	 0.0
0.5270219978922004 	 0.0
0.5280219978922004 	 0.0
0.5290219978922004 	 0.0
0.5300219978922004 	 0.0
0.5310219978922004 	 0.0
0.5320219978922004 	 0.0
0.5330219978922004 	 0.0
0.5340219978922004 	 0.0
0.5350219978922004 	 0.0
0.5360219978922004 	 0.0
0.5370219978922004 	 0.0
0.5380219978922004 	 0.0
0.5390219978922004 	 0.0
0.5400219978922004 	 0.0
0.5410219978922004 	 0.0
0.5420219978922004 	 0.0
0.5430219978922004 	 0.0
0.5440219978922004 	 0.0
0.5450219978922004 	 0.0
0.5460219978922004 	 0.0
0.5470219978922004 	 0.0
0.5480219978922004 	 0.0
0.5490219978922004 	 0.0
0.5500219978922004 	 0.0
0.5510219978922004 	 0.0
0.5520219978922004 	 0.0
0.5530219978922004 	 0.0
0.5540219978922004 	 0.0
0.5550219978922004 	 0.0
0.5560219978922004 	 0.0
0.5570219978922004 	 0.0
0.5580219978922004 	 0.0
0.5590219978922004 	 0.0
0.5600219978922004 	 0.0
0.5610219978922004 	 0.0
0.5620219978922004 	 0.0
0.5630219978922004 	 0.0
0.5640219978922004 	 0.0
0.5650219978922004 	 0.0
0.5660219978922004 	 0.0
0.5670219978922004 	 0.0
0.5680219978922004 	 0.0
0.5690219978922004 	 0.0
0.5700219978922004 	 0.0
0.5710219978922004 	 0.0
0.5720219978922004 	 0.0
0.5730219978922004 	 0.0
0.5740219978922004 	 0.0
0.5750219978922004 	 0.0
0.5760219978922004 	 0.0
0.5770219978922004 	 0.0
0.5780219978922004 	 0.0
0.5790219978922004 	 0.0
0.5800219978922004 	 0.0
0.5810219978922004 	 0.0
0.5820219978922004 	 0.0
0.5830219978922004 	 0.0
0.5840219978922004 	 0.0
0.5850219978922004 	 0.0
0.5860219978922004 	 0.0
0.5870219978922004 	 0.0
0.5880219978922004 	 0.0
0.5890219978922004 	 0.0
0.5900219978922004 	 0.0
0.5910219978922004 	 0.0
0.5920219978922004 	 0.0
0.5930219978922004 	 0.0
0.5940219978922004 	 0.0
0.5950219978922004 	 0.0
0.5960219978922005 	 0.0
0.5970219978922005 	 0.0
0.5980219978922005 	 0.0
0.5990219978922005 	 0.0
0.6000219978922005 	 0.0
0.6010219978922005 	 0.0
0.6020219978922005 	 0.0
0.6030219978922005 	 0.0
0.6040219978922005 	 0.0
0.6050219978922005 	 0.0
0.6060219978922005 	 0.0
0.6070219978922005 	 0.0
0.6080219978922005 	 0.0
0.6090219978922005 	 0.0
0.6100219978922005 	 0.0
0.6110219978922005 	 0.0
0.6120219978922005 	 0.0
0.6130219978922005 	 0.0
0.6140219978922005 	 0.0
0.6150219978922005 	 0.0
0.6160219978922005 	 0.0
0.6170219978922005 	 0.0
0.6180219978922005 	 0.0
0.6190219978922005 	 0.0
0.6200219978922005 	 0.0
0.6210219978922005 	 0.0
0.6220219978922005 	 0.0
0.6230219978922005 	 0.0
0.6240219978922005 	 0.0
0.6250219978922005 	 0.0
0.6260219978922005 	 0.0
0.6270219978922005 	 0.0
0.6280219978922005 	 0.0
0.6290219978922005 	 0.0
0.6300219978922005 	 0.0
0.6310219978922005 	 0.0
0.6320219978922005 	 0.0
0.6330219978922005 	 0.0
0.6340219978922005 	 0.0
0.6350219978922005 	 0.0
0.6360219978922005 	 0.0
0.6370219978922005 	 0.0
0.6380219978922005 	 0.0
0.6390219978922005 	 0.0
0.6400219978922005 	 0.0
0.6410219978922005 	 0.0
0.6420219978922005 	 0.0
0.6430219978922005 	 0.0
0.6440219978922005 	 0.0
0.6450219978922005 	 0.0
0.6460219978922005 	 0.0
0.6470219978922005 	 0.0
0.6480219978922005 	 0.0
0.6490219978922005 	 0.0
0.6500219978922005 	 0.0
0.6510219978922005 	 0.0
0.6520219978922005 	 0.0
0.6530219978922005 	 0.0
0.6540219978922005 	 0.0
0.6550219978922005 	 0.0
0.6560219978922005 	 0.0
0.6570219978922005 	 0.0
0.6580219978922005 	 0.0
0.6590219978922005 	 0.0
0.6600219978922005 	 0.0
0.6610219978922005 	 0.0
0.6620219978922005 	 0.0
0.6630219978922005 	 0.0
0.6640219978922005 	 0.0
0.6650219978922005 	 0.0
0.6660219978922005 	 0.0
0.6670219978922005 	 0.0
0.6680219978922005 	 0.0
0.6690219978922005 	 0.0
0.6700219978922005 	 0.0
0.6710219978922005 	 0.0
0.6720219978922005 	 0.0
0.6730219978922005 	 0.0
0.6740219978922005 	 0.0
0.6750219978922005 	 0.0
0.6760219978922005 	 0.0
0.6770219978922005 	 0.0
0.6780219978922005 	 0.0
0.6790219978922005 	 0.0
0.6800219978922005 	 0.0
0.6810219978922005 	 0.0
0.6820219978922005 	 0.0
0.6830219978922005 	 0.0
0.6840219978922005 	 0.0
0.6850219978922005 	 0.0
0.6860219978922005 	 0.0
0.6870219978922005 	 0.0
0.6880219978922005 	 0.0
0.6890219978922005 	 0.0
0.6900219978922005 	 0.0
0.6910219978922005 	 0.0
0.6920219978922005 	 0.0
0.6930219978922005 	 0.0
0.6940219978922005 	 0.0
0.6950219978922005 	 0.0
0.6960219978922005 	 0.0
0.6970219978922005 	 0.0
0.6980219978922005 	 0.0
0.6990219978922005 	 0.0
0.7000219978922005 	 0.0
0.7010219978922005 	 0.0
0.7020219978922005 	 0.0
0.7030219978922005 	 0.0
0.7040219978922005 	 0.0
0.7050219978922005 	 0.0
0.7060219978922005 	 0.0
0.7070219978922005 	 0.0
0.7080219978922005 	 0.0
0.7090219978922006 	 0.0
0.7100219978922006 	 0.0
0.7110219978922006 	 0.0
0.7120219978922006 	 0.0
0.7130219978922006 	 0.0
0.7140219978922006 	 0.0
0.7150219978922006 	 0.0
0.7160219978922006 	 0.0
0.7170219978922006 	 0.0
0.7180219978922006 	 0.0
0.7190219978922006 	 0.0
0.7200219978922006 	 0.0
0.7210219978922006 	 0.0
0.7220219978922006 	 0.0
0.7230219978922006 	 0.0
0.7240219978922006 	 0.0
0.7250219978922006 	 0.0
0.7260219978922006 	 0.0
0.7270219978922006 	 0.0
0.7280219978922006 	 0.0
0.7290219978922006 	 0.0
0.7300219978922006 	 0.0
0.7310219978922006 	 0.0
0.7320219978922006 	 0.0
0.7330219978922006 	 0.0
0.7340219978922006 	 0.0
0.7350219978922006 	 0.0
0.7360219978922006 	 0.0
0.7370219978922006 	 0.0
0.7380219978922006 	 0.0
0.7390219978922006 	 0.0
0.7400219978922006 	 0.0
0.7410219978922006 	 0.0
0.7420219978922006 	 0.0
0.7430219978922006 	 0.0
0.7440219978922006 	 0.0
0.7450219978922006 	 0.0
0.7460219978922006 	 0.0
0.7470219978922006 	 0.0
0.7480219978922006 	 0.0
0.7490219978922006 	 0.0
0.7500219978922006 	 0.0
0.7510219978922006 	 0.0
0.7520219978922006 	 0.0
0.7530219978922006 	 0.0
0.7540219978922006 	 0.0
0.7550219978922006 	 0.0
0.7560219978922006 	 0.0
0.7570219978922006 	 0.0
0.7580219978922006 	 0.0
0.7590219978922006 	 0.0
0.7600219978922006 	 0.0
0.7610219978922006 	 0.0
0.7620219978922006 	 0.0
0.7630219978922006 	 0.0
0.7640219978922006 	 0.0
0.7650219978922006 	 0.0
0.7660219978922006 	 0.0
0.7670219978922006 	 0.0
0.7680219978922006 	 0.0
0.7690219978922006 	 0.0
0.7700219978922006 	 0.0
0.7710219978922006 	 0.0
0.7720219978922006 	 0.0
0.7730219978922006 	 0.0
0.7740219978922006 	 0.0
0.7750219978922006 	 0.0
0.7760219978922006 	 0.0
0.7770219978922006 	 0.0
0.7780219978922006 	 0.0
0.7790219978922006 	 0.0
0.7800219978922006 	 0.0
0.7810219978922006 	 0.0
0.7820219978922006 	 0.0
0.7830219978922006 	 0.0
0.7840219978922006 	 0.0
0.7850219978922006 	 0.0
0.7860219978922006 	 0.0
0.7870219978922006 	 0.0
0.7880219978922006 	 0.0
0.7890219978922006 	 0.0
0.7900219978922006 	 0.0
0.7910219978922006 	 0.0
0.7920219978922006 	 0.0
0.7930219978922006 	 0.0
0.7940219978922006 	 0.0
0.7950219978922006 	 0.0
0.7960219978922006 	 0.0
0.7970219978922006 	 0.0
0.7980219978922006 	 0.0
0.7990219978922006 	 0.0
0.8000219978922006 	 0.0
0.8010219978922006 	 0.0
0.8020219978922006 	 0.0
0.8030219978922006 	 0.0
0.8040219978922006 	 0.0
0.8050219978922006 	 0.0
0.8060219978922006 	 0.0
0.8070219978922006 	 0.0
0.8080219978922006 	 0.0
0.8090219978922006 	 0.0
0.8100219978922006 	 0.0
0.8110219978922006 	 0.0
0.8120219978922006 	 0.0
0.8130219978922006 	 0.0
0.8140219978922006 	 0.0
0.8150219978922006 	 0.0
0.8160219978922006 	 0.0
0.8170219978922006 	 0.0
0.8180219978922006 	 0.0
0.8190219978922006 	 0.0
0.8200219978922006 	 0.0
0.8210219978922007 	 0.0
0.8220219978922007 	 0.0
0.8230219978922007 	 0.0
0.8240219978922007 	 0.0
0.8250219978922007 	 0.0
0.8260219978922007 	 0.0
0.8270219978922007 	 0.0
0.8280219978922007 	 0.0
0.8290219978922007 	 0.0
0.8300219978922007 	 0.0
0.8310219978922007 	 0.0
0.8320219978922007 	 0.0
0.8330219978922007 	 0.0
0.8340219978922007 	 0.0
0.8350219978922007 	 0.0
0.8360219978922007 	 0.0
0.8370219978922007 	 0.0
0.8380219978922007 	 0.0
0.8390219978922007 	 0.0
0.8400219978922007 	 0.0
0.8410219978922007 	 0.0
0.8420219978922007 	 0.0
0.8430219978922007 	 0.0
0.8440219978922007 	 0.0
0.8450219978922007 	 0.0
0.8460219978922007 	 0.0
0.8470219978922007 	 0.0
0.8480219978922007 	 0.0
0.8490219978922007 	 0.0
0.8500219978922007 	 0.0
0.8510219978922007 	 0.0
0.8520219978922007 	 0.0
0.8530219978922007 	 0.0
0.8540219978922007 	 0.0
0.8550219978922007 	 0.0
0.8560219978922007 	 0.0
0.8570219978922007 	 0.0
0.8580219978922007 	 0.0
0.8590219978922007 	 0.0
0.8600219978922007 	 0.0
0.8610219978922007 	 0.0
0.8620219978922007 	 0.0
0.8630219978922007 	 0.0
0.8640219978922007 	 0.0
0.8650219978922007 	 0.0
0.8660219978922007 	 0.0
0.8670219978922007 	 0.0
0.8680219978922007 	 0.0
0.8690219978922007 	 0.0
0.8700219978922007 	 0.0
0.8710219978922007 	 0.0
0.8720219978922007 	 0.0
0.8730219978922007 	 0.0
0.8740219978922007 	 0.0
0.8750219978922007 	 0.0
0.8760219978922007 	 0.0
0.8770219978922007 	 0.0
0.8780219978922007 	 0.0
0.8790219978922007 	 0.0
0.8800219978922007 	 0.0
0.8810219978922007 	 0.0
0.8820219978922007 	 0.0
0.8830219978922007 	 0.0
0.8840219978922007 	 0.0
0.8850219978922007 	 0.0
0.8860219978922007 	 0.0
0.8870219978922007 	 0.0
0.8880219978922007 	 0.0
0.8890219978922007 	 0.0
0.8900219978922007 	 0.0
0.8910219978922007 	 0.0
0.8920219978922007 	 0.0
0.8930219978922007 	 0.0
0.8940219978922007 	 0.0
0.8950219978922007 	 0.0
0.8960219978922007 	 0.0
0.8970219978922007 	 0.0
0.8980219978922007 	 0.0
0.8990219978922007 	 0.0
0.9000219978922007 	 0.0
0.9010219978922007 	 0.0
0.9020219978922007 	 0.0
0.9030219978922007 	 0.0
0.9040219978922007 	 0.0
0.9050219978922007 	 0.0
0.9060219978922007 	 0.0
0.9070219978922007 	 0.0
0.9080219978922007 	 0.0
0.9090219978922007 	 0.0
0.9100219978922007 	 0.0
0.9110219978922007 	 0.0
0.9120219978922007 	 0.0
0.9130219978922007 	 0.0
0.9140219978922007 	 0.0
0.9150219978922007 	 0.0
0.9160219978922007 	 0.0
0.9170219978922007 	 0.0
0.9180219978922007 	 0.0
0.9190219978922007 	 0.0
0.9200219978922007 	 0.0
0.9210219978922007 	 0.0
0.9220219978922007 	 0.0
0.9230219978922007 	 0.0
0.9240219978922007 	 0.0
0.9250219978922007 	 0.0
0.9260219978922007 	 0.0
0.9270219978922007 	 0.0
0.9280219978922007 	 0.0
0.9290219978922007 	 0.0
0.9300219978922007 	 0.0
0.9310219978922007 	 0.0
0.9320219978922007 	 0.0
0.9330219978922007 	 0.0
0.9340219978922008 	 0.0
0.9350219978922008 	 0.0
0.9360219978922008 	 0.0
0.9370219978922008 	 0.0
0.9380219978922008 	 0.0
0.9390219978922008 	 0.0
0.9400219978922008 	 0.0
0.9410219978922008 	 0.0
0.9420219978922008 	 0.0
0.9430219978922008 	 0.0
0.9440219978922008 	 0.0
0.9450219978922008 	 0.0
0.9460219978922008 	 0.0
0.9470219978922008 	 0.0
0.9480219978922008 	 0.0
0.9490219978922008 	 0.0
0.9500219978922008 	 0.0
0.9510219978922008 	 0.0
0.9520219978922008 	 0.0
0.9530219978922008 	 0.0
0.9540219978922008 	 0.0
0.9550219978922008 	 0.0
0.9560219978922008 	 0.0
0.9570219978922008 	 0.0
0.9580219978922008 	 0.0
0.9590219978922008 	 0.0
0.9600219978922008 	 0.0
0.9610219978922008 	 0.0
0.9620219978922008 	 0.0
0.9630219978922008 	 0.0
0.9640219978922008 	 0.0
0.9650219978922008 	 0.0
0.9660219978922008 	 0.0
0.9670219978922008 	 0.0
0.9680219978922008 	 0.0
0.9690219978922008 	 0.0
0.9700219978922008 	 0.0
0.9710219978922008 	 0.0
0.9720219978922008 	 0.0
0.9730219978922008 	 0.0
0.9740219978922008 	 0.0
0.9750219978922008 	 0.0
0.9760219978922008 	 0.0
0.9770219978922008 	 0.0
0.9780219978922008 	 0.0
0.9790219978922008 	 0.0
0.9800219978922008 	 0.0
0.9810219978922008 	 0.0
0.9820219978922008 	 0.0
0.9830219978922008 	 0.0
0.9840219978922008 	 0.0
0.9850219978922008 	 0.0
0.9860219978922008 	 0.0
0.9870219978922008 	 0.0
0.9880219978922008 	 0.00013270280033683205
0.9890219978922008 	 0.000551271638263274
0.9900219978922008 	 0.0011765088949880077
0.9910219978922008 	 0.00200522097954628
0.9920219978922008 	 0.003050986190797323
0.9930219978922008 	 0.004337194984066156
0.9940219978922008 	 0.005895870961900081
0.9950219978922008 	 0.007768197392140607
0.9960219978922008 	 0.010002863379951122
0.9970219978922008 	 0.012659552403211415
0.9980219978922008 	 0.015814981405833147
0.9990219978922008 	 0.019562942863191764
1.0000219978922007 	 0.024019147451400828
1.0010219978922006 	 0.029326690269075115
1.0020219978922005 	 0.03566282269873128
1.0030219978922004 	 0.043247235260456984
1.0040219978922003 	 0.05235188824632603
1.0050219978922001 	 0.06331205244260785
1.0060219978922 	 0.07653740800320993
1.0070219978922 	 0.09252040837905305
1.0080219978921998 	 0.11183601799775263
1.0090219978921997 	 0.13512149152200773
1.0100219978921996 	 0.16301624998168204
1.0110219978921995 	 0.1960306629047195
1.0120219978921994 	 0.23430412670558912
1.0130219978921993 	 0.2772244734341595
1.0140219978921992 	 0.32294696882515034
1.015021997892199 	 0.3680081269481849
1.016021997892199 	 0.40743853420575243
1.0170219978921988 	 0.4358467683117642
1.0180219978921987 	 0.44962003622675345
1.0190219978921986 	 0.44909319467137604
1.0200219978921985 	 0.4356063872823296
1.0210219978921984 	 0.41079050379806015
1.0220219978921983 	 0.3789185635162896
1.0230219978921982 	 0.34461076183494666
1.024021997892198 	 0.3108675840853998
1.025021997892198 	 0.27936355815692826
1.0260219978921978 	 0.2508407164722051
1.0270219978921977 	 0.22548303988434987
1.0280219978921976 	 0.20316833089150835
1.0290219978921975 	 0.18363050955048896
1.0300219978921974 	 0.16655285086420646
1.0310219978921973 	 0.15161801558741908
1.0320219978921972 	 0.1385320273827424
1.033021997892197 	 0.1270337385299733
1.034021997892197 	 0.11689663194432295
1.0350219978921968 	 0.10792690897259459
1.0360219978921967 	 0.09996002132675627
1.0370219978921966 	 0.09285677783137193
1.0380219978921965 	 0.08649957928932553
1.0390219978921964 	 0.08078902238333097
1.0400219978921963 	 0.07564095028181157
1.0410219978921962 	 0.07098394697142718
1.042021997892196 	 0.06675723619723749
1.043021997892196 	 0.06290893303328504
1.0440219978921959 	 0.05939459485852545
1.0450219978921957 	 0.056176022590177906
1.0460219978921956 	 0.0532202691296003
1.0470219978921955 	 0.050498818449707286
1.0480219978921954 	 0.0479869048032129
1.0490219978921953 	 0.045662946885645615
1.0500219978921952 	 0.04350807631966402
1.051021997892195 	 0.041505743622120575
1.052021997892195 	 0.039641387931885055
1.0530219978921949 	 0.037902159325217906
1.0540219978921948 	 0.03627668460482832
1.0550219978921946 	 0.03475486913613381
1.0560219978921945 	 0.033327728650703894
1.0570219978921944 	 0.031987246040213184
1.0580219978921943 	 0.030726249052169464
1.0590219978921942 	 0.029538305520785686
1.060021997892194 	 0.028417633353054042
1.061021997892194 	 0.027359022968067668
1.0620219978921939 	 0.02635776977558117
1.0630219978921938 	 0.025409611333199682
1.0640219978921936 	 0.024510689083191758
1.0650219978921935 	 0.02365749745919272
1.0660219978921934 	 0.022846845078972583
1.0670219978921933 	 0.022075821457600966
1.0680219978921932 	 0.0213417676039356
1.069021997892193 	 0.020642250121391963
1.070021997892193 	 0.01997503837116878
1.0710219978921929 	 0.019338084285659474
1.0720219978921928 	 0.018729504501704002
1.0730219978921927 	 0.018147564503558828
1.0740219978921925 	 0.01759066452866933
1.0750219978921924 	 0.017057327013535187
1.0760219978921923 	 0.016546185390505022
1.0770219978921922 	 0.016055974073023012
1.078021997892192 	 0.015585519484318935
1.079021997892192 	 0.015133732010743183
1.0800219978921919 	 0.014699598769268877
1.0810219978921918 	 0.014282177098315068
1.0820219978921917 	 0.013880588687321185
1.0830219978921916 	 0.013494014277517952
1.0840219978921914 	 0.013121688869530336
1.0850219978921913 	 0.012762897381094632
1.0860219978921912 	 0.012416970711988955
1.0870219978921911 	 0.012083282166569053
1.088021997892191 	 0.011761244201926256
1.089021997892191 	 0.011450305466879558
1.0900219978921908 	 0.011149948101334
1.0910219978921907 	 0.010859685269948096
1.0920219978921906 	 0.010579058908372496
1.0930219978921905 	 0.010307637660276583
1.0940219978921903 	 0.010045014988687954
1.0950219978921902 	 0.009790807439335405
1.0960219978921901 	 0.009544653050262843
1.09702199789219 	 0.009306209887628593
1.09802199789219 	 0.009075154697483497
1.0990219978921898 	 0.008851181665493124
1.1000219978921897 	 0.008634001269565426
1.1010219978921896 	 0.008423339236276514
1.1020219978921895 	 0.008218936025678235
1.1030219978921894 	 0.008020544750188919
1.1040219978921892 	 0.007827930953008978
1.1050219978921891 	 0.0076408720444685625
1.106021997892189 	 0.007459156565021511
1.107021997892189 	 0.007282583503522303
1.1080219978921888 	 0.0071109616630006135
1.1090219978921887 	 0.0069441090727831575
1.1100219978921886 	 0.006781852441987871
1.1110219978921885 	 0.006624026650215716
1.1120219978921884 	 0.006470474185027001
1.1130219978921883 	 0.006321044469333127
1.1140219978921881 	 0.006175593733491689
1.115021997892188 	 0.006033984710137568
1.116021997892188 	 0.005896086274227061
1.1170219978921878 	 0.005761773104029921
1.1180219978921877 	 0.0056309253666767594
1.1190219978921876 	 0.005503428422590916
1.1200219978921875 	 0.005379172548336193
1.1210219978921874 	 0.005258052678450904
1.1220219978921873 	 0.005139968122153083
1.1230219978921872 	 0.005024822237283259
1.124021997892187 	 0.0049125223362047514
1.125021997892187 	 0.004802979520728845
1.1260219978921868 	 0.004696108490577124
1.1270219978921867 	 0.004591827365423241
1.1280219978921866 	 0.00449005751584658
1.1290219978921865 	 0.0043907234056538786
1.1300219978921864 	 0.0042937524412450315
1.1310219978921863 	 0.0041990748322491755
1.1320219978921862 	 0.00410662343750345
1.133021997892186 	 0.0040163335904448635
1.134021997892186 	 0.003928143041261045
1.1350219978921858 	 0.003841986877683946
1.1360219978921857 	 0.0037578176876264316
1.1370219978921856 	 0.003675574545551729
1.1380219978921855 	 0.0035952038793431573
1.1390219978921854 	 0.0035166540476935246
1.1400219978921853 	 0.0034398752554454966
1.1410219978921852 	 0.0033648194718256742
1.142021997892185 	 0.003291440345163984
1.143021997892185 	 0.003219693103971088
1.1440219978921848 	 0.003149534519534257
1.1450219978921847 	 0.003080922848777307
1.1460219978921846 	 0.003013817772500777
1.1470219978921845 	 0.002948180335274406
1.1480219978921844 	 0.0028839728900198016
1.1490219978921843 	 0.0028211590440586623
1.1500219978921842 	 0.0027597036078048673
1.151021997892184 	 0.0026995725471372035
1.152021997892184 	 0.0026407329313507745
1.1530219978921838 	 0.002583152876567487
1.1540219978921837 	 0.0025268015195319296
1.1550219978921836 	 0.0024716489826882237
1.1560219978921835 	 0.0024176663356740833
1.1570219978921834 	 0.002364825558924627
1.1580219978921833 	 0.0023130995093397066
1.1590219978921832 	 0.0022624618864663586
1.160021997892183 	 0.0022128872016134167
1.161021997892183 	 0.002164350746978526
1.1620219978921829 	 0.002116828564525976
1.1630219978921827 	 0.002070297411640154
1.1640219978921826 	 0.0020247347426505862
1.1650219978921825 	 0.001980118686428598
1.1660219978921824 	 0.0019364280215787206
1.1670219978921823 	 0.0018936421538778784
1.1680219978921822 	 0.0018517410938346376
1.169021997892182 	 0.0018107054352169722
1.170021997892182 	 0.0017705163352801031
1.1710219978921819 	 0.0017311554947650606
1.1720219978921818 	 0.0016926051383133911
1.1730219978921816 	 0.0016548479930375032
1.1740219978921815 	 0.0016178672756251994
1.1750219978921814 	 0.0015816466769136472
1.1760219978921813 	 0.0015461703458361255
1.1770219978921812 	 0.001511422874718217
1.178021997892181 	 0.0014773892842612577
1.179021997892181 	 0.0014440550098096564
1.1800219978921809 	 0.0014114058879094022
1.1810219978921808 	 0.0013794281431890674
1.1820219978921807 	 0.0013481083757400471
1.1830219978921805 	 0.0013174335476439916
1.1840219978921804 	 0.0012873909673453057
1.1850219978921803 	 0.0012579682972091901
1.1860219978921802 	 0.0012291535159431627
1.18702199789218 	 0.0012009349366861562
1.18802199789218 	 0.00117330118249086
1.1890219978921799 	 0.0011462411739032916
1.1900219978921798 	 0.0011197441241079047
1.1910219978921797 	 0.001093799529999192
1.1920219978921796 	 0.0010683971638373797
1.1930219978921794 	 0.0010435270648351867
1.1940219978921793 	 0.0010191795314619333
1.1950219978921792 	 0.0009953451142768596
1.1960219978921791 	 0.0009720146085079036
1.197021997892179 	 0.0009491790469976106
1.198021997892179 	 0.0009268296936093722
1.1990219978921788 	 0.0009049580365792962
1.2000219978921787 	 0.0008835557824023634
1.2010219978921786 	 0.0008626148496611506
1.2020219978921785 	 0.0008421273633597559
1.2030219978921783 	 0.0008220856498205229
1.2040219978921782 	 0.0008024822306877618
1.2050219978921781 	 0.0007833098174263993
1.206021997892178 	 0.0007645613065197904
1.207021997892178 	 0.0007462297743563319
1.2080219978921778 	 0.0007283084727165931
1.2090219978921777 	 0.000710790824118507
1.2100219978921776 	 0.0006936704174387359
1.2110219978921775 	 0.0006769410037700737
1.2120219978921773 	 0.0006605964925975742
1.2130219978921772 	 0.0006446309485382764
1.2140219978921771 	 0.0006290385867467669
1.215021997892177 	 0.000613813768862722
1.216021997892177 	 0.0005989509994332358
1.2170219978921768 	 0.0005844449225894472
1.2180219978921767 	 0.0005702903186505026
1.2190219978921766 	 0.0005564821010252285
1.2200219978921765 	 0.0005430153130944747
1.2210219978921764 	 0.0005298851251542264
1.2220219978921762 	 0.00051708683207838
1.2230219978921761 	 0.0005046158514468976
1.224021997892176 	 0.0004924677196202593
1.225021997892176 	 0.0004806380888782642
1.2260219978921758 	 0.00046912272493471456
1.2270219978921757 	 0.0004579175044675818
1.2280219978921756 	 0.0004470184129050174
1.2290219978921755 	 0.000436421542150354
1.2300219978921754 	 0.00042612308839067313
1.2310219978921753 	 0.0004161193501165398
1.2320219978921751 	 0.0004064067264361588
1.233021997892175 	 0.00039698171632488946
1.234021997892175 	 0.0003878409153810003
1.2350219978921748 	 0.00037898101367591725
1.2360219978921747 	 0.00037039879404560864
1.2370219978921746 	 0.00036209113044515943
1.2380219978921745 	 0.00035405498636919695
1.2390219978921744 	 0.0003462874133317916
1.2400219978921743 	 0.0003387855494051178
1.2410219978921742 	 0.00033154661781533985
1.242021997892174 	 0.00032456792603206423
1.243021997892174 	 0.0003178468656099
1.2440219978921738 	 0.0003113809095847573
1.2450219978921737 	 0.00030516761090705765
1.2460219978921736 	 0.00029920460132640037
1.2470219978921735 	 0.0002934895903253646
1.2480219978921734 	 0.0002880203641062451
1.2490219978921733 	 0.0002827947846245739
1.2500219978921732 	 0.00027781078866941165
1.251021997892173 	 0.0002730663869894221
1.252021997892173 	 0.0002685596639064857
1.2530219978921728 	 0.0002642887776902203
1.2540219978921727 	 0.0002602519584903753
1.2550219978921726 	 0.0002564475072279045
1.2560219978921725 	 0.0002528737949870635
1.2570219978921724 	 0.00024952926241973727
1.2580219978921723 	 0.0002464124192015834
1.2590219978921722 	 0.0002435218435277196
1.260021997892172 	 0.00024085618164854808
1.261021997892172 	 0.00023841414744512487
1.2620219978921718 	 0.00023619452249170836
1.2630219978921717 	 0.00023419615691540872
1.2640219978921716 	 0.00023241796776626118
1.2650219978921715 	 0.00023085893837435355
1.2660219978921714 	 0.00022951811814572745
1.2670219978921713 	 0.00022839462239518344
1.2680219978921712 	 0.00022748763222302134
1.269021997892171 	 0.00022679639442803939
1.270021997892171 	 0.0002263202214578628
1.2710219978921709 	 0.00022605849139625098
1.2720219978921707 	 0.00022601064844454227
1.2730219978921706 	 0.00022617620424856787
1.2740219978921705 	 0.00022655473670257783
1.2750219978921704 	 0.0002271458897117424
1.2760219978921703 	 0.000227949373393322
1.2770219978921702 	 0.00022896496431333463
1.27802199789217 	 0.00023019250576881203
1.27902199789217 	 0.0002316319081053488
1.2800219978921699 	 0.00023328314907150442
1.2810219978921698 	 0.00023514627420959753
1.2820219978921696 	 0.0002372213977519633
1.2830219978921695 	 0.00023950870432707202
1.2840219978921694 	 0.00024200844830512812
1.2850219978921693 	 0.0002447209539183261
1.2860219978921692 	 0.00024764661587792583
1.287021997892169 	 0.00025078590001210787
1.288021997892169 	 0.00025413934395346376
1.2890219978921689 	 0.00025770755786023417
1.2900219978921688 	 0.0002614912250544677
1.2910219978921686 	 0.0002654911025601293
1.2920219978921685 	 0.0002697080230936618
1.2930219978921684 	 0.0002741428967076344
1.2940219978921683 	 0.00027879671061158964
1.2950219978921682 	 0.00028367052979604853
1.296021997892168 	 0.0002887654980179701
1.297021997892168 	 0.0002940828388149041
1.2980219978921679 	 0.00029962385657098244
1.2990219978921678 	 0.00030538993746638017
1.3000219978921677 	 0.0003113825496618804
1.3010219978921675 	 0.00031760324634849945
1.3020219978921674 	 0.00032405366646616224
1.3030219978921673 	 0.0003307355360856066
1.3040219978921672 	 0.00033765066923780715
1.305021997892167 	 0.00034480096902465157
1.306021997892167 	 0.0003521884288651347
1.3070219978921669 	 0.000359815133735249
1.3080219978921668 	 0.00036768326145454426
1.3090219978921667 	 0.0003757950839579098
1.3100219978921666 	 0.00038415296855791753
1.3110219978921664 	 0.00039275937918884304
1.3120219978921663 	 0.00040161687714486557
1.3130219978921662 	 0.00041072812094220576
1.3140219978921661 	 0.00042009586869744904
1.315021997892166 	 0.0004297229796316823
1.316021997892166 	 0.0004396124151106214
1.3170219978921658 	 0.0004497672395954289
1.3180219978921657 	 0.00046019062157693816
1.3190219978921656 	 0.0004708858343923385
1.3200219978921655 	 0.00048185625691767004
1.3210219978921653 	 0.0004931053741079037
1.3220219978921652 	 0.0005046367756260791
1.3230219978921651 	 0.0005164541510600971
1.324021997892165 	 0.0005285612943746033
1.325021997892165 	 0.0005409621051063997
1.3260219978921648 	 0.0005536605878213252
1.3270219978921647 	 0.0005666608512337995
1.3280219978921646 	 0.0005799671070999703
1.3290219978921645 	 0.0005935836688342487
1.3300219978921644 	 0.0006075149494084208
1.3310219978921642 	 0.0006217651973181185
1.3320219978921641 	 0.0006363384148723845
1.333021997892164 	 0.0006512395671783654
1.334021997892164 	 0.0006664734737068357
1.3350219978921638 	 0.000682044984667033
1.3360219978921637 	 0.0006979590058023202
1.3370219978921636 	 0.0007142205004844003
1.3380219978921635 	 0.0007308344853388695
1.3390219978921634 	 0.0007478060232498727
1.3400219978921633 	 0.0007651402143184699
1.3410219978921631 	 0.0007828421850658256
1.342021997892163 	 0.0008009170689285899
1.343021997892163 	 0.0008193699721584489
1.3440219978921628 	 0.0008382059756576192
1.3450219978921627 	 0.0008574301227456307
1.3460219978921626 	 0.0008770473989044017
1.3470219978921625 	 0.0008970627090181662
1.3480219978921624 	 0.000917480852696378
1.3490219978921623 	 0.0009383064966821012
1.3500219978921622 	 0.0009595441442274518
1.351021997892162 	 0.0009811981011060623
1.352021997892162 	 0.001003272427534197
1.3530219978921618 	 0.001025770867276191
1.3540219978921617 	 0.0010486968291897197
1.3550219978921616 	 0.0010720533461584499
1.3560219978921615 	 0.001095843020402144
1.3570219978921614 	 0.0011200679633612124
1.3580219978921613 	 0.0011447297313506007
1.3590219978921612 	 0.0011698292551178128
1.360021997892161 	 0.001195366763068704
1.361021997892161 	 0.001221341697755841
1.3620219978921608 	 0.0012477526119630418
1.3630219978921607 	 0.0012745970346287306
1.3640219978921606 	 0.0013018713998300447
1.3650219978921605 	 0.001329570945022597
1.3660219978921604 	 0.0013576895899636207
1.3670219978921603 	 0.0013862198067309936
1.3680219978921602 	 0.0014151524838362823
1.36902199789216 	 0.0014444767814150797
1.37002199789216 	 0.0014741799779253982
1.3710219978921598 	 0.0015042473085515532
1.3720219978921597 	 0.0015346617822345396
1.3730219978921596 	 0.00156540397045218
1.3740219978921595 	 0.0015964518604664195
1.3750219978921594 	 0.001627780680605319
1.3760219978921593 	 0.0016593627109826757
1.3770219978921592 	 0.0016911670919469285
1.378021997892159 	 0.0017231596367830073
1.379021997892159 	 0.0017553026471570025
1.3800219978921588 	 0.0017875547351264445
1.3810219978921587 	 0.001819870655431024
1.3820219978921586 	 0.0018522011433214588
1.3830219978921585 	 0.0018844927579173248
1.3840219978921584 	 0.0019166877989392009
1.3850219978921583 	 0.001948724237118669
1.3860219978921582 	 0.001980535678117516
1.387021997892158 	 0.002012051368311496
1.388021997892158 	 0.0020431962541541866
1.3890219978921579 	 0.002073891101119523
1.3900219978921577 	 0.002104052680249778
1.3910219978921576 	 0.0021335940303356385
1.3920219978921575 	 0.0021624248028948023
1.3930219978921574 	 0.002190451692620013
1.3940219978921573 	 0.002217578965158528
1.3950219978921572 	 0.0022437090829428834
1.396021997892157 	 0.00226874343183209
1.397021997892157 	 0.0022925831494476647
1.3980219978921569 	 0.0023151300477462873
1.3990219978921568 	 0.0023362876288466304
1.4000219978921566 	 0.0023559621844526967
1.4010219978921565 	 0.0023740639660236357
1.4020219978921564 	 0.0023905084195226384
1.4030219978921563 	 0.002405217468661399
1.4040219978921562 	 0.002418120755373684
1.405021997892156 	 0.0024291568830225097
1.406021997892156 	 0.0024382746230265464
1.4070219978921559 	 0.002445434046275901
1.4080219978921558 	 0.002450607546465414
1.4090219978921557 	 0.002453780726258235
1.4100219978921555 	 0.002454953117074937
1.4110219978921554 	 0.002454138705945017
1.4120219978921553 	 0.0024513662664702486
1.4130219978921552 	 0.0024466794866447226
1.414021997892155 	 0.0024401367618944693
1.415021997892155 	 0.0024318107773779224
1.4160219978921549 	 0.0024217878662014963
1.4170219978921548 	 0.002410167140091261
1.4180219978921547 	 0.0023970594122939668
1.4190219978921546 	 0.0023825859367865585
1.4200219978921544 	 0.0023668769944623536
1.4210219978921543 	 0.0023500703605483712
1.4220219978921542 	 0.0023323097096416695
1.4230219978921541 	 0.00231374301260435
1.424021997892154 	 0.002294520819359756
1.425021997892154 	 0.002274794613252267
1.4260219978921538 	 0.0022547152474901955
1.4270219978921537 	 0.0022344314759562625
1.4280219978921536 	 0.0022140886054928663
1.4290219978921535 	 0.002193827286367439
1.4300219978921533 	 0.002173782455387151
1.4310219978921532 	 0.0021540824400707943
1.4320219978921531 	 0.0021348482447404215
1.433021997892153 	 0.0021161930285973625
1.434021997892153 	 0.0020982216502653537
1.4350219978921528 	 0.002081030392669364
1.4360219978921527 	 0.0020647068439390674
1.4370219978921526 	 0.002049329902475897
1.4380219978921525 	 0.0020349698953552684
1.4390219978921523 	 0.002021688791376464
1.4400219978921522 	 0.0020095404941044095
1.4410219978921521 	 0.001998571199797709
1.442021997892152 	 0.0019888198191147797
1.443021997892152 	 0.0019803184621194517
1.4440219978921518 	 0.0019730928723994965
1.4450219978921517 	 0.001967162903513425
1.4460219978921516 	 0.0019625430125344142
1.4470219978921515 	 0.0019592427502712123
1.4480219978921514 	 0.0019572672448173053
1.4490219978921512 	 0.001956617669563196
1.4500219978921511 	 0.001957291691732739
1.451021997892151 	 0.0019592838982615854
1.452021997892151 	 0.001962586206406898
1.4530219978921508 	 0.0019671882687080206
1.4540219978921507 	 0.00197307779331362
1.4550219978921506 	 0.001980240856875536
1.4560219978921505 	 0.001988662198768751
1.4570219978921504 	 0.0019983254880506828
1.4580219978921503 	 0.002009213567856629
1.4590219978921501 	 0.0020213086743927126
1.46002199789215 	 0.0020345926324771097
1.46102199789215 	 0.002049047028902158
1.4620219978921498 	 0.0020646533725474873
1.4630219978921497 	 0.0020813932518975085
1.4640219978921496 	 0.0020992484320837383
1.4650219978921495 	 0.0021182009504909604
1.4660219978921494 	 0.0021382332036854372
1.4670219978921493 	 0.0021593280197574304
1.4680219978921492 	 0.002181468723766953
1.469021997892149 	 0.0022046391909447457
1.470021997892149 	 0.002228823889749292
1.4710219978921488 	 0.00225400791628744
1.4720219978921487 	 0.002280177026793729
1.4730219978921486 	 0.002307317675778646
1.4740219978921485 	 0.0023354170150619957
1.4750219978921484 	 0.0023644628987043764
1.4760219978921483 	 0.002394443887636804
1.4770219978921482 	 0.002425349248641669
1.478021997892148 	 0.0024571689557300255
1.479021997892148 	 0.0024898936877186797
1.4800219978921478 	 0.002523514818202311
1.4810219978921477 	 0.0025580244117763373
1.4820219978921476 	 0.002593415214240658
1.4830219978921475 	 0.00262968065821745
1.4840219978921474 	 0.002666814836904203
1.4850219978921473 	 0.002704812486219687
1.4860219978921472 	 0.002743668969678456
1.487021997892147 	 0.00278338026079411
1.488021997892147 	 0.0028239429309917016
1.4890219978921468 	 0.002865354135305939
1.4900219978921467 	 0.00290761159702866
1.4910219978921466 	 0.002950713591873443
1.4920219978921465 	 0.0029946589372074907
1.4930219978921464 	 0.003039446994532686
1.4940219978921463 	 0.003085077638982227
1.4950219978921462 	 0.003131551239354341
1.496021997892146 	 0.0031788686422264995
1.497021997892146 	 0.0032270311542793514
1.4980219978921459 	 0.003276040530748286
1.4990219978921457 	 0.0033258989620990197
1.5000219978921456 	 0.0033766090599856406
1.5010219978921455 	 0.0034281738427910063
1.5020219978921454 	 0.0034805967283882094
1.5030219978921453 	 0.003533881545553986
1.5040219978921452 	 0.003588032498443899
1.505021997892145 	 0.0036430541494500276
1.506021997892145 	 0.003698951400890011
1.5070219978921449 	 0.003755729483063693
1.5080219978921447 	 0.0038133939421235072
1.5090219978921446 	 0.003871950627408095
1.5100219978921445 	 0.003931405678239208
1.5110219978921444 	 0.00399176551011482
1.5120219978921443 	 0.00405303681274877
1.5130219978921442 	 0.0041152265733154815
1.514021997892144 	 0.004178342028689465
1.515021997892144 	 0.004242390640254299
1.5160219978921439 	 0.004307380079025761
1.5170219978921438 	 0.004373318210214381
1.5180219978921436 	 0.0044402130773238445
1.5190219978921435 	 0.004508072885525803
1.5200219978921434 	 0.004576905984244199
1.5210219978921433 	 0.004646720845031183
1.5220219978921432 	 0.004717526059400158
1.523021997892143 	 0.00478933039251745
1.524021997892143 	 0.0048621426982472645
1.5250219978921429 	 0.004935971876571726
1.5260219978921428 	 0.005010826413395582
1.5270219978921427 	 0.005086714916234637
1.5280219978921425 	 0.005163646229422017
1.5290219978921424 	 0.0052416291359422135
1.5300219978921423 	 0.005320672311799647
1.5310219978921422 	 0.005400784313525405
1.532021997892142 	 0.005481973578212175
1.533021997892142 	 0.005564248452539406
1.5340219978921419 	 0.005647617070892594
1.5350219978921418 	 0.005732087283608303
1.5360219978921417 	 0.00581766661197236
1.5370219978921416 	 0.005904362204165454
1.5380219978921414 	 0.005992180767303267
1.5390219978921413 	 0.006081128500293126
1.5400219978921412 	 0.006171211025187884
1.5410219978921411 	 0.00626243331830295
1.542021997892141 	 0.006354799685299964
1.543021997892141 	 0.006448313770649355
1.5440219978921408 	 0.006542978350132414
1.5450219978921407 	 0.006638795193311323
1.5460219978921406 	 0.006735764959069584
1.5470219978921405 	 0.006833887096569239
1.5480219978921403 	 0.00693315969001185
1.5490219978921402 	 0.007033579307283785
1.5500219978921401 	 0.007135140843427283
1.55102199789214 	 0.007237837362439907
1.55202199789214 	 0.007341659995167926
1.5530219978921398 	 0.007446597850348125
1.5540219978921397 	 0.007552637660605294
1.5550219978921396 	 0.007659763511738122
1.5560219978921395 	 0.007767956615842285
1.5570219978921394 	 0.007877195096355202
1.5580219978921392 	 0.007987453678136566
1.5590219978921391 	 0.008098703392618369
1.560021997892139 	 0.008210911291636017
1.561021997892139 	 0.008324040178423139
1.5620219978921388 	 0.008438048436070511
1.5630219978921387 	 0.008552889861638447
1.5640219978921386 	 0.00866851329017563
1.5650219978921385 	 0.008784862392202926
1.5660219978921384 	 0.008901875636617177
1.5670219978921383 	 0.009019486434963407
1.5680219978921381 	 0.009137601227713435
1.569021997892138 	 0.009256124658275685
1.570021997892138 	 0.009374992643279755
1.5710219978921378 	 0.009494127533324525
1.5720219978921377 	 0.009613450044655697
1.5730219978921376 	 0.009732883606105476
1.5740219978921375 	 0.00985235892190617
1.5750219978921374 	 0.009971819965262793
1.5760219978921373 	 0.010091231949129413
1.5770219978921372 	 0.010210591797178275
1.578021997892137 	 0.010329941404638296
1.579021997892137 	 0.010449384477208001
1.5800219978921368 	 0.01056910731127508
1.5810219978921367 	 0.010689403654639027
1.5820219978921366 	 0.010810703255288852
1.5830219978921365 	 0.010933602463374102
1.5840219978921364 	 0.01105889441556158
1.5850219978921363 	 0.011187594116518575
1.5860219978921362 	 0.011320951487568785
1.587021997892136 	 0.011460443226549969
1.588021997892136 	 0.011607732671877587
1.5890219978921358 	 0.011764588432688568
1.5900219978921357 	 0.011932756831251442
1.5910219978921356 	 0.012113792605751118
1.5920219978921355 	 0.012308865463696084
1.5930219978921354 	 0.012518573495139115
1.5940219978921353 	 0.012742804092942376
1.5950219978921352 	 0.012980679157222615
1.596021997892135 	 0.013230605806336615
1.597021997892135 	 0.01349042817620765
1.5980219978921348 	 0.01375764957602405
1.5990219978921347 	 0.014029679054905972
1.6000219978921346 	 0.014304055688741987
1.6010219978921345 	 0.01457861695949349
1.6020219978921344 	 0.014851596851815512
1.6030219978921343 	 0.01512165672967237
1.6040219978921342 	 0.015387865478655182
1.605021997892134 	 0.01564964655739234
1.606021997892134 	 0.015906709647330347
1.6070219978921338 	 0.016158980236608684
1.6080219978921337 	 0.016406535233236902
1.6090219978921336 	 0.016649548931679643
1.6100219978921335 	 0.016888250386432692
1.6110219978921334 	 0.017122891599524653
1.6120219978921333 	 0.01735372464918452
1.6130219978921332 	 0.01758098558883279
1.614021997892133 	 0.01780488571940568
1.615021997892133 	 0.018025606467683194
1.6160219978921329 	 0.018243296956542122
1.6170219978921327 	 0.018458073516993766
1.6180219978921326 	 0.01867002065578922
1.6190219978921325 	 0.0188791927119155
1.6200219978921324 	 0.019085616004325446
1.6210219978921323 	 0.019289291175079704
1.6220219978921322 	 0.019490195113450036
1.623021997892132 	 0.01968828232379781
1.624021997892132 	 0.019883488346278295
1.6250219978921319 	 0.02007573229366714
1.6260219978921318 	 0.02026491882334826
1.6270219978921316 	 0.02045093988728405
1.6280219978921315 	 0.02063367667051164
1.6290219978921314 	 0.02081300129251973
1.6300219978921313 	 0.020988778359485632
1.6310219978921312 	 0.02116086630967484
1.632021997892131 	 0.021329118106205518
1.633021997892131 	 0.021493381537050833
1.6340219978921309 	 0.02165350170253151
1.6350219978921308 	 0.021809322512169094
1.6360219978921307 	 0.021960687668511152
1.6370219978921305 	 0.02210744138155044
1.6380219978921304 	 0.0222494296455352
1.6390219978921303 	 0.022386501273278504
1.6400219978921302 	 0.022518508757118968
1.64102199789213 	 0.022645308986438413
1.64202199789213 	 0.02276676329902716
1.6430219978921299 	 0.02288273757882709
1.6440219978921298 	 0.02299310405840772
1.6450219978921297 	 0.02309774225880729
1.6460219978921296 	 0.02319653944782363
1.6470219978921294 	 0.023289390773050332
1.6480219978921293 	 0.023376200126380524
1.6490219978921292 	 0.023456880665102972
1.650021997892129 	 0.023531355155323733
1.651021997892129 	 0.023599556142420146
1.652021997892129 	 0.023661425582007557
1.6530219978921288 	 0.023716914823647166
1.6540219978921287 	 0.02376598542063412
1.6550219978921286 	 0.02380860938011941
1.6560219978921285 	 0.023844769024440444
1.6570219978921283 	 0.023874456577927448
1.6580219978921282 	 0.02389767442145486
1.6590219978921281 	 0.023914435017776067
1.660021997892128 	 0.023924760708625217
1.661021997892128 	 0.0239286833614029
1.6620219978921278 	 0.0239262436648646
1.6630219978921277 	 0.023917491140978134
1.6640219978921276 	 0.02390248388347414
1.6650219978921275 	 0.023881288214113658
1.6660219978921273 	 0.02385397818522144
1.6670219978921272 	 0.023820634916276964
1.6680219978921271 	 0.023781346406084408
1.669021997892127 	 0.023736207164924174
1.670021997892127 	 0.023685317768288777
1.6710219978921268 	 0.023628784349457897
1.6720219978921267 	 0.023566718113196654
1.6730219978921266 	 0.02349923542649236
1.6740219978921265 	 0.0234264570942646
1.6750219978921264 	 0.023348507842797496
1.6760219978921262 	 0.023265515888186705
1.6770219978921261 	 0.02317761245341963
1.678021997892126 	 0.0230849315232462
1.679021997892126 	 0.02298760953778576
1.6800219978921258 	 0.022885785063314044
1.6810219978921257 	 0.022779598472239333
1.6820219978921256 	 0.02266919181559791
1.6830219978921255 	 0.022554709189042933
1.6840219978921254 	 0.02243629584998583
1.6850219978921253 	 0.022314097772819116
1.6860219978921251 	 0.02218826140793033
1.687021997892125 	 0.02205893345174469
1.688021997892125 	 0.021926260623843744
1.6890219978921248 	 0.02179038945313535
1.6900219978921247 	 0.021651466071750496
1.6910219978921246 	 0.021509636030079767
1.6920219978921245 	 0.021365044387494665
1.6930219978921244 	 0.021217836144902573
1.6940219978921243 	 0.02106815533040959
1.6950219978921242 	 0.0209161446041101
1.696021997892124 	 0.02076194510952322
1.697021997892124 	 0.020605696372138042
1.6980219978921238 	 0.020447536065889303
1.6990219978921237 	 0.02028759983616832
1.7000219978921236 	 0.020126021151157025
1.7010219978921235 	 0.01996293119089261
1.7020219978921234 	 0.019798459019527148
1.7030219978921233 	 0.0196327319720229
1.7040219978921232 	 0.01946587484848635
1.705021997892123 	 0.019298009605723237
1.706021997892123 	 0.019129255305216943
1.7070219978921228 	 0.01895972805258534
1.7080219978921227 	 0.01878954090515674
1.7090219978921226 	 0.01861880371327621
1.7100219978921225 	 0.018447623071921698
1.7110219978921224 	 0.018276102303853615
1.7120219978921223 	 0.018104341687415957
1.7130219978921222 	 0.01793243880160848
1.714021997892122 	 0.0177604879463342
1.715021997892122 	 0.017588579971234832
1.7160219978921218 	 0.01741680230459774
1.7170219978921217 	 0.01724523904611872
1.7180219978921216 	 0.017073970882748982
1.7190219978921215 	 0.016903075080847
1.7200219978921214 	 0.016732625515050017
1.7210219978921213 	 0.01656269272782528
1.7220219978921212 	 0.01639334420577005
1.723021997892121 	 0.016224644638212864
1.724021997892121 	 0.01605665559367538
1.7250219978921209 	 0.015889435459396705
1.7260219978921207 	 0.015723039531940153
1.7270219978921206 	 0.015557520157073894
1.7280219978921205 	 0.015392926721137425
1.7290219978921204 	 0.015229305697889892
1.7300219978921203 	 0.015066700730513463
1.7310219978921202 	 0.014905152730967798
1.73202199789212 	 0.014744700106761181
1.73302199789212 	 0.01458537899209656
1.7340219978921199 	 0.014427223065562236
1.7350219978921197 	 0.014270263561147084
1.7360219978921196 	 0.014114529372625428
1.7370219978921195 	 0.01394705175559722
1.7380219978921194 	 0.013768576819036952
1.7390219978921193 	 0.013592202145352792
1.7400219978921192 	 0.013417932570790896
1.741021997892119 	 0.013245770860283532
1.742021997892119 	 0.013075717829314909
1.7430219978921189 	 0.012907772461250681
1.7440219978921188 	 0.012741932020158374
1.7450219978921186 	 0.012578192159158874
1.7460219978921185 	 0.012416547024363653
1.7470219978921184 	 0.012256989354464436
1.7480219978921183 	 0.01209951057605302
1.7490219978921182 	 0.011944100894755555
1.750021997892118 	 0.011790749382275407
1.751021997892118 	 0.011639444059444875
1.7520219978921179 	 0.011490171975388465
1.7530219978921178 	 0.011342919282908422
1.7540219978921177 	 0.011197671310203775
1.7550219978921175 	 0.011054412629036631
1.7560219978921174 	 0.010913127119462573
1.7570219978921173 	 0.010773798031241837
1.7580219978921172 	 0.010636408042047367
1.759021997892117 	 0.010500939312588031
1.760021997892117 	 0.010367373538762523
1.7610219978921169 	 0.010235692000958817
1.7620219978921168 	 0.010105875610613416
1.7630219978921167 	 0.00997790495414125
1.7640219978921166 	 0.009851760334347452
1.7650219978921164 	 0.009727421809426944
1.7660219978921163 	 0.009604869229657777
1.7670219978921162 	 0.00948408227189053
1.7680219978921161 	 0.009365040471932826
1.769021997892116 	 0.00924772325492668
1.770021997892116 	 0.009132109963811483
1.7710219978921158 	 0.009018179885964574
1.7720219978921157 	 0.00890591227810611
1.7730219978921156 	 0.00879528638955428
1.7740219978921155 	 0.008686281483911318
1.7750219978921153 	 0.008578876859260945
1.7760219978921152 	 0.008473051866950812
1.7770219978921151 	 0.0083687859290348
1.778021997892115 	 0.008266058554443852
1.779021997892115 	 0.008164849353953342
1.7800219978921148 	 0.00806513805401004
1.7810219978921147 	 0.00796690450948228
1.7820219978921146 	 0.007870128715389519
1.7830219978921145 	 0.00777479081767033
1.7840219978921144 	 0.007680871123040693
1.7850219978921142 	 0.007588350107994565
1.7860219978921141 	 0.007497208426996075
1.787021997892114 	 0.007407426919909349
1.788021997892114 	 0.007318986618710964
1.7890219978921138 	 0.007231868753526789
1.7900219978921137 	 0.007146054758034371
1.7910219978921136 	 0.007061526274268062
1.7920219978921135 	 0.006978265156864379
1.7930219978921134 	 0.006896253476781193
1.7940219978921133 	 0.00681547352452427
1.7950219978921131 	 0.006735907812911972
1.796021997892113 	 0.00665753907940769
1.797021997892113 	 0.006580350288047979
1.7980219978921128 	 0.006504324630992974
1.7990219978921127 	 0.0064294455297242625
1.8000219978921126 	 0.006355696635913595
1.8010219978921125 	 0.006283061831985472
1.8020219978921124 	 0.006211525231394316
1.8030219978921123 	 0.006141071178636851
1.8040219978921122 	 0.006071684249017999
1.805021997892112 	 0.0060033492481889866
1.806021997892112 	 0.00593605121147384
1.8070219978921118 	 0.005869775403000681
1.8080219978921117 	 0.005804507314652868
1.8090219978921116 	 0.005740232664853596
1.8100219978921115 	 0.005676937397198103
1.8110219978921114 	 0.005614607678945612
1.8120219978921113 	 0.0055532298993825864
1.8130219978921112 	 0.005492790668069054
1.814021997892111 	 0.005433276812977929
1.815021997892111 	 0.005374675378537407
1.8160219978921108 	 0.0053169736235854905
1.8170219978921107 	 0.005260159019245608
1.8180219978921106 	 0.0052042192467309815
1.8190219978921105 	 0.005149142195085698
1.8200219978921104 	 0.005094915958869679
1.8210219978921103 	 0.005041528835793759
1.8220219978921102 	 0.004988969324311657
1.82302199789211 	 0.004937226121174335
1.82402199789211 	 0.004886288118952227
1.8250219978921098 	 0.004836144403530682
1.8260219978921097 	 0.004786784251582964
1.8270219978921096 	 0.004738197128025579
1.8280219978921095 	 0.004690372683459787
1.8290219978921094 	 0.004643300751603345
1.8300219978921093 	 0.004596971346715893
1.8310219978921092 	 0.004551374661021299
1.832021997892109 	 0.004506501062130025
1.833021997892109 	 0.004462341090464475
1.8340219978921088 	 0.0044188854566896175
1.8350219978921087 	 0.00437612503915181
1.8360219978921086 	 0.004334050881327368
1.8370219978921085 	 0.004292654189283708
1.8380219978921084 	 0.004251926329154129
1.8390219978921083 	 0.00421185882462873
1.8400219978921082 	 0.004172443354462535
1.841021997892108 	 0.0041336717500021995
1.842021997892108 	 0.004095535992733192
1.8430219978921079 	 0.004058028211847909
1.8440219978921077 	 0.004021140681836261
1.8450219978921076 	 0.003984865820099653
1.8460219978921075 	 0.003949196184588879
1.8470219978921074 	 0.003914124471467125
1.8480219978921073 	 0.0038796435127985323
1.8490219978921072 	 0.0038457462742629662
1.850021997892107 	 0.003812425852897389
1.851021997892107 	 0.003779675474864544
1.8520219978921069 	 0.0037474884932490924
1.8530219978921068 	 0.00371585838588161
1.8540219978921066 	 0.0036847787531907286
1.8550219978921065 	 0.0036542433160835666
1.8560219978921064 	 0.0036242459138546208
1.8570219978921063 	 0.003594780502123255
1.8580219978921062 	 0.003565841150799893
1.859021997892106 	 0.0035374220420807683
1.860021997892106 	 0.0035095174684713366
1.8610219978921059 	 0.003482121830838362
1.8620219978921058 	 0.003455229636490592
1.8630219978921057 	 0.003428835497287547
1.8640219978921055 	 0.0034029341277769668
1.8650219978921054 	 0.0033775203433600736
1.8660219978921053 	 0.003352589058484957
1.8670219978921052 	 0.0033281352848675934
1.868021997892105 	 0.0033041541297403614
1.869021997892105 	 0.003280640794127867
1.8700219978921049 	 0.003257590571149691
1.8710219978921048 	 0.0032349988443500653
1.8720219978921047 	 0.0032128610860536694
1.8730219978921046 	 0.0031911728557478983
1.8740219978921044 	 0.00316992979849078
1.8750219978921043 	 0.003149127643344485
1.8760219978921042 	 0.003128762201834076
1.877021997892104 	 0.00310882936643108
1.878021997892104 	 0.003089325109061586
1.879021997892104 	 0.0030702454796386262
1.8800219978921038 	 0.003051586604618356
1.8810219978921037 	 0.003033344685579713
1.8820219978921036 	 0.0030155159978273055
1.8830219978921034 	 0.0029980968890169738
1.8840219978921033 	 0.0029810837778039517
1.8850219978921032 	 0.0029644731525129957
1.8860219978921031 	 0.0029482615698302357
1.887021997892103 	 0.002932445653516513
1.888021997892103 	 0.002917022093141581
1.8890219978921028 	 0.002901987642839065
1.8900219978921027 	 0.002887339120081678
1.8910219978921026 	 0.0028730734044763798
1.8920219978921025 	 0.002859187436579159
1.8930219978921023 	 0.002845678216729085
1.8940219978921022 	 0.0028325428039011518
1.8950219978921021 	 0.0028197783145777816
1.896021997892102 	 0.0028073819216385553
1.897021997892102 	 0.002795350853267741
1.8980219978921018 	 0.002783682391879423
1.8990219978921017 	 0.0027723738730598348
1.9000219978921016 	 0.002761422684526597
1.9010219978921015 	 0.0027508262651045282
1.9020219978921014 	 0.0027405821037176682
1.9030219978921012 	 0.002730687738397264
1.9040219978921011 	 0.0027211407553054535
1.905021997892101 	 0.0027119387877741186
1.906021997892101 	 0.0027030795153589406
1.9070219978921008 	 0.0026945606629080535
1.9080219978921007 	 0.002686379999645249
1.9090219978921006 	 0.0026785353382672143
1.9100219978921005 	 0.002671024534054769
1.9110219978921004 	 0.0026638454839976087
1.9120219978921003 	 0.0026569961259324836
1.9130219978921001 	 0.002650474437694273
1.9140219978921 	 0.0026442784362800827
1.9150219978921 	 0.0026384061770256834
1.9160219978920998 	 0.002632855752794413
1.9170219978920997 	 0.0026276252931779777
1.9180219978920996 	 0.0026227129637092445
1.9190219978920995 	 0.0026181169650864606
1.9200219978920994 	 0.0026138355324088446
1.9210219978920993 	 0.0026098669344233683
1.9220219978920992 	 0.002606209472782406
1.923021997892099 	 0.0026028614813120173
1.924021997892099 	 0.0025998213252908064
1.9250219978920988 	 0.002597087400738908
1.9260219978920987 	 0.002594658133717215
1.9270219978920986 	 0.002592531979636323
1.9280219978920985 	 0.0025907074225752593
1.9290219978920984 	 0.002589182974609647
1.9300219978920983 	 0.0025879571751492333
1.9310219978920982 	 0.0025870285902844944
1.932021997892098 	 0.002586395812142249
1.933021997892098 	 0.0025860574582500474
1.9340219978920978 	 0.002586012170909246
1.9350219978920977 	 0.0025862586165764723
1.9360219978920976 	 0.002586795485253445
1.9370219978920975 	 0.002587621489885007
1.9380219978920974 	 0.0025887353657651734
1.9390219978920973 	 0.002590135869950956
1.9400219978920972 	 0.0025918217806841374
1.941021997892097 	 0.002593791896820459
1.942021997892097 	 0.0025960450372664395
1.9430219978920968 	 0.0025985800404235283
1.9440219978920967 	 0.0026013957636393647
1.9450219978920966 	 0.0026044910826664627
1.9460219978920965 	 0.0026078648911275816
1.9470219978920964 	 0.002611516099988237
1.9480219978920963 	 0.002615443637035851
1.9490219978920962 	 0.0026196464463658386
1.950021997892096 	 0.00262412348787398
1.951021997892096 	 0.002628873736755587
1.9520219978920959 	 0.002633896183010933
1.9530219978920957 	 0.0026391898309570537
1.9540219978920956 	 0.0026447536987458877
1.9550219978920955 	 0.002650586817888433
1.9560219978920954 	 0.002656688232785093
1.9570219978920953 	 0.002663057000262156
1.9580219978920952 	 0.0026696921891139077
1.959021997892095 	 0.002676592879651098
1.960021997892095 	 0.002683758163254724
1.9610219978920949 	 0.0026911871419360413
1.9620219978920947 	 0.002698878927901883
1.9630219978920946 	 0.0027068326431260114
1.9640219978920945 	 0.002715047418925723
1.9650219978920944 	 0.0027235223955442804
1.9660219978920943 	 0.0027322567217386885
1.9670219978920942 	 0.0027412495543729246
1.968021997892094 	 0.0027505000580167285
1.969021997892094 	 0.0027600074045496777
1.9700219978920939 	 0.0027697707727705866
1.9710219978920938 	 0.0027797893480122275
1.9720219978920936 	 0.002790062321761436
1.9730219978920935 	 0.002800588891284313
1.9740219978920934 	 0.0028113682592567774
1.9750219978920933 	 0.002822399633400178
1.9760219978920932 	 0.002833682226122234
1.977021997892093 	 0.002845215254163011
1.978021997892093 	 0.0028569979382460837
1.9790219978920929 	 0.002869029502734795
1.9800219978920928 	 0.002881309175293568
1.9810219978920927 	 0.002893836186554439
1.9820219978920925 	 0.0029066097697884514
1.9830219978920924 	 0.0029196291605822896
1.9840219978920923 	 0.002932893596519893
1.9850219978920922 	 0.0029464023168690196
1.986021997892092 	 0.0029601545622730038
1.987021997892092 	 0.002974149574447428
1.9880219978920919 	 0.002988386595881798
1.9890219978920918 	 0.0030028648695462957
1.9900219978920917 	 0.003017583638603518
1.9910219978920916 	 0.0030325421461251402
1.9920219978920914 	 0.0030477396348137895
1.9930219978920913 	 0.0030631753467296025
1.9940219978920912 	 0.0030788485230221316
1.9950219978920911 	 0.0030947584036669176
1.996021997892091 	 0.003110904227207454
1.997021997892091 	 0.0031272852305016577
1.9980219978920908 	 0.0031439006484738274
1.9990219978920907 	 0.003160749713871254
