0.0010219978922 	 0.0
0.0020219978922 	 0.0
0.0030219978922 	 0.0
0.0040219978922 	 0.0
0.0050219978922 	 0.0
0.0060219978922 	 0.0
0.0070219978922 	 0.0
0.0080219978922 	 0.0
0.009021997892200002 	 0.0
0.010021997892200003 	 0.0
0.011021997892200004 	 0.0
0.012021997892200004 	 0.0
0.013021997892200005 	 0.0
0.014021997892200006 	 0.0
0.015021997892200007 	 0.0
0.016021997892200008 	 0.0
0.01702199789220001 	 0.0
0.01802199789220001 	 0.0
0.01902199789220001 	 0.0
0.02002199789220001 	 0.0
0.021021997892200012 	 0.0
0.022021997892200013 	 0.0
0.023021997892200014 	 0.0
0.024021997892200015 	 0.0
0.025021997892200016 	 0.0
0.026021997892200017 	 0.0
0.027021997892200018 	 0.0
0.02802199789220002 	 0.0
0.02902199789220002 	 0.0
0.03002199789220002 	 0.0
0.03102199789220002 	 0.0
0.03202199789220002 	 0.0
0.03302199789220002 	 0.0
0.03402199789220002 	 0.0
0.03502199789220002 	 0.0
0.03602199789220002 	 0.0
0.03702199789220002 	 0.0
0.038021997892200024 	 0.0
0.039021997892200025 	 0.0
0.040021997892200026 	 0.0
0.04102199789220003 	 0.0
0.04202199789220003 	 0.0
0.04302199789220003 	 0.0
0.04402199789220003 	 0.0
0.04502199789220003 	 0.0
0.04602199789220003 	 0.0
0.04702199789220003 	 0.0
0.04802199789220003 	 0.0
0.049021997892200034 	 0.0
0.050021997892200035 	 0.0
0.051021997892200036 	 0.0
0.052021997892200036 	 0.0
0.05302199789220004 	 0.0
0.05402199789220004 	 0.0
0.05502199789220004 	 0.0
0.05602199789220004 	 0.0
0.05702199789220004 	 0.0
0.05802199789220004 	 0.0
0.05902199789220004 	 0.0
0.060021997892200044 	 0.0
0.061021997892200044 	 0.0
0.062021997892200045 	 0.0
0.06302199789220005 	 0.0
0.06402199789220005 	 0.0
0.06502199789220005 	 0.0
0.06602199789220005 	 0.0
0.06702199789220005 	 0.0
0.06802199789220005 	 0.0
0.06902199789220005 	 0.0
0.07002199789220005 	 0.0
0.07102199789220005 	 0.0
0.07202199789220005 	 0.0
0.07302199789220006 	 0.0
0.07402199789220006 	 0.0
0.07502199789220006 	 0.0
0.07602199789220006 	 0.0
0.07702199789220006 	 0.0
0.07802199789220006 	 0.0
0.07902199789220006 	 0.0
0.08002199789220006 	 0.0
0.08102199789220006 	 0.0
0.08202199789220006 	 0.0
0.08302199789220006 	 0.0
0.08402199789220006 	 0.0
0.08502199789220007 	 0.0
0.08602199789220007 	 0.0
0.08702199789220007 	 0.0
0.08802199789220007 	 0.0
0.08902199789220007 	 0.0
0.09002199789220007 	 0.0
0.09102199789220007 	 0.0
0.09202199789220007 	 0.0
0.09302199789220007 	 0.0
0.09402199789220007 	 0.0
0.09502199789220007 	 0.0
0.09602199789220008 	 0.0
0.09702199789220008 	 0.0
0.09802199789220008 	 0.0
0.09902199789220008 	 0.0
0.10002199789220008 	 0.0
0.10102199789220008 	 0.0
0.10202199789220008 	 0.0
0.10302199789220008 	 0.0
0.10402199789220008 	 0.0
0.10502199789220008 	 0.0
0.10602199789220008 	 0.0
0.10702199789220009 	 0.0
0.10802199789220009 	 0.0
0.10902199789220009 	 0.0
0.11002199789220009 	 0.0
0.11102199789220009 	 0.0
0.11202199789220009 	 0.0
0.11302199789220009 	 0.0
0.11402199789220009 	 0.0
0.11502199789220009 	 0.0
0.1160219978922001 	 0.0
0.1170219978922001 	 0.0
0.1180219978922001 	 0.0
0.1190219978922001 	 0.0
0.1200219978922001 	 0.0
0.1210219978922001 	 0.0
0.1220219978922001 	 0.0
0.1230219978922001 	 0.0
0.1240219978922001 	 0.0
0.1250219978922001 	 0.0
0.1260219978922001 	 0.0
0.1270219978922001 	 0.0
0.1280219978922001 	 0.0
0.1290219978922001 	 0.0
0.1300219978922001 	 0.0
0.1310219978922001 	 0.0
0.1320219978922001 	 0.0
0.1330219978922001 	 0.0
0.1340219978922001 	 0.0
0.1350219978922001 	 0.0
0.1360219978922001 	 0.0
0.1370219978922001 	 0.0
0.1380219978922001 	 0.0
0.1390219978922001 	 0.0
0.1400219978922001 	 0.0
0.1410219978922001 	 0.0
0.1420219978922001 	 0.0
0.1430219978922001 	 0.0
0.1440219978922001 	 0.0
0.1450219978922001 	 0.0
0.1460219978922001 	 0.0
0.1470219978922001 	 0.0
0.1480219978922001 	 0.0
0.1490219978922001 	 0.0
0.1500219978922001 	 0.0
0.1510219978922001 	 0.0
0.1520219978922001 	 0.0
0.1530219978922001 	 0.0
0.1540219978922001 	 0.0
0.15502199789220011 	 0.0
0.15602199789220011 	 0.0
0.15702199789220012 	 0.0
0.15802199789220012 	 0.0
0.15902199789220012 	 0.0
0.16002199789220012 	 0.0
0.16102199789220012 	 0.0
0.16202199789220012 	 0.0
0.16302199789220012 	 0.0
0.16402199789220012 	 0.0
0.16502199789220012 	 0.0
0.16602199789220012 	 0.0
0.16702199789220012 	 0.0
0.16802199789220013 	 0.0
0.16902199789220013 	 0.0
0.17002199789220013 	 0.0
0.17102199789220013 	 0.0
0.17202199789220013 	 0.0
0.17302199789220013 	 0.0
0.17402199789220013 	 0.0
0.17502199789220013 	 0.0
0.17602199789220013 	 0.0
0.17702199789220013 	 0.0
0.17802199789220013 	 0.0
0.17902199789220014 	 0.0
0.18002199789220014 	 0.0
0.18102199789220014 	 0.0
0.18202199789220014 	 0.0
0.18302199789220014 	 0.0
0.18402199789220014 	 0.0
0.18502199789220014 	 0.0
0.18602199789220014 	 0.0
0.18702199789220014 	 0.0
0.18802199789220014 	 0.0
0.18902199789220014 	 0.0
0.19002199789220015 	 0.0
0.19102199789220015 	 0.0
0.19202199789220015 	 0.0
0.19302199789220015 	 0.0
0.19402199789220015 	 0.0
0.19502199789220015 	 0.0
0.19602199789220015 	 0.0
0.19702199789220015 	 0.0
0.19802199789220015 	 0.0
0.19902199789220015 	 0.0
0.20002199789220015 	 0.0
0.20102199789220015 	 0.0
0.20202199789220016 	 0.0
0.20302199789220016 	 0.0
0.20402199789220016 	 0.0
0.20502199789220016 	 0.0
0.20602199789220016 	 0.0
0.20702199789220016 	 0.0
0.20802199789220016 	 0.0
0.20902199789220016 	 0.0
0.21002199789220016 	 0.0
0.21102199789220016 	 0.0
0.21202199789220016 	 0.0
0.21302199789220017 	 0.0
0.21402199789220017 	 0.0
0.21502199789220017 	 0.0
0.21602199789220017 	 0.0
0.21702199789220017 	 0.0
0.21802199789220017 	 0.0
0.21902199789220017 	 0.0
0.22002199789220017 	 0.0
0.22102199789220017 	 0.0
0.22202199789220017 	 0.0
0.22302199789220017 	 0.0
0.22402199789220018 	 0.0
0.22502199789220018 	 0.0
0.22602199789220018 	 0.0
0.22702199789220018 	 0.0
0.22802199789220018 	 0.0
0.22902199789220018 	 0.0
0.23002199789220018 	 0.0
0.23102199789220018 	 0.0
0.23202199789220018 	 0.0
0.23302199789220018 	 0.0
0.23402199789220018 	 0.0
0.23502199789220019 	 0.0
0.23602199789220019 	 0.0
0.2370219978922002 	 0.0
0.2380219978922002 	 0.0
0.2390219978922002 	 0.0
0.2400219978922002 	 0.0
0.2410219978922002 	 0.0
0.2420219978922002 	 0.0
0.2430219978922002 	 0.0
0.2440219978922002 	 0.0
0.2450219978922002 	 0.0
0.2460219978922002 	 0.0
0.2470219978922002 	 0.0
0.2480219978922002 	 0.0
0.2490219978922002 	 0.0
0.2500219978922002 	 0.0
0.2510219978922002 	 0.0
0.2520219978922002 	 0.0
0.2530219978922002 	 0.0
0.2540219978922002 	 0.0
0.2550219978922002 	 0.0
0.2560219978922002 	 0.0
0.2570219978922002 	 0.0
0.2580219978922002 	 0.0
0.2590219978922002 	 0.0
0.2600219978922002 	 0.0
0.2610219978922002 	 0.0
0.2620219978922002 	 0.0
0.2630219978922002 	 0.0
0.2640219978922002 	 0.0
0.2650219978922002 	 0.0
0.2660219978922002 	 0.0
0.2670219978922002 	 0.0
0.2680219978922002 	 0.0
0.2690219978922002 	 0.0
0.2700219978922002 	 0.0
0.2710219978922002 	 0.0
0.2720219978922002 	 0.0
0.2730219978922002 	 0.0
0.2740219978922002 	 0.0
0.2750219978922002 	 0.0
0.2760219978922002 	 0.0
0.2770219978922002 	 0.0
0.2780219978922002 	 0.0
0.2790219978922002 	 0.0
0.2800219978922002 	 0.0
0.2810219978922002 	 0.0
0.2820219978922002 	 0.0
0.2830219978922002 	 0.0
0.28402199789220023 	 0.0
0.28502199789220023 	 0.0
0.28602199789220023 	 0.0
0.28702199789220023 	 0.0
0.28802199789220023 	 0.0
0.28902199789220023 	 0.0
0.29002199789220023 	 0.0
0.29102199789220023 	 0.0
0.29202199789220024 	 0.0
0.29302199789220024 	 0.0
0.29402199789220024 	 0.0
0.29502199789220024 	 0.0
0.29602199789220024 	 0.0
0.29702199789220024 	 0.0
0.29802199789220024 	 0.0
0.29902199789220024 	 0.0
0.30002199789220024 	 0.0
0.30102199789220024 	 0.0
0.30202199789220024 	 0.0
0.30302199789220025 	 0.0
0.30402199789220025 	 0.0
0.30502199789220025 	 0.0
0.30602199789220025 	 0.0
0.30702199789220025 	 0.0
0.30802199789220025 	 0.0
0.30902199789220025 	 0.0
0.31002199789220025 	 0.0
0.31102199789220025 	 0.0
0.31202199789220025 	 0.0
0.31302199789220025 	 0.0
0.31402199789220026 	 0.0
0.31502199789220026 	 0.0
0.31602199789220026 	 0.0
0.31702199789220026 	 0.0
0.31802199789220026 	 0.0
0.31902199789220026 	 0.0
0.32002199789220026 	 0.0
0.32102199789220026 	 0.0
0.32202199789220026 	 0.0
0.32302199789220026 	 0.0
0.32402199789220026 	 0.0
0.32502199789220027 	 0.0
0.32602199789220027 	 0.0
0.32702199789220027 	 0.0
0.32802199789220027 	 0.0
0.32902199789220027 	 0.0
0.33002199789220027 	 0.0
0.33102199789220027 	 0.0
0.33202199789220027 	 0.0
0.33302199789220027 	 0.0
0.3340219978922003 	 0.0
0.3350219978922003 	 0.0
0.3360219978922003 	 0.0
0.3370219978922003 	 0.0
0.3380219978922003 	 0.0
0.3390219978922003 	 0.0
0.3400219978922003 	 0.0
0.3410219978922003 	 0.0
0.3420219978922003 	 0.0
0.3430219978922003 	 0.0
0.3440219978922003 	 0.0
0.3450219978922003 	 0.0
0.3460219978922003 	 0.0
0.3470219978922003 	 0.0
0.3480219978922003 	 0.0
0.3490219978922003 	 0.0
0.3500219978922003 	 0.0
0.3510219978922003 	 0.0
0.3520219978922003 	 0.0
0.3530219978922003 	 0.0
0.3540219978922003 	 0.0
0.3550219978922003 	 0.0
0.3560219978922003 	 0.0
0.3570219978922003 	 0.0
0.3580219978922003 	 0.0
0.3590219978922003 	 0.0
0.3600219978922003 	 0.0
0.3610219978922003 	 0.0
0.3620219978922003 	 0.0
0.3630219978922003 	 0.0
0.3640219978922003 	 0.0
0.3650219978922003 	 0.0
0.3660219978922003 	 0.0
0.3670219978922003 	 0.0
0.3680219978922003 	 0.0
0.3690219978922003 	 0.0
0.3700219978922003 	 0.0
0.3710219978922003 	 0.0
0.3720219978922003 	 0.0
0.3730219978922003 	 0.0
0.3740219978922003 	 0.0
0.3750219978922003 	 0.0
0.3760219978922003 	 0.0
0.3770219978922003 	 0.0
0.3780219978922003 	 0.0
0.3790219978922003 	 0.0
0.3800219978922003 	 0.0
0.3810219978922003 	 0.0
0.3820219978922003 	 0.0
0.3830219978922003 	 0.0
0.3840219978922003 	 0.0
0.3850219978922003 	 0.0
0.3860219978922003 	 0.0
0.3870219978922003 	 0.0
0.3880219978922003 	 0.0
0.3890219978922003 	 0.0
0.3900219978922003 	 0.0
0.3910219978922003 	 0.0
0.3920219978922003 	 0.0
0.3930219978922003 	 0.0
0.3940219978922003 	 0.0
0.3950219978922003 	 0.0
0.39602199789220033 	 0.0
0.39702199789220033 	 0.0
0.39802199789220033 	 0.0
0.39902199789220033 	 0.0
0.40002199789220033 	 0.0
0.40102199789220033 	 0.0
0.40202199789220033 	 0.0
0.40302199789220033 	 0.0
0.40402199789220034 	 0.0
0.40502199789220034 	 0.0
0.40602199789220034 	 0.0
0.40702199789220034 	 0.0
0.40802199789220034 	 0.0
0.40902199789220034 	 0.0
0.41002199789220034 	 0.0
0.41102199789220034 	 0.0
0.41202199789220034 	 0.0
0.41302199789220034 	 0.0
0.41402199789220034 	 0.0
0.41502199789220034 	 0.0
0.41602199789220035 	 0.0
0.41702199789220035 	 0.0
0.41802199789220035 	 0.0
0.41902199789220035 	 0.0
0.42002199789220035 	 0.0
0.42102199789220035 	 0.0
0.42202199789220035 	 0.0
0.42302199789220035 	 0.0
0.42402199789220035 	 0.0
0.42502199789220035 	 0.0
0.42602199789220035 	 0.0
0.42702199789220036 	 0.0
0.42802199789220036 	 0.0
0.42902199789220036 	 0.0
0.43002199789220036 	 0.0
0.43102199789220036 	 0.0
0.43202199789220036 	 0.0
0.43302199789220036 	 0.0
0.43402199789220036 	 0.0
0.43502199789220036 	 0.0
0.43602199789220036 	 0.0
0.43702199789220036 	 0.0
0.43802199789220037 	 0.0
0.43902199789220037 	 0.0
0.44002199789220037 	 0.0
0.44102199789220037 	 0.0
0.44202199789220037 	 0.0
0.44302199789220037 	 0.0
0.44402199789220037 	 0.0
0.44502199789220037 	 0.0
0.4460219978922004 	 0.0
0.4470219978922004 	 0.0
0.4480219978922004 	 0.0
0.4490219978922004 	 0.0
0.4500219978922004 	 0.0
0.4510219978922004 	 0.0
0.4520219978922004 	 0.0
0.4530219978922004 	 0.0
0.4540219978922004 	 0.0
0.4550219978922004 	 0.0
0.4560219978922004 	 0.0
0.4570219978922004 	 0.0
0.4580219978922004 	 0.0
0.4590219978922004 	 0.0
0.4600219978922004 	 0.0
0.4610219978922004 	 0.0
0.4620219978922004 	 0.0
0.4630219978922004 	 0.0
0.4640219978922004 	 0.0
0.4650219978922004 	 0.0
0.4660219978922004 	 0.0
0.4670219978922004 	 0.0
0.4680219978922004 	 0.0
0.4690219978922004 	 0.0
0.4700219978922004 	 0.0
0.4710219978922004 	 0.0
0.4720219978922004 	 0.0
0.4730219978922004 	 0.0
0.4740219978922004 	 0.0
0.4750219978922004 	 0.0
0.4760219978922004 	 0.0
0.4770219978922004 	 0.0
0.4780219978922004 	 0.0
0.4790219978922004 	 0.0
0.4800219978922004 	 0.0
0.4810219978922004 	 0.0
0.4820219978922004 	 0.0
0.4830219978922004 	 0.0
0.4840219978922004 	 0.0
0.4850219978922004 	 0.0
0.4860219978922004 	 0.0
0.4870219978922004 	 0.0
0.4880219978922004 	 0.0
0.4890219978922004 	 0.0
0.4900219978922004 	 0.0
0.4910219978922004 	 0.0
0.4920219978922004 	 0.0
0.4930219978922004 	 0.0
0.4940219978922004 	 0.0
0.4950219978922004 	 0.0
0.4960219978922004 	 0.0
0.4970219978922004 	 0.0
0.4980219978922004 	 0.0
0.4990219978922004 	 0.0
0.5000219978922004 	 0.0
0.5010219978922004 	 0.0
0.5020219978922004 	 0.0
0.5030219978922004 	 0.0
0.5040219978922004 	 0.0
0.5050219978922004 	 0.0
0.5060219978922004 	 0.0
0.5070219978922004 	 0.0
0.5080219978922004 	 0.0
0.5090219978922004 	 0.0
0.5100219978922004 	 0.0
0.5110219978922004 	 0.0
0.5120219978922004 	 0.0
0.5130219978922004 	 0.0
0.5140219978922004 	 0.0
0.5150219978922004 	 0.0
0.5160219978922004 	 0.0
0.5170219978922004 	 0.0
0.5180219978922004 	 0.0
0.5190219978922004 	 0.0
0.5200219978922004 	 0.0
0.5210219978922004 	 0.0
0.5220219978922004 	 0.0
0.5230219978922004 	 0.0
0.5240219978922004 	 0.0
0.5250219978922004 	 0.0
0.5260219978922004 	 0.0
0.5270219978922004 	 0.0
0.5280219978922004 	 0.0
0.5290219978922004 	 0.0
0.5300219978922004 	 0.0
0.5310219978922004 	 0.0
0.5320219978922004 	 0.0
0.5330219978922004 	 0.0
0.5340219978922004 	 0.0
0.5350219978922004 	 0.0
0.5360219978922004 	 0.0
0.5370219978922004 	 0.0
0.5380219978922004 	 0.0
0.5390219978922004 	 0.0
0.5400219978922004 	 0.0
0.5410219978922004 	 0.0
0.5420219978922004 	 0.0
0.5430219978922004 	 0.0
0.5440219978922004 	 0.0
0.5450219978922004 	 0.0
0.5460219978922004 	 0.0
0.5470219978922004 	 0.0
0.5480219978922004 	 0.0
0.5490219978922004 	 0.0
0.5500219978922004 	 0.0
0.5510219978922004 	 0.0
0.5520219978922004 	 0.0
0.5530219978922004 	 0.0
0.5540219978922004 	 0.0
0.5550219978922004 	 0.0
0.5560219978922004 	 0.0
0.5570219978922004 	 0.0
0.5580219978922004 	 0.0
0.5590219978922004 	 0.0
0.5600219978922004 	 0.0
0.5610219978922004 	 0.0
0.5620219978922004 	 0.0
0.5630219978922004 	 0.0
0.5640219978922004 	 0.0
0.5650219978922004 	 0.0
0.5660219978922004 	 0.0
0.5670219978922004 	 0.0
0.5680219978922004 	 0.0
0.5690219978922004 	 0.0
0.5700219978922004 	 0.0
0.5710219978922004 	 0.0
0.5720219978922004 	 0.0
0.5730219978922004 	 0.0
0.5740219978922004 	 0.0
0.5750219978922004 	 0.0
0.5760219978922004 	 0.0
0.5770219978922004 	 0.0
0.5780219978922004 	 0.0
0.5790219978922004 	 0.0
0.5800219978922004 	 0.0
0.5810219978922004 	 0.0
0.5820219978922004 	 0.0
0.5830219978922004 	 0.0
0.5840219978922004 	 0.0
0.5850219978922004 	 0.0
0.5860219978922004 	 0.0
0.5870219978922004 	 0.0
0.5880219978922004 	 0.0
0.5890219978922004 	 0.0
0.5900219978922004 	 0.0
0.5910219978922004 	 0.0
0.5920219978922004 	 0.0
0.5930219978922004 	 0.0
0.5940219978922004 	 0.0
0.5950219978922004 	 0.0
0.5960219978922005 	 0.0
0.5970219978922005 	 0.0
0.5980219978922005 	 0.0
0.5990219978922005 	 0.0
0.6000219978922005 	 0.0
0.6010219978922005 	 0.0
0.6020219978922005 	 0.0
0.6030219978922005 	 0.0
0.6040219978922005 	 0.0
0.6050219978922005 	 0.0
0.6060219978922005 	 0.0
0.6070219978922005 	 0.0
0.6080219978922005 	 0.0
0.6090219978922005 	 0.0
0.6100219978922005 	 0.0
0.6110219978922005 	 0.0
0.6120219978922005 	 0.0
0.6130219978922005 	 0.0
0.6140219978922005 	 0.0
0.6150219978922005 	 0.0
0.6160219978922005 	 0.0
0.6170219978922005 	 0.0
0.6180219978922005 	 0.0
0.6190219978922005 	 0.0
0.6200219978922005 	 0.0
0.6210219978922005 	 0.0
0.6220219978922005 	 0.0
0.6230219978922005 	 0.0
0.6240219978922005 	 0.0
0.6250219978922005 	 0.0
0.6260219978922005 	 0.0
0.6270219978922005 	 0.0
0.6280219978922005 	 0.0
0.6290219978922005 	 0.0
0.6300219978922005 	 0.0
0.6310219978922005 	 0.0
0.6320219978922005 	 0.0
0.6330219978922005 	 0.0
0.6340219978922005 	 0.0
0.6350219978922005 	 0.0
0.6360219978922005 	 0.0
0.6370219978922005 	 0.0
0.6380219978922005 	 0.0
0.6390219978922005 	 0.0
0.6400219978922005 	 0.0
0.6410219978922005 	 0.0
0.6420219978922005 	 0.0
0.6430219978922005 	 0.0
0.6440219978922005 	 0.0
0.6450219978922005 	 0.0
0.6460219978922005 	 0.0
0.6470219978922005 	 0.0
0.6480219978922005 	 0.0
0.6490219978922005 	 0.0
0.6500219978922005 	 0.0
0.6510219978922005 	 0.0
0.6520219978922005 	 0.0
0.6530219978922005 	 0.0
0.6540219978922005 	 0.0
0.6550219978922005 	 0.0
0.6560219978922005 	 0.0
0.6570219978922005 	 0.0
0.6580219978922005 	 0.0
0.6590219978922005 	 0.0
0.6600219978922005 	 0.0
0.6610219978922005 	 0.0
0.6620219978922005 	 0.0
0.6630219978922005 	 0.0
0.6640219978922005 	 0.0
0.6650219978922005 	 0.0
0.6660219978922005 	 0.0
0.6670219978922005 	 0.0
0.6680219978922005 	 0.0
0.6690219978922005 	 0.0
0.6700219978922005 	 0.0
0.6710219978922005 	 0.0
0.6720219978922005 	 0.0
0.6730219978922005 	 0.0
0.6740219978922005 	 0.0
0.6750219978922005 	 0.0
0.6760219978922005 	 0.0
0.6770219978922005 	 0.0
0.6780219978922005 	 0.0
0.6790219978922005 	 0.0
0.6800219978922005 	 0.0
0.6810219978922005 	 0.0
0.6820219978922005 	 0.0
0.6830219978922005 	 0.0
0.6840219978922005 	 0.0
0.6850219978922005 	 0.0
0.6860219978922005 	 0.0
0.6870219978922005 	 0.0
0.6880219978922005 	 0.0
0.6890219978922005 	 0.0
0.6900219978922005 	 0.0
0.6910219978922005 	 0.0
0.6920219978922005 	 0.0
0.6930219978922005 	 0.0
0.6940219978922005 	 0.0
0.6950219978922005 	 0.0
0.6960219978922005 	 0.0
0.6970219978922005 	 0.0
0.6980219978922005 	 0.0
0.6990219978922005 	 0.0
0.7000219978922005 	 0.0
0.7010219978922005 	 0.0
0.7020219978922005 	 0.0
0.7030219978922005 	 0.0
0.7040219978922005 	 0.0
0.7050219978922005 	 0.0
0.7060219978922005 	 0.0
0.7070219978922005 	 0.0
0.7080219978922005 	 0.0
0.7090219978922006 	 0.0
0.7100219978922006 	 0.0
0.7110219978922006 	 0.0
0.7120219978922006 	 0.0
0.7130219978922006 	 0.0
0.7140219978922006 	 0.0
0.7150219978922006 	 0.0
0.7160219978922006 	 0.0
0.7170219978922006 	 0.0
0.7180219978922006 	 0.0
0.7190219978922006 	 0.0
0.7200219978922006 	 0.0
0.7210219978922006 	 0.0
0.7220219978922006 	 0.0
0.7230219978922006 	 0.0
0.7240219978922006 	 0.0
0.7250219978922006 	 0.0
0.7260219978922006 	 0.0
0.7270219978922006 	 0.0
0.7280219978922006 	 0.0
0.7290219978922006 	 0.0
0.7300219978922006 	 0.0
0.7310219978922006 	 0.0
0.7320219978922006 	 0.0
0.7330219978922006 	 0.0
0.7340219978922006 	 0.0
0.7350219978922006 	 0.0
0.7360219978922006 	 0.0
0.7370219978922006 	 0.0
0.7380219978922006 	 0.0
0.7390219978922006 	 0.0
0.7400219978922006 	 0.0
0.7410219978922006 	 0.0
0.7420219978922006 	 0.0
0.7430219978922006 	 0.0
0.7440219978922006 	 0.0
0.7450219978922006 	 0.0
0.7460219978922006 	 0.0
0.7470219978922006 	 0.0
0.7480219978922006 	 0.0
0.7490219978922006 	 0.0
0.7500219978922006 	 0.0
0.7510219978922006 	 0.0
0.7520219978922006 	 0.0
0.7530219978922006 	 0.0
0.7540219978922006 	 0.0
0.7550219978922006 	 0.0
0.7560219978922006 	 0.0
0.7570219978922006 	 0.0
0.7580219978922006 	 0.0
0.7590219978922006 	 0.0
0.7600219978922006 	 0.0
0.7610219978922006 	 0.0
0.7620219978922006 	 0.0
0.7630219978922006 	 0.0
0.7640219978922006 	 0.0
0.7650219978922006 	 0.0
0.7660219978922006 	 0.0
0.7670219978922006 	 0.0
0.7680219978922006 	 0.0
0.7690219978922006 	 0.0
0.7700219978922006 	 0.0
0.7710219978922006 	 0.0
0.7720219978922006 	 0.0
0.7730219978922006 	 0.0
0.7740219978922006 	 0.0
0.7750219978922006 	 0.0
0.7760219978922006 	 0.0
0.7770219978922006 	 0.0
0.7780219978922006 	 0.0
0.7790219978922006 	 0.0
0.7800219978922006 	 0.0
0.7810219978922006 	 0.0
0.7820219978922006 	 0.0
0.7830219978922006 	 0.0
0.7840219978922006 	 0.0
0.7850219978922006 	 0.0
0.7860219978922006 	 0.0
0.7870219978922006 	 0.0
0.7880219978922006 	 0.0
0.7890219978922006 	 0.0
0.7900219978922006 	 0.0
0.7910219978922006 	 0.0
0.7920219978922006 	 0.0
0.7930219978922006 	 0.0
0.7940219978922006 	 0.0
0.7950219978922006 	 0.0
0.7960219978922006 	 0.0
0.7970219978922006 	 0.0
0.7980219978922006 	 0.0
0.7990219978922006 	 0.0
0.8000219978922006 	 0.0
0.8010219978922006 	 0.0
0.8020219978922006 	 0.0
0.8030219978922006 	 0.0
0.8040219978922006 	 0.0
0.8050219978922006 	 0.0
0.8060219978922006 	 0.0
0.8070219978922006 	 0.0
0.8080219978922006 	 0.0
0.8090219978922006 	 0.0
0.8100219978922006 	 0.0
0.8110219978922006 	 0.0
0.8120219978922006 	 0.0
0.8130219978922006 	 0.0
0.8140219978922006 	 0.0
0.8150219978922006 	 0.0
0.8160219978922006 	 0.0
0.8170219978922006 	 0.0
0.8180219978922006 	 0.0
0.8190219978922006 	 0.0
0.8200219978922006 	 0.0
0.8210219978922007 	 0.0
0.8220219978922007 	 0.0
0.8230219978922007 	 0.0
0.8240219978922007 	 0.0
0.8250219978922007 	 0.0
0.8260219978922007 	 0.0
0.8270219978922007 	 0.0
0.8280219978922007 	 0.0
0.8290219978922007 	 0.0
0.8300219978922007 	 0.0
0.8310219978922007 	 0.0
0.8320219978922007 	 0.0
0.8330219978922007 	 0.0
0.8340219978922007 	 0.0
0.8350219978922007 	 0.0
0.8360219978922007 	 0.0
0.8370219978922007 	 0.0
0.8380219978922007 	 0.0
0.8390219978922007 	 0.0
0.8400219978922007 	 0.0
0.8410219978922007 	 0.0
0.8420219978922007 	 0.0
0.8430219978922007 	 0.0
0.8440219978922007 	 0.0
0.8450219978922007 	 0.0
0.8460219978922007 	 0.0
0.8470219978922007 	 0.0
0.8480219978922007 	 0.0
0.8490219978922007 	 0.0
0.8500219978922007 	 0.0
0.8510219978922007 	 0.0
0.8520219978922007 	 0.0
0.8530219978922007 	 0.0
0.8540219978922007 	 0.0
0.8550219978922007 	 0.0
0.8560219978922007 	 0.0
0.8570219978922007 	 0.0
0.8580219978922007 	 0.0
0.8590219978922007 	 0.0
0.8600219978922007 	 0.0
0.8610219978922007 	 0.0
0.8620219978922007 	 0.0
0.8630219978922007 	 0.0
0.8640219978922007 	 0.0
0.8650219978922007 	 0.0
0.8660219978922007 	 0.0
0.8670219978922007 	 0.0
0.8680219978922007 	 0.0
0.8690219978922007 	 0.0
0.8700219978922007 	 0.0
0.8710219978922007 	 0.0
0.8720219978922007 	 0.0
0.8730219978922007 	 0.0
0.8740219978922007 	 0.0
0.8750219978922007 	 0.0
0.8760219978922007 	 0.0
0.8770219978922007 	 0.0
0.8780219978922007 	 0.0
0.8790219978922007 	 0.0
0.8800219978922007 	 0.0
0.8810219978922007 	 0.0
0.8820219978922007 	 0.0
0.8830219978922007 	 0.0
0.8840219978922007 	 0.0
0.8850219978922007 	 0.0
0.8860219978922007 	 0.0
0.8870219978922007 	 0.0
0.8880219978922007 	 0.0
0.8890219978922007 	 0.0
0.8900219978922007 	 0.0
0.8910219978922007 	 0.0
0.8920219978922007 	 0.0
0.8930219978922007 	 0.0
0.8940219978922007 	 0.0
0.8950219978922007 	 0.0
0.8960219978922007 	 0.0
0.8970219978922007 	 0.0
0.8980219978922007 	 0.0
0.8990219978922007 	 0.0
0.9000219978922007 	 0.0
0.9010219978922007 	 0.0
0.9020219978922007 	 0.0
0.9030219978922007 	 0.0
0.9040219978922007 	 0.0
0.9050219978922007 	 0.0
0.9060219978922007 	 0.0
0.9070219978922007 	 0.0
0.9080219978922007 	 0.0
0.9090219978922007 	 0.0
0.9100219978922007 	 0.0
0.9110219978922007 	 0.0
0.9120219978922007 	 0.0
0.9130219978922007 	 0.0
0.9140219978922007 	 0.0
0.9150219978922007 	 0.0
0.9160219978922007 	 0.0
0.9170219978922007 	 0.0
0.9180219978922007 	 0.0
0.9190219978922007 	 0.0
0.9200219978922007 	 0.0
0.9210219978922007 	 0.0
0.9220219978922007 	 0.0
0.9230219978922007 	 0.0
0.9240219978922007 	 0.0
0.9250219978922007 	 0.0
0.9260219978922007 	 0.0
0.9270219978922007 	 0.0
0.9280219978922007 	 0.0
0.9290219978922007 	 0.0
0.9300219978922007 	 0.0
0.9310219978922007 	 0.0
0.9320219978922007 	 0.0
0.9330219978922007 	 0.0
0.9340219978922008 	 0.0
0.9350219978922008 	 0.0
0.9360219978922008 	 0.0
0.9370219978922008 	 0.0
0.9380219978922008 	 0.0
0.9390219978922008 	 0.0
0.9400219978922008 	 0.0
0.9410219978922008 	 0.0
0.9420219978922008 	 0.0
0.9430219978922008 	 0.0
0.9440219978922008 	 0.0
0.9450219978922008 	 0.0
0.9460219978922008 	 0.0
0.9470219978922008 	 0.0
0.9480219978922008 	 0.0
0.9490219978922008 	 0.0
0.9500219978922008 	 0.0
0.9510219978922008 	 0.0
0.9520219978922008 	 0.0
0.9530219978922008 	 0.0
0.9540219978922008 	 0.0
0.9550219978922008 	 0.0
0.9560219978922008 	 0.0
0.9570219978922008 	 0.0
0.9580219978922008 	 0.0
0.9590219978922008 	 0.0
0.9600219978922008 	 0.0
0.9610219978922008 	 0.0
0.9620219978922008 	 0.0
0.9630219978922008 	 0.0
0.9640219978922008 	 0.0
0.9650219978922008 	 0.0
0.9660219978922008 	 0.0
0.9670219978922008 	 0.0
0.9680219978922008 	 0.0
0.9690219978922008 	 0.0
0.9700219978922008 	 0.0
0.9710219978922008 	 0.0
0.9720219978922008 	 0.0
0.9730219978922008 	 0.0
0.9740219978922008 	 0.0
0.9750219978922008 	 0.0
0.9760219978922008 	 0.0
0.9770219978922008 	 0.0
0.9780219978922008 	 0.0
0.9790219978922008 	 0.0
0.9800219978922008 	 0.0
0.9810219978922008 	 0.0
0.9820219978922008 	 0.0
0.9830219978922008 	 0.0
0.9840219978922008 	 0.0
0.9850219978922008 	 0.0
0.9860219978922008 	 0.0
0.9870219978922008 	 0.0
0.9880219978922008 	 0.0
0.9890219978922008 	 0.0
0.9900219978922008 	 0.0
0.9910219978922008 	 0.0
0.9920219978922008 	 0.0
0.9930219978922008 	 0.0
0.9940219978922008 	 0.0
0.9950219978922008 	 0.0
0.9960219978922008 	 0.0
0.9970219978922008 	 0.0
0.9980219978922008 	 0.0
0.9990219978922008 	 0.0
1.0000219978922007 	 0.0
1.0010219978922006 	 0.0
1.0020219978922005 	 0.0
1.0030219978922004 	 0.0
1.0040219978922003 	 0.0
1.0050219978922001 	 0.0
1.0060219978922 	 0.0
1.0070219978922 	 0.0
1.0080219978921998 	 0.0
1.0090219978921997 	 0.0
1.0100219978921996 	 0.0
1.0110219978921995 	 0.0
1.0120219978921994 	 0.0
1.0130219978921993 	 0.0
1.0140219978921992 	 0.0
1.015021997892199 	 0.0
1.016021997892199 	 0.0
1.0170219978921988 	 0.0
1.0180219978921987 	 0.0
1.0190219978921986 	 0.0
1.0200219978921985 	 0.0
1.0210219978921984 	 0.0
1.0220219978921983 	 0.0
1.0230219978921982 	 0.0
1.024021997892198 	 0.0
1.025021997892198 	 0.0
1.0260219978921978 	 0.0
1.0270219978921977 	 0.0
1.0280219978921976 	 0.0
1.0290219978921975 	 0.0
1.0300219978921974 	 0.0
1.0310219978921973 	 0.0
1.0320219978921972 	 0.0
1.033021997892197 	 0.0
1.034021997892197 	 0.0
1.0350219978921968 	 0.0
1.0360219978921967 	 0.0
1.0370219978921966 	 0.0
1.0380219978921965 	 0.0
1.0390219978921964 	 0.0
1.0400219978921963 	 0.0
1.0410219978921962 	 0.0
1.042021997892196 	 0.0
1.043021997892196 	 0.0
1.0440219978921959 	 0.0
1.0450219978921957 	 0.0
1.0460219978921956 	 0.0
1.0470219978921955 	 0.0
1.0480219978921954 	 0.0
1.0490219978921953 	 0.0
1.0500219978921952 	 0.0
1.051021997892195 	 0.0
1.052021997892195 	 0.0
1.0530219978921949 	 0.0
1.0540219978921948 	 0.0
1.0550219978921946 	 0.0
1.0560219978921945 	 0.0
1.0570219978921944 	 0.0
1.0580219978921943 	 0.0
1.0590219978921942 	 0.0
1.060021997892194 	 0.0
1.061021997892194 	 0.0
1.0620219978921939 	 0.0
1.0630219978921938 	 0.0
1.0640219978921936 	 0.0
1.0650219978921935 	 0.0
1.0660219978921934 	 0.0
1.0670219978921933 	 0.0
1.0680219978921932 	 0.0
1.069021997892193 	 0.0
1.070021997892193 	 0.0
1.0710219978921929 	 0.0
1.0720219978921928 	 0.0
1.0730219978921927 	 0.0
1.0740219978921925 	 0.0
1.0750219978921924 	 0.0
1.0760219978921923 	 0.0
1.0770219978921922 	 0.0
1.078021997892192 	 0.0
1.079021997892192 	 0.0
1.0800219978921919 	 0.0
1.0810219978921918 	 0.0
1.0820219978921917 	 0.0
1.0830219978921916 	 0.0
1.0840219978921914 	 0.0
1.0850219978921913 	 0.0
1.0860219978921912 	 0.0
1.0870219978921911 	 0.0
1.088021997892191 	 0.0
1.089021997892191 	 0.0
1.0900219978921908 	 0.0
1.0910219978921907 	 0.0
1.0920219978921906 	 0.0
1.0930219978921905 	 0.0
1.0940219978921903 	 0.0
1.0950219978921902 	 0.0
1.0960219978921901 	 0.0
1.09702199789219 	 0.0
1.09802199789219 	 0.0
1.0990219978921898 	 0.0
1.1000219978921897 	 0.0
1.1010219978921896 	 0.0
1.1020219978921895 	 0.0
1.1030219978921894 	 0.0
1.1040219978921892 	 0.0
1.1050219978921891 	 0.0
1.106021997892189 	 0.0
1.107021997892189 	 0.0
1.1080219978921888 	 0.0
1.1090219978921887 	 0.0
1.1100219978921886 	 0.0
1.1110219978921885 	 0.0
1.1120219978921884 	 0.0
1.1130219978921883 	 0.0
1.1140219978921881 	 0.0
1.115021997892188 	 0.0
1.116021997892188 	 0.0
1.1170219978921878 	 0.0
1.1180219978921877 	 0.0
1.1190219978921876 	 0.0
1.1200219978921875 	 0.0
1.1210219978921874 	 0.0
1.1220219978921873 	 0.0
1.1230219978921872 	 0.0
1.124021997892187 	 0.0
1.125021997892187 	 0.0
1.1260219978921868 	 0.0
1.1270219978921867 	 0.0
1.1280219978921866 	 0.0
1.1290219978921865 	 0.0
1.1300219978921864 	 0.0
1.1310219978921863 	 0.0
1.1320219978921862 	 0.0
1.133021997892186 	 0.0
1.134021997892186 	 0.0
1.1350219978921858 	 6.338010643852869e-07
1.1360219978921857 	 6.054976490734011e-07
1.1370219978921856 	 5.781029762888876e-07
1.1380219978921855 	 5.515999880746346e-07
1.1390219978921854 	 5.259716241130909e-07
1.1400219978921853 	 5.01200824745014e-07
1.1410219978921852 	 4.772705336158222e-07
1.142021997892185 	 4.541636991529517e-07
1.143021997892185 	 4.3186327376315066e-07
1.1440219978921848 	 4.103522210506134e-07
1.1450219978921847 	 3.8961351925610524e-07
1.1460219978921846 	 3.696301634285153e-07
1.1470219978921845 	 3.503851673147807e-07
1.1480219978921844 	 3.318615653816479e-07
1.1490219978921843 	 3.140424145870193e-07
1.1500219978921842 	 2.96910796082588e-07
1.151021997892184 	 2.8044981697379717e-07
1.152021997892184 	 2.6464261131061393e-07
1.1530219978921838 	 2.4947234048612797e-07
1.1540219978921837 	 2.349221964698924e-07
1.1550219978921836 	 2.2097540367631971e-07
1.1560219978921835 	 2.0761522019611208e-07
1.1570219978921834 	 1.9482493900774605e-07
1.1580219978921833 	 1.8258788916665343e-07
1.1590219978921832 	 1.7088743685468526e-07
1.160021997892183 	 1.5970698649781028e-07
1.161021997892183 	 1.4902998172485428e-07
1.1620219978921829 	 1.3883990618951433e-07
1.1630219978921827 	 1.2912028411179485e-07
1.1640219978921826 	 1.1985468177249756e-07
1.1650219978921825 	 1.1102670852825853e-07
1.1660219978921824 	 1.026200175497215e-07
1.1670219978921823 	 9.461830659689471e-08
1.1680219978921822 	 8.700531870955547e-08
1.169021997892182 	 7.976484287215954e-08
1.170021997892182 	 7.288071468556619e-08
1.1710219978921819 	 6.633681695827639e-08
1.1720219978921818 	 6.011708026443603e-08
1.1730219978921816 	 5.4205483404008166e-08
1.1740219978921815 	 4.8586054128108743e-08
1.1750219978921814 	 4.324286967960864e-08
1.1760219978921813 	 3.816005726121748e-08
1.1770219978921812 	 3.3321794500790144e-08
1.178021997892181 	 2.8712309869774808e-08
1.179021997892181 	 2.4315883099920748e-08
1.1800219978921809 	 2.0116845572330317e-08
1.1810219978921808 	 1.6099580684964006e-08
1.1820219978921807 	 1.2248524204883595e-08
1.1830219978921805 	 8.548164597335452e-09
1.1840219978921804 	 4.983043351968699e-09
1.1850219978921803 	 1.5377553873216698e-09
1.1860219978921802 	 1.803050789427548e-09
1.18702199789218 	 5.054672734903107e-09
1.18802199789218 	 8.232353898421826e-09
1.1890219978921799 	 1.1351283340212854e-08
1.1900219978921798 	 1.4426595502706435e-08
1.1910219978921797 	 1.7473369997448792e-08
1.1920219978921796 	 2.050663140650687e-08
1.1930219978921794 	 2.3541349089155695e-08
1.1940219978921793 	 2.6592437005166194e-08
1.1950219978921792 	 2.9674753558801476e-08
1.1960219978921791 	 3.2803101444132146e-08
1.197021997892179 	 3.5992227501520464e-08
1.198021997892179 	 3.925682259182205e-08
1.1990219978921788 	 4.261152147074451e-08
1.2000219978921787 	 4.6070902684720104e-08
1.2010219978921786 	 4.964948846488438e-08
1.2020219978921785 	 5.3361744644880576e-08
1.2030219978921783 	 5.722208061847087e-08
1.2040219978921782 	 6.124484924454257e-08
1.2050219978921781 	 6.54443467664705e-08
1.206021997892178 	 6.983481277583386e-08
1.207021997892178 	 7.443043014731683e-08
1.2080219978921778 	 7.924532501677371e-08
1.2090219978921777 	 8.429356674105977e-08
1.2100219978921776 	 8.958916787450403e-08
1.2110219978921775 	 9.514608416460077e-08
1.2120219978921773 	 1.0097821458747225e-07
1.2130219978921772 	 1.0709940148223015e-07
1.2140219978921771 	 1.1352343049077465e-07
1.215021997892177 	 1.2026403052936142e-07
1.216021997892177 	 1.2733487380937512e-07
1.2170219978921768 	 1.347495758917717e-07
1.2180219978921767 	 1.4252169571124313e-07
1.2190219978921766 	 1.5066473564644988e-07
1.2200219978921765 	 1.5919214157644403e-07
1.2210219978921764 	 1.6811791673701598e-07
1.2220219978921762 	 1.7745830208022073e-07
1.2230219978921761 	 1.8723000832194949e-07
1.224021997892176 	 1.9744967674497593e-07
1.225021997892176 	 2.0813387922742608e-07
1.2260219978921758 	 2.192996710429235e-07
1.2270219978921757 	 2.3096610370981266e-07
1.2280219978921756 	 2.431526328340861e-07
1.2290219978921755 	 2.558786329226021e-07
1.2300219978921754 	 2.6916339751601003e-07
1.2310219978921753 	 2.830268288221664e-07
1.2320219978921751 	 2.9749132512188993e-07
1.233021997892175 	 3.125797956696077e-07
1.234021997892175 	 3.283150548079299e-07
1.2350219978921748 	 3.4471982198462166e-07
1.2360219978921747 	 3.6181751585600443e-07
1.2370219978921746 	 3.7963442735083293e-07
1.2380219978921745 	 3.981974327461809e-07
1.2390219978921744 	 4.1753329689944814e-07
1.2400219978921743 	 4.3766867358837215e-07
1.2410219978921742 	 4.5863104030284926e-07
1.242021997892174 	 4.804512568603138e-07
1.243021997892174 	 5.031608754525968e-07
1.2440219978921738 	 5.267913190774788e-07
1.2450219978921737 	 5.513738815369656e-07
1.2460219978921736 	 5.7694081473132e-07
1.2470219978921735 	 6.035283037039724e-07
1.2480219978921734 	 6.311733359715444e-07
1.2490219978921733 	 6.599127478432508e-07
1.2500219978921732 	 6.897832250914221e-07
1.251021997892173 	 7.208226114532426e-07
1.252021997892173 	 7.530734900888728e-07
1.2530219978921728 	 7.86579419969619e-07
1.2540219978921727 	 8.213837855408687e-07
1.2550219978921726 	 8.575297966080966e-07
1.2560219978921725 	 8.950619769116705e-07
1.2570219978921724 	 9.340302364612255e-07
1.2580219978921723 	 9.744855867337632e-07
1.2590219978921722 	 1.0164788356564583e-06
1.260021997892172 	 1.0600605888631374e-06
1.261021997892172 	 1.1052830370757233e-06
1.2620219978921718 	 1.152204848197904e-06
1.2630219978921717 	 1.2008860292175344e-06
1.2640219978921716 	 1.2513863543208845e-06
1.2650219978921715 	 1.3037653649183125e-06
1.2660219978921714 	 1.3580844753477935e-06
1.2670219978921713 	 1.4144127331346351e-06
1.2680219978921712 	 1.4728207592570274e-06
1.269021997892171 	 1.5333789028719714e-06
1.270021997892171 	 1.5961572435874498e-06
1.2710219978921709 	 1.6612280872477806e-06
1.2720219978921707 	 1.7286727965975255e-06
1.2730219978921706 	 1.798574620385105e-06
1.2740219978921705 	 1.8710164984798332e-06
1.2750219978921704 	 1.946081062193599e-06
1.2760219978921703 	 2.023853600514976e-06
1.2770219978921702 	 2.1044301734822355e-06
1.27802199789217 	 2.1879090789474914e-06
1.27902199789217 	 2.2743882545838693e-06
1.2800219978921699 	 2.3639652818739465e-06
1.2810219978921698 	 2.4567409233515136e-06
1.2820219978921696 	 2.552828802680331e-06
1.2830219978921695 	 2.65234524430226e-06
1.2840219978921694 	 2.7554061652239214e-06
1.2850219978921693 	 2.8621270758641195e-06
1.2860219978921692 	 2.972627314279689e-06
1.287021997892169 	 3.087041626348253e-06
1.288021997892169 	 3.205507989627309e-06
1.2890219978921689 	 3.328163906906081e-06
1.2900219978921688 	 3.4551464114437365e-06
1.2910219978921686 	 3.586597151900164e-06
1.2920219978921685 	 3.7226763248382844e-06
1.2930219978921684 	 3.863548055313217e-06
1.2940219978921683 	 4.009375929834356e-06
1.2950219978921682 	 4.160323000937328e-06
1.296021997892168 	 4.316557930671499e-06
1.297021997892168 	 4.478271792136885e-06
1.2980219978921679 	 4.645660408584919e-06
1.2990219978921678 	 4.818918975872177e-06
1.3000219978921677 	 4.998242058579964e-06
1.3010219978921675 	 5.183831073470521e-06
1.3020219978921674 	 5.375914668249253e-06
1.3030219978921673 	 5.574727300550989e-06
1.3040219978921672 	 5.780502711354858e-06
1.305021997892167 	 5.993473937288537e-06
1.306021997892167 	 6.213882404382827e-06
1.3070219978921669 	 6.442002798171191e-06
1.3080219978921668 	 6.678116929459632e-06
1.3090219978921667 	 6.922505780389318e-06
1.3100219978921666 	 7.17544952245449e-06
1.3110219978921664 	 7.437238677109054e-06
1.3120219978921663 	 7.708204630256321e-06
1.3130219978921662 	 7.988687535104645e-06
1.3140219978921661 	 8.27902657300263e-06
1.315021997892166 	 8.579559982819874e-06
1.316021997892166 	 8.890638853201678e-06
1.3170219978921658 	 9.21266484618709e-06
1.3180219978921657 	 9.546050567257865e-06
1.3190219978921656 	 9.891207503264057e-06
1.3200219978921655 	 1.0248546050108077e-05
1.3210219978921653 	 1.0618492665917757e-05
1.3220219978921652 	 1.1001536751866144e-05
1.3230219978921651 	 1.1398181256951988e-05
1.324021997892165 	 1.1808927767158854e-05
1.325021997892165 	 1.2234276568393118e-05
1.3260219978921648 	 1.2674748206637888e-05
1.3270219978921647 	 1.3130942469300742e-05
1.3280219978921646 	 1.3603476436596735e-05
1.3290219978921645 	 1.4092965625174877e-05
1.3300219978921644 	 1.4600024024413012e-05
1.3310219978921642 	 1.5125284835649358e-05
1.3320219978921641 	 1.566947229441704e-05
1.333021997892164 	 1.6233353499387357e-05
1.334021997892164 	 1.6817688150399692e-05
1.3350219978921638 	 1.7423232878369985e-05
1.3360219978921637 	 1.8050777178835242e-05
1.3370219978921636 	 1.8701239983587292e-05
1.3380219978921635 	 1.9375568524401344e-05
1.3390219978921634 	 2.0074707545999517e-05
1.3400219978921633 	 2.0799599374850457e-05
1.3410219978921631 	 2.1551226888964062e-05
1.342021997892163 	 2.2330730899000528e-05
1.343021997892163 	 2.3139286111462304e-05
1.3440219978921628 	 2.3978063982094206e-05
1.3450219978921627 	 2.484823291989461e-05
1.3460219978921626 	 2.575101942921872e-05
1.3470219978921625 	 2.6687875493660763e-05
1.3480219978921624 	 2.766030277772989e-05
1.3490219978921623 	 2.866979905591722e-05
1.3500219978921622 	 2.9717858267593545e-05
1.351021997892162 	 3.080604337657512e-05
1.352021997892162 	 3.1936185515426724e-05
1.3530219978921618 	 3.311017351898965e-05
1.3540219978921617 	 3.432989086646959e-05
1.3550219978921616 	 3.559721599010185e-05
1.3560219978921615 	 3.6914122187459457e-05
1.3570219978921614 	 3.828295123702642e-05
1.3580219978921613 	 3.9706126029903496e-05
1.3590219978921612 	 4.118606296340626e-05
1.360021997892161 	 4.2725171987711706e-05
1.361021997892161 	 4.432598347832397e-05
1.3620219978921608 	 4.599149521977845e-05
1.3630219978921607 	 4.772480606945347e-05
1.3640219978921606 	 4.9529005829057654e-05
1.3650219978921605 	 5.140717565264004e-05
1.3660219978921604 	 5.33625465293329e-05
1.3670219978921603 	 5.539893340671328e-05
1.3680219978921602 	 5.752027924195338e-05
1.36902199789216 	 5.973051595579331e-05
1.37002199789216 	 6.203356445605157e-05
1.3710219978921598 	 6.443351644798645e-05
1.3720219978921597 	 6.693513188785498e-05
1.3730219978921596 	 6.954331425757959e-05
1.3740219978921595 	 7.22629523830154e-05
1.3750219978921594 	 7.50989208837205e-05
1.3760219978921593 	 7.805625442409949e-05
1.3770219978921592 	 8.114062509141568e-05
1.378021997892159 	 8.435784101528242e-05
1.379021997892159 	 8.771369344474937e-05
1.3800219978921588 	 9.121395676051497e-05
1.3810219978921587 	 9.486449602963245e-05
1.3820219978921586 	 9.867156116419936e-05
1.3830219978921585 	 0.00010264147611650818
1.3840219978921584 	 0.00010678054564137643
1.3850219978921583 	 0.00011109505561105384
1.3860219978921582 	 0.00011559126084097848
1.387021997892158 	 0.00012027535138464832
1.388021997892158 	 0.00012515348790942488
1.3890219978921579 	 0.00013023181248911445
1.3900219978921577 	 0.00013551644860940412
1.3910219978921576 	 0.00014101338566214816
1.3920219978921575 	 0.00014672816249237675
1.3930219978921574 	 0.00015266619958984764
1.3940219978921573 	 0.00015883290041803966
1.3950219978921572 	 0.00016523365128743857
1.396021997892157 	 0.00017187367969399188
1.397021997892157 	 0.00017875766656025164
1.3980219978921569 	 0.00018589015283079476
1.3990219978921568 	 0.0001932756630934169
1.4000219978921566 	 0.00020091870493868877
1.4010219978921565 	 0.0002088236684551137
1.4020219978921564 	 0.00021699455302496247
1.4030219978921563 	 0.00022543525578634353
1.4040219978921562 	 0.0002341496557843252
1.405021997892156 	 0.0002431416118228847
1.406021997892156 	 0.00025241492514904045
1.4070219978921559 	 0.0002619732399003096
1.4080219978921558 	 0.00027182014380555864
1.4090219978921557 	 0.0002819591973608177
1.4100219978921555 	 0.00029239393155337936
1.4110219978921554 	 0.0003031278571011763
1.4120219978921553 	 0.0003141644962599732
1.4130219978921552 	 0.0003255073531947149
1.414021997892155 	 0.00033715989614122835
1.415021997892155 	 0.00034912555323557914
1.4160219978921549 	 0.0003614077348673318
1.4170219978921548 	 0.00037400989899791183
1.4180219978921547 	 0.0003869354782354814
1.4190219978921546 	 0.0004001878563735
1.4200219978921544 	 0.00041377036675904766
1.4210219978921543 	 0.0004276864000155168
1.4220219978921542 	 0.0004419397054260898
1.4230219978921541 	 0.00045653408670243985
1.424021997892154 	 0.0004714732965915
1.425021997892154 	 0.00048676103349378223
1.4260219978921538 	 0.0005024009876394011
1.4270219978921537 	 0.0005183969680991767
1.4280219978921536 	 0.000534752769309144
1.4290219978921535 	 0.0005514721305609638
1.4300219978921533 	 0.0005685587363280764
1.4310219978921532 	 0.0005860163233555094
1.4320219978921531 	 0.0006038489782229483
1.433021997892153 	 0.0006220608442448183
1.434021997892153 	 0.0006406560171188252
1.4350219978921528 	 0.0006596385408769751
1.4360219978921527 	 0.0006790125045318424
1.4370219978921526 	 0.0006987823054258357
1.4380219978921525 	 0.0007189523728037242
1.4390219978921523 	 0.0007395270836187055
1.4400219978921522 	 0.0007605107626196494
1.4410219978921521 	 0.0007819077899099378
1.442021997892152 	 0.0008037229006869682
1.443021997892152 	 0.0008259608911872366
1.4440219978921518 	 0.0008486265102821963
1.4450219978921517 	 0.0008717244546907778
1.4460219978921516 	 0.0008952594827528359
1.4470219978921515 	 0.0009192367262301562
1.4480219978921514 	 0.0009436613609593612
1.4490219978921512 	 0.000968538506083686
1.4500219978921511 	 0.0009938732233996327
1.451021997892151 	 0.0010196706327675416
1.452021997892151 	 0.0010459362343874733
1.4530219978921508 	 0.0010726755892914409
1.4540219978921507 	 0.0010998942028576147
1.4550219978921506 	 0.0011275975195773748
1.4560219978921505 	 0.0011557910627636582
1.4570219978921504 	 0.0011844808180487604
1.4580219978921503 	 0.0012136728275151272
1.4590219978921501 	 0.001243373065461444
1.46002199789215 	 0.001273587437600743
1.46102199789215 	 0.0013043218567221789
1.4620219978921498 	 0.001335582456079135
1.4630219978921497 	 0.0013673753822237666
1.4640219978921496 	 0.0013997067142985542
1.4650219978921495 	 0.001432582459193342
1.4660219978921494 	 0.0014660088152850842
1.4670219978921493 	 0.0014999928949132424
1.4680219978921492 	 0.0015345419605071694
1.469021997892149 	 0.0015696631913541127
1.470021997892149 	 0.0016053636827834342
1.4710219978921488 	 0.0016416504138895836
1.4720219978921487 	 0.0016785301650169503
1.4730219978921486 	 0.00171600962050253
1.4740219978921485 	 0.001754095384329498
1.4750219978921484 	 0.0017927939758289263
1.4760219978921483 	 0.0018321120987568518
1.4770219978921482 	 0.0018720573779057162
1.478021997892148 	 0.0019126375798151237
1.479021997892148 	 0.0019538603757197613
1.4800219978921478 	 0.0019957333381149423
1.4810219978921477 	 0.002038264032852421
1.4820219978921476 	 0.0020814602623484735
1.4830219978921475 	 0.0021253298216395333
1.4840219978921474 	 0.0021698804088471323
1.4850219978921473 	 0.002215119621066408
1.4860219978921472 	 0.0022610551066403156
1.487021997892147 	 0.002307694982194129
1.488021997892147 	 0.0023550473905066217
1.4890219978921468 	 0.002403120365561858
1.4900219978921467 	 0.0024519218319885576
1.4910219978921466 	 0.002501459733905845
1.4920219978921465 	 0.002551742392903505
1.4930219978921464 	 0.002602778148085104
1.4940219978921463 	 0.0026545752287628933
1.4950219978921462 	 0.0027071417498074307
1.496021997892146 	 0.0027604858336460823
1.497021997892146 	 0.002814615944233012
1.4980219978921459 	 0.0028695405326769115
1.4990219978921457 	 0.002925267929139823
1.5000219978921456 	 0.002981806342426206
1.5010219978921455 	 0.0030391639660030463
1.5020219978921454 	 0.003097349275527167
1.5030219978921453 	 0.0031563707418058974
1.5040219978921452 	 0.0032162367170564875
1.505021997892145 	 0.0032769554312160583
1.506021997892145 	 0.0033385350670579296
1.5070219978921449 	 0.003400983979462076
1.5080219978921447 	 0.003464310464910423
1.5090219978921446 	 0.003528522691407289
1.5100219978921445 	 0.0035936286983574467
1.5110219978921444 	 0.0036596364434854037
1.5120219978921443 	 0.003726553942971122
1.5130219978921442 	 0.0037943891685418853
1.514021997892144 	 0.0038631499752028306
1.515021997892144 	 0.003932844091444607
1.5160219978921439 	 0.004003479120160513
1.5170219978921438 	 0.0040750625410185815
1.5180219978921436 	 0.00414760170822571
1.5190219978921435 	 0.004221103849988167
1.5200219978921434 	 0.0042955760687317665
1.5210219978921433 	 0.004371025281901716
1.5220219978921432 	 0.004447458085847399
1.523021997892143 	 0.004524880987756465
1.524021997892143 	 0.00460330039599037
1.5250219978921429 	 0.004682722602011339
1.5260219978921428 	 0.004763153237415631
1.5270219978921427 	 0.0048445974528497126
1.5280219978921425 	 0.004927060429921068
1.5290219978921424 	 0.005010547241349551
1.5300219978921423 	 0.005095062838578717
1.5310219978921422 	 0.005180611855659976
1.532021997892142 	 0.005267198051343287
1.533021997892142 	 0.0053548250066069196
1.5340219978921419 	 0.005443496242026322
1.5350219978921418 	 0.005533215194620441
1.5360219978921417 	 0.005623984895859486
1.5370219978921416 	 0.00571580708709976
1.5380219978921414 	 0.005808683162056196
1.5390219978921413 	 0.005902614453896107
1.5400219978921412 	 0.005997602237446119
1.5410219978921411 	 0.00609364728134783
1.542021997892141 	 0.0061907486615217664
1.543021997892141 	 0.006288905178229709
1.5440219978921408 	 0.006388115651570292
1.5450219978921407 	 0.006488378891945301
1.5460219978921406 	 0.006589693103594665
1.5470219978921405 	 0.0066920542519118675
1.5480219978921403 	 0.006795457806481667
1.5490219978921402 	 0.006899899273997649
1.5500219978921401 	 0.007005374203263122
1.55102199789214 	 0.007111877428003106
1.55202199789214 	 0.0072194010413331325
1.5530219978921398 	 0.007327936749619586
1.5540219978921397 	 0.007437476421744116
1.5550219978921396 	 0.007548012054419684
1.5560219978921395 	 0.0076595348344078995
1.5570219978921394 	 0.007772032565283675
1.5580219978921392 	 0.007885492422134542
1.5590219978921391 	 0.007999901793826814
1.560021997892139 	 0.008115248294508038
1.561021997892139 	 0.008231518644404903
1.5620219978921388 	 0.00834869565400463
1.5630219978921387 	 0.008466761653783237
1.5640219978921386 	 0.00858569936258419
1.5650219978921385 	 0.008705491853924243
1.5660219978921384 	 0.008826121237519977
1.5670219978921383 	 0.008947565041800588
1.5680219978921381 	 0.00906977810830659
1.569021997892138 	 0.009192718165135873
1.570021997892138 	 0.009316377746541371
1.5710219978921378 	 0.00944073670574416
1.5720219978921377 	 0.009565767701398118
1.5730219978921376 	 0.009691441802040282
1.5740219978921375 	 0.009817729997677492
1.5750219978921374 	 0.009944603197231118
1.5760219978921373 	 0.010072030480432856
1.5770219978921372 	 0.010199974398914255
1.578021997892137 	 0.010328395461605489
1.579021997892137 	 0.010457253183179383
1.5800219978921368 	 0.010586505553822416
1.5810219978921367 	 0.010716106628973284
1.5820219978921366 	 0.010846000969269411
1.5830219978921365 	 0.010976127845903537
1.5840219978921364 	 0.011106421849219134
1.5850219978921363 	 0.011236812016458651
1.5860219978921362 	 0.011367219424080168
1.587021997892136 	 0.01149755218719187
1.588021997892136 	 0.011627711244127082
1.5890219978921358 	 0.011757593625486706
1.5900219978921357 	 0.01188709542323862
1.5910219978921356 	 0.012016114286512062
1.5920219978921355 	 0.012144549741874166
1.5930219978921354 	 0.012272313369823365
1.5940219978921353 	 0.012399334919189821
1.5950219978921352 	 0.012525564828258505
1.596021997892135 	 0.012650972440179596
1.597021997892135 	 0.012775538754002436
1.5980219978921348 	 0.012899255821116106
1.5990219978921347 	 0.013022121922022047
1.6000219978921346 	 0.013144135555795562
1.6010219978921345 	 0.01326528928689382
1.6020219978921344 	 0.013385562896977152
1.6030219978921343 	 0.013504925221873208
1.6040219978921342 	 0.013623335679636544
1.605021997892134 	 0.013740745338926297
1.606021997892134 	 0.013857097515494922
1.6070219978921338 	 0.013972326999853922
1.6080219978921337 	 0.014086364253896057
1.6090219978921336 	 0.014199137619741701
1.6100219978921335 	 0.014310574458760132
1.6110219978921334 	 0.014420601680970594
1.6120219978921333 	 0.014529145117425497
1.6130219978921332 	 0.01463613042933309
1.614021997892133 	 0.014741484495405346
1.615021997892133 	 0.014845135851240032
1.6160219978921329 	 0.0149470150307067
1.6170219978921327 	 0.015047055139820456
1.6180219978921326 	 0.015145191392042148
1.6190219978921325 	 0.015241360919890678
1.6200219978921324 	 0.01533550277285504
1.6210219978921323 	 0.015427558723473022
1.6220219978921322 	 0.015517475132140704
1.623021997892132 	 0.015605199696880834
1.624021997892132 	 0.015690681603529516
1.6250219978921319 	 0.015773871790029634
1.6260219978921318 	 0.01585472433891771
1.6270219978921316 	 0.01593320035029854
1.6280219978921315 	 0.016009263788755872
1.6290219978921314 	 0.01608288020168124
1.6300219978921313 	 0.016154016700286964
1.6310219978921312 	 0.016222643884555386
1.632021997892131 	 0.016288740847394696
1.633021997892131 	 0.0163522885398265
1.6340219978921309 	 0.016413268943651572
1.6350219978921308 	 0.01647166530022505
1.6360219978921307 	 0.01652746446891231
1.6370219978921305 	 0.01658066342104669
1.6380219978921304 	 0.016631262220725095
1.6390219978921303 	 0.016679261846798812
1.6400219978921302 	 0.016724664095963702
1.64102199789213 	 0.01676747417590296
1.64202199789213 	 0.016807707635177978
1.6430219978921299 	 0.01684538179134926
1.6440219978921298 	 0.016880514012561892
1.6450219978921297 	 0.016913121816021434
1.6460219978921296 	 0.016943225527160377
1.6470219978921294 	 0.016970855742390573
1.6480219978921293 	 0.01699604513649182
1.6490219978921292 	 0.017018825847189795
1.650021997892129 	 0.017039229302654717
1.651021997892129 	 0.017057288781975363
1.652021997892129 	 0.01707304652510023
1.6530219978921288 	 0.017086545293912923
1.6540219978921287 	 0.017097826224480705
1.6550219978921286 	 0.017106928791044293
1.6560219978921285 	 0.017113893126491704
1.6570219978921283 	 0.0171187667015143
1.6580219978921282 	 0.01712159695229379
1.6590219978921281 	 0.017122428907313046
1.660021997892128 	 0.017121305040924795
1.661021997892128 	 0.017118267299776602
1.6620219978921278 	 0.01711336281917249
1.6630219978921277 	 0.017106637610277035
1.6640219978921276 	 0.01709813456441186
1.6650219978921275 	 0.017087893397568412
1.6660219978921273 	 0.01707595231756525
1.6670219978921272 	 0.01706235274310174
1.6680219978921271 	 0.017047134281108812
1.669021997892127 	 0.017030333192721195
1.670021997892127 	 0.01701198240421197
1.6710219978921268 	 0.016992112813001854
1.6720219978921267 	 0.01697075693063178
1.6730219978921266 	 0.01694794555234277
1.6740219978921265 	 0.01692370648064834
1.6750219978921264 	 0.01689806456322139
1.6760219978921262 	 0.016871042635980955
1.6770219978921261 	 0.016842663897821387
1.678021997892126 	 0.016812949765725782
1.679021997892126 	 0.016781919350415606
1.6800219978921258 	 0.01674958964759976
1.6810219978921257 	 0.01671597612012681
1.6820219978921256 	 0.016681094094950503
1.6830219978921255 	 0.016644958351444625
1.6840219978921254 	 0.01660758255431214
1.6850219978921253 	 0.01656897933423618
1.6860219978921251 	 0.01652916049958564
1.687021997892125 	 0.01648813723066366
1.688021997892125 	 0.01644592031461249
1.6890219978921248 	 0.01640252035755939
1.6900219978921247 	 0.01635794798152894
1.6910219978921246 	 0.016312213689463242
1.6920219978921245 	 0.016265327340107116
1.6930219978921244 	 0.01621729974299017
1.6940219978921243 	 0.016168142555728873
1.6950219978921242 	 0.01611786826038072
1.696021997892124 	 0.016066489726248207
1.697021997892124 	 0.016014018768177634
1.6980219978921238 	 0.015960467855888172
1.6990219978921237 	 0.015905850695468987
1.7000219978921236 	 0.01585018230536159
1.7010219978921235 	 0.015793478342965298
1.7020219978921234 	 0.015735753301730163
1.7030219978921233 	 0.015677023139063277
1.7040219978921232 	 0.01561730543779832
1.705021997892123 	 0.015556619271319311
1.706021997892123 	 0.015494984386713888
1.7070219978921228 	 0.015432418839790909
1.7080219978921227 	 0.015368941460911842
1.7090219978921226 	 0.015304572535173467
1.7100219978921225 	 0.015239333798340861
1.7110219978921224 	 0.015173247517906614
1.7120219978921223 	 0.01510633413622482
1.7130219978921222 	 0.01503861520864124
1.714021997892122 	 0.014970113728024214
1.715021997892122 	 0.014900853960073545
1.7160219978921218 	 0.014830860505582497
1.7170219978921217 	 0.014760155776389373
1.7180219978921216 	 0.014688762523154573
1.7190219978921215 	 0.01461670458323793
1.7200219978921214 	 0.014544006840582852
1.7210219978921213 	 0.014470694299195475
1.7220219978921212 	 0.014396789749333094
1.723021997892121 	 0.014322316502996056
1.724021997892121 	 0.014247298823056738
1.7250219978921209 	 0.014171761780569083
1.7260219978921207 	 0.014095730389930505
1.7270219978921206 	 0.014019227292224483
1.7280219978921205 	 0.0139422750749978
1.7290219978921204 	 0.01386489695711373
1.7300219978921203 	 0.013787116760042418
1.7310219978921202 	 0.013708958106403567
1.73202199789212 	 0.013630442353249396
1.73302199789212 	 0.013551590951569754
1.7340219978921199 	 0.01347242586669641
1.7350219978921197 	 0.013392969484560154
1.7360219978921196 	 0.013313243913918192
1.7370219978921195 	 0.013220950232983112
1.7380219978921194 	 0.013116611950158391
1.7390219978921193 	 0.013012593321051903
1.7400219978921192 	 0.012908911168101547
1.741021997892119 	 0.012805581632443764
1.742021997892119 	 0.012702618412335774
1.7430219978921189 	 0.012600034612028596
1.7440219978921188 	 0.012497843305904378
1.7450219978921186 	 0.012396057538556627
1.7460219978921185 	 0.01229468981138663
1.7470219978921184 	 0.01219375067557183
1.7480219978921183 	 0.012093250208799157
1.7490219978921182 	 0.011993198465853113
1.750021997892118 	 0.011893605478676345
1.751021997892118 	 0.011794480791276514
1.7520219978921179 	 0.011695832185109166
1.7530219978921178 	 0.011597667016796575
1.7540219978921177 	 0.011499992626292555
1.7550219978921175 	 0.011402816336926023
1.7560219978921174 	 0.011306145080840177
1.7570219978921173 	 0.011209984372489202
1.7580219978921172 	 0.011114339385936743
1.759021997892117 	 0.011019215283559076
1.760021997892117 	 0.010924617216075032
1.7610219978921169 	 0.010830550007203905
1.7620219978921168 	 0.010737017289461907
1.7630219978921167 	 0.010644022411105299
1.7640219978921166 	 0.01055156871285157
1.7650219978921164 	 0.010459659527898204
1.7660219978921163 	 0.01036829792918083
1.7670219978921162 	 0.010277486036733448
1.7680219978921161 	 0.010187225744563884
1.769021997892116 	 0.010097518942431128
1.770021997892116 	 0.010008367515855258
1.7710219978921158 	 0.009919773144507035
1.7720219978921157 	 0.009831736749700207
1.7730219978921156 	 0.009744259074191495
1.7740219978921155 	 0.00965734085908098
1.7750219978921153 	 0.009570982843815174
1.7760219978921152 	 0.009485185610743734
1.7770219978921151 	 0.009399949159137467
1.778021997892115 	 0.009315273352198145
1.779021997892115 	 0.009231158053441206
1.7800219978921148 	 0.009147603126693729
1.7810219978921147 	 0.009064608320062917
1.7820219978921146 	 0.008982172947965775
1.7830219978921145 	 0.008900296224782757
1.7840219978921144 	 0.008818977366653007
1.7850219978921142 	 0.008738215591468604
1.7860219978921141 	 0.008658010037506965
1.787021997892114 	 0.00857835954045925
1.788021997892114 	 0.008499262867388207
1.7890219978921138 	 0.00842071878810434
1.7900219978921137 	 0.008342726075157663
1.7910219978921136 	 0.008265283450727287
1.7920219978921135 	 0.008188389441089992
1.7930219978921134 	 0.008112042529311485
1.7940219978921133 	 0.008036241201826767
1.7950219978921131 	 0.007960983948430495
1.796021997892113 	 0.00788626923780538
1.797021997892113 	 0.007812095450475763
1.7980219978921128 	 0.007738460949139898
1.7990219978921127 	 0.007665364100121776
1.8000219978921126 	 0.007592803273360991
1.8010219978921125 	 0.007520776834718243
1.8020219978921124 	 0.007449283124906541
1.8030219978921123 	 0.007378320481577857
1.8040219978921122 	 0.0073078872460548335
1.805021997892112 	 0.0072379817633207895
1.806021997892112 	 0.007168602398260881
1.8070219978921118 	 0.007099747580187829
1.8080219978921117 	 0.007031415756101767
1.8090219978921116 	 0.006963605376422807
1.8100219978921115 	 0.006896314894981909
1.8110219978921114 	 0.006829542798668507
1.8120219978921113 	 0.006763287688695265
1.8130219978921112 	 0.006697548195311188
1.814021997892111 	 0.006632322951773994
1.815021997892111 	 0.006567610594342275
1.8160219978921108 	 0.006503409807186939
1.8170219978921107 	 0.006439719445484395
1.8180219978921106 	 0.006376538406244633
1.8190219978921105 	 0.006313865588894806
1.8200219978921104 	 0.006251699895273151
1.8210219978921103 	 0.006190040286276498
1.8220219978921102 	 0.006128885937113647
1.82302199789211 	 0.006068236074394593
1.82402199789211 	 0.006008089926421232
1.8250219978921098 	 0.005948446723183391
1.8260219978921097 	 0.005889305763629264
1.8270219978921096 	 0.005830666600028117
1.8280219978921095 	 0.00577252884452317
1.8290219978921094 	 0.005714892110106675
1.8300219978921093 	 0.005657756010618333
1.8310219978921092 	 0.005601120236531668
1.832021997892109 	 0.005544984762651499
1.833021997892109 	 0.005489349630190512
1.8340219978921088 	 0.005434214880277764
1.8350219978921087 	 0.005379580553959745
1.8360219978921086 	 0.005325446775140693
1.8370219978921085 	 0.005271813977882103
1.8380219978921084 	 0.00521868266792034
1.8390219978921083 	 0.005166053349903951
1.8400219978921082 	 0.005113926527397471
1.841021997892108 	 0.005062302790583324
1.842021997892108 	 0.005011183056606808
1.8430219978921079 	 0.004960568317414628
1.8440219978921077 	 0.00491045956282016
1.8450219978921076 	 0.004860857780510147
1.8460219978921075 	 0.004811764047546882
1.8470219978921074 	 0.004763179781124265
1.8480219978921073 	 0.004715106475491695
1.8490219978921072 	 0.004667545621690831
1.850021997892107 	 0.004620498707565139
1.851021997892107 	 0.004573967309155758
1.8520219978921069 	 0.004527953341162117
1.8530219978921068 	 0.00448245879418444
1.8540219978921066 	 0.004437485654559363
1.8550219978921065 	 0.0043930359043722845
1.8560219978921064 	 0.004349111611758932
1.8570219978921063 	 0.004305715178363097
1.8580219978921062 	 0.0042628490797381145
1.859021997892106 	 0.004220515786147977
1.860021997892106 	 0.004178717762582337
1.8610219978921059 	 0.004137457554369233
1.8620219978921058 	 0.004096738021778969
1.8630219978921057 	 0.004056562093919418
1.8640219978921055 	 0.004016932693655821
1.8650219978921054 	 0.0039778527376282255
1.8660219978921053 	 0.0039393252113942056
1.8670219978921052 	 0.003901353375335352
1.868021997892105 	 0.003863940548667661
1.869021997892105 	 0.003827090043551325
1.8700219978921049 	 0.0037908051651101833
1.8710219978921048 	 0.0037550892777849193
1.8720219978921047 	 0.003719945987148067
1.8730219978921046 	 0.0036853789491958764
1.8740219978921044 	 0.0036513918121731216
1.8750219978921043 	 0.003617988216594127
1.8760219978921042 	 0.003585171840731023
1.877021997892104 	 0.0035529465252436185
1.878021997892104 	 0.0035213161424705267
1.879021997892104 	 0.003490284556561758
1.8800219978921038 	 0.00345985562350068
1.8810219978921037 	 0.0034300332173508924
1.8820219978921036 	 0.0034008213021513535
1.8830219978921034 	 0.003372223856535189
1.8840219978921033 	 0.0033442448507443943
1.8850219978921032 	 0.0033168882466519762
1.8860219978921031 	 0.0032901579961178836
1.887021997892103 	 0.003264058036444697
1.888021997892103 	 0.0032385922951900805
1.8890219978921028 	 0.0032137646916503416
1.8900219978921027 	 0.003189579136881875
1.8910219978921026 	 0.0031660395011241273
1.8920219978921025 	 0.003143149524479729
1.8930219978921023 	 0.003120912910662425
1.8940219978921022 	 0.0030993333556163924
1.8950219978921021 	 0.003078414547535948
1.896021997892102 	 0.0030581600960152893
1.897021997892102 	 0.003038573337836895
1.8980219978921018 	 0.0030196575407544514
1.8990219978921017 	 0.003001415965685403
1.9000219978921016 	 0.0029838518667277985
1.9010219978921015 	 0.0029669683854614604
1.9020219978921014 	 0.002950768261231658
1.9030219978921012 	 0.002935254135114976
1.9040219978921011 	 0.0029204286426784223
1.905021997892101 	 0.0029062944139922674
1.906021997892101 	 0.0028928539168676768
1.9070219978921008 	 0.0028801090271967427
1.9080219978921007 	 0.0028680614797157865
1.9090219978921006 	 0.0028567130055537613
1.9100219978921005 	 0.0028460653322397327
1.9110219978921004 	 0.002836119992128675
1.9120219978921003 	 0.0028268777973401394
1.9130219978921001 	 0.002818339390586529
1.9140219978921 	 0.002810505413250856
1.9150219978921 	 0.002803376505387803
1.9160219978920998 	 0.0027969530670843325
1.9170219978920997 	 0.002791234604415258
1.9180219978920996 	 0.002786220415560749
1.9190219978920995 	 0.0027819098001608616
1.9200219978920994 	 0.002778302059308996
1.9210219978920993 	 0.0027753962210258043
1.9220219978920992 	 0.002773190287869909
1.923021997892099 	 0.002771682026199331
1.924021997892099 	 0.0027708692069937763
1.9250219978920988 	 0.002770749605839605
1.9260219978920987 	 0.0027713206965273994
1.9270219978920986 	 0.002772578811309969
1.9280219978920985 	 0.0027745200217729874
1.9290219978920984 	 0.0027771404076050764
1.9300219978920983 	 0.002780436056573603
1.9310219978920982 	 0.0027844027370257465
1.932021997892098 	 0.0027890350003391445
1.933021997892098 	 0.0027943271224054335
1.9340219978920978 	 0.002800273390889909
1.9350219978920977 	 0.0028068681051978167
1.9360219978920976 	 0.0028141052387886892
1.9370219978920975 	 0.002821977513720743
1.9380219978920974 	 0.0028304773713794438
1.9390219978920973 	 0.0028395972686552306
1.9400219978920972 	 0.0028493296779003702
1.941021997892097 	 0.002859666753903027
1.942021997892097 	 0.002870599421215962
1.9430219978920968 	 0.002882118331445972
1.9440219978920967 	 0.0028942141553254313
1.9450219978920966 	 0.002906877582660163
1.9460219978920965 	 0.0029200990077467106
1.9470219978920964 	 0.0029338676672619585
1.9480219978920963 	 0.0029481725444880187
1.9490219978920962 	 0.0029630026451867957
1.950021997892096 	 0.0029783469975397567
1.951021997892096 	 0.0029941943720399222
1.9520219978920959 	 0.003010532513880259
1.9530219978920957 	 0.0030273489480276876
1.9540219978920956 	 0.0030446312248385895
1.9550219978920955 	 0.0030623669199917594
1.9560219978920954 	 0.003080543400302128
1.9570219978920953 	 0.003099147181980343
1.9580219978920952 	 0.0031181646036522576
1.959021997892095 	 0.0031375820316759317
1.960021997892095 	 0.00315738586006939
1.9610219978920949 	 0.0031775623355900324
1.9620219978920947 	 0.003198097078436699
1.9630219978920946 	 0.0032189755848592277
1.9640219978920945 	 0.0032401833804740817
1.9650219978920944 	 0.0032617060201887904
1.9660219978920943 	 0.003283528978460685
1.9670219978920942 	 0.0033056373486475303
1.968021997892094 	 0.003328016158215111
1.969021997892094 	 0.003350650464867504
1.9700219978920939 	 0.003373525356470196
1.9710219978920938 	 0.0033966259112065515
1.9720219978920936 	 0.0034199370885072307
1.9730219978920935 	 0.0034434438433005947
1.9740219978920934 	 0.0034671311608223706
1.9750219978920933 	 0.0034909840565394827
1.9760219978920932 	 0.0035149876055509594
1.977021997892093 	 0.0035391270233034195
1.978021997892093 	 0.0035633875807726065
1.9790219978920929 	 0.0035877545785295843
1.9800219978920928 	 0.003612213346667223
1.9810219978920927 	 0.003636749339132778
1.9820219978920925 	 0.0036613483924068505
1.9830219978920924 	 0.003685996454024414
1.9840219978920923 	 0.0037106794996847976
1.9850219978920922 	 0.003735383533182538
1.986021997892092 	 0.0037600947383521306
1.987021997892092 	 0.0037847998956470922
1.9880219978920919 	 0.003809485945051785
1.9890219978920918 	 0.003834139852659675
1.9900219978920917 	 0.0038587486106099514
1.9910219978920916 	 0.003883299434975855
1.9920219978920914 	 0.003907780308260267
1.9930219978920913 	 0.003932179410251357
1.9940219978920912 	 0.003956484944308208
1.9950219978920911 	 0.003980685137304318
1.996021997892091 	 0.004004768475625169
1.997021997892091 	 0.004028724352106449
1.9980219978920908 	 0.004052542387361584
1.9990219978920907 	 0.004076212222649591
