0.0010219978922 	 0.3333333333333333
0.0020219978922 	 0.20217709921457985
0.0030219978922 	 0.20040925249457037
0.0040219978922 	 0.20012794603597664
0.0050219978922 	 0.20005219446102512
0.0060219978922 	 0.20002513224214125
0.0070219978922 	 0.20001355814993038
0.0080219978922 	 0.20000794645070955
0.009021997892200002 	 0.20000496121754452
0.010021997892200003 	 0.20000325553777035
0.011021997892200004 	 0.2000022239943653
0.012021997892200004 	 0.20000157060606
0.013021997892200005 	 0.20000114053103682
0.014021997892200006 	 0.20000084811385643
0.015021997892200007 	 0.20000064369946416
0.016021997892200008 	 0.2000004973311071
0.01702199789220001 	 0.2000003903036069
0.01802199789220001 	 0.2000003105820307
0.01902199789220001 	 0.20000025021632378
0.02002199789220001 	 0.20000020383071204
0.021021997892200012 	 0.20000016771354387
0.022021997892200013 	 0.2000001392536982
0.023021997892200014 	 0.2000001165829326
0.024021997892200015 	 0.20000009834384513
0.025021997892200016 	 0.20000008353628634
0.026021997892200017 	 0.20000007141382478
0.027021997892200018 	 0.2000000614127801
0.02802199789220002 	 0.2000000531028276
0.02902199789220002 	 0.20000004615212869
0.03002199789220002 	 0.2000000403023915
0.03102199789220002 	 0.20000003535081742
0.03202199789220002 	 0.20000003113688347
0.03302199789220002 	 0.20000002753256338
0.03402199789220002 	 0.20000002443502182
0.03502199789220002 	 0.2000000217611053
0.03602199789220002 	 0.20000001944315218
0.03702199789220002 	 0.20000001742578039
0.038021997892200024 	 0.20000001566340495
0.039021997892200025 	 0.20000001411830656
0.040021997892200026 	 0.2000000127591178
0.04102199789220003 	 0.2000000115596297
0.04202199789220003 	 0.20000001049784455
0.04302199789220003 	 0.2000000095552199
0.04402199789220003 	 0.20000000871606216
0.04502199789220003 	 0.20000000796703693
0.04602199789220003 	 0.20000000729677242
0.04702199789220003 	 0.2000000066955361
0.04802199789220003 	 0.20000000615497013
0.049021997892200034 	 0.2000000056678738
0.050021997892200035 	 0.20000000522802397
0.051021997892200036 	 0.2000000048300265
0.052021997892200036 	 0.20000000446919225
0.05302199789220004 	 0.2000000041414336
0.05402199789220004 	 0.20000000384317812
0.05502199789220004 	 0.20000000357129555
0.05602199789220004 	 0.20000000332303622
0.05702199789220004 	 0.20000000309597932
0.05802199789220004 	 0.20000000288798853
0.05902199789220004 	 0.20000000269717452
0.060021997892200044 	 0.20000000252186276
0.061021997892200044 	 0.20000000236056617
0.062021997892200045 	 0.20000000221196151
0.06302199789220005 	 0.20000000207486893
0.06402199789220005 	 0.20000000194823464
0.06502199789220005 	 0.20000000183111571
0.06602199789220005 	 0.20000000172266685
0.06702199789220005 	 0.20000000162212922
0.06802199789220005 	 0.20000000152882016
0.06902199789220005 	 0.20000000144212496
0.07002199789220005 	 0.2000000013614889
0.07102199789220005 	 0.20000000128641085
0.07202199789220005 	 0.20000000121643738
0.07302199789220006 	 0.20000000115115757
0.07402199789220006 	 0.2000000010901987
0.07502199789220006 	 0.200000001033222
0.07602199789220006 	 0.2000000009799193
0.07702199789220006 	 0.20000000093001002
0.07802199789220006 	 0.20000000088323822
0.07902199789220006 	 0.20000000083937003
0.08002199789220006 	 0.20000000079819186
0.08102199789220006 	 0.20000000075950827
0.08202199789220006 	 0.20000000072313998
0.08302199789220006 	 0.20000000068892262
0.08402199789220006 	 0.20000000065670553
0.08502199789220007 	 0.20000000062634982
0.08602199789220007 	 0.200000000597728
0.08702199789220007 	 0.20000000057072254
0.08802199789220007 	 0.20000000054522515
0.08902199789220007 	 0.2000000005211359
0.09002199789220007 	 0.20000000049836242
0.09102199789220007 	 0.20000000047681957
0.09202199789220007 	 0.2000000004564282
0.09302199789220007 	 0.20000000043711538
0.09402199789220007 	 0.20000000041881325
0.09502199789220007 	 0.20000000040145918
0.09602199789220008 	 0.20000000038499466
0.09702199789220008 	 0.20000000036936563
0.09802199789220008 	 0.2000000003545217
0.09902199789220008 	 0.20000000034041593
0.10002199789220008 	 0.20000000032700493
0.10102199789220008 	 0.20000000031424783
0.10202199789220008 	 0.2000000003021068
0.10302199789220008 	 0.20000000029054643
0.10402199789220008 	 0.2000000002795339
0.10502199789220008 	 0.2000000002690382
0.10602199789220008 	 0.20000000025903042
0.10702199789220009 	 0.20000000024948372
0.10802199789220009 	 0.20000000024037282
0.10902199789220009 	 0.20000000023167408
0.11002199789220009 	 0.2000000002233653
0.11102199789220009 	 0.20000000021542563
0.11202199789220009 	 0.20000000020783565
0.11302199789220009 	 0.200000000200577
0.11402199789220009 	 0.20000000019363254
0.11502199789220009 	 0.200000000186986
0.1160219978922001 	 0.20000000018062222
0.1170219978922001 	 0.20000000017452685
0.1180219978922001 	 0.20000000016868646
0.1190219978922001 	 0.20000000016308836
0.1200219978922001 	 0.20000000015772057
0.1210219978922001 	 0.2000000001525718
0.1220219978922001 	 0.20000000014763147
0.1230219978922001 	 0.2000000001428894
0.1240219978922001 	 0.2000000001383363
0.1250219978922001 	 0.20000000013396313
0.1260219978922001 	 0.20000000012976135
0.1270219978922001 	 0.200000000125723
0.1280219978922001 	 0.2000000001218406
0.1290219978922001 	 0.2000000001181069
0.1300219978922001 	 0.2000000001145151
0.1310219978922001 	 0.2000000001110588
0.1320219978922001 	 0.200000000107732
0.1330219978922001 	 0.20000000010452879
0.1340219978922001 	 0.20000000010144378
0.1350219978922001 	 0.20000000009847171
0.1360219978922001 	 0.20000000009560767
0.1370219978922001 	 0.20000000009284707
0.1380219978922001 	 0.20000000009018537
0.1390219978922001 	 0.20000000008761837
0.1400219978922001 	 0.20000000008479046
0.1410219978922001 	 0.20000000007126015
0.1420219978922001 	 0.20000000002598303
0.1430219978922001 	 0.19999999992868916
0.1440219978922001 	 0.19999999976043234
0.1450219978922001 	 0.19999999950350378
0.1460219978922001 	 0.19999999914135105
0.1470219978922001 	 0.19999999865850324
0.1480219978922001 	 0.19999999804050048
0.1490219978922001 	 0.19999999727382875
0.1500219978922001 	 0.1999999963458582
0.1510219978922001 	 0.19999999524478643
0.1520219978922001 	 0.1999999939595846
0.1530219978922001 	 0.199999992479948
0.1540219978922001 	 0.19999999079624878
0.15502199789220011 	 0.19999998889949286
0.15602199789220011 	 0.19999998678127842
0.15702199789220012 	 0.1999999844337582
0.15802199789220012 	 0.19999998184960333
0.15902199789220012 	 0.19999997902197014
0.16002199789220012 	 0.19999997594446842
0.16102199789220012 	 0.1999999726111322
0.16202199789220012 	 0.19999996901639205
0.16302199789220012 	 0.1999999651550495
0.16402199789220012 	 0.19999996102225254
0.16502199789220012 	 0.19999995661347306
0.16602199789220012 	 0.19999995192448547
0.16702199789220012 	 0.19999994695134676
0.16802199789220013 	 0.1999999416903777
0.16902199789220013 	 0.19999993613814543
0.17002199789220013 	 0.19999993029144658
0.17102199789220013 	 0.19999992414729192
0.17202199789220013 	 0.199999917702892
0.17302199789220013 	 0.1999999109556433
0.17402199789220013 	 0.19999990390311506
0.17502199789220013 	 0.19999989654303782
0.17602199789220013 	 0.19999988887329154
0.17702199789220013 	 0.19999988089189524
0.17802199789220013 	 0.19999987259699684
0.17902199789220014 	 0.19999986398686362
0.18002199789220014 	 0.19999985505987358
0.18102199789220014 	 0.19999984581450694
0.18202199789220014 	 0.19999983624933837
0.18302199789220014 	 0.19999982636302954
0.18402199789220014 	 0.1999998161543221
0.18502199789220014 	 0.19999980562203132
0.18602199789220014 	 0.1999997947650399
0.18702199789220014 	 0.19999978358229195
0.18802199789220014 	 0.19999977207278788
0.18902199789220014 	 0.19999976023557883
0.19002199789220015 	 0.1999997480697623
0.19102199789220015 	 0.19999973557447723
0.19202199789220015 	 0.19999972274889993
0.19302199789220015 	 0.19999970959223987
0.19402199789220015 	 0.19999969610373583
0.19502199789220015 	 0.19999968228265266
0.19602199789220015 	 0.1999996681282775
0.19702199789220015 	 0.19999965363991654
0.19802199789220015 	 0.19999963881689262
0.19902199789220015 	 0.19999962365854151
0.20002199789220015 	 0.19999960816420997
0.20102199789220015 	 0.19999959233325285
0.20202199789220016 	 0.19999957616503064
0.20302199789220016 	 0.19999955965890767
0.20402199789220016 	 0.1999995428142493
0.20502199789220016 	 0.19999952563042073
0.20602199789220016 	 0.1999995081067843
0.20702199789220016 	 0.1999994902426982
0.20802199789220016 	 0.19999947203751473
0.20902199789220016 	 0.19999945349057846
0.21002199789220016 	 0.19999943460122505
0.21102199789220016 	 0.19999941536877955
0.21202199789220016 	 0.19069555489393128
0.21302199789220017 	 0.18598304165043822
0.21402199789220017 	 0.18276468613980176
0.21502199789220017 	 0.18023765015179455
0.21602199789220017 	 0.1781323216017507
0.21702199789220017 	 0.17631842667240888
0.21802199789220017 	 0.17472113504584358
0.21902199789220017 	 0.17329273732281483
0.22002199789220017 	 0.1720005948561496
0.22102199789220017 	 0.17082121106004527
0.22202199789220017 	 0.16973700364045088
0.22302199789220017 	 0.16873441017050334
0.22402199789220018 	 0.16780270961272434
0.22502199789220018 	 0.1669332543268481
0.22602199789220018 	 0.1661189501702292
0.22702199789220018 	 0.1653538931919618
0.22802199789220018 	 0.16463310882919222
0.22902199789220018 	 0.16395236030855248
0.23002199789220018 	 0.16330800503564777
0.23102199789220018 	 0.162696885043026
0.23202199789220018 	 0.16211624210966655
0.23302199789220018 	 0.1615636510789841
0.23402199789220018 	 0.16103696681954527
0.23502199789220019 	 0.1605342815628642
0.23602199789220019 	 0.16005389023859762
0.2370219978922002 	 0.159594262047033
0.2380219978922002 	 0.1591540169492682
0.2390219978922002 	 0.1587319060734248
0.2400219978922002 	 0.15832679526789983
0.2410219978922002 	 0.15793765120508205
0.2420219978922002 	 0.1575635295682371
0.2430219978922002 	 0.15720356495224425
0.2440219978922002 	 0.1568569621838688
0.2450219978922002 	 0.15652298882520663
0.2460219978922002 	 0.15620096866909988
0.2470219978922002 	 0.15589027607081204
0.2480219978922002 	 0.15559033098834166
0.2490219978922002 	 0.1553005946261576
0.2500219978922002 	 0.1550205655951179
0.2510219978922002 	 0.15474977651585975
0.2520219978922002 	 0.15448779100475124
0.2530219978922002 	 0.15423420099114066
0.2540219978922002 	 0.15398862432256338
0.2550219978922002 	 0.15375070262110954
0.2560219978922002 	 0.1535200993595855
0.2570219978922002 	 0.15329649813062518
0.2580219978922002 	 0.15307960108569818
0.2590219978922002 	 0.15286912752414308
0.2600219978922002 	 0.15266481261504333
0.2610219978922002 	 0.15246640623703922
0.2620219978922002 	 0.15227367192310365
0.2630219978922002 	 0.15208638589896287
0.2640219978922002 	 0.1519043362052542
0.2650219978922002 	 0.15172732189472785
0.2660219978922002 	 0.1515551522968447
0.2670219978922002 	 0.15138764634302482
0.2680219978922002 	 0.1512246319465836
0.2690219978922002 	 0.1510659454320718
0.2700219978922002 	 0.15091143100932772
0.2710219978922002 	 0.15076094028806522
0.2720219978922002 	 0.15061433182927506
0.2730219978922002 	 0.15047147073011158
0.2740219978922002 	 0.15033222823928732
0.2750219978922002 	 0.15019648140030342
0.2760219978922002 	 0.150064112720117
0.2770219978922002 	 0.14993500986108413
0.2780219978922002 	 0.14980906535423266
0.2790219978922002 	 0.14968617633210554
0.2800219978922002 	 0.1495662442795845
0.2810219978922002 	 0.14944917480125466
0.2820219978922002 	 0.14933487740400223
0.2830219978922002 	 0.14922326529365978
0.28402199789220023 	 0.14911425518461885
0.28502199789220023 	 0.14900776712142638
0.28602199789220023 	 0.14890372431146875
0.28702199789220023 	 0.14880205296792415
0.28802199789220023 	 0.1487026821622343
0.28902199789220023 	 0.1486055436854103
0.29002199789220023 	 0.148510571917544
0.29102199789220023 	 0.1484177037049488
0.29202199789220024 	 0.14832687824440055
0.29302199789220024 	 0.14823803697399074
0.29402199789220024 	 0.14815112347014509
0.29502199789220024 	 0.1480660833503935
0.29602199789220024 	 0.1479828641815111
0.29702199789220024 	 0.14790141539267873
0.29802199789220024 	 0.1478216881933371
0.29902199789220024 	 0.1477436354954354
0.30002199789220024 	 0.14766721183979475
0.30102199789220024 	 0.14759237332632935
0.30202199789220024 	 0.14751907754788607
0.30302199789220025 	 0.1474472835274804
0.30402199789220025 	 0.14737695165872236
0.30502199789220025 	 0.14730804364924124
0.30602199789220025 	 0.14724052246693034
0.30702199789220025 	 0.14717435228884546
0.30802199789220025 	 0.14710949845260307
0.30902199789220025 	 0.14704592741013303
0.31002199789220025 	 0.14698360668365185
0.31102199789220025 	 0.14692250482373007
0.31202199789220025 	 0.14686259136933724
0.31302199789220025 	 0.14680383680975304
0.31402199789220026 	 0.14674621254824358
0.31502199789220026 	 0.14668969086740483
0.31602199789220026 	 0.14663424489608426
0.31702199789220026 	 0.1465798485777956
0.31802199789220026 	 0.14652647664054708
0.31902199789220026 	 0.14647410456800947
0.32002199789220026 	 0.14642270857195316
0.32102199789220026 	 0.1463722655658893
0.32202199789220026 	 0.14632275313985238
0.32302199789220026 	 0.1462741495362671
0.32402199789220026 	 0.1462264336268441
0.32502199789220027 	 0.14617958489045296
0.32602199789220027 	 0.14613358339192492
0.32702199789220027 	 0.1460884097617381
0.32802199789220027 	 0.14604404517654299
0.32902199789220027 	 0.14600047134048788
0.33002199789220027 	 0.14595767046730418
0.33102199789220027 	 0.1459156252631169
0.33202199789220027 	 0.14587431890994565
0.33302199789220027 	 0.1458337350498624
0.3340219978922003 	 0.14579385776977755
0.3350219978922003 	 0.145754671586823
0.3360219978922003 	 0.14571616143430663
0.3370219978922003 	 0.14567831264821052
0.3380219978922003 	 0.14564111095420956
0.3390219978922003 	 0.14560454245518634
0.3400219978922003 	 0.14556859361922
0.3410219978922003 	 0.145533251268029
0.3420219978922003 	 0.1454985025658464
0.3430219978922003 	 0.14546433500871006
0.3440219978922003 	 0.14543073641414853
0.3450219978922003 	 0.14539769491124707
0.3460219978922003 	 0.14536519893107563
0.3470219978922003 	 0.145333237197465
0.3480219978922003 	 0.14530179871811547
0.3490219978922003 	 0.14527087277602446
0.3500219978922003 	 0.14524044892121984
0.3510219978922003 	 0.14521051696278528
0.3520219978922003 	 0.14518106696116762
0.3530219978922003 	 0.14515208922075248
0.3540219978922003 	 0.14512357428269865
0.3550219978922003 	 0.14509551291802036
0.3560219978922003 	 0.14506789612090712
0.3570219978922003 	 0.14504071510227265
0.3580219978922003 	 0.14501396128352212
0.3590219978922003 	 0.14498762629053127
0.3600219978922003 	 0.1449617019478268
0.3610219978922003 	 0.14493618027296212
0.3620219978922003 	 0.14491105347107958
0.3630219978922003 	 0.1448863139296529
0.3640219978922003 	 0.14486195421340176
0.3650219978922003 	 0.14483796705937366
0.3660219978922003 	 0.144814345372185
0.3670219978922003 	 0.14479108221941625
0.3680219978922003 	 0.1447681708271559
0.3690219978922003 	 0.1447456045756861
0.3700219978922003 	 0.14472337699530669
0.3710219978922003 	 0.14470148176229067
0.3720219978922003 	 0.1446799126949679
0.3730219978922003 	 0.14465866374993128
0.3740219978922003 	 0.14463772901836108
0.3750219978922003 	 0.14461710272246386
0.3760219978922003 	 0.1445967792120211
0.3770219978922003 	 0.14457675296104414
0.3780219978922003 	 0.14455701856453093
0.3790219978922003 	 0.14453757073532233
0.3800219978922003 	 0.14451840430105276
0.3810219978922003 	 0.14449951420119364
0.3820219978922003 	 0.14448089548418466
0.3830219978922003 	 0.1444625433046513
0.3840219978922003 	 0.14444445292070504
0.3850219978922003 	 0.14442661969132303
0.3860219978922003 	 0.1444090390738053
0.3870219978922003 	 0.14439170662130618
0.3880219978922003 	 0.14437461798043796
0.3890219978922003 	 0.14435776888894422
0.3900219978922003 	 0.1443411551734399
0.3910219978922003 	 0.14432477274721706
0.3920219978922003 	 0.14430861760811298
0.3930219978922003 	 0.14429268583643937
0.3940219978922003 	 0.14427697359297026
0.3950219978922003 	 0.14426147711698678
0.39602199789220033 	 0.1442461927243768
0.39702199789220033 	 0.1442311168057882
0.39802199789220033 	 0.1442162458248333
0.39902199789220033 	 0.14420157631634334
0.40002199789220033 	 0.14418710488467115
0.40102199789220033 	 0.14417282820204066
0.40202199789220033 	 0.1441587430069417
0.40302199789220033 	 0.1441448461025684
0.40402199789220034 	 0.1441311343553004
0.40502199789220034 	 0.14411760469322485
0.40602199789220034 	 0.1441042541046986
0.40702199789220034 	 0.1440910796369486
0.40802199789220034 	 0.14407807839471026
0.40902199789220034 	 0.14406524753890143
0.41002199789220034 	 0.1440525842853322
0.41102199789220034 	 0.14404008590344844
0.41202199789220034 	 0.1440277497151083
0.41302199789220034 	 0.14401557309339091
0.41402199789220034 	 0.1440035534614365
0.41502199789220034 	 0.143991688291316
0.41602199789220035 	 0.14397997510293042
0.41702199789220035 	 0.14396841146293843
0.41802199789220035 	 0.1439569949837115
0.41902199789220035 	 0.14394572332160194
0.42002199789220035 	 0.14393459417938506
0.42102199789220035 	 0.14392360529882006
0.42202199789220035 	 0.14391275446541896
0.42302199789220035 	 0.14390203950522049
0.42402199789220035 	 0.1438914582839304
0.42502199789220035 	 0.14388100870617132
0.42602199789220035 	 0.14387068871462785
0.42702199789220036 	 0.14386049628920905
0.42802199789220036 	 0.14385042944623277
0.42902199789220036 	 0.14384048623762896
0.43002199789220036 	 0.14383066475016235
0.43102199789220036 	 0.14382096310467393
0.43202199789220036 	 0.1438113794553403
0.43302199789220036 	 0.1438019119889508
0.43402199789220036 	 0.14379255892420129
0.43502199789220036 	 0.14378331851100512
0.43602199789220036 	 0.1437741890298197
0.43702199789220036 	 0.14376516879098888
0.43802199789220037 	 0.1437562561341006
0.43902199789220037 	 0.14374744942735915
0.44002199789220037 	 0.14373874706697212
0.44102199789220037 	 0.14373014747655072
0.44202199789220037 	 0.1437216491065241
0.44302199789220037 	 0.14371325043356692
0.44402199789220037 	 0.14370494996003913
0.44502199789220037 	 0.14369674621343873
0.4460219978922004 	 0.14368863774586657
0.4470219978922004 	 0.1436806231335024
0.4480219978922004 	 0.143672700976093
0.4490219978922004 	 0.1436648698964508
0.4500219978922004 	 0.14365712853996365
0.4510219978922004 	 0.14364947557411503
0.4520219978922004 	 0.14364190968801394
0.4530219978922004 	 0.14363442959193554
0.4540219978922004 	 0.14362703401687052
0.4550219978922004 	 0.14361972171408427
0.4560219978922004 	 0.1436124914546851
0.4570219978922004 	 0.14360534202920094
0.4580219978922004 	 0.14359827224716507
0.4590219978922004 	 0.14359128093670936
0.4600219978922004 	 0.14358436694416687
0.4610219978922004 	 0.14357752913368044
0.4620219978922004 	 0.14357076638682092
0.4630219978922004 	 0.1435640776022109
0.4640219978922004 	 0.14355746169515685
0.4650219978922004 	 0.1435509175972877
0.4660219978922004 	 0.14354444425620005
0.4670219978922004 	 0.14353804063511036
0.4680219978922004 	 0.14353170571251264
0.4690219978922004 	 0.14352543848184346
0.4700219978922004 	 0.14351923795115148
0.4710219978922004 	 0.1435131031427741
0.4720219978922004 	 0.14350703309301854
0.4730219978922004 	 0.14350102685184915
0.4740219978922004 	 0.1434950834825793
0.4750219978922004 	 0.1434892020615688
0.4760219978922004 	 0.14348338167792588
0.4770219978922004 	 0.14347762143321385
0.4780219978922004 	 0.14347192044116264
0.4790219978922004 	 0.1434662778273841
0.4800219978922004 	 0.14346069272909243
0.4810219978922004 	 0.14345516429482763
0.4820219978922004 	 0.1434496916841836
0.4830219978922004 	 0.14344427406753965
0.4840219978922004 	 0.14343891062579578
0.4850219978922004 	 0.1434336005501116
0.4860219978922004 	 0.14342834304164723
0.4870219978922004 	 0.14342313731129688
0.4880219978922004 	 0.14341798257948882
0.4890219978922004 	 0.14341287807585731
0.4900219978922004 	 0.14340782303904984
0.4910219978922004 	 0.14340281671646932
0.4920219978922004 	 0.1433978583640335
0.4930219978922004 	 0.14339294724593624
0.4940219978922004 	 0.14338808263441075
0.4950219978922004 	 0.1433832638094949
0.4960219978922004 	 0.14337849005879888
0.4970219978922004 	 0.14337376067727417
0.4980219978922004 	 0.14336907496698434
0.4990219978922004 	 0.14336443223687736
0.5000219978922004 	 0.14335983180255937
0.5010219978922004 	 0.1433552729860695
0.5020219978922004 	 0.14335075511565604
0.5030219978922004 	 0.1433462775255534
0.5040219978922004 	 0.14334183955575983
0.5050219978922004 	 0.14333744055181627
0.5060219978922004 	 0.14333307986458518
0.5070219978922004 	 0.14332875685003038
0.5080219978922004 	 0.1433244708689965
0.5090219978922004 	 0.14332022128698932
0.5100219978922004 	 0.14331600747395543
0.5110219978922004 	 0.14331182880406237
0.5120219978922004 	 0.14330768465547794
0.5130219978922004 	 0.14330357441014924
0.5140219978922004 	 0.14329949745358148
0.5150219978922004 	 0.14329545317461542
0.5160219978922004 	 0.14329144096520444
0.5170219978922004 	 0.1432874602201902
0.5180219978922004 	 0.14328351033707748
0.5190219978922004 	 0.14327959071580715
0.5200219978922004 	 0.14327570075852802
0.5210219978922004 	 0.14327183986936676
0.5220219978922004 	 0.14326800745419582
0.5230219978922004 	 0.14326420292039985
0.5240219978922004 	 0.143260425676639
0.5250219978922004 	 0.1432566751326107
0.5260219978922004 	 0.14325295069880767
0.5270219978922004 	 0.14324925178626
0.5280219978922004 	 0.1432455778063468
0.5290219978922004 	 0.14324192817045636
0.5300219978922004 	 0.14323830228978374
0.5310219978922004 	 0.1432346995750952
0.5320219978922004 	 0.14323111943640995
0.5330219978922004 	 0.14322756128277356
0.5340219978922004 	 0.14322402452197797
0.5350219978922004 	 0.14322050856028742
0.5360219978922004 	 0.1432170128021595
0.5370219978922004 	 0.14321353664996067
0.5380219978922004 	 0.14321007950367678
0.5390219978922004 	 0.1432066407606178
0.5400219978922004 	 0.14320321981511652
0.5410219978922004 	 0.14319981605822155
0.5420219978922004 	 0.14319642887738304
0.5430219978922004 	 0.143193057656132
0.5440219978922004 	 0.14318970177375254
0.5450219978922004 	 0.14318636060494644
0.5460219978922004 	 0.14318303351948913
0.5470219978922004 	 0.14317971988186187
0.5480219978922004 	 0.14317641905096137
0.5490219978922004 	 0.1431731303792918
0.5500219978922004 	 0.1431698532121612
0.5510219978922004 	 0.14316658688797199
0.5520219978922004 	 0.14316333073795046
0.5530219978922004 	 0.14316008408573608
0.5540219978922004 	 0.14315684624696123
0.5550219978922004 	 0.1431536165288179
0.5560219978922004 	 0.14315039422961331
0.5570219978922004 	 0.14314717863831225
0.5580219978922004 	 0.1431439690340661
0.5590219978922004 	 0.14314076468572812
0.5600219978922004 	 0.14313756485135457
0.5610219978922004 	 0.14313436877769026
0.5620219978922004 	 0.1431311756996386
0.5630219978922004 	 0.1431279848397156
0.5640219978922004 	 0.14312479540748588
0.5650219978922004 	 0.14312160659898218
0.5660219978922004 	 0.14311841759610425
0.5670219978922004 	 0.14311522756598558
0.5680219978922004 	 0.14311203566041544
0.5690219978922004 	 0.14310884101508417
0.5700219978922004 	 0.1431056427489644
0.5710219978922004 	 0.1431024399635884
0.5720219978922004 	 0.14309923174231948
0.5730219978922004 	 0.14309601714959697
0.5740219978922004 	 0.14309279523015617
0.5750219978922004 	 0.14308956500822012
0.5760219978922004 	 0.14308632548666392
0.5770219978922004 	 0.14308307564614856
0.5780219978922004 	 0.1430798144442248
0.5790219978922004 	 0.1430765408144042
0.5800219978922004 	 0.14307325366519633
0.5810219978922004 	 0.1430699518791116
0.5820219978922004 	 0.14306663431162678
0.5830219978922004 	 0.14306329979011223
0.5840219978922004 	 0.14305994711271028
0.5850219978922004 	 0.14305657504721972
0.5860219978922004 	 0.1430531823298385
0.5870219978922004 	 0.14304976766396085
0.5880219978922004 	 0.1430463297188755
0.5890219978922004 	 0.1430428671284243
0.5900219978922004 	 0.14303937848959614
0.5910219978922004 	 0.14303586236113905
0.5920219978922004 	 0.14303231726196522
0.5930219978922004 	 0.14302874166964816
0.5940219978922004 	 0.14302513401878655
0.5950219978922004 	 0.1430214926993058
0.5960219978922005 	 0.14301781605470537
0.5970219978922005 	 0.14301410238022758
0.5980219978922005 	 0.14301034992095385
0.5990219978922005 	 0.14300655686982278
0.6000219978922005 	 0.14300272136556663
0.6010219978922005 	 0.1429988414905624
0.6020219978922005 	 0.1429949152685936
0.6030219978922005 	 0.14299094066251775
0.6040219978922005 	 0.14298691557183657
0.6050219978922005 	 0.14298283783016244
0.6060219978922005 	 0.1429787052025773
0.6070219978922005 	 0.14297451538287845
0.6080219978922005 	 0.14297026599070525
0.6090219978922005 	 0.1429659545685287
0.6100219978922005 	 0.14296157857857927
0.6110219978922005 	 0.14295713539949717
0.6120219978922005 	 0.14295262232298117
0.6130219978922005 	 0.1429480365502137
0.6140219978922005 	 0.14294337518814385
0.6150219978922005 	 0.14293863524560133
0.6160219978922005 	 0.14293381362922805
0.6170219978922005 	 0.1429289071392752
0.6180219978922005 	 0.14292391246510397
0.6190219978922005 	 0.14291882618058838
0.6200219978922005 	 0.14291364473924972
0.6210219978922005 	 0.14290836446917907
0.6220219978922005 	 0.14290298156772147
0.6230219978922005 	 0.14289749209591235
0.6240219978922005 	 0.14289189197265093
0.6250219978922005 	 0.1428861769685975
0.6260219978922005 	 0.14288034269978073
0.6270219978922005 	 0.14287438462089724
0.6280219978922005 	 0.14286829801828907
0.6290219978922005 	 0.14286207800258005
0.6300219978922005 	 0.14285571950095308
0.6310219978922005 	 0.14284921724904837
0.6320219978922005 	 0.142842565782462
0.6330219978922005 	 0.14283575942782156
0.6340219978922005 	 0.14282879229340587
0.6350219978922005 	 0.14282165825934998
0.6360219978922005 	 0.14281435096722772
0.6370219978922005 	 0.1428068638092754
0.6380219978922005 	 0.14279918991689827
0.6390219978922005 	 0.14279132214870438
0.6400219978922005 	 0.14278325307786346
0.6410219978922005 	 0.14277497497881877
0.6420219978922005 	 0.1427664798133014
0.6430219978922005 	 0.14275775921560593
0.6440219978922005 	 0.14274880447708466
0.6450219978922005 	 0.14273960652981177
0.6460219978922005 	 0.1427301559293693
0.6470219978922005 	 0.14272044283670035
0.6480219978922005 	 0.14271045699897317
0.6490219978922005 	 0.14270018772939555
0.6500219978922005 	 0.1426896238859137
0.6510219978922005 	 0.14267875384871648
0.6520219978922005 	 0.14266756549653814
0.6530219978922005 	 0.14265604618150685
0.6540219978922005 	 0.14264418270268805
0.6550219978922005 	 0.1426319612780544
0.6560219978922005 	 0.14261936751485663
0.6570219978922005 	 0.142606386378279
0.6580219978922005 	 0.14259300215826645
0.6590219978922005 	 0.14257919843440436
0.6600219978922005 	 0.14256495803872085
0.6610219978922005 	 0.14255026301627388
0.6620219978922005 	 0.14253509458337454
0.6630219978922005 	 0.1425194330832855
0.6640219978922005 	 0.14250325793922358
0.6650219978922005 	 0.1424865476044799
0.6660219978922005 	 0.14246927950946595
0.6670219978922005 	 0.14245143000545074
0.6680219978922005 	 0.14243297430478538
0.6690219978922005 	 0.1424138864173372
0.6700219978922005 	 0.14239413908291979
0.6710219978922005 	 0.14237370369930663
0.6720219978922005 	 0.1423525502456778
0.6730219978922005 	 0.1423306472010362
0.6740219978922005 	 0.14230796145727773
0.6750219978922005 	 0.14228445822650962
0.6760219978922005 	 0.1422601009421797
0.6770219978922005 	 0.1422348511536009
0.6780219978922005 	 0.14220866841324062
0.6790219978922005 	 0.142181510156398
0.6800219978922005 	 0.14215333157254673
0.6810219978922005 	 0.14212408546775165
0.6820219978922005 	 0.14209372211744895
0.6830219978922005 	 0.1420621891088287
0.6840219978922005 	 0.14202943117199165
0.6850219978922005 	 0.14199538999897707
0.6860219978922005 	 0.14196000404967932
0.6870219978922005 	 0.1419232083435728
0.6880219978922005 	 0.14188493423612872
0.6890219978922005 	 0.1418451091785125
0.6900219978922005 	 0.14180365645934892
0.6910219978922005 	 0.1417604949268771
0.6920219978922005 	 0.1417155386899726
0.6930219978922005 	 0.14166869679597477
0.6940219978922005 	 0.14161987288361957
0.6950219978922005 	 0.14156896480865416
0.6960219978922005 	 0.14151586423981796
0.6970219978922005 	 0.1414604562225269
0.6980219978922005 	 0.14140261870735513
0.6990219978922005 	 0.14134222204011443
0.7000219978922005 	 0.14127912841001192
0.7010219978922005 	 0.14121319125200646
0.7020219978922005 	 0.14114425459908858
0.7030219978922005 	 0.14107215237976478
0.7040219978922005 	 0.1409967076555365
0.7050219978922005 	 0.14091773179261444
0.7060219978922005 	 0.14083502356149924
0.7070219978922005 	 0.1407483681573778
0.7080219978922005 	 0.14065753613352425
0.7090219978922006 	 0.14056228223904463
0.7100219978922006 	 0.14046234415135483
0.7110219978922006 	 0.14035744109271997
0.7120219978922006 	 0.14024727231899378
0.7130219978922006 	 0.14013151546736516
0.7140219978922006 	 0.1400098247484271
0.7150219978922006 	 0.13988182896620993
0.7160219978922006 	 0.1397471293479423
0.7170219978922006 	 0.13960529716320066
0.7180219978922006 	 0.13945587110975696
0.7190219978922006 	 0.13929835444069635
0.7200219978922006 	 0.13913221180456237
0.7210219978922006 	 0.13895686576674549
0.7220219978922006 	 0.13877169297669176
0.7230219978922006 	 0.1385760199412335
0.7240219978922006 	 0.13836911835960744
0.7250219978922006 	 0.13815019997040281
0.7260219978922006 	 0.13791841085471254
0.7270219978922006 	 0.1376728251330844
0.7280219978922006 	 0.13741243798640143
0.7290219978922006 	 0.13713615792249845
0.7300219978922006 	 0.1368427982010588
0.7310219978922006 	 0.13653106731907377
0.7320219978922006 	 0.13619955844781126
0.7330219978922006 	 0.13584673769985758
0.7340219978922006 	 0.1354709310911015
0.7350219978922006 	 0.13507031004815706
0.7360219978922006 	 0.13464287529587082
0.7370219978922006 	 0.13418643894337698
0.7380219978922006 	 0.13369860457030583
0.7390219978922006 	 0.1331767450982272
0.7400219978922006 	 0.13261797821675156
0.7410219978922006 	 0.13201913912041432
0.7420219978922006 	 0.13137675030317827
0.7430219978922006 	 0.13068698815472102
0.7440219978922006 	 0.1299456461101742
0.7450219978922006 	 0.12914809412759892
0.7460219978922006 	 0.1282892343120001
0.7470219978922006 	 0.1273634525803571
0.7480219978922006 	 0.12636456638149388
0.7490219978922006 	 0.12528576866444155
0.7500219978922006 	 0.12411956855167906
0.7510219978922006 	 0.12285772954886834
0.7520219978922006 	 0.12149120664921072
0.7530219978922006 	 0.12001008441842079
0.7540219978922006 	 0.11840351913941362
0.7550219978922006 	 0.11665968943388258
0.7560219978922006 	 0.11476576155822003
0.7570219978922006 	 0.11270787790758123
0.7580219978922006 	 0.11047118028122033
0.7590219978922006 	 0.10803988329187597
0.7600219978922006 	 0.10539741804830502
0.7610219978922006 	 0.10252667194453531
0.7620219978922006 	 0.09941035695888475
0.7630219978922006 	 0.09603154595983857
0.7640219978922006 	 0.09237442338096111
0.7650219978922006 	 0.08842530186844928
0.7660219978922006 	 0.08417395780389836
0.7670219978922006 	 0.07961533242524513
0.7680219978922006 	 0.07475162666197158
0.7690219978922006 	 0.06959478053292391
0.7700219978922006 	 0.0641692653104792
0.7710219978922006 	 0.05851502340584259
0.7720219978922006 	 0.05269026692197211
0.7730219978922006 	 0.04677370125521444
0.7740219978922006 	 0.04086560143661288
0.7750219978922006 	 0.035087082626540235
0.7760219978922006 	 0.02957693498488789
0.7770219978922006 	 0.024485600783377477
0.7780219978922006 	 0.019966287587738916
0.7790219978922006 	 0.016163801673174612
0.7800219978922006 	 0.013202304976898763
0.7810219978922006 	 0.011173707200264582
0.7820219978922006 	 0.01012875793696048
0.7830219978922006 	 0.010073686518110803
0.7840219978922006 	 0.010972285763234297
0.7850219978922006 	 0.012750779811580374
0.7860219978922006 	 0.015305490823614263
0.7870219978922006 	 0.018512827844873455
0.7880219978922006 	 0.022240102460596687
0.7890219978922006 	 0.02635544672644412
0.7900219978922006 	 0.030735437557189278
0.7910219978922006 	 0.03527012857240279
0.7920219978922006 	 0.0398657104336851
0.7930219978922006 	 0.04444526290527364
0.7940219978922006 	 0.048948131086105864
0.7950219978922006 	 0.05332843055402177
0.7960219978922006 	 0.05755309882408029
0.7970219978922006 	 0.06159980300080329
0.7980219978922006 	 0.0654549104154386
0.7990219978922006 	 0.06911164389909537
0.8000219978922006 	 0.07256848005375004
0.8010219978922006 	 0.07582780602511145
0.8020219978922006 	 0.07889482395808312
0.8030219978922006 	 0.08177667813142674
0.8040219978922006 	 0.08448177379647595
0.8050219978922006 	 0.08701925589978433
0.8060219978922006 	 0.08939861792759954
0.8070219978922006 	 0.09162941457837051
0.8080219978922006 	 0.09372105591182345
0.8090219978922006 	 0.09568266449602417
0.8100219978922006 	 0.09752298059496581
0.8110219978922006 	 0.09925030348975014
0.8120219978922006 	 0.1008724595838727
0.8130219978922006 	 0.10239679003685025
0.8140219978922006 	 0.10383015235408254
0.8150219978922006 	 0.105178931695907
0.8160219978922006 	 0.10644905871552153
0.8170219978922006 	 0.10764603154836282
0.8180219978922006 	 0.10877494020168468
0.8190219978922006 	 0.1098404920717909
0.8200219978922006 	 0.11084703767977333
0.8210219978922007 	 0.11179859599050262
0.8220219978922007 	 0.11269887888450618
0.8230219978922007 	 0.1135513145043593
0.8240219978922007 	 0.11435906930887267
0.8250219978922007 	 0.11512506874941725
0.8260219978922007 	 0.11585201654069979
0.8270219978922007 	 0.11654241253894605
0.8280219978922007 	 0.11719856926817257
0.8290219978922007 	 0.11782262715338156
0.8300219978922007 	 0.11841656853064456
0.8310219978922007 	 0.11898223051006922
0.8320219978922007 	 0.119521316770017
0.8330219978922007 	 0.12003540836074293
0.8340219978922007 	 0.12052597359366655
0.8350219978922007 	 0.12099437708935468
0.8360219978922007 	 0.1214418880534443
0.8370219978922007 	 0.12186968784546671
0.8380219978922007 	 0.12227887690109546
0.8390219978922007 	 0.12267048106387793
0.8400219978922007 	 0.12304545737814758
0.8410219978922007 	 0.12340469939061521
0.8420219978922007 	 0.12374904200415737
0.8430219978922007 	 0.1240792659235805
0.8440219978922007 	 0.12439610172965675
0.8450219978922007 	 0.12470023361450076
0.8460219978922007 	 0.12499230280838554
0.8470219978922007 	 0.12527291072536623
0.8480219978922007 	 0.12554262185258472
0.8490219978922007 	 0.12580196640585328
0.8500219978922007 	 0.12605144277202943
0.8510219978922007 	 0.12629151975682537
0.8520219978922007 	 0.12652263865496446
0.8530219978922007 	 0.12674521515805154
0.8540219978922007 	 0.12695964111411248
0.8550219978922007 	 0.12716628615148057
0.8560219978922007 	 0.12736549917855064
0.8570219978922007 	 0.12755760976987432
0.8580219978922007 	 0.1277429294481212
0.8590219978922007 	 0.12792175287057145
0.8600219978922007 	 0.1280943589280286
0.8610219978922007 	 0.12826101176333554
0.8620219978922007 	 0.1284219617160398
0.8630219978922007 	 0.12857744619917516
0.8640219978922007 	 0.12872769051360342
0.8650219978922007 	 0.128872908604884
0.8660219978922007 	 0.1290133037672087
0.8670219978922007 	 0.1291490692985467
0.8680219978922007 	 0.12928038911079084
0.8690219978922007 	 0.1294074382983728
0.8700219978922007 	 0.12953038366852118
0.8710219978922007 	 0.12964938423606917
0.8720219978922007 	 0.12976459168548252
0.8730219978922007 	 0.1298761508025379
0.8740219978922007 	 0.12998419987791293
0.8750219978922007 	 0.13008887108473322
0.8760219978922007 	 0.13019029083197453
0.8770219978922007 	 0.13028858009545893
0.8780219978922007 	 0.130383854728046
0.8790219978922007 	 0.1304762257504925
0.8800219978922007 	 0.13056579962433815
0.8810219978922007 	 0.13065267850807036
0.8820219978922007 	 0.13073696049772143
0.8830219978922007 	 0.13081873985296635
0.8840219978922007 	 0.13089810720970543
0.8850219978922007 	 0.13097514978004365
0.8860219978922007 	 0.13104995154051113
0.8870219978922007 	 0.1311225934093056
0.8880219978922007 	 0.13119315341328253
0.8890219978922007 	 0.13126170684536592
0.8900219978922007 	 0.1313283264130056
0.8910219978922007 	 0.13139308237826328
0.8920219978922007 	 0.13145604269006994
0.8930219978922007 	 0.13151727310916103
0.8940219978922007 	 0.13157683732616166
0.8950219978922007 	 0.1316347970732668
0.8960219978922007 	 0.13169121222992017
0.8970219978922007 	 0.1317461409229087
0.8980219978922007 	 0.13179963962120075
0.8990219978922007 	 0.13185176322590167
0.9000219978922007 	 0.13190256515564067
0.9010219978922007 	 0.13195209742769773
0.9020219978922007 	 0.1320004107351611
0.9030219978922007 	 0.13204755452037809
0.9040219978922007 	 0.13209357704506655
0.9050219978922007 	 0.13213852545705745
0.9060219978922007 	 0.13218244585429617
0.9070219978922007 	 0.13222538334602582
0.9080219978922007 	 0.13226738211150862
0.9090219978922007 	 0.13230848545645835
0.9100219978922007 	 0.1323487358673999
0.9110219978922007 	 0.13238817506414213
0.9120219978922007 	 0.13242684405056357
0.9130219978922007 	 0.1324647831638797
0.9140219978922007 	 0.13250203212258493
0.9150219978922007 	 0.13253863007323494
0.9160219978922007 	 0.13257461563624123
0.9170219978922007 	 0.13261002695084004
0.9180219978922007 	 0.13264490171940727
0.9190219978922007 	 0.13267927725127127
0.9200219978922007 	 0.13271319050618843
0.9210219978922007 	 0.13274667813763757
0.9220219978922007 	 0.13277977653609035
0.9230219978922007 	 0.13281252187241818
0.9240219978922007 	 0.1328449501415877
0.9250219978922007 	 0.13287709720681332
0.9260219978922007 	 0.13290899884432314
0.9270219978922007 	 0.13294069078890527
0.9280219978922007 	 0.13297220878040406
0.9290219978922007 	 0.13300358861134784
0.9300219978922007 	 0.13303486617586566
0.9310219978922007 	 0.13306607752012634
0.9320219978922007 	 0.13309725889443288
0.9330219978922007 	 0.1331284468072393
0.9340219978922008 	 0.13315967808126786
0.9350219978922008 	 0.13319098991197126
0.9360219978922008 	 0.13322241992857947
0.9370219978922008 	 0.13325400625799774
0.9380219978922008 	 0.1332857875918194
0.9390219978922008 	 0.13331780325676987
0.9400219978922008 	 0.13335009328889108
0.9410219978922008 	 0.1333826985118166
0.9420219978922008 	 0.1334156606195125
0.9430219978922008 	 0.1334490222638889
0.9440219978922008 	 0.1334828271477306
0.9450219978922008 	 0.1335171201234122
0.9460219978922008 	 0.13355194729793227
0.9470219978922008 	 0.1335873561448733
0.9480219978922008 	 0.13362339562406048
0.9490219978922008 	 0.13366011630714736
0.9500219978922008 	 0.13369757052091047
0.9510219978922008 	 0.1337358124820591
0.9520219978922008 	 0.13377489846574808
0.9530219978922008 	 0.13381488696786353
0.9540219978922008 	 0.13385583888832564
0.9550219978922008 	 0.13389781772655554
0.9560219978922008 	 0.13394088979150803
0.9570219978922008 	 0.13398512443036525
0.9580219978922008 	 0.13403059427371694
0.9590219978922008 	 0.13407737550199533
0.9600219978922008 	 0.1341255481331488
0.9610219978922008 	 0.13417519633660552
0.9620219978922008 	 0.13422640877135608
0.9630219978922008 	 0.1342792789555164
0.9640219978922008 	 0.13433390566745118
0.9650219978922008 	 0.1343903933827278
0.9660219978922008 	 0.13444885275033192
0.9670219978922008 	 0.1345094011121471
0.9680219978922008 	 0.1345721630700803
0.9690219978922008 	 0.1346372711056321
0.9700219978922008 	 0.1347048662572256
0.9710219978922008 	 0.13477509886103692
0.9720219978922008 	 0.13484812936162627
0.9730219978922008 	 0.1349241291991102
0.9740219978922008 	 0.13500328178014573
0.9750219978922008 	 0.13508578354046683
0.9760219978922008 	 0.13517184510683872
0.9770219978922008 	 0.13526169256426313
0.9780219978922008 	 0.1353555688555386
0.9790219978922008 	 0.13545373524792179
0.9800219978922008 	 0.13555647303319593
0.9810219978922008 	 0.13566408524245924
0.9820219978922008 	 0.1357768985734469
0.9830219978922008 	 0.13589526541409996
0.9840219978922008 	 0.13601956598350198
0.9850219978922008 	 0.13615021055601575
0.9860219978922008 	 0.13628764172083369
0.9870219978922008 	 0.13643233659907225
0.9880219978922008 	 0.1365666837110865
0.9890219978922008 	 0.13667022663941872
0.9900219978922008 	 0.13675425102157665
0.9910219978922008 	 0.13681970224670867
0.9920219978922008 	 0.13686524962370716
0.9930219978922008 	 0.13688822108065246
0.9940219978922008 	 0.13688474385872665
0.9950219978922008 	 0.1368496435946546
0.9960219978922008 	 0.13673375478865435
0.9970219978922008 	 0.13650192206924372
0.9980219978922008 	 0.13615585376476394
0.9990219978922008 	 0.1356777322418714
1.0000219978922007 	 0.13504140839674666
1.0010219978922006 	 0.13421226537649675
1.0020219978922005 	 0.1331455869593112
1.0030219978922004 	 0.13178407605369669
1.0040219978922003 	 0.13005459268361919
1.0050219978922001 	 0.12786412013169277
1.0060219978922 	 0.12509509131866464
1.0070219978922 	 0.12160056105627469
1.0080219978921998 	 0.11720046774500413
1.0090219978921997 	 0.1116816858874519
1.0100219978921996 	 0.1048071013769044
1.0110219978921995 	 0.09634271565212052
1.0120219978921994 	 0.08611583530459194
1.0130219978921993 	 0.07411758294525757
1.0140219978921992 	 0.0606492922046414
1.015021997892199 	 0.04647170061197724
1.016021997892199 	 0.03285136645480301
1.0170219978921988 	 0.02136938116445009
1.0180219978921987 	 0.013462902744983163
1.0190219978921986 	 0.009908391860456736
1.0200219978921985 	 0.010575151862362393
1.0210219978921984 	 0.014636733486130541
1.0220219978921983 	 0.020956157638964308
1.0230219978921982 	 0.028462780321658936
1.024021997892198 	 0.036336142201385424
1.025021997892198 	 0.044042293800106005
1.0260219978921978 	 0.051279812683208886
1.0270219978921977 	 0.05790946777441629
1.0280219978921976 	 0.06389229113348746
1.0290219978921975 	 0.06924581054167764
1.0300219978921974 	 0.07401576864486736
1.0310219978921973 	 0.07825932411481794
1.0320219978921972 	 0.08203566155497596
1.033021997892197 	 0.08540115092875818
1.034021997892197 	 0.08840714469821936
1.0350219978921968 	 0.09109924304137464
1.0360219978921967 	 0.09351733070034643
1.0370219978921966 	 0.09569598675789982
1.0380219978921965 	 0.09766504549934388
1.0390219978921964 	 0.09945018999756072
1.0400219978921963 	 0.10107351898256337
1.0410219978921962 	 0.10255406042472472
1.042021997892196 	 0.10390822302295027
1.043021997892196 	 0.10515018595852153
1.0440219978921959 	 0.10629223163177448
1.0450219978921957 	 0.10734502782442179
1.0460219978921956 	 0.10831786606715635
1.0470219978921955 	 0.10921886265024042
1.0480219978921954 	 0.11005512804441066
1.0490219978921953 	 0.11083290978403582
1.0500219978921952 	 0.1115577131083074
1.051021997892195 	 0.11223440299711243
1.052021997892195 	 0.11286729064596752
1.0530219978921949 	 0.11346020692848509
1.0540219978921948 	 0.11401656494408964
1.0550219978921946 	 0.1145394134230552
1.0560219978921945 	 0.11503148243653964
1.0570219978921944 	 0.11549522262746478
1.0580219978921943 	 0.11593283896989995
1.0590219978921942 	 0.11634631989732372
1.060021997892194 	 0.1167374625011784
1.061021997892194 	 0.11710789438652308
1.0620219978921939 	 0.11745909043806273
1.0630219978921938 	 0.11779236680943378
1.0640219978921936 	 0.11810894928246629
1.0650219978921935 	 0.11840995740775953
1.0660219978921934 	 0.11869641339609141
1.0670219978921933 	 0.11896925315358921
1.0680219978921932 	 0.11922933520350894
1.069021997892193 	 0.11947744841603337
1.070021997892193 	 0.11971431883945732
1.0710219978921929 	 0.1199406157071456
1.0720219978921928 	 0.1201569568134495
1.0730219978921927 	 0.1203639132693079
1.0740219978921925 	 0.12056201375931916
1.0750219978921924 	 0.12075174834546519
1.0760219978921923 	 0.12093357187300796
1.0770219978921922 	 0.12110790703460005
1.078021997892192 	 0.12127514711013038
1.079021997892192 	 0.12143565844853141
1.0800219978921919 	 0.12158978269762503
1.0810219978921918 	 0.12173783882766552
1.0820219978921917 	 0.12188012494699975
1.0830219978921916 	 0.12201691996076418
1.0840219978921914 	 0.12214848507650092
1.0850219978921913 	 0.12227506515494849
1.0860219978921912 	 0.12239688996941527
1.0870219978921911 	 0.12251417532130249
1.088021997892191 	 0.12262712407396954
1.089021997892191 	 0.12273592710177826
1.0900219978921908 	 0.12284076415242713
1.0910219978921907 	 0.12294180462961041
1.0920219978921906 	 0.12303920831863177
1.0930219978921905 	 0.12313312604942717
1.0940219978921903 	 0.1232237003255889
1.0950219978921902 	 0.12331106585404819
1.0960219978921901 	 0.12339535008593325
1.09702199789219 	 0.12347667369137115
1.09802199789219 	 0.12355515098820108
1.0990219978921898 	 0.12363089036168227
1.1000219978921897 	 0.12370399460352327
1.1010219978921896 	 0.12377456144939554
1.1020219978921895 	 0.12384269087205184
1.1030219978921894 	 0.1239084680818077
1.1040219978921892 	 0.12397197220102953
1.1050219978921891 	 0.12403327975115336
1.106021997892189 	 0.12409246480175389
1.107021997892189 	 0.12414959913344968
1.1080219978921888 	 0.12420475236226984
1.1090219978921887 	 0.1242579920732783
1.1100219978921886 	 0.12430938394398738
1.1110219978921885 	 0.12435899184235355
1.1120219978921884 	 0.12440687621721479
1.1130219978921883 	 0.1244530894309475
1.1140219978921881 	 0.12449768079959603
1.115021997892188 	 0.12454069817223927
1.116021997892188 	 0.12458218803470904
1.1170219978921878 	 0.12462219555308018
1.1180219978921877 	 0.12466076466707499
1.1190219978921876 	 0.12469793815143931
1.1200219978921875 	 0.1247337576644616
1.1210219978921874 	 0.12476826382848752
1.1220219978921873 	 0.12480149530804743
1.1230219978921872 	 0.12483348631402971
1.124021997892187 	 0.12486426930202589
1.125021997892187 	 0.12489387588287768
1.1260219978921868 	 0.12492233683118827
1.1270219978921867 	 0.12494968214871438
1.1280219978921866 	 0.12497594108391931
1.1290219978921865 	 0.12500114219106437
1.1300219978921864 	 0.12502531332908576
1.1310219978921863 	 0.12504848173477776
1.1320219978921862 	 0.12507067341038014
1.133021997892186 	 0.1250919115482908
1.134021997892186 	 0.12511221823808866
1.1350219978921858 	 0.1251314526619613
1.1360219978921857 	 0.12514996784479163
1.1370219978921856 	 0.12516761450118227
1.1380219978921855 	 0.12518441271493336
1.1390219978921854 	 0.12520038211413018
1.1400219978921853 	 0.12521554191107823
1.1410219978921852 	 0.12522991088535404
1.142021997892185 	 0.12524350706746007
1.143021997892185 	 0.12525634669255833
1.1440219978921848 	 0.12526844531247044
1.1450219978921847 	 0.1252798181200727
1.1460219978921846 	 0.1252904799874988
1.1470219978921845 	 0.12530044544478808
1.1480219978921844 	 0.12530972872934262
1.1490219978921843 	 0.1253183437819622
1.1500219978921842 	 0.1253263042414853
1.151021997892184 	 0.12533362349303653
1.152021997892184 	 0.125340314400549
1.1530219978921838 	 0.12534638867432113
1.1540219978921837 	 0.12535185755817438
1.1550219978921836 	 0.12535673207174683
1.1560219978921835 	 0.1253610230028554
1.1570219978921834 	 0.12536474091545338
1.1580219978921833 	 0.12536789617846103
1.1590219978921832 	 0.1253704989379337
1.160021997892183 	 0.1253725591651606
1.161021997892183 	 0.12537408662846566
1.1620219978921829 	 0.12537509076520956
1.1630219978921827 	 0.12537558026273718
1.1640219978921826 	 0.1253755634903432
1.1650219978921825 	 0.12537504867096202
1.1660219978921824 	 0.1253740438493934
1.1670219978921823 	 0.1253725569348881
1.1680219978921822 	 0.12537059568975167
1.169021997892182 	 0.12536816771718412
1.170021997892182 	 0.12536528050351414
1.1710219978921819 	 0.12536194138712836
1.1720219978921818 	 0.12535815749291054
1.1730219978921816 	 0.1253539354588267
1.1740219978921815 	 0.12534928172912202
1.1750219978921814 	 0.12534420263351417
1.1760219978921813 	 0.12533870437198827
1.1770219978921812 	 0.12533279305578082
1.178021997892181 	 0.12532647467531496
1.179021997892181 	 0.1253197551239423
1.1800219978921809 	 0.12531264020111946
1.1810219978921808 	 0.12530513559662632
1.1820219978921807 	 0.12529724687142824
1.1830219978921805 	 0.1252889793084203
1.1840219978921804 	 0.12528033748748263
1.1850219978921803 	 0.12527132706692454
1.1860219978921802 	 0.12526195217592642
1.18702199789218 	 0.12525221819514917
1.18802199789218 	 0.12524213035014126
1.1890219978921799 	 0.12523169337694168
1.1900219978921798 	 0.1252209119471132
1.1910219978921797 	 0.12520979065074292
1.1920219978921796 	 0.1251983340069637
1.1930219978921794 	 0.12518654643010374
1.1940219978921793 	 0.12517443224212924
1.1950219978921792 	 0.12516199571741704
1.1960219978921791 	 0.12514924106573436
1.197021997892179 	 0.1251361724260507
1.198021997892179 	 0.12512279388723235
1.1990219978921788 	 0.12510910947048895
1.2000219978921787 	 0.1250951231516385
1.2010219978921786 	 0.12508083884567373
1.2020219978921785 	 0.12506626043188926
1.2030219978921783 	 0.12505139183668892
1.2040219978921782 	 0.1250362369580521
1.2050219978921781 	 0.12502079962647866
1.206021997892178 	 0.12500508364415874
1.207021997892178 	 0.12498909274817127
1.2080219978921778 	 0.12497283064182867
1.2090219978921777 	 0.12495630097691852
1.2100219978921776 	 0.12493950735444716
1.2110219978921775 	 0.12492245334095971
1.2120219978921773 	 0.12490514251981834
1.2130219978921772 	 0.12488757863172742
1.2140219978921771 	 0.12486976544358824
1.215021997892177 	 0.1248517066796576
1.216021997892177 	 0.12483340601446455
1.2170219978921768 	 0.1248148670929126
1.2180219978921767 	 0.12479609351173122
1.2190219978921766 	 0.12477708883931812
1.2200219978921765 	 0.12475785660888462
1.2210219978921764 	 0.12473840029978861
1.2220219978921762 	 0.12471872346488597
1.2230219978921761 	 0.1246988299672665
1.224021997892176 	 0.12467872370645192
1.225021997892176 	 0.12465840855298196
1.2260219978921758 	 0.1246378883487447
1.2270219978921757 	 0.12461716688788195
1.2280219978921756 	 0.12459624794271172
1.2290219978921755 	 0.12457513525285259
1.2300219978921754 	 0.12455383251396945
1.2310219978921753 	 0.12453234340512694
1.2320219978921751 	 0.1245106716875489
1.233021997892175 	 0.12448882158779413
1.234021997892175 	 0.12446679741061946
1.2350219978921748 	 0.12444460342946112
1.2360219978921747 	 0.12442224388657633
1.2370219978921746 	 0.12439972299282137
1.2380219978921745 	 0.12437704492854838
1.2390219978921744 	 0.12435421384408492
1.2400219978921743 	 0.12433123386002502
1.2410219978921742 	 0.1243081090672731
1.242021997892174 	 0.1242848436944052
1.243021997892174 	 0.12426144256851752
1.2440219978921738 	 0.12423791063370968
1.2450219978921737 	 0.1242142528041852
1.2460219978921736 	 0.12419047396418127
1.2470219978921735 	 0.12416657896741165
1.2480219978921734 	 0.12414257263804748
1.2490219978921733 	 0.12411845977113767
1.2500219978921732 	 0.12409424513277877
1.251021997892173 	 0.12406993345995108
1.252021997892173 	 0.1240455296643607
1.2530219978921728 	 0.12402103939173822
1.2540219978921727 	 0.12399646844509928
1.2550219978921726 	 0.12397182258941257
1.2560219978921725 	 0.12394710756198014
1.2570219978921724 	 0.1239223290688535
1.2580219978921723 	 0.12389749278602162
1.2590219978921722 	 0.12387260435983492
1.260021997892172 	 0.12384766940709278
1.261021997892172 	 0.12382269351467898
1.2620219978921718 	 0.12379768247350502
1.2630219978921717 	 0.12377264292440204
1.2640219978921716 	 0.12374758168301343
1.2650219978921715 	 0.12372250553365473
1.2660219978921714 	 0.12369742122884038
1.2670219978921713 	 0.12367233548788951
1.2680219978921712 	 0.12364725499849843
1.269021997892171 	 0.1236221864172501
1.270021997892171 	 0.12359713636965663
1.2710219978921709 	 0.12357211144957621
1.2720219978921707 	 0.1235471184679332
1.2730219978921706 	 0.12352216514102922
1.2740219978921705 	 0.12349725937159828
1.2750219978921704 	 0.12347240902922937
1.2760219978921703 	 0.12344762194966438
1.2770219978921702 	 0.1234229059328081
1.27802199789217 	 0.12339826874490599
1.27902199789217 	 0.1233737181192337
1.2800219978921699 	 0.1233492617561348
1.2810219978921698 	 0.12332490732217637
1.2820219978921696 	 0.12330066269226574
1.2830219978921695 	 0.12327653657484763
1.2840219978921694 	 0.12325253787284916
1.2850219978921693 	 0.12322867544740676
1.2860219978921692 	 0.12320495812388348
1.287021997892169 	 0.12318139468904833
1.288021997892169 	 0.12315799389418829
1.2890219978921689 	 0.12313476445610624
1.2900219978921688 	 0.12311171500127022
1.2910219978921686 	 0.1230888539514358
1.2920219978921685 	 0.12306619006674202
1.2930219978921684 	 0.12304373276552764
1.2940219978921683 	 0.12302149158726086
1.2950219978921682 	 0.12299947603632581
1.296021997892168 	 0.12297769557999239
1.297021997892168 	 0.12295615964461559
1.2980219978921679 	 0.12293487762028944
1.2990219978921678 	 0.12291385880566554
1.3000219978921677 	 0.12289311204570617
1.3010219978921675 	 0.12287264651071061
1.3020219978921674 	 0.12285247149263426
1.3030219978921673 	 0.12283259646024225
1.3040219978921672 	 0.12281303089740356
1.305021997892167 	 0.12279378425342138
1.306021997892167 	 0.12277486594151542
1.3070219978921669 	 0.12275628533189392
1.3080219978921668 	 0.12273805175943284
1.3090219978921667 	 0.12272017452540744
1.3100219978921666 	 0.12270266289758633
1.3110219978921664 	 0.12268552610813108
1.3120219978921663 	 0.12266877320290212
1.3130219978921662 	 0.12265241265721302
1.3140219978921661 	 0.12263645278951828
1.315021997892166 	 0.12262090188750403
1.316021997892166 	 0.12260576820451302
1.3170219978921658 	 0.12259105995083816
1.3180219978921657 	 0.12257678530375166
1.3190219978921656 	 0.1225629524110448
1.3200219978921655 	 0.12254956939158433
1.3210219978921653 	 0.1225366443309307
1.3220219978921652 	 0.12252418485084342
1.3230219978921651 	 0.12251219697049665
1.324021997892165 	 0.12250068631543412
1.325021997892165 	 0.12248965848701092
1.3260219978921648 	 0.12247911905692384
1.3270219978921647 	 0.12246907355334972
1.3280219978921646 	 0.12245952747140199
1.3290219978921645 	 0.12245048630225458
1.3300219978921644 	 0.12244195549805423
1.3310219978921642 	 0.12243388895564003
1.3320219978921641 	 0.12242617977619774
1.333021997892164 	 0.12241889541752873
1.334021997892164 	 0.12241205545627676
1.3350219978921638 	 0.12240566929702353
1.3360219978921637 	 0.12239974261264246
1.3370219978921636 	 0.12239427923623858
1.3380219978921635 	 0.12238928190113042
1.3390219978921634 	 0.12238475264050627
1.3400219978921633 	 0.1223806930035344
1.3410219978921631 	 0.12237710417774103
1.342021997892163 	 0.1223739859882539
1.343021997892163 	 0.12237133409199615
1.3440219978921628 	 0.12236914306021522
1.3450219978921627 	 0.12236740733887609
1.3460219978921626 	 0.12236612126013956
1.3470219978921625 	 0.12236527902346864
1.3480219978921624 	 0.12236487475727092
1.3490219978921623 	 0.12236490254786735
1.3500219978921622 	 0.12236535645572601
1.351021997892162 	 0.12236623051136432
1.352021997892162 	 0.12236751741849851
1.3530219978921618 	 0.12236920515634124
1.3540219978921617 	 0.12237128063017098
1.3550219978921616 	 0.12237373079390852
1.3560219978921615 	 0.12237654263985862
1.3570219978921614 	 0.12237970315111672
1.3580219978921613 	 0.1223831993878956
1.3590219978921612 	 0.12238701853070144
1.360021997892161 	 0.12239114789923185
1.361021997892161 	 0.12239557494606863
1.3620219978921608 	 0.12240028592300806
1.3630219978921607 	 0.12240526251112643
1.3640219978921606 	 0.12241048551696533
1.3650219978921605 	 0.12241593601804887
1.3660219978921604 	 0.1224215953540684
1.3670219978921603 	 0.12242744505732729
1.3680219978921602 	 0.12243346699873643
1.36902199789216 	 0.12243964346310635
1.37002199789216 	 0.12244595718820882
1.3710219978921598 	 0.12245239136611635
1.3720219978921597 	 0.12245892853239317
1.3730219978921596 	 0.12246554790620444
1.3740219978921595 	 0.12247222843981866
1.3750219978921594 	 0.12247894977554573
1.3760219978921593 	 0.12248569225454828
1.3770219978921592 	 0.12249243685357435
1.378021997892159 	 0.12249916536070249
1.379021997892159 	 0.12250586046380171
1.3800219978921588 	 0.12251250580376483
1.3810219978921587 	 0.12251908599474338
1.3820219978921586 	 0.12252558601715272
1.3830219978921585 	 0.12253198974079008
1.3840219978921584 	 0.12253828166787334
1.3850219978921583 	 0.12254444739017735
1.3860219978921582 	 0.12255047372677615
1.387021997892158 	 0.12255634865786703
1.388021997892158 	 0.12256206133382531
1.3890219978921579 	 0.12256760205175736
1.3900219978921577 	 0.12257296221774035
1.3910219978921576 	 0.1225781343181051
1.3920219978921575 	 0.12258311189384473
1.3930219978921574 	 0.12258788930025218
1.3940219978921573 	 0.12259246162110857
1.3950219978921572 	 0.12259682453919148
1.396021997892157 	 0.1226009741937311
1.397021997892157 	 0.12260490707310347
1.3980219978921569 	 0.12260861968709118
1.3990219978921568 	 0.12261210828257833
1.4000219978921566 	 0.12261536856985625
1.4010219978921565 	 0.1226183954511708
1.4020219978921564 	 0.12262118327786795
1.4030219978921563 	 0.12262372681955806
1.4040219978921562 	 0.12262601949580913
1.405021997892156 	 0.12262805262129177
1.406021997892156 	 0.12262981510235502
1.4070219978921559 	 0.1226312931734302
1.4080219978921558 	 0.12263247009854254
1.4090219978921557 	 0.12263332592852917
1.4100219978921555 	 0.12263383730973652
1.4110219978921554 	 0.12263397732101253
1.4120219978921553 	 0.1226337162830787
1.4130219978921552 	 0.12263302401134023
1.414021997892155 	 0.12263186744238076
1.415021997892155 	 0.12263020996384162
1.4160219978921549 	 0.12262801155805551
1.4170219978921548 	 0.12262522899569267
1.4180219978921547 	 0.12262181612378553
1.4190219978921546 	 0.1226177241880185
1.4200219978921544 	 0.12261290218998215
1.4210219978921543 	 0.1226072972525931
1.4220219978921542 	 0.12260085598775329
1.4230219978921541 	 0.1225935277478096
1.424021997892154 	 0.12258526216824366
1.425021997892154 	 0.12257600870288034
1.4260219978921538 	 0.12256571700423802
1.4270219978921537 	 0.12255433725246148
1.4280219978921536 	 0.12254182056029334
1.4290219978921535 	 0.12252811930426388
1.4300219978921533 	 0.12251318740359307
1.4310219978921532 	 0.12249698053319169
1.4320219978921531 	 0.12247945726554352
1.433021997892153 	 0.12246058185119671
1.434021997892153 	 0.12244032171273488
1.4350219978921528 	 0.12241864654111571
1.4360219978921527 	 0.12239552833338668
1.4370219978921526 	 0.12237094132374668
1.4380219978921525 	 0.12234486203233408
1.4390219978921523 	 0.12231726923276083
1.4400219978921522 	 0.12228814387985122
1.4410219978921521 	 0.12225746899253623
1.442021997892152 	 0.12222523030295253
1.443021997892152 	 0.12219141848648975
1.4440219978921518 	 0.12215602668148212
1.4450219978921517 	 0.12211904963415332
1.4460219978921516 	 0.122080483543013
1.4470219978921515 	 0.1220403258510967
1.4480219978921514 	 0.12199857519827385
1.4490219978921512 	 0.12195523132460613
1.4500219978921511 	 0.12191029494833863
1.451021997892151 	 0.12186376762457805
1.452021997892151 	 0.12181565218941816
1.4530219978921508 	 0.12176595446920746
1.4540219978921507 	 0.12171468139660298
1.4550219978921506 	 0.12166184036925407
1.4560219978921505 	 0.12160743913449742
1.4570219978921504 	 0.12155148562905696
1.4580219978921503 	 0.12149398800535847
1.4590219978921501 	 0.12143495459859535
1.46002199789215 	 0.12137439387543827
1.46102199789215 	 0.12131231435735831
1.4620219978921498 	 0.12124872495841567
1.4630219978921497 	 0.1211836362465192
1.4640219978921496 	 0.12111705914024892
1.4650219978921495 	 0.12104900448795808
1.4660219978921494 	 0.12097948299290653
1.4670219978921493 	 0.12090850505746426
1.4680219978921492 	 0.12083608090818504
1.469021997892149 	 0.12076222062259705
1.470021997892149 	 0.1206869341172231
1.4710219978921488 	 0.1206102311247264
1.4720219978921487 	 0.12053212146440132
1.4730219978921486 	 0.12045261593210198
1.4740219978921485 	 0.12037172540247942
1.4750219978921484 	 0.12028946055063344
1.4760219978921483 	 0.12020583179964064
1.4770219978921482 	 0.12012084918091967
1.478021997892148 	 0.12003452248318336
1.479021997892148 	 0.119946861341697
1.4800219978921478 	 0.11985787507163947
1.4810219978921477 	 0.11976757290148975
1.4820219978921476 	 0.11967596398589103
1.4830219978921475 	 0.11958305818004268
1.4840219978921474 	 0.11948886536733304
1.4850219978921473 	 0.11939339525188762
1.4860219978921472 	 0.11929665731755604
1.487021997892147 	 0.11919866070741987
1.488021997892147 	 0.1190994143630833
1.4890219978921468 	 0.11899892707097182
1.4900219978921467 	 0.11889720746807675
1.4910219978921466 	 0.11879426403062754
1.4920219978921465 	 0.11869010526469606
1.4930219978921464 	 0.11858474039374405
1.4940219978921463 	 0.11847817871008746
1.4950219978921462 	 0.11837042937680237
1.496021997892146 	 0.11826150139328416
1.497021997892146 	 0.11815140349199948
1.4980219978921459 	 0.11804014425930709
1.4990219978921457 	 0.11792773217570614
1.5000219978921456 	 0.11781417562088835
1.5010219978921455 	 0.11769948285793849
1.5020219978921454 	 0.1175836622575785
1.5030219978921453 	 0.11746672311619126
1.5040219978921452 	 0.11734867485508929
1.505021997892145 	 0.1172295268815324
1.506021997892145 	 0.11710928842342094
1.5070219978921449 	 0.11698796857729801
1.5080219978921447 	 0.11686557634682891
1.5090219978921446 	 0.11674212066329884
1.5100219978921445 	 0.11661761039132207
1.5110219978921444 	 0.11649205432081076
1.5120219978921443 	 0.1163654615057369
1.5130219978921442 	 0.11623784228934733
1.514021997892144 	 0.1161092072643172
1.515021997892144 	 0.11597956695620905
1.5160219978921439 	 0.11584893182610395
1.5170219978921438 	 0.11571731227214994
1.5180219978921436 	 0.11558471863474512
1.5190219978921435 	 0.11545116120048028
1.5200219978921434 	 0.11531665020559322
1.5210219978921433 	 0.11518119574431372
1.5220219978921432 	 0.11504480819694525
1.523021997892143 	 0.1149074999834777
1.524021997892143 	 0.11476928390219547
1.5250219978921429 	 0.11463017263711757
1.5260219978921428 	 0.1144901688039149
1.5270219978921427 	 0.11434927838420068
1.5280219978921425 	 0.11420751363817695
1.5290219978921424 	 0.11406488677189125
1.5300219978921423 	 0.11392140964740775
1.5310219978921422 	 0.11377709427025441
1.532021997892142 	 0.11363195354591009
1.533021997892142 	 0.11348600261367225
1.5340219978921419 	 0.11333925708463458
1.5350219978921418 	 0.11319173249994355
1.5360219978921417 	 0.11304344443365547
1.5370219978921416 	 0.11289440868425599
1.5380219978921414 	 0.11274464108433087
1.5390219978921413 	 0.11259415743577865
1.5400219978921412 	 0.11244297352383638
1.5410219978921411 	 0.11229110523331771
1.542021997892141 	 0.1121385695454746
1.543021997892141 	 0.11198538616115447
1.5440219978921408 	 0.11183157539137675
1.5450219978921407 	 0.1116771575587495
1.5460219978921406 	 0.11152215315395601
1.5470219978921405 	 0.11136658322899935
1.5480219978921403 	 0.11121046902534908
1.5490219978921402 	 0.11105383188114959
1.5500219978921401 	 0.1108966932611558
1.55102199789214 	 0.11073907496294916
1.55202199789214 	 0.11058100036227324
1.5530219978921398 	 0.1104224959575213
1.5540219978921397 	 0.11026358912251177
1.5550219978921396 	 0.1101043074817748
1.5560219978921395 	 0.10994467918323474
1.5570219978921394 	 0.10978473352094638
1.5580219978921392 	 0.10962450038312878
1.5590219978921391 	 0.10946401010144517
1.560021997892139 	 0.10930329352241724
1.561021997892139 	 0.10914238230934929
1.5620219978921388 	 0.10898131037235141
1.5630219978921387 	 0.10882011497806784
1.5640219978921386 	 0.10865883464060079
1.5650219978921385 	 0.10849750855551958
1.5660219978921384 	 0.10833617691763862
1.5670219978921383 	 0.10817488167933367
1.5680219978921381 	 0.10801340409551129
1.569021997892138 	 0.10785157010359628
1.570021997892138 	 0.1076896162665353
1.5710219978921378 	 0.10752763639480083
1.5720219978921377 	 0.10736569995259622
1.5730219978921376 	 0.10720386684695915
1.5740219978921375 	 0.10704218989242435
1.5750219978921374 	 0.10688071523918757
1.5760219978921373 	 0.10671948213822986
1.5770219978921372 	 0.10655852233426939
1.578021997892137 	 0.10639785650130955
1.579021997892137 	 0.10623749058469938
1.5800219978921368 	 0.10607741150176588
1.5810219978921367 	 0.10591758234549825
1.5820219978921366 	 0.10575793748887449
1.5830219978921365 	 0.10559837505823126
1.5840219978921364 	 0.10543875018909818
1.5850219978921363 	 0.10527886974195286
1.5860219978921362 	 0.10511849010156891
1.587021997892136 	 0.10495732023678783
1.588021997892136 	 0.10479502937277213
1.5890219978921358 	 0.10463126438831653
1.5900219978921357 	 0.10446567735787526
1.5910219978921356 	 0.10429796242430232
1.5920219978921355 	 0.10412789773434691
1.5930219978921354 	 0.1039553826984338
1.5940219978921353 	 0.10378046869833592
1.5950219978921352 	 0.1036033708897726
1.596021997892135 	 0.10342445711893107
1.597021997892135 	 0.10324421588603709
1.5980219978921348 	 0.10306320745415683
1.5990219978921347 	 0.10288201059301348
1.6000219978921346 	 0.10270117470392122
1.6010219978921345 	 0.10252118427971234
1.6020219978921344 	 0.10234243787677944
1.6030219978921343 	 0.10216523773214857
1.6040219978921342 	 0.10198979773998552
1.605021997892134 	 0.10181625614542672
1.606021997892134 	 0.10164469069536237
1.6070219978921338 	 0.1014751344080064
1.6080219978921337 	 0.10130758898165719
1.6090219978921336 	 0.10114203642707378
1.6100219978921335 	 0.1009784481624235
1.6110219978921334 	 0.10081679211648603
1.6120219978921333 	 0.10065703620590945
1.6130219978921332 	 0.10049914670871037
1.614021997892133 	 0.10034309547171034
1.615021997892133 	 0.10018886272436224
1.6160219978921329 	 0.10003643777016552
1.6170219978921327 	 0.0998858189168837
1.6180219978921326 	 0.0997370139497966
1.6190219978921325 	 0.09959003978317252
1.6200219978921324 	 0.09944492221815696
1.6210219978921323 	 0.09930169554112238
1.6220219978921322 	 0.09916039967144905
1.623021997892132 	 0.09902107487588531
1.624021997892132 	 0.0988837675063599
1.6250219978921319 	 0.09874853161386674
1.6260219978921318 	 0.09861542837908918
1.6270219978921316 	 0.09848452518118382
1.6280219978921315 	 0.09835589625823751
1.6290219978921314 	 0.09822962279142879
1.6300219978921313 	 0.09810579281125292
1.6310219978921312 	 0.09798450061530928
1.632021997892131 	 0.09786584363013179
1.633021997892131 	 0.0977499180064492
1.6340219978921309 	 0.09763682460283332
1.6350219978921308 	 0.09752667048888058
1.6360219978921307 	 0.09741956833232812
1.6370219978921305 	 0.09731563483998101
1.6380219978921304 	 0.09721499191555522
1.6390219978921303 	 0.09711776688704622
1.6400219978921302 	 0.09702409214375865
1.64102199789213 	 0.09693410433536427
1.64202199789213 	 0.09684794092624621
1.6430219978921299 	 0.09676573722581398
1.6440219978921298 	 0.0966876308344465
1.6450219978921297 	 0.09661376247979236
1.6460219978921296 	 0.09654427498886607
1.6470219978921294 	 0.09647931111843581
1.6480219978921293 	 0.09641901464053669
1.6490219978921292 	 0.09636353017221273
1.650021997892129 	 0.09631300247712918
1.651021997892129 	 0.09626757527938158
1.652021997892129 	 0.09622738811391007
1.6530219978921288 	 0.0961925748697951
1.6540219978921287 	 0.09616326589942895
1.6550219978921286 	 0.09613958804288306
1.6560219978921285 	 0.09612166330031761
1.6570219978921283 	 0.09610960662899394
1.6580219978921282 	 0.09610352665326714
1.6590219978921281 	 0.0961035252518338
1.660021997892128 	 0.09610969683634997
1.661021997892128 	 0.096122127226851
1.6620219978921278 	 0.09614089130799296
1.6630219978921277 	 0.09616605373816485
1.6640219978921276 	 0.0961976687265965
1.6650219978921275 	 0.09623577963672716
1.6660219978921273 	 0.09628041811475613
1.6670219978921272 	 0.0963316026746708
1.6680219978921271 	 0.09638933931443629
1.669021997892127 	 0.09645362151477482
1.670021997892127 	 0.09652443001390952
1.6710219978921268 	 0.09660173241103462
1.6720219978921267 	 0.09668548291734091
1.6730219978921266 	 0.09677562453222095
1.6740219978921265 	 0.09687208794319513
1.6750219978921264 	 0.09697479129600797
1.6760219978921262 	 0.09708364033163924
1.6770219978921261 	 0.09719852831688389
1.678021997892126 	 0.0973193369681756
1.679021997892126 	 0.09744593712715935
1.6800219978921258 	 0.0975781893351686
1.6810219978921257 	 0.09771594443200883
1.6820219978921256 	 0.09785904496386288
1.6830219978921255 	 0.09800732873849309
1.6840219978921254 	 0.09816062700485348
1.6850219978921253 	 0.09831876442899729
1.6860219978921251 	 0.09848155990243504
1.687021997892125 	 0.09864882735755347
1.688021997892125 	 0.09882037656918292
1.6890219978921248 	 0.09899601394758088
1.6900219978921247 	 0.09917554331384003
1.6910219978921246 	 0.09935876671670658
1.6920219978921245 	 0.09954548647786184
1.6930219978921244 	 0.09973550885196618
1.6940219978921243 	 0.09992864139658102
1.6950219978921242 	 0.1001246925834538
1.696021997892124 	 0.10032347247451646
1.697021997892124 	 0.10052479355925342
1.6980219978921238 	 0.10072847088307485
1.6990219978921237 	 0.10093432235757692
1.7000219978921236 	 0.1011421691250271
1.7010219978921235 	 0.10135183603077737
1.7020219978921234 	 0.10156315347320427
1.7030219978921233 	 0.10177596037949
1.7040219978921232 	 0.10199010102474566
1.705021997892123 	 0.10220542418017238
1.706021997892123 	 0.10242178348141444
1.7070219978921228 	 0.10263903768120343
1.7080219978921227 	 0.10285705065366701
1.7090219978921226 	 0.10307569094466193
1.7100219978921225 	 0.10329483182520059
1.7110219978921224 	 0.10351435144744082
1.7120219978921223 	 0.10373413433768551
1.7130219978921222 	 0.10395407360266401
1.714021997892122 	 0.10417406779930621
1.715021997892122 	 0.10439401993979107
1.7160219978921218 	 0.10461383756687538
1.7170219978921217 	 0.10483343316815451
1.7180219978921216 	 0.10505272348157901
1.7190219978921215 	 0.10527162917868273
1.7200219978921214 	 0.1054900747143463
1.7210219978921213 	 0.10570798832416367
1.7220219978921212 	 0.10592530338933705
1.723021997892121 	 0.10614195975901036
1.724021997892121 	 0.10635790128872166
1.7250219978921209 	 0.10657307493179545
1.7260219978921207 	 0.10678743076947904
1.7270219978921206 	 0.10700092236854396
1.7280219978921205 	 0.10721350612114439
1.7290219978921204 	 0.10742514091740368
1.7300219978921203 	 0.10763578803991959
1.7310219978921202 	 0.10784541117493504
1.73202199789212 	 0.10805397736006944
1.73302199789212 	 0.10826145804197633
1.7340219978921199 	 0.10846782711179404
1.7350219978921197 	 0.10867306026473372
1.7360219978921196 	 0.10887713504035972
1.7370219978921195 	 0.10897848832190052
1.7380219978921194 	 0.108978863090206
1.7390219978921193 	 0.10897923766129093
1.7400219978921192 	 0.10897961203496288
1.741021997892119 	 0.10897998621103189
1.742021997892119 	 0.10898036018931025
1.7430219978921189 	 0.10898073396961269
1.7440219978921188 	 0.10898110755175627
1.7450219978921186 	 0.10898148093556037
1.7460219978921185 	 0.10898185412084661
1.7470219978921184 	 0.108982227107439
1.7480219978921183 	 0.10898259989516373
1.7490219978921182 	 0.10898297248384933
1.750021997892118 	 0.10898334487332649
1.751021997892118 	 0.10898371706342824
1.7520219978921179 	 0.10898408905398971
1.7530219978921178 	 0.1089844608448483
1.7540219978921177 	 0.10898483243584356
1.7550219978921175 	 0.10898520382681726
1.7560219978921174 	 0.10898557501761325
1.7570219978921173 	 0.10898594600807762
1.7580219978921172 	 0.1089863167980585
1.759021997892117 	 0.10898668738740619
1.760021997892117 	 0.10898705777597303
1.7610219978921169 	 0.10898742796361355
1.7620219978921168 	 0.10898779795018422
1.7630219978921167 	 0.10898816773554369
1.7640219978921166 	 0.10898853731955258
1.7650219978921164 	 0.10898890670207356
1.7660219978921163 	 0.10898927588297133
1.7670219978921162 	 0.10898964486211259
1.7680219978921161 	 0.108990013639366
1.769021997892116 	 0.10899038221460222
1.770021997892116 	 0.10899075058769393
1.7710219978921158 	 0.10899111875851565
1.7720219978921157 	 0.10899148672694393
1.7730219978921156 	 0.10899185449285723
1.7740219978921155 	 0.10899222205613589
1.7750219978921153 	 0.10899258941666215
1.7760219978921152 	 0.10899295657432019
1.7770219978921151 	 0.108993323528996
1.778021997892115 	 0.10899369028057751
1.779021997892115 	 0.10899405682895441
1.7800219978921148 	 0.10899442317401829
1.7810219978921147 	 0.1089947893156625
1.7820219978921146 	 0.10899515525378234
1.7830219978921145 	 0.10899552098827478
1.7840219978921144 	 0.10899588651903862
1.7850219978921142 	 0.1089962518459744
1.7860219978921141 	 0.10899661696898452
1.787021997892114 	 0.10899698188797306
1.788021997892114 	 0.10899734660284585
1.7890219978921138 	 0.1089977111135105
1.7900219978921137 	 0.10899807541987629
1.7910219978921136 	 0.10899843952185416
1.7920219978921135 	 0.10899880341935687
1.7930219978921134 	 0.10899916711229875
1.7940219978921133 	 0.10899953060059585
1.7950219978921131 	 0.10899989388416598
1.796021997892113 	 0.1090002569629284
1.797021997892113 	 0.10900061983680416
1.7980219978921128 	 0.1090009825057159
1.7990219978921127 	 0.10900134496958783
1.8000219978921126 	 0.10900170722834582
1.8010219978921125 	 0.10900206928191739
1.8020219978921124 	 0.10900243113023154
1.8030219978921123 	 0.10900279277321889
1.8040219978921122 	 0.1090031542108116
1.805021997892112 	 0.10900351544294343
1.806021997892112 	 0.10900387646954966
1.8070219978921118 	 0.10900423729056712
1.8080219978921117 	 0.10900459790593411
1.8090219978921116 	 0.10900495831559052
1.8100219978921115 	 0.10900531851947766
1.8110219978921114 	 0.10900567851753842
1.8120219978921113 	 0.10900603830971711
1.8130219978921112 	 0.10900639789595949
1.814021997892111 	 0.10900675727621291
1.815021997892111 	 0.10900711645042604
1.8160219978921108 	 0.10900747541854902
1.8170219978921107 	 0.10900783418053346
1.8180219978921106 	 0.10900819273633237
1.8190219978921105 	 0.10900855108590023
1.8200219978921104 	 0.10900890922919282
1.8210219978921103 	 0.10900926716616736
1.8220219978921102 	 0.10900962489678254
1.82302199789211 	 0.10900998242099824
1.82402199789211 	 0.10901033973877591
1.8250219978921098 	 0.10901069685007825
1.8260219978921097 	 0.1090110537548693
1.8270219978921096 	 0.1090114104531145
1.8280219978921095 	 0.10901176694478054
1.8290219978921094 	 0.1090121232298355
1.8300219978921093 	 0.10901247930824877
1.8310219978921092 	 0.10901283517999098
1.832021997892109 	 0.1090131908450341
1.833021997892109 	 0.10901354630335146
1.8340219978921088 	 0.10901390155491748
1.8350219978921087 	 0.10901425659970804
1.8360219978921086 	 0.10901461143770014
1.8370219978921085 	 0.10901496606887212
1.8380219978921084 	 0.10901532049320353
1.8390219978921083 	 0.10901567471067515
1.8400219978921082 	 0.10901602872126902
1.841021997892108 	 0.1090163825249683
1.842021997892108 	 0.10901673612175747
1.8430219978921079 	 0.10901708951162221
1.8440219978921077 	 0.10901744269454929
1.8450219978921076 	 0.10901779567052677
1.8460219978921075 	 0.1090181484395438
1.8470219978921074 	 0.10901850100159076
1.8480219978921073 	 0.1090188533566592
1.8490219978921072 	 0.10901920550474176
1.850021997892107 	 0.10901955744583225
1.851021997892107 	 0.10901990917992568
1.8520219978921069 	 0.10902026070701808
1.8530219978921068 	 0.1090206120271067
1.8540219978921066 	 0.1090209631401898
1.8550219978921065 	 0.10902131404626686
1.8560219978921064 	 0.10902166474533839
1.8570219978921063 	 0.109022015237406
1.8580219978921062 	 0.10902236552247238
1.859021997892106 	 0.10902271560054132
1.860021997892106 	 0.10902306547161764
1.8610219978921059 	 0.10902341513570722
1.8620219978921058 	 0.10902376459281711
1.8630219978921057 	 0.10902411384295524
1.8640219978921055 	 0.10902446288613063
1.8650219978921054 	 0.10902481172235341
1.8660219978921053 	 0.10902516035163466
1.8670219978921052 	 0.10902550877398645
1.868021997892105 	 0.10902585698942198
1.869021997892105 	 0.10902620499795537
1.8700219978921049 	 0.1090265527996017
1.8710219978921048 	 0.1090269003943771
1.8720219978921047 	 0.10902724778229869
1.8730219978921046 	 0.10902759496338452
1.8740219978921044 	 0.10902794193765367
1.8750219978921043 	 0.10902828870512613
1.8760219978921042 	 0.10902863526582283
1.877021997892104 	 0.10902898161976572
1.878021997892104 	 0.10902932776697764
1.879021997892104 	 0.1090296737074824
1.8800219978921038 	 0.10903001944130469
1.8810219978921037 	 0.10903036496847018
1.8820219978921036 	 0.10903071028900543
1.8830219978921034 	 0.10903105540293787
1.8840219978921033 	 0.1090314003102959
1.8850219978921032 	 0.1090317450111088
1.8860219978921031 	 0.10903208950540667
1.887021997892103 	 0.10903243379322065
1.888021997892103 	 0.10903277787458263
1.8890219978921028 	 0.10903312174952533
1.8900219978921027 	 0.10903346541808252
1.8910219978921026 	 0.10903380888028866
1.8920219978921025 	 0.1090341521361791
1.8930219978921023 	 0.10903449518579017
1.8940219978921022 	 0.10903483802915886
1.8950219978921021 	 0.10903518066632305
1.896021997892102 	 0.1090355230973215
1.897021997892102 	 0.1090358653221938
1.8980219978921018 	 0.10903620734098027
1.8990219978921017 	 0.10903654915372213
1.9000219978921016 	 0.10903689076046134
1.9010219978921015 	 0.10903723216124075
1.9020219978921014 	 0.10903757335610385
1.9030219978921012 	 0.10903791434509513
1.9040219978921011 	 0.1090382551282597
1.905021997892101 	 0.10903859570564349
1.906021997892101 	 0.10903893607729329
1.9070219978921008 	 0.10903927624325647
1.9080219978921007 	 0.10903961620358131
1.9090219978921006 	 0.10903995595831684
1.9100219978921005 	 0.10904029550751276
1.9110219978921004 	 0.10904063485121968
1.9120219978921003 	 0.10904097398948868
1.9130219978921001 	 0.10904131292237183
1.9140219978921 	 0.10904165164992179
1.9150219978921 	 0.10904199017219199
1.9160219978920998 	 0.10904232848923659
1.9170219978920997 	 0.10904266660111045
1.9180219978920996 	 0.10904300450786909
1.9190219978920995 	 0.10904334220956884
1.9200219978920994 	 0.10904367970626659
1.9210219978920993 	 0.10904401699802005
1.9220219978920992 	 0.10904435408488757
1.923021997892099 	 0.1090446909669282
1.924021997892099 	 0.10904502764420161
1.9250219978920988 	 0.1090453641167682
1.9260219978920987 	 0.10904570038468898
1.9270219978920986 	 0.10904603644802573
1.9280219978920985 	 0.10904637230684079
1.9290219978920984 	 0.10904670796119718
1.9300219978920983 	 0.10904704341115863
1.9310219978920982 	 0.10904737865678937
1.932021997892098 	 0.10904771369815446
1.933021997892098 	 0.1090480485353194
1.9340219978920978 	 0.10904838316835046
1.9350219978920977 	 0.10904871759731449
1.9360219978920976 	 0.10904905182227902
1.9370219978920975 	 0.10904938584331199
1.9380219978920974 	 0.10904971966048224
1.9390219978920973 	 0.10905005327385899
1.9400219978920972 	 0.10905038668351218
1.941021997892097 	 0.10905071988951234
1.942021997892097 	 0.10905105289193052
1.9430219978920968 	 0.10905138569083847
1.9440219978920967 	 0.10905171828630841
1.9450219978920966 	 0.10905205067841323
1.9460219978920965 	 0.10905238286722632
1.9470219978920964 	 0.10905271485282172
1.9480219978920963 	 0.10905304663527404
1.9490219978920962 	 0.10905337821465833
1.950021997892096 	 0.10905370959105029
1.951021997892096 	 0.10905404076452621
1.9520219978920959 	 0.10905437173516289
1.9530219978920957 	 0.10905470250303763
1.9540219978920956 	 0.10905503306822836
1.9550219978920955 	 0.10905536343081354
1.9560219978920954 	 0.109055693590872
1.9570219978920953 	 0.10905602354848336
1.9580219978920952 	 0.10905635330372757
1.959021997892095 	 0.10905668285668514
1.960021997892095 	 0.10905701220743724
1.9610219978920949 	 0.10905734135606532
1.9620219978920947 	 0.10905767030265148
1.9630219978920946 	 0.10905799904727836
1.9640219978920945 	 0.10905832759002902
1.9650219978920944 	 0.10905865593098703
1.9660219978920943 	 0.10905898407023648
1.9670219978920942 	 0.109059312007862
1.968021997892094 	 0.10905963974394853
1.969021997892094 	 0.1090599672785817
1.9700219978920939 	 0.10906029461184752
1.9710219978920938 	 0.10906062174383245
1.9720219978920936 	 0.1090609486746235
1.9730219978920935 	 0.10906127540430809
1.9740219978920934 	 0.10906160193297411
1.9750219978920933 	 0.10906192826070993
1.9760219978920932 	 0.10906225438760439
1.977021997892093 	 0.10906258031374673
1.978021997892093 	 0.1090629060392267
1.9790219978920929 	 0.10906323156413451
1.9800219978920928 	 0.10906355688856069
1.9810219978920927 	 0.10906388201259633
1.9820219978920925 	 0.10906420693633291
1.9830219978920924 	 0.1090645316598624
1.9840219978920923 	 0.10906485618327709
1.9850219978920922 	 0.10906518050666981
1.986021997892092 	 0.10906550463013373
1.987021997892092 	 0.10906582855376246
1.9880219978920919 	 0.10906615227765007
1.9890219978920918 	 0.10906647580189098
1.9900219978920917 	 0.10906679912658006
1.9910219978920916 	 0.1090671222518126
1.9920219978920914 	 0.1090674451776842
1.9930219978920913 	 0.10906776790429097
1.9940219978920912 	 0.10906809043172935
1.9950219978920911 	 0.1090684127600962
1.996021997892091 	 0.10906873488948877
1.997021997892091 	 0.10906905682000471
1.9980219978920908 	 0.10906937855174198
1.9990219978920907 	 0.10906970008479902
