0.0010219978922 	 0.0
0.0020219978922 	 0.0
0.0030219978922 	 0.0
0.0040219978922 	 0.0
0.0050219978922 	 0.0
0.0060219978922 	 0.0
0.0070219978922 	 0.0
0.0080219978922 	 0.0
0.009021997892200002 	 0.0
0.010021997892200003 	 0.0
0.011021997892200004 	 0.0
0.012021997892200004 	 0.0
0.013021997892200005 	 0.0
0.014021997892200006 	 0.0
0.015021997892200007 	 0.0
0.016021997892200008 	 0.0
0.01702199789220001 	 0.0
0.01802199789220001 	 0.0
0.01902199789220001 	 0.0
0.02002199789220001 	 0.0
0.021021997892200012 	 0.0
0.022021997892200013 	 0.0
0.023021997892200014 	 0.0
0.024021997892200015 	 0.0
0.025021997892200016 	 0.0
0.026021997892200017 	 0.0
0.027021997892200018 	 0.0
0.02802199789220002 	 0.0
0.02902199789220002 	 0.0
0.03002199789220002 	 0.0
0.03102199789220002 	 0.0
0.03202199789220002 	 0.0
0.03302199789220002 	 0.0
0.03402199789220002 	 0.0
0.03502199789220002 	 0.0
0.03602199789220002 	 0.0
0.03702199789220002 	 0.0
0.038021997892200024 	 0.0
0.039021997892200025 	 0.0
0.040021997892200026 	 0.0
0.04102199789220003 	 0.0
0.04202199789220003 	 0.0
0.04302199789220003 	 0.0
0.04402199789220003 	 0.0
0.04502199789220003 	 0.0
0.04602199789220003 	 0.0
0.04702199789220003 	 0.0
0.04802199789220003 	 0.0
0.049021997892200034 	 0.0
0.050021997892200035 	 0.0
0.051021997892200036 	 0.0
0.052021997892200036 	 0.0
0.05302199789220004 	 0.0
0.05402199789220004 	 0.0
0.05502199789220004 	 0.0
0.05602199789220004 	 0.0
0.05702199789220004 	 0.0
0.05802199789220004 	 0.0
0.05902199789220004 	 0.0
0.060021997892200044 	 0.0
0.061021997892200044 	 0.0
0.062021997892200045 	 0.0
0.06302199789220005 	 0.0
0.06402199789220005 	 0.0
0.06502199789220005 	 0.0
0.06602199789220005 	 0.0
0.06702199789220005 	 0.0
0.06802199789220005 	 0.0
0.06902199789220005 	 0.0
0.07002199789220005 	 0.0
0.07102199789220005 	 0.0
0.07202199789220005 	 0.0
0.07302199789220006 	 0.0
0.07402199789220006 	 0.0
0.07502199789220006 	 0.0
0.07602199789220006 	 0.0
0.07702199789220006 	 0.0
0.07802199789220006 	 0.0
0.07902199789220006 	 0.0
0.08002199789220006 	 0.0
0.08102199789220006 	 0.0
0.08202199789220006 	 0.0
0.08302199789220006 	 0.0
0.08402199789220006 	 0.0
0.08502199789220007 	 0.0
0.08602199789220007 	 0.0
0.08702199789220007 	 0.0
0.08802199789220007 	 0.0
0.08902199789220007 	 0.0
0.09002199789220007 	 0.0
0.09102199789220007 	 0.0
0.09202199789220007 	 0.0
0.09302199789220007 	 0.0
0.09402199789220007 	 0.0
0.09502199789220007 	 0.0
0.09602199789220008 	 0.0
0.09702199789220008 	 0.0
0.09802199789220008 	 0.0
0.09902199789220008 	 0.0
0.10002199789220008 	 0.0
0.10102199789220008 	 0.0
0.10202199789220008 	 0.0
0.10302199789220008 	 0.0
0.10402199789220008 	 0.0
0.10502199789220008 	 0.0
0.10602199789220008 	 0.0
0.10702199789220009 	 0.0
0.10802199789220009 	 0.0
0.10902199789220009 	 0.0
0.11002199789220009 	 0.0
0.11102199789220009 	 0.0
0.11202199789220009 	 0.0
0.11302199789220009 	 0.0
0.11402199789220009 	 0.0
0.11502199789220009 	 0.0
0.1160219978922001 	 0.0
0.1170219978922001 	 0.0
0.1180219978922001 	 0.0
0.1190219978922001 	 0.0
0.1200219978922001 	 0.0
0.1210219978922001 	 0.0
0.1220219978922001 	 0.0
0.1230219978922001 	 0.0
0.1240219978922001 	 0.0
0.1250219978922001 	 0.0
0.1260219978922001 	 0.0
0.1270219978922001 	 0.0
0.1280219978922001 	 0.0
0.1290219978922001 	 0.0
0.1300219978922001 	 0.0
0.1310219978922001 	 0.0
0.1320219978922001 	 0.0
0.1330219978922001 	 0.0
0.1340219978922001 	 0.0
0.1350219978922001 	 0.0
0.1360219978922001 	 0.0
0.1370219978922001 	 0.0
0.1380219978922001 	 0.0
0.1390219978922001 	 0.0
0.1400219978922001 	 1.7577041975580423e-12
0.1410219978922001 	 5.746196614296582e-11
0.1420219978922001 	 2.723166507653911e-10
0.1430219978922001 	 7.47653825118119e-10
0.1440219978922001 	 1.5781879117826022e-09
0.1450219978922001 	 2.8524479278982376e-09
0.1460219978922001 	 4.6531806053353654e-09
0.1470219978922001 	 7.0577264842202765e-09
0.1480219978922001 	 1.013837091106721e-08
0.1490219978922001 	 1.3962671725072566e-08
0.1500219978922001 	 1.8593765280515606e-08
0.1510219978922001 	 2.409065232863004e-08
0.1520219978922001 	 3.050846516780828e-08
0.1530219978922001 	 3.7898717365700076e-08
0.1540219978922001 	 4.6309537259883516e-08
0.15502199789220011 	 5.57858863546027e-08
0.15602199789220011 	 6.636976364892504e-08
0.15702199789220012 	 7.810039685598342e-08
0.15802199789220012 	 9.101442140319253e-08
0.15902199789220012 	 1.0514604803896968e-07
0.16002199789220012 	 1.2052721981210534e-07
0.16102199789220012 	 1.3718775913510128e-07
0.16202199789220012 	 1.5515550559215493e-07
0.16302199789220012 	 1.744564451056771e-07
0.16402199789220012 	 1.9511483103197992e-07
0.16502199789220012 	 2.171532977167525e-07
0.16602199789220012 	 2.4059296700394503e-07
0.16702199789220012 	 2.654535481574065e-07
0.16802199789220013 	 2.917534316228934e-07
0.16902199789220013 	 3.195097770286875e-07
0.17002199789220013 	 3.487385957957984e-07
0.17102199789220013 	 3.79454828703492e-07
0.17202199789220013 	 4.116724187324386e-07
0.17302199789220013 	 4.4540437948605536e-07
0.17402199789220013 	 4.806628594704278e-07
0.17502199789220013 	 5.174592024944615e-07
0.17602199789220013 	 5.558040044345179e-07
0.17702199789220013 	 5.957071665915937e-07
0.17802199789220013 	 6.371779458540949e-07
0.17902199789220014 	 6.802250018652339e-07
0.18002199789220014 	 7.248564413811228e-07
0.18102199789220014 	 7.710798599934761e-07
0.18202199789220014 	 8.189023813795846e-07
0.18302199789220014 	 8.683306942317595e-07
0.18402199789220014 	 9.193710870086089e-07
0.18502199789220014 	 9.720294806414491e-07
0.18602199789220014 	 1.0263114593206193e-06
0.18702199789220014 	 1.082222299478593e-06
0.18802199789220014 	 1.1397669970793493e-06
0.18902199789220014 	 1.1989502933165793e-06
0.19002199789220015 	 1.259776698816927e-06
0.19102199789220015 	 1.3222505164383468e-06
0.19202199789220015 	 1.3863758627481877e-06
0.19302199789220015 	 1.452156688260215e-06
0.19402199789220015 	 1.5195967965050602e-06
0.19502199789220015 	 1.5886998620038367e-06
0.19602199789220015 	 1.6594694472105273e-06
0.19702199789220015 	 1.7319090184846293e-06
0.19802199789220015 	 1.8060219611518854e-06
0.19902199789220015 	 1.8818115937073692e-06
0.20002199789220015 	 1.959281181211953e-06
0.20102199789220015 	 2.03843394793005e-06
0.20202199789220016 	 2.1192730892537498e-06
0.20302199789220016 	 2.201801782955672e-06
0.20402199789220016 	 2.2860231998103867e-06
0.20502199789220016 	 2.371940513621879e-06
0.20602199789220016 	 2.4595569106923362e-06
0.20702199789220016 	 2.5488755987653837e-06
0.20802199789220016 	 2.6398998154750624e-06
0.20902199789220016 	 2.7326328363298655e-06
0.21002199789220016 	 2.8270779822596164e-06
0.21102199789220016 	 2.923238626751145e-06
0.21202199789220016 	 2.8805777625549857e-06
0.21302199789220017 	 2.9020142385262668e-06
0.21402199789220017 	 2.9443926395667737e-06
0.21502199789220017 	 2.9965563039704484e-06
0.21602199789220017 	 3.0548879653527223e-06
0.21702199789220017 	 3.1176955982949667e-06
0.21802199789220017 	 3.1840373736707195e-06
0.21902199789220017 	 3.2533311474289797e-06
0.22002199789220017 	 3.325190794021832e-06
0.22102199789220017 	 3.3993468570423926e-06
0.22202199789220017 	 3.475603969584903e-06
0.22302199789220017 	 3.5538162187124576e-06
0.22402199789220018 	 3.6338720360729586e-06
0.22502199789220018 	 3.7156844890138835e-06
0.22602199789220018 	 3.799184799317879e-06
0.22702199789220018 	 3.884317876609055e-06
0.22802199789220018 	 3.971039155973161e-06
0.22902199789220018 	 4.0593123064661474e-06
0.23002199789220018 	 4.149107536915654e-06
0.23102199789220018 	 4.240400321027316e-06
0.23202199789220018 	 4.3331704229402234e-06
0.23302199789220018 	 4.427401142012803e-06
0.23402199789220018 	 4.523078720191974e-06
0.23502199789220019 	 4.620191871725309e-06
0.23602199789220019 	 4.718731406156363e-06
0.2370219978922002 	 4.818689923301324e-06
0.2380219978922002 	 4.9200615643792535e-06
0.2390219978922002 	 5.022841807388302e-06
0.2400219978922002 	 5.127027297667727e-06
0.2410219978922002 	 5.232615706678831e-06
0.2420219978922002 	 5.339605613596402e-06
0.2430219978922002 	 5.447996405473387e-06
0.2440219978922002 	 5.557788192632243e-06
0.2450219978922002 	 5.6689817366186314e-06
0.2460219978922002 	 5.781578388581309e-06
0.2470219978922002 	 5.895580036353623e-06
0.2480219978922002 	 6.010989058835636e-06
0.2490219978922002 	 6.127808286531825e-06
0.2500219978922002 	 6.246040967303247e-06
0.2510219978922002 	 6.3656907365566524e-06
0.2520219978922002 	 6.486761591224817e-06
0.2530219978922002 	 6.609257866999411e-06
0.2540219978922002 	 6.7331842183648775e-06
0.2550219978922002 	 6.858545601053346e-06
0.2560219978922002 	 6.985347256599571e-06
0.2570219978922002 	 7.113594698723273e-06
0.2580219978922002 	 7.243293701307251e-06
0.2590219978922002 	 7.3744502877728575e-06
0.2600219978922002 	 7.507070721683214e-06
0.2610219978922002 	 7.64116149842795e-06
0.2620219978922002 	 7.776729337863647e-06
0.2630219978922002 	 7.91378117780087e-06
0.2640219978922002 	 8.052324168243444e-06
0.2650219978922002 	 8.192365666297635e-06
0.2660219978922002 	 8.333913231679725e-06
0.2670219978922002 	 8.476974622759232e-06
0.2680219978922002 	 8.621557793082976e-06
0.2690219978922002 	 8.767670888331945e-06
0.2700219978922002 	 8.915322243668361e-06
0.2710219978922002 	 9.064520381435856e-06
0.2720219978922002 	 9.215274009179642e-06
0.2730219978922002 	 9.367592017957523e-06
0.2740219978922002 	 9.52148348091598e-06
0.2750219978922002 	 9.676957652108214e-06
0.2760219978922002 	 9.834023965533897e-06
0.2770219978922002 	 9.992692034382385e-06
0.2780219978922002 	 1.0152971650463243e-05
0.2790219978922002 	 1.0314872783809495e-05
0.2800219978922002 	 1.0478405582440849e-05
0.2810219978922002 	 1.0643580372275191e-05
0.2820219978922002 	 1.0810407657178054e-05
0.2830219978922002 	 1.097889811914073e-05
0.28402199789220023 	 1.114906261857874e-05
0.28502199789220023 	 1.1320912194743137e-05
0.28602199789220023 	 1.1494458066237865e-05
0.28702199789220023 	 1.1669711631637313e-05
0.28802199789220023 	 1.1846684470198368e-05
0.28902199789220023 	 1.2025388342662331e-05
0.29002199789220023 	 1.2205835192142136e-05
0.29102199789220023 	 1.2388037145090883e-05
0.29202199789220024 	 1.2572006512348357e-05
0.29302199789220024 	 1.2757755790262141e-05
0.29402199789220024 	 1.2945297661880457e-05
0.29502199789220024 	 1.3134644998214212e-05
0.29602199789220024 	 1.3325810859566051e-05
0.29702199789220024 	 1.3518808496924184e-05
0.29802199789220024 	 1.3713651353419162e-05
0.29902199789220024 	 1.3910353065842136e-05
0.30002199789220024 	 1.4108927466222979e-05
0.30102199789220024 	 1.4309388583467032e-05
0.30202199789220024 	 1.451175064504944e-05
0.30302199789220025 	 1.4716028078765868e-05
0.30402199789220025 	 1.4922235514539142e-05
0.30502199789220025 	 1.5130387786280503e-05
0.30602199789220025 	 1.5340499933805595e-05
0.30702199789220025 	 1.5552587204803837e-05
0.30802199789220025 	 1.5766665056861566e-05
0.30902199789220025 	 1.5982749159537926e-05
0.31002199789220025 	 1.6200855396493767e-05
0.31102199789220025 	 1.642099986767312e-05
0.31202199789220025 	 1.664319889153713e-05
0.31302199789220025 	 1.686746900735057e-05
0.31402199789220026 	 1.70938269775209e-05
0.31502199789220026 	 1.732228978998983e-05
0.31602199789220026 	 1.755287466067773e-05
0.31702199789220026 	 1.7785599035981003e-05
0.31802199789220026 	 1.8020480595322585e-05
0.31902199789220026 	 1.8257537253756076e-05
0.32002199789220026 	 1.8496787164623574e-05
0.32102199789220026 	 1.8738248722267902e-05
0.32202199789220026 	 1.898194056479931e-05
0.32302199789220026 	 1.92278815769175e-05
0.32402199789220026 	 1.9476090892789197e-05
0.32502199789220027 	 1.9726587898981884e-05
0.32602199789220027 	 1.9979392237454396e-05
0.32702199789220027 	 2.023452380860481e-05
0.32802199789220027 	 2.049200277437641e-05
0.32902199789220027 	 2.0751849561422525e-05
0.33002199789220027 	 2.1014084864330524e-05
0.33102199789220027 	 2.12787296489063e-05
0.33202199789220027 	 2.1545805155519596e-05
0.33302199789220027 	 2.1815332902511175e-05
0.3340219978922003 	 2.2087334689662643e-05
0.3350219978922003 	 2.2361832601729862e-05
0.3360219978922003 	 2.2638849012040656e-05
0.3370219978922003 	 2.291840658615821e-05
0.3380219978922003 	 2.3200528285610466e-05
0.3390219978922003 	 2.3485237371687108e-05
0.3400219978922003 	 2.377255740930501e-05
0.3410219978922003 	 2.4062512270942938e-05
0.3420219978922003 	 2.4355126140646942e-05
0.3430219978922003 	 2.465042351810748e-05
0.3440219978922003 	 2.494842922280932e-05
0.3450219978922003 	 2.524916839825547e-05
0.3460219978922003 	 2.5552666516266446e-05
0.3470219978922003 	 2.5858949381356054e-05
0.3480219978922003 	 2.6168043135184834e-05
0.3490219978922003 	 2.6479974261092905e-05
0.3500219978922003 	 2.679476958871298e-05
0.3510219978922003 	 2.711245629866552e-05
0.3520219978922003 	 2.743306192733701e-05
0.3530219978922003 	 2.7756614371743085e-05
0.3540219978922003 	 2.8083141894477774e-05
0.3550219978922003 	 2.8412673128750705e-05
0.3560219978922003 	 2.8745237083513523e-05
0.3570219978922003 	 2.9080863148677234e-05
0.3580219978922003 	 2.9419581100422176e-05
0.3590219978922003 	 2.9761421106602356e-05
0.3600219978922003 	 3.010641373224557e-05
0.3610219978922003 	 3.0454589945151443e-05
0.3620219978922003 	 3.0805981121588867e-05
0.3630219978922003 	 3.116061905209505e-05
0.3640219978922003 	 3.151853594737764e-05
0.3650219978922003 	 3.187976444432213e-05
0.3660219978922003 	 3.2244337612106455e-05
0.3670219978922003 	 3.261228895842492e-05
0.3680219978922003 	 3.29836524358231e-05
0.3690219978922003 	 3.335846244814656e-05
0.3700219978922003 	 3.3736753857104565e-05
0.3710219978922003 	 3.411856198895236e-05
0.3720219978922003 	 3.450392264129261e-05
0.3730219978922003 	 3.489287208999989e-05
0.3740219978922003 	 3.528544709626953e-05
0.3750219978922003 	 3.568168491379379e-05
0.3760219978922003 	 3.608162329606751e-05
0.3770219978922003 	 3.648530050382631e-05
0.3780219978922003 	 3.689275531261905e-05
0.3790219978922003 	 3.7304027020518134e-05
0.3800219978922003 	 3.771915545596983e-05
0.3810219978922003 	 3.8138180985787656e-05
0.3820219978922003 	 3.856114452329127e-05
0.3830219978922003 	 3.898808753659451e-05
0.3840219978922003 	 3.9419052057044585e-05
0.3850219978922003 	 3.985408068781675e-05
0.3860219978922003 	 4.0293216612666086e-05
0.3870219978922003 	 4.0736503604840864e-05
0.3880219978922003 	 4.118398603616002e-05
0.3890219978922003 	 4.1635708886258474e-05
0.3900219978922003 	 4.209171775200342e-05
0.3910219978922003 	 4.255205885708543e-05
0.3920219978922003 	 4.301677906178746e-05
0.3930219978922003 	 4.34859258729364e-05
0.3940219978922003 	 4.3959547454039245e-05
0.3950219978922003 	 4.4437692635610015e-05
0.39602199789220033 	 4.492041092568904e-05
0.39702199789220033 	 4.540775252056056e-05
0.39802199789220033 	 4.5899768315671395e-05
0.39902199789220033 	 4.6396509916755854e-05
0.40002199789220033 	 4.689802965117066e-05
0.40102199789220033 	 4.740438057944457e-05
0.40202199789220033 	 4.7915616507047186e-05
0.40302199789220033 	 4.8431791996381635e-05
0.40402199789220034 	 4.89529623790058e-05
0.40502199789220034 	 4.9479183768087104e-05
0.40602199789220034 	 5.001051307109607e-05
0.40702199789220034 	 5.054700800274276e-05
0.40802199789220034 	 5.108872709816296e-05
0.40902199789220034 	 5.163572972635815e-05
0.41002199789220034 	 5.2188076103895344e-05
0.41102199789220034 	 5.274582730887236e-05
0.41202199789220034 	 5.3309045295154374e-05
0.41302199789220034 	 5.387779290688749e-05
0.41402199789220034 	 5.445213389329545e-05
0.41502199789220034 	 5.503213292376638e-05
0.41602199789220035 	 5.561785560323441e-05
0.41702199789220035 	 5.620936848786439e-05
0.41802199789220035 	 5.6806739101045514e-05
0.41902199789220035 	 5.741003594941606e-05
0.42002199789220035 	 5.8019328540864986e-05
0.42102199789220035 	 5.863468739891634e-05
0.42202199789220035 	 5.9256184082300655e-05
0.42302199789220035 	 5.988389120168239e-05
0.42402199789220035 	 6.051788243766646e-05
0.42502199789220035 	 6.115823255920306e-05
0.42602199789220035 	 6.180501744231054e-05
0.42702199789220036 	 6.245831408917436e-05
0.42802199789220036 	 6.311820064763225e-05
0.42902199789220036 	 6.37847564310534e-05
0.43002199789220036 	 6.445806193862224e-05
0.43102199789220036 	 6.513819887603468e-05
0.43202199789220036 	 6.582525017661701e-05
0.43302199789220036 	 6.651930002287676e-05
0.43402199789220036 	 6.722043386849649e-05
0.43502199789220036 	 6.792873846077969e-05
0.43602199789220036 	 6.864430186356033e-05
0.43702199789220036 	 6.93672134805855e-05
0.43802199789220037 	 7.009756407938471e-05
0.43902199789220037 	 7.083544581563409e-05
0.44002199789220037 	 7.158095225802974e-05
0.44102199789220037 	 7.23341784136816e-05
0.44202199789220037 	 7.309522075403946e-05
0.44302199789220037 	 7.386417724136446e-05
0.44402199789220037 	 7.464114735575893e-05
0.44502199789220037 	 7.542623212276829e-05
0.4460219978922004 	 7.621953414156808e-05
0.4470219978922004 	 7.702115761375056e-05
0.4480219978922004 	 7.783120837272593e-05
0.4490219978922004 	 7.864979391375166e-05
0.4500219978922004 	 7.947702342460679e-05
0.4510219978922004 	 8.031300781692612e-05
0.4520219978922004 	 8.115785975820985e-05
0.4530219978922004 	 8.201169370452717e-05
0.4540219978922004 	 8.287462593392804e-05
0.4550219978922004 	 8.374677458058372e-05
0.4560219978922004 	 8.462825966967148e-05
0.4570219978922004 	 8.551920315302368e-05
0.4580219978922004 	 8.641972894555927e-05
0.4590219978922004 	 8.732996296251815e-05
0.4600219978922004 	 8.825003315751753e-05
0.4610219978922004 	 8.918006956145128e-05
0.4620219978922004 	 9.012020432225425e-05
0.4630219978922004 	 9.107057174555237e-05
0.4640219978922004 	 9.203130833622183e-05
0.4650219978922004 	 9.300255284087963e-05
0.4660219978922004 	 9.398444629133024e-05
0.4670219978922004 	 9.497713204899219e-05
0.4680219978922004 	 9.598075585032977e-05
0.4690219978922004 	 9.699546585331628e-05
0.4700219978922004 	 9.802141268495505e-05
0.4710219978922004 	 9.905874948988498e-05
0.4720219978922004 	 0.00010010763198010126
0.4730219978922004 	 0.00010116821848581659
0.4740219978922004 	 0.00010224067000749631
0.4750219978922004 	 0.00010332515026909672
0.4760219978922004 	 0.0001044218257725374
0.4770219978922004 	 0.00010553086585344196
0.4780219978922004 	 0.00010665244273817987
0.4790219978922004 	 0.00010778673160224371
0.4800219978922004 	 0.0001089339106299988
0.4810219978922004 	 0.00011009416107583929
0.4820219978922004 	 0.0001112676673267928
0.4830219978922004 	 0.00011245461696660701
0.4840219978922004 	 0.00011365520084136434
0.4850219978922004 	 0.00011486961312666106
0.4860219978922004 	 0.00011609805139639583
0.4870219978922004 	 0.00011734071669320199
0.4880219978922004 	 0.0001185978136006301
0.4890219978922004 	 0.0001198695503169691
0.4900219978922004 	 0.00012115613873096854
0.4910219978922004 	 0.00012245779449934774
0.4920219978922004 	 0.00012377473712621212
0.4930219978922004 	 0.00012510719004441486
0.4940219978922004 	 0.0001264553806989205
0.4950219978922004 	 0.00012781954063222453
0.4960219978922004 	 0.00012919990557188997
0.4970219978922004 	 0.00013059671552025732
0.4980219978922004 	 0.0001320102148463915
0.4990219978922004 	 0.00013344065238032947
0.5000219978922004 	 0.0001348882815096928
0.5010219978922004 	 0.00013635336027873447
0.5020219978922004 	 0.00013783615148988827
0.5030219978922004 	 0.00013933692280789476
0.5040219978922004 	 0.00014085594686657674
0.5050219978922004 	 0.00014239350137834134
0.5060219978922004 	 0.00014394986924649026
0.5070219978922004 	 0.00014552533868041742
0.5080219978922004 	 0.00014712020331377902
0.5090219978922004 	 0.0001487347623257274
0.5100219978922004 	 0.0001503693205652934
0.5110219978922004 	 0.00015202418867901543
0.5120219978922004 	 0.00015369968324190937
0.5130219978922004 	 0.00015539612689187944
0.5140219978922004 	 0.00015711384846767493
0.5150219978922004 	 0.00015885318315049613
0.5160219978922004 	 0.00016061447260936327
0.5170219978922004 	 0.00016239806515036084
0.5180219978922004 	 0.00016420431586987452
0.5190219978922004 	 0.0001660335868119439
0.5200219978922004 	 0.00016788624712985712
0.5210219978922004 	 0.00016976267325211633
0.5220219978922004 	 0.00017166324905291258
0.5230219978922004 	 0.00017358836602724445
0.5240219978922004 	 0.00017553842347082984
0.5250219978922004 	 0.00017751382866495956
0.5260219978922004 	 0.0001795149970664433
0.5270219978922004 	 0.00018154235250279795
0.5280219978922004 	 0.0001835963273729481
0.5290219978922004 	 0.00018567736285333487
0.5300219978922004 	 0.00018778590910997284
0.5310219978922004 	 0.0001899224255164305
0.5320219978922004 	 0.00019208738087785437
0.5330219978922004 	 0.00019428125366146234
0.5340219978922004 	 0.00019650453223352783
0.5350219978922004 	 0.0001987577151031376
0.5360219978922004 	 0.00020104131117293632
0.5370219978922004 	 0.00020335583999708158
0.5380219978922004 	 0.00020570183204664976
0.5390219978922004 	 0.00020807982898273802
0.5400219978922004 	 0.00021049038393751375
0.5410219978922004 	 0.00021293406180348075
0.5420219978922004 	 0.00021541143953123374
0.5430219978922004 	 0.00021792310643598356
0.5440219978922004 	 0.0002204696645131539
0.5450219978922004 	 0.0002230517287633507
0.5460219978922004 	 0.0002256699275270232
0.5470219978922004 	 0.0002283249028291224
0.5480219978922004 	 0.00023101731073426417
0.5490219978922004 	 0.00023374782171178927
0.5500219978922004 	 0.00023651712101188844
0.5510219978922004 	 0.0002393259090549949
0.5520219978922004 	 0.00024217490183220058
0.5530219978922004 	 0.0002450648313177533
0.5540219978922004 	 0.0002479964458942758
0.5550219978922004 	 0.00025097051079115475
0.5560219978922004 	 0.00025398780853656225
0.5570219978922004 	 0.0002570491394235973
0.5580219978922004 	 0.0002601553219910491
0.5590219978922004 	 0.00026330719351930714
0.5600219978922004 	 0.00026650561054196393
0.5610219978922004 	 0.00026975144937367427
0.5620219978922004 	 0.0002730456066548668
0.5630219978922004 	 0.00027638899991391694
0.5640219978922004 	 0.00027978256814742506
0.5650219978922004 	 0.0002832272724192625
0.5660219978922004 	 0.00028672409647908
0.5670219978922004 	 0.0002902740474009758
0.5680219978922004 	 0.00029387815624325176
0.5690219978922004 	 0.00029753747872958105
0.5700219978922004 	 0.00030125309595303363
0.5710219978922004 	 0.0003050261151033286
0.5720219978922004 	 0.00030885767021840633
0.5730219978922004 	 0.0003127489229612015
0.5740219978922004 	 0.00031670106342259087
0.5750219978922004 	 0.00032071531095152154
0.5760219978922004 	 0.00032479291501337054
0.5770219978922004 	 0.00032893515607763
0.5780219978922004 	 0.00033314334653607186
0.5790219978922004 	 0.00033741883165257637
0.5800219978922004 	 0.0003417629905458825
0.5810219978922004 	 0.00034617723720655716
0.5820219978922004 	 0.0003506630215495468
0.5830219978922004 	 0.00035522183050373763
0.5840219978922004 	 0.00035985518913998527
0.5850219978922004 	 0.00036456466183930786
0.5860219978922004 	 0.0003693518535025133
0.5870219978922004 	 0.0003742184108034393
0.5880219978922004 	 0.0003791660234872175
0.5890219978922004 	 0.00038419642571557093
0.5900219978922004 	 0.00038931139746102767
0.5910219978922004 	 0.00039451276595231825
0.5920219978922004 	 0.0003998024071724889
0.5930219978922004 	 0.00040518224741277416
0.5940219978922004 	 0.00041065426488396447
0.5950219978922004 	 0.00041622049138791936
0.5960219978922005 	 0.0004218830140518178
0.5970219978922005 	 0.00042764397712778034
0.5980219978922005 	 0.00043350558386070093
0.5990219978922005 	 0.00043947009842724733
0.6000219978922005 	 0.0004455398479491167
0.6010219978922005 	 0.0004517172245838106
0.6020219978922005 	 0.0004580046876963325
0.6030219978922005 	 0.0004644047661153873
0.6040219978922005 	 0.0004709200604778484
0.6050219978922005 	 0.00047755324566543534
0.6060219978922005 	 0.0004843070733377475
0.6070219978922005 	 0.0004911843745660061
0.6080219978922005 	 0.0004981880625720899
0.6090219978922005 	 0.000505321135577624
0.6100219978922005 	 0.0005125866797684687
0.6110219978922005 	 0.0005199878723792024
0.6120219978922005 	 0.0005275279849041709
0.6130219978922005 	 0.0005352103864402618
0.6140219978922005 	 0.0005430385471679011
0.6150219978922005 	 0.000551016041976734
0.6160219978922005 	 0.0005591465542428613
0.6170219978922005 	 0.0005674338797650712
0.6180219978922005 	 0.0005758819308671296
0.6190219978922005 	 0.0005844947406749744
0.6200219978922005 	 0.0005932764675766765
0.6210219978922005 	 0.0006022313998743796
0.6220219978922005 	 0.0006113639606376087
0.6230219978922005 	 0.0006206787127679139
0.6240219978922005 	 0.0006301803642853687
0.6250219978922005 	 0.0006398737738480316
0.6260219978922005 	 0.0006497639565161077
0.6270219978922005 	 0.0006598560897732096
0.6280219978922005 	 0.0006701555198178256
0.6290219978922005 	 0.0006806677681388575
0.6300219978922005 	 0.0006913985383898836
0.6310219978922005 	 0.0007023537235776737
0.6320219978922005 	 0.0007135394135813498
0.6330219978922005 	 0.0007249619030196062
0.6340219978922005 	 0.0007366276994843289
0.6350219978922005 	 0.0007485435321604774
0.6360219978922005 	 0.0007607163608519733
0.6370219978922005 	 0.0007731533854370349
0.6380219978922005 	 0.0007858620557744976
0.6390219978922005 	 0.0007988500820872674
0.6400219978922005 	 0.0008121254458481873
0.6410219978922005 	 0.0008256964111965062
0.6420219978922005 	 0.0008395715369144033
0.6430219978922005 	 0.000853759688994989
0.6440219978922005 	 0.0008682700538351567
0.6450219978922005 	 0.0008831121520887741
0.6460219978922005 	 0.0008982958532180191
0.6470219978922005 	 0.0009138313907829981
0.6480219978922005 	 0.0009297293785125193
0.6490219978922005 	 0.0009460008272015582
0.6500219978922005 	 0.0009626571624840446
0.6510219978922005 	 0.0009797102435326666
0.6520219978922005 	 0.0009971723827414374
0.6530219978922005 	 0.0010150563664487633
0.6540219978922005 	 0.0010333754767655593
0.6550219978922005 	 0.001052143514574402
0.6560219978922005 	 0.0010713748237720277
0.6570219978922005 	 0.0010910843168318364
0.6580219978922005 	 0.0011112875017684936
0.6590219978922005 	 0.0011320005105924498
0.6600219978922005 	 0.0011532401293483981
0.6610219978922005 	 0.0011750238298383023
0.6620219978922005 	 0.001197369803136925
0.6630219978922005 	 0.0012202969950154267
0.6640219978922005 	 0.0012438251433970603
0.6650219978922005 	 0.0012679748179780248
0.6660219978922005 	 0.0012927674621563828
0.6670219978922005 	 0.0013182254374223084
0.6680219978922005 	 0.0013443720703747836
0.6690219978922005 	 0.00137123170254182
0.6700219978922005 	 0.0013988297431954172
0.6710219978922005 	 0.0014271927253654542
0.6720219978922005 	 0.001456348365275125
0.6730219978922005 	 0.001486325625434993
0.6740219978922005 	 0.001517154781653068
0.6750219978922005 	 0.0015488674942378375
0.6760219978922005 	 0.001581496883693327
0.6770219978922005 	 0.0016150776112297221
0.6780219978922005 	 0.0016496459644372392
0.6790219978922005 	 0.0016852399485025283
0.6800219978922005 	 0.0017218993833745544
0.6810219978922005 	 0.0017596660073225577
0.6820219978922005 	 0.0017985835873648725
0.6830219978922005 	 0.0018386980370875671
0.6840219978922005 	 0.0018800575424158539
0.6850219978922005 	 0.00192271269594911
0.6860219978922005 	 0.001966716640522912
0.6870219978922005 	 0.002012125222718846
0.6880219978922005 	 0.002058997157106572
0.6890219978922005 	 0.002107394202069201
0.6900219978922005 	 0.0021573813481429865
0.6910219978922005 	 0.0022090270198808467
0.6920219978922005 	 0.0022624032923448576
0.6930219978922005 	 0.0023175861234273564
0.6940219978922005 	 0.002374655603318903
0.6950219978922005 	 0.0024336962225547983
0.6960219978922005 	 0.0024947971602103823
0.6970219978922005 	 0.00255805259396127
0.6980219978922005 	 0.0026235620338874686
0.6990219978922005 	 0.002691430682079813
0.7000219978922005 	 0.0027617698203053842
0.7010219978922005 	 0.002834697228207469
0.7020219978922005 	 0.00291033763475792
0.7030219978922005 	 0.002988823205947701
0.7040219978922005 	 0.0030702940719979453
0.7050219978922005 	 0.003154898897702625
0.7060219978922005 	 0.003242795499878117
0.7070219978922005 	 0.0033341515162989186
0.7080219978922005 	 0.0034291451309470234
0.7090219978922006 	 0.003527965860900148
0.7100219978922006 	 0.0036308154107365658
0.7110219978922006 	 0.0037379086009484493
0.7120219978922006 	 0.003849474377538218
0.7130219978922006 	 0.003965756910731051
0.7140219978922006 	 0.004087016791580724
0.7150219978922006 	 0.004213532336184184
0.7160219978922006 	 0.0043456010082643815
0.7170219978922006 	 0.004483540972041223
0.7180219978922006 	 0.004627692788602065
0.7190219978922006 	 0.004778421270414747
0.7200219978922006 	 0.004936117510224446
0.7210219978922006 	 0.005101201102338955
0.7220219978922006 	 0.005274122576270305
0.7230219978922006 	 0.005455366064871349
0.7240219978922006 	 0.005645452231504027
0.7250219978922006 	 0.00584494148342335
0.7260219978922006 	 0.00605443750146897
0.7270219978922006 	 0.006274591119346018
0.7280219978922006 	 0.006506104589253085
0.7290219978922006 	 0.006749736274389263
0.7300219978922006 	 0.007006305812934547
0.7310219978922006 	 0.007276699802433509
0.7320219978922006 	 0.007561878058082687
0.7330219978922006 	 0.007862880503164483
0.7340219978922006 	 0.008180834754668213
0.7350219978922006 	 0.008516964471868012
0.7360219978922006 	 0.008872598540008464
0.7370219978922006 	 0.009249181165006067
0.7380219978922006 	 0.009648282957709304
0.7390219978922006 	 0.010071613087159887
0.7400219978922006 	 0.010521032580563805
0.7410219978922006 	 0.01099856884213458
0.7420219978922006 	 0.011506431451981486
0.7430219978922006 	 0.012047029287608238
0.7440219978922006 	 0.012622988981437799
0.7450219978922006 	 0.013237174684201712
0.7460219978922006 	 0.013892709040861694
0.7470219978922006 	 0.01459299519616621
0.7480219978922006 	 0.015341739522052075
0.7490219978922006 	 0.016142974587237895
0.7500219978922006 	 0.017001081655468778
0.7510219978922006 	 0.017920811683630647
0.7520219978922006 	 0.018907303369906297
0.7530219978922006 	 0.01996609624469749
0.7540219978922006 	 0.021103136065805786
0.7550219978922006 	 0.022324768829739626
0.7560219978922006 	 0.02363771849204005
0.7570219978922006 	 0.025049041946355034
0.7580219978922006 	 0.026566052892200116
0.7590219978922006 	 0.028196203886321984
0.7600219978922006 	 0.029946913118723426
0.7610219978922006 	 0.031825319347546344
0.7620219978922006 	 0.033837945157746595
0.7630219978922006 	 0.035990245675535264
0.7640219978922006 	 0.03828601780080401
0.7650219978922006 	 0.04072664513119227
0.7660219978922006 	 0.04331015795813278
0.7670219978922006 	 0.046030098860218895
0.7680219978922006 	 0.04887420650011067
0.7690219978922006 	 0.051822968570326096
0.7700219978922006 	 0.0548481561653261
0.7710219978922006 	 0.05791154446456572
0.7720219978922006 	 0.06096415905277277
0.7730219978922006 	 0.06394657909741505
0.7740219978922006 	 0.0667911058896674
0.7750219978922006 	 0.0694270215817139
0.7760219978922006 	 0.07179080177298211
0.7770219978922006 	 0.0738440269843267
0.7780219978922006 	 0.07560222978388294
0.7790219978922006 	 0.07717448618289886
0.7800219978922006 	 0.07879400276667319
0.7810219978922006 	 0.08076355890324323
0.7820219978922006 	 0.08318701118920054
0.7830219978922006 	 0.08558422299174416
0.7840219978922006 	 0.08700166954973604
0.7850219978922006 	 0.08678790287808183
0.7860219978922006 	 0.08501060872900293
0.7870219978922006 	 0.08212802995543769
0.7880219978922006 	 0.0785968017629103
0.7890219978922006 	 0.07474121202494925
0.7900219978922006 	 0.07076690425706389
0.7910219978922006 	 0.06680130086238498
0.7920219978922006 	 0.06292400878333537
0.7930219978922006 	 0.059185026844107806
0.7940219978922006 	 0.05561514130887846
0.7950219978922006 	 0.05223205545936633
0.7960219978922006 	 0.04904426567624172
0.7970219978922006 	 0.04605370372191655
0.7980219978922006 	 0.04325764517207924
0.7990219978922006 	 0.04065013487853359
0.8000219978922006 	 0.038223065558621726
0.8010219978922006 	 0.0359669928682392
0.8020219978922006 	 0.03387174488856291
0.8030219978922006 	 0.03192687015648447
0.8040219978922006 	 0.030121959483797756
0.8050219978922006 	 0.028446870140229757
0.8060219978922006 	 0.026891875510584844
0.8070219978922006 	 0.025447758725257244
0.8080219978922006 	 0.024105864879311954
0.8090219978922006 	 0.02285812322920003
0.8100219978922006 	 0.021697048122605332
0.8110219978922006 	 0.020615725303349666
0.8120219978922006 	 0.019607788563149493
0.8130219978922006 	 0.01866739041044652
0.8140219978922006 	 0.017789169424690294
0.8150219978922006 	 0.016968216202008734
0.8160219978922006 	 0.016200039224144255
0.8170219978922006 	 0.01548053155484556
0.8180219978922006 	 0.014805938952740145
0.8190219978922006 	 0.014172829760220487
0.8200219978922006 	 0.013578066763061865
0.8210219978922007 	 0.01301878109909281
0.8220219978922007 	 0.012492348213800256
0.8230219978922007 	 0.011996365806784587
0.8240219978922007 	 0.011528633678319456
0.8250219978922007 	 0.01108713536453686
0.8260219978922007 	 0.0106700214389377
0.8270219978922007 	 0.010275594354046265
0.8280219978922007 	 0.009902294697895065
0.8290219978922007 	 0.009548688744040329
0.8300219978922007 	 0.009213457179815327
0.8310219978922007 	 0.008895384904692561
0.8320219978922007 	 0.008593351798362608
0.8330219978922007 	 0.008306324366040181
0.8340219978922007 	 0.00803334817629796
0.8350219978922007 	 0.007773541014227606
0.8360219978922007 	 0.007526086679821413
0.8370219978922007 	 0.007290229368095189
0.8380219978922007 	 0.007065268573603612
0.8390219978922007 	 0.0068505544676296165
0.8400219978922007 	 0.006645483701469174
0.8410219978922007 	 0.006449495593904093
0.8420219978922007 	 0.006262068665185374
0.8430219978922007 	 0.00608271748366908
0.8440219978922007 	 0.005910989794687189
0.8450219978922007 	 0.005746463904330568
0.8460219978922007 	 0.00558874629359994
0.8470219978922007 	 0.005437469440873988
0.8480219978922007 	 0.005292289832878676
0.8490219978922007 	 0.005152886146344834
0.8500219978922007 	 0.005018957584334109
0.8510219978922007 	 0.0048902223528207575
0.8520219978922007 	 0.004766416264554334
0.8530219978922007 	 0.004647291458517408
0.8540219978922007 	 0.004532615224446224
0.8550219978922007 	 0.004422168922916351
0.8560219978922007 	 0.004315746992422321
0.8570219978922007 	 0.004213156035711315
0.8580219978922007 	 0.004114213978376661
0.8590219978922007 	 0.004018749293386012
0.8600219978922007 	 0.003926600285820393
0.8610219978922007 	 0.003837614432640047
0.8620219978922007 	 0.003751647772778899
0.8630219978922007 	 0.003668564343306307
0.8640219978922007 	 0.003588235657788076
0.8650219978922007 	 0.003510540223333176
0.8660219978922007 	 0.0034353630931321087
0.8670219978922007 	 0.00336259545158105
0.8680219978922007 	 0.003292134229346232
0.8690219978922007 	 0.003223881745958015
0.8700219978922007 	 0.0031577453777367785
0.8710219978922007 	 0.0030936372490450266
0.8720219978922007 	 0.0030314739450342664
0.8730219978922007 	 0.002971176244212819
0.8740219978922007 	 0.0029126688693042507
0.8750219978922007 	 0.0028558802549953424
0.8760219978922007 	 0.002800742331290813
0.8770219978922007 	 0.0027471903212990026
0.8780219978922007 	 0.002695162552370106
0.8790219978922007 	 0.002644600279597238
0.8800219978922007 	 0.002595447520771343
0.8810219978922007 	 0.0025476509019545157
0.8820219978922007 	 0.0025011595129033823
0.8830219978922007 	 0.0024559247716354708
0.8840219978922007 	 0.00241190029748733
0.8850219978922007 	 0.0023690417920643227
0.8860219978922007 	 0.0023273069275287295
0.8870219978922007 	 0.0022866552417154995
0.8880219978922007 	 0.002247048039604221
0.8890219978922007 	 0.002208448300711687
0.8900219978922007 	 0.0021708205920023143
0.8910219978922007 	 0.002134130985943927
0.8920219978922007 	 0.0020983469833639945
0.8930219978922007 	 0.0020634374407869495
0.8940219978922007 	 0.0020293725019565035
0.8950219978922007 	 0.0019961235332685364
0.8960219978922007 	 0.00196366306285953
0.8970219978922007 	 0.0019319647231145543
0.8980219978922007 	 0.0019010031963743485
0.8990219978922007 	 0.0018707541636377302
0.9000219978922007 	 0.0018411942560690644
0.9010219978922007 	 0.0018123010091339218
0.9020219978922007 	 0.0017840528191981834
0.9030219978922007 	 0.0017564289024368399
0.9040219978922007 	 0.0017294092559106873
0.9050219978922007 	 0.0017029746206735836
0.9060219978922007 	 0.0016771064467906087
0.9070219978922007 	 0.0016517868601465065
0.9080219978922007 	 0.0016269986309371482
0.9090219978922007 	 0.0016027251437414976
0.9100219978922007 	 0.001578950369078648
0.9110219978922007 	 0.0015556588363602865
0.9120219978922007 	 0.0015328356081546236
0.9130219978922007 	 0.0015104662556827846
0.9140219978922007 	 0.0014885368354736236
0.9150219978922007 	 0.001467033867107181
0.9160219978922007 	 0.001445944311981115
0.9170219978922007 	 0.0014252555530381102
0.9180219978922007 	 0.0014049553753959696
0.9190219978922007 	 0.0013850319478249994
0.9200219978922007 	 0.0013654738050205067
0.9210219978922007 	 0.0013462698306208052
0.9220219978922007 	 0.0013274092409236921
0.9230219978922007 	 0.0013088815692566507
0.9240219978922007 	 0.0012906766509580814
0.9250219978922007 	 0.0012727846089288688
0.9260219978922007 	 0.0012551958397152513
0.9270219978922007 	 0.001237901000085555
0.9280219978922007 	 0.0012208909940647503
0.9290219978922007 	 0.0012041569603921307
0.9300219978922007 	 0.001187690260368176
0.9310219978922007 	 0.001171482466058289
0.9320219978922007 	 0.0011555253488208465
0.9330219978922007 	 0.001139810868128836
0.9340219978922008 	 0.0011243311606538903
0.9350219978922008 	 0.0011090785295823954
0.9360219978922008 	 0.0010940454341333847
0.9370219978922008 	 0.00107922447924805
0.9380219978922008 	 0.0010646084054204087
0.9390219978922008 	 0.0010501900786386862
0.9400219978922008 	 0.0010359624804062316
0.9410219978922008 	 0.0010219186978103014
0.9420219978922008 	 0.0010080519136061938
0.9430219978922008 	 0.0009943553962831245
0.9440219978922008 	 0.0009808224900771008
0.9450219978922008 	 0.0009674466048943203
0.9460219978922008 	 0.0009542212061071
0.9470219978922008 	 0.0009411398041824228
0.9480219978922008 	 0.000928195944101634
0.9490219978922008 	 0.0009153831945091209
0.9500219978922008 	 0.0009026951366177513
0.9510219978922008 	 0.0008901253526335929
0.9520219978922008 	 0.0008776674139273432
0.9530219978922008 	 0.0008653148686123418
0.9540219978922008 	 0.000853061228642595
0.9550219978922008 	 0.0008408999562914823
0.9560219978922008 	 0.0008288244499419698
0.9570219978922008 	 0.0008168280291207697
0.9580219978922008 	 0.0008049039186605379
0.9590219978922008 	 0.0007930452319082004
0.9600219978922008 	 0.000781244952856563
0.9610219978922008 	 0.0007694959170946784
0.9620219978922008 	 0.0007577907914161237
0.9630219978922008 	 0.0007461220519656067
0.9640219978922008 	 0.0007344819607445689
0.9650219978922008 	 0.000722862540302713
0.9660219978922008 	 0.0007112555464170987
0.9670219978922008 	 0.0006996524385414012
0.9680219978922008 	 0.0006880443477857638
0.9690219978922008 	 0.0006764220421636486
0.9700219978922008 	 0.0006647758888165648
0.9710219978922008 	 0.0006530958128998677
0.9720219978922008 	 0.0006413712527844082
0.9730219978922008 	 0.0006295911111991407
0.9740219978922008 	 0.0006177437019111136
0.9750219978922008 	 0.0006058166915123259
0.9760219978922008 	 0.0005937970358592477
0.9770219978922008 	 0.0005816709106863916
0.9780219978922008 	 0.0005694236360047506
0.9790219978922008 	 0.0005570395935218486
0.9800219978922008 	 0.0005445021373586973
0.9810219978922008 	 0.0005317934968106361
0.9820219978922008 	 0.0005188946718382823
0.9830219978922008 	 0.0005057853209360361
0.9840219978922008 	 0.000492443642048953
0.9850219978922008 	 0.00047884624765195667
0.9860219978922008 	 0.00046496803605817393
0.9870219978922008 	 0.00045078206239514276
0.9880219978922008 	 0.00043620152187162425
0.9890219978922008 	 0.00042113681487572236
0.9900219978922008 	 0.00040560022448817137
0.9910219978922008 	 0.0003895679508811203
0.9920219978922008 	 0.00037300819984781785
0.9930219978922008 	 0.00035588529605150933
0.9940219978922008 	 0.0003381614322334633
0.9950219978922008 	 0.0003197981212511201
0.9960219978922008 	 0.0003006646048099139
0.9970219978922008 	 0.0002806905805808342
0.9980219978922008 	 0.0002599046855356013
0.9990219978922008 	 0.00023831338046071706
1.0000219978922007 	 0.00021594044578276587
1.0010219978922006 	 0.00019284369640863128
1.0020219978922005 	 0.00016913485940215305
1.0030219978922004 	 0.00014500705514781546
1.0040219978922003 	 0.00012077384910046633
1.0050219978922001 	 9.692476013886428e-05
1.0060219978922 	 7.420325851266561e-05
1.0070219978922 	 5.371385272978104e-05
1.0080219978921998 	 3.706314188919025e-05
1.0090219978921997 	 2.6531960869042238e-05
1.0100219978921996 	 2.5254651761314575e-05
1.0110219978921995 	 3.733511492675313e-05
1.0120219978921994 	 6.774490728190882e-05
1.0130219978921993 	 0.00012173360272291064
1.0140219978921992 	 0.00020342146395018737
1.015021997892199 	 0.00031350341943241314
1.016021997892199 	 0.00044709548131168387
1.0170219978921988 	 0.0005955908955334724
1.0180219978921987 	 0.0007621714119709352
1.0190219978921986 	 0.0009908210874301627
1.0200219978921985 	 0.0012807021120790321
1.0210219978921984 	 0.0014793452053634619
1.0220219978921983 	 0.001556497701207226
1.0230219978921982 	 0.0015709489673867356
1.024021997892198 	 0.0015561562535218296
1.025021997892198 	 0.0015265782765556638
1.0260219978921978 	 0.0014893620839710943
1.0270219978921977 	 0.0014486073710759846
1.0280219978921976 	 0.001406798014628112
1.0290219978921975 	 0.0013654423443296736
1.0300219978921974 	 0.0013254246416263052
1.0310219978921973 	 0.0012872282191919323
1.0320219978921972 	 0.001251081186527618
1.033021997892197 	 0.001217052554446053
1.034021997892197 	 0.0011851150153715845
1.0350219978921968 	 0.001155185556210498
1.0360219978921967 	 0.0011271513958598964
1.0370219978921966 	 0.0011008863014044783
1.0380219978921965 	 0.001076260641227502
1.0390219978921964 	 0.0010531473919745402
1.0400219978921963 	 0.001031425552529757
1.0410219978921962 	 0.0010109819134268149
1.042021997892196 	 0.0009917117982230492
1.043021997892196 	 0.0009735191760556166
1.0440219978921959 	 0.0009563164025962742
1.0450219978921957 	 0.0009400237539679892
1.0460219978921956 	 0.0009245688577984192
1.0470219978921955 	 0.0009098860863782639
1.0480219978921954 	 0.0008959159512533384
1.0490219978921953 	 0.0008826045223947592
1.0500219978921952 	 0.0008699028843547437
1.051021997892195 	 0.0008577666352534799
1.052021997892195 	 0.0008461554302828359
1.0530219978921949 	 0.0008350325689950131
1.0540219978921948 	 0.0008243646240381126
1.0550219978921946 	 0.0008141211084968752
1.0560219978921945 	 0.0008042741784736555
1.0570219978921944 	 0.0007947983676034186
1.0580219978921943 	 0.0007856703502679207
1.0590219978921942 	 0.0007768687304754339
1.060021997892194 	 0.0007683738536102181
1.061021997892194 	 0.000760167638511265
1.0620219978921939 	 0.0007522334132565477
1.0630219978921938 	 0.0007445556395017902
1.0640219978921936 	 0.0007371201388914812
1.0650219978921935 	 0.0007299137979794789
1.0660219978921934 	 0.0007229244584904151
1.0670219978921933 	 0.0007161408393659733
1.0680219978921932 	 0.0007095524612922403
1.069021997892193 	 0.0007031495777670908
1.070021997892193 	 0.0006969231128910949
1.0710219978921929 	 0.0006908646049202502
1.0720219978921928 	 0.0006849661554916902
1.0730219978921927 	 0.0006792203835098984
1.0740219978921925 	 0.0006736203834679903
1.0750219978921924 	 0.0006681596876452804
1.0760219978921923 	 0.0006628322317849907
1.0770219978921922 	 0.0006576323239428254
1.078021997892192 	 0.0006525546160595431
1.079021997892192 	 0.0006475940781431947
1.0800219978921919 	 0.0006427459746718791
1.0810219978921918 	 0.000638005843092954
1.0820219978921917 	 0.0006333694740840456
1.0830219978921916 	 0.000628832893557287
1.0840219978921914 	 0.0006243923461690546
1.0850219978921913 	 0.0006200442801019882
1.0860219978921912 	 0.0006157853332440249
1.0870219978921911 	 0.0006116123203165604
1.088021997892191 	 0.0006075222211111788
1.089021997892191 	 0.0006035121696736697
1.0900219978921908 	 0.0005995794442991441
1.0910219978921907 	 0.0005957214582613774
1.0920219978921906 	 0.0005919357512860732
1.0930219978921905 	 0.0005882199816488766
1.0940219978921903 	 0.0005845719189532502
1.0950219978921902 	 0.0005809894372026963
1.0960219978921901 	 0.0005774705086301368
1.09702199789219 	 0.0005740131978535075
1.09802199789219 	 0.0005706156564019651
1.0990219978921898 	 0.0005672761177363268
1.1000219978921897 	 0.0005639928923879507
1.1010219978921896 	 0.0005607643644513079
1.1020219978921895 	 0.000557589018871962
1.1030219978921894 	 0.000554465359254666
1.1040219978921892 	 0.0005513919430757332
1.1050219978921891 	 0.0005483673928628174
1.106021997892189 	 0.000545390392481399
1.107021997892189 	 0.0005424596837791011
1.1080219978921888 	 0.0005395740633327414
1.1090219978921887 	 0.0005367323794885998
1.1100219978921886 	 0.0005339335295898008
1.1110219978921885 	 0.000531176457308665
1.1120219978921884 	 0.0005284601429254485
1.1130219978921883 	 0.000525783581109109
1.1140219978921881 	 0.0005231458002979578
1.115021997892188 	 0.0005205458670734257
1.116021997892188 	 0.0005179828843404746
1.1170219978921878 	 0.0005154559893925988
1.1180219978921877 	 0.0005129643523134103
1.1190219978921876 	 0.0005105071743622726
1.1200219978921875 	 0.0005080836864180861
1.1210219978921874 	 0.0005056931476567268
1.1220219978921873 	 0.0005033348402783893
1.1230219978921872 	 0.0005010080581222096
1.124021997892187 	 0.0004987121164013854
1.125021997892187 	 0.0004964463540907393
1.1260219978921868 	 0.0004942101327173948
1.1270219978921867 	 0.0004920028354396764
1.1280219978921866 	 0.0004898238660154386
1.1290219978921865 	 0.0004876726479864236
1.1300219978921864 	 0.00048554862368221756
1.1310219978921863 	 0.00048345125356765345
1.1320219978921862 	 0.0004813800129962803
1.133021997892186 	 0.00047933438538601915
1.134021997892186 	 0.0004773138681196364
1.1350219978921858 	 0.0004753173572055194
1.1360219978921857 	 0.0004733456437783115
1.1370219978921856 	 0.00047139762162399195
1.1380219978921855 	 0.00046947284606273454
1.1390219978921854 	 0.00046757088543047785
1.1400219978921853 	 0.0004656913206378482
1.1410219978921852 	 0.0004638337445450091
1.142021997892185 	 0.0004619977602622123
1.143021997892185 	 0.00046018297682373947
1.1440219978921848 	 0.00045838901287599386
1.1450219978921847 	 0.00045661549741829634
1.1460219978921846 	 0.0004548620694987037
1.1470219978921845 	 0.0004531283777127084
1.1480219978921844 	 0.00045141407997918373
1.1490219978921843 	 0.00044971884313970735
1.1500219978921842 	 0.00044804234257146046
1.151021997892184 	 0.00044638426200870415
1.152021997892184 	 0.00044474429225638685
1.1530219978921838 	 0.0004431221286500773
1.1540219978921837 	 0.0004415174732270133
1.1550219978921836 	 0.00043993003529495706
1.1560219978921835 	 0.0004383595311214217
1.1570219978921834 	 0.00043680568369039875
1.1580219978921833 	 0.00043526822254286873
1.1590219978921832 	 0.00043374688343047937
1.160021997892183 	 0.000432241408243803
1.161021997892183 	 0.0004307515446851966
1.1620219978921829 	 0.0004292770456117058
1.1630219978921827 	 0.000427817667402974
1.1640219978921826 	 0.00042637317126072627
1.1650219978921825 	 0.0004249433236038081
1.1660219978921824 	 0.0004235278957720184
1.1670219978921823 	 0.0004221266639900815
1.1680219978921822 	 0.0004207394091548796
1.169021997892182 	 0.0004193659166278222
1.170021997892182 	 0.0004180059762159771
1.1710219978921819 	 0.00041665938191312634
1.1720219978921818 	 0.0004153259315345629
1.1730219978921816 	 0.0004140054256752143
1.1740219978921815 	 0.00041269766855551825
1.1750219978921814 	 0.00041140246815158196
1.1760219978921813 	 0.00041011963601656143
1.1770219978921812 	 0.0004088489872910371
1.178021997892181 	 0.0004075903404779435
1.179021997892181 	 0.0004063435174047404
1.1800219978921809 	 0.0004051083431218899
1.1810219978921808 	 0.00040388464574406057
1.1820219978921807 	 0.0004026722562852873
1.1830219978921805 	 0.00040147100808191695
1.1840219978921804 	 0.00040028073534648155
1.1850219978921803 	 0.00039910127877742173
1.1860219978921802 	 0.00039793247713100553
1.18702199789218 	 0.0003967741760074344
1.18802199789218 	 0.000395626223262372
1.1890219978921799 	 0.00039448846787506635
1.1900219978921798 	 0.0003933607612222467
1.1910219978921797 	 0.00039224295694729355
1.1920219978921796 	 0.0003911349109187996
1.1930219978921794 	 0.00039003648105275174
1.1940219978921793 	 0.00038894752728259194
1.1950219978921792 	 0.0003878679116310314
1.1960219978921791 	 0.0003867974980907864
1.197021997892179 	 0.0003857361525416261
1.198021997892179 	 0.00038468374275234864
1.1990219978921788 	 0.00038364013826638053
1.2000219978921787 	 0.0003826052104118429
1.2010219978921786 	 0.00038157883219732303
1.2020219978921785 	 0.000380560878333499
1.2030219978921783 	 0.0003795512254303084
1.2040219978921782 	 0.00037854975171253586
1.2050219978921781 	 0.00037755633685062137
1.206021997892178 	 0.0003765708620303646
1.207021997892178 	 0.00037559320979397876
1.2080219978921778 	 0.0003746232640884347
1.2090219978921777 	 0.00037366091016689037
1.2100219978921776 	 0.00037270603454736957
1.2110219978921775 	 0.00037175852501897505
1.2120219978921773 	 0.0003708182707523724
1.2130219978921772 	 0.000369885162673576
1.2140219978921771 	 0.0003689590930302797
1.215021997892177 	 0.0003680399551485481
1.216021997892177 	 0.0003671276433750606
1.2170219978921768 	 0.00036622205310040355
1.2180219978921767 	 0.00036532308066935127
1.2190219978921766 	 0.0003644306234049622
1.2200219978921765 	 0.00036354457955498044
1.2210219978921764 	 0.00036266484820504446
1.2220219978921762 	 0.00036179132961705997
1.2230219978921761 	 0.00036092392588001613
1.224021997892176 	 0.0003600625400781388
1.225021997892176 	 0.0003592070760710565
1.2260219978921758 	 0.0003583574384662791
1.2270219978921757 	 0.00035751353253666294
1.2280219978921756 	 0.0003566752642681664
1.2290219978921755 	 0.0003558425403022053
1.2300219978921754 	 0.0003550152678780002
1.2310219978921753 	 0.0003541933548857961
1.2320219978921751 	 0.00035337671012236995
1.233021997892175 	 0.0003525652443490936
1.234021997892175 	 0.0003517588691599284
1.2350219978921748 	 0.000350957496647043
1.2360219978921747 	 0.0003501610393795529
1.2370219978921746 	 0.0003493694103817847
1.2380219978921745 	 0.0003485825231152218
1.2390219978921744 	 0.00034780029145978144
1.2400219978921743 	 0.00034702262969506296
1.2410219978921742 	 0.00034624945248140876
1.242021997892174 	 0.0003454806753065622
1.243021997892174 	 0.0003447162157413294
1.2440219978921738 	 0.0003439559920713842
1.2450219978921737 	 0.0003431999228704614
1.2460219978921736 	 0.00034244792698382337
1.2470219978921735 	 0.00034169992351083464
1.2480219978921734 	 0.0003409558317922196
1.2490219978921733 	 0.0003402155713961866
1.2500219978921732 	 0.0003394790621042805
1.251021997892173 	 0.00033874622389674697
1.252021997892173 	 0.0003380169774942272
1.2530219978921728 	 0.0003372912458600793
1.2540219978921727 	 0.00033656895260186635
1.2550219978921726 	 0.00033585002142501736
1.2560219978921725 	 0.00033513437614930865
1.2570219978921724 	 0.0003344219406877224
1.2580219978921723 	 0.00033371263903865745
1.2590219978921722 	 0.00033300639527643805
1.260021997892172 	 0.0003323031335412915
1.261021997892172 	 0.0003316027780284989
1.2620219978921718 	 0.00033090525360423797
1.2630219978921717 	 0.00033021048751371624
1.2640219978921716 	 0.00032951840755259394
1.2650219978921715 	 0.00032882894150584787
1.2660219978921714 	 0.0003281420171388565
1.2670219978921713 	 0.0003274575621864309
1.2680219978921712 	 0.0003267755043500986
1.269021997892171 	 0.0003260957712929096
1.270021997892171 	 0.00032541829063337344
1.2710219978921709 	 0.00032474298993812885
1.2720219978921707 	 0.00032406979736894644
1.2730219978921706 	 0.0003233986434737064
1.2740219978921705 	 0.0003227294592801029
1.2750219978921704 	 0.0003220621757134842
1.2760219978921703 	 0.0003213967235913655
1.2770219978921702 	 0.0003207330336149895
1.27802199789217 	 0.000320071036372139
1.27902199789217 	 0.0003194106623364172
1.2800219978921699 	 0.00031875184186521126
1.2810219978921698 	 0.0003180945051957779
1.2820219978921696 	 0.000317438583067253
1.2830219978921695 	 0.0003167840083204881
1.2840219978921694 	 0.0003161307142376288
1.2850219978921693 	 0.0003154786339317162
1.2860219978921692 	 0.0003148277003626309
1.287021997892169 	 0.00031417784633072334
1.288021997892169 	 0.00031352900448604044
1.2890219978921689 	 0.00031288110733250697
1.2900219978921688 	 0.0003122340870883195
1.2910219978921686 	 0.00031158787540021304
1.2920219978921685 	 0.0003109424047226329
1.2930219978921684 	 0.00031029760911869126
1.2940219978921683 	 0.00030965342289555414
1.2950219978921682 	 0.00030900978021248317
1.296021997892168 	 0.00030836661508041707
1.297021997892168 	 0.0003077238613576233
1.2980219978921679 	 0.0003070814527670358
1.2990219978921678 	 0.0003064393227647347
1.3000219978921677 	 0.0003057974036464045
1.3010219978921675 	 0.00030515562849908295
1.3020219978921674 	 0.0003045139306950878
1.3030219978921673 	 0.00030387224403260484
1.3040219978921672 	 0.0003032305023397089
1.305021997892167 	 0.0003025886393596235
1.306021997892167 	 0.00030194658875632807
1.3070219978921669 	 0.00030130428410742884
1.3080219978921668 	 0.00030066165893350783
1.3090219978921667 	 0.00030001864671321736
1.3100219978921666 	 0.0002993751808948305
1.3110219978921664 	 0.0002987311949029589
1.3120219978921663 	 0.00029808662178476265
1.3130219978921662 	 0.000297441393294759
1.3140219978921661 	 0.0002967954409227017
1.315021997892166 	 0.000296148696215191
1.316021997892166 	 0.0002955010907815588
1.3170219978921658 	 0.00029485255628805985
1.3180219978921657 	 0.0002942030244978294
1.3190219978921656 	 0.00029355242729554013
1.3200219978921655 	 0.00029290069670535987
1.3210219978921653 	 0.00029224776489765637
1.3220219978921652 	 0.00029159356318227424
1.3230219978921651 	 0.000290938019333547
1.324021997892165 	 0.00029028106051437604
1.325021997892165 	 0.0002896226141789319
1.3260219978921648 	 0.00028896260808002706
1.3270219978921647 	 0.00028830097025745865
1.3280219978921646 	 0.0002876376290844626
1.3290219978921645 	 0.00028697251335814086
1.3300219978921644 	 0.00028630555223936534
1.3310219978921642 	 0.00028563655508942427
1.3320219978921641 	 0.00028496519136037365
1.333021997892164 	 0.00028429153835377654
1.334021997892164 	 0.0002836155616744311
1.3350219978921638 	 0.00028293720369931624
1.3360219978921637 	 0.00028225639872774515
1.3370219978921636 	 0.0002815730774607819
1.3380219978921635 	 0.00028088716877643625
1.3390219978921634 	 0.00028019860070236773
1.3400219978921633 	 0.0002795073009569828
1.3410219978921631 	 0.000278813197270487
1.342021997892163 	 0.00027811621514994166
1.343021997892163 	 0.0002774162715869117
1.3440219978921628 	 0.0002767132821775188
1.3450219978921627 	 0.00027600716335228346
1.3460219978921626 	 0.000275297832438826
1.3470219978921625 	 0.00027458520765647897
1.3480219978921624 	 0.00027386920829225117
1.3490219978921623 	 0.00027314975480210643
1.3500219978921622 	 0.0002724267688832268
1.351021997892162 	 0.00027170017350087246
1.352021997892162 	 0.00027096989005300984
1.3530219978921618 	 0.00027023583094266273
1.3540219978921617 	 0.0002694979077973172
1.3550219978921616 	 0.000268756034005556
1.3560219978921615 	 0.0002680101247321591
1.3570219978921614 	 0.0002672600968521813
1.3580219978921613 	 0.0002665058691785319
1.3590219978921612 	 0.0002657473625926989
1.360021997892161 	 0.00026498450012126434
1.361021997892161 	 0.00026421720695721197
1.3620219978921608 	 0.0002634454076244215
1.3630219978921607 	 0.00026266901882382747
1.3640219978921606 	 0.00026188795752848725
1.3650219978921605 	 0.0002611021434965471
1.3660219978921604 	 0.0002603114992849778
1.3670219978921603 	 0.0002595159501344841
1.3680219978921602 	 0.0002587154243121945
1.36902199789216 	 0.00025790985329908337
1.37002199789216 	 0.0002570991718976479
1.3710219978921598 	 0.00025628331825831255
1.3720219978921597 	 0.000255462231584899
1.3730219978921596 	 0.0002546358466640268
1.3740219978921595 	 0.0002538041003363102
1.3750219978921594 	 0.0002529669335199621
1.3760219978921593 	 0.0002521242912420624
1.3770219978921592 	 0.0002512761225203437
1.378021997892159 	 0.00025042238073495716
1.379021997892159 	 0.00024956302381357395
1.3800219978921588 	 0.00024869801433966275
1.3810219978921587 	 0.00024782731959008774
1.3820219978921586 	 0.00024695091030592294
1.3830219978921585 	 0.00024606875774117813
1.3840219978921584 	 0.0002451808372177951
1.3850219978921583 	 0.0002442871290394277
1.3860219978921582 	 0.00024338761874878376
1.387021997892158 	 0.00024248229697325342
1.388021997892158 	 0.00024157115941960194
1.3890219978921579 	 0.00024065420680223037
1.3900219978921577 	 0.00023973144474226184
1.3910219978921576 	 0.00023880288368370478
1.3920219978921575 	 0.0002378685388147264
1.3930219978921574 	 0.0002369284295727206
1.3940219978921573 	 0.00023598257945579962
1.3950219978921572 	 0.00023503101575239008
1.396021997892157 	 0.0002340737692498733
1.397021997892157 	 0.0002331108740148942
1.3980219978921569 	 0.0002321423667594037
1.3990219978921568 	 0.00023116828630233424
1.4000219978921566 	 0.0002301886730631074
1.4010219978921565 	 0.0002292035685709503
1.4020219978921564 	 0.00022821301596971525
1.4030219978921563 	 0.00022721706182808444
1.4040219978921562 	 0.00022621575285055532
1.405021997892156 	 0.00022520913453493043
1.406021997892156 	 0.00022419725069150072
1.4070219978921559 	 0.0002231801430491311
1.4080219978921558 	 0.00022215785081074933
1.4090219978921557 	 0.00022113041032381165
1.4100219978921555 	 0.00022009785485504186
1.4110219978921554 	 0.00021906021442510368
1.4120219978921553 	 0.00021801751737998026
1.4130219978921552 	 0.00021696979447445147
1.414021997892155 	 0.00021591707469346331
1.415021997892155 	 0.00021485938417850167
1.4160219978921549 	 0.00021379674660661677
1.4170219978921548 	 0.0002127291836481853
1.4180219978921547 	 0.00021165671557677455
1.4190219978921546 	 0.000210579361921897
1.4200219978921544 	 0.0002094971421634983
1.4210219978921543 	 0.00020841007642020729
1.4220219978921542 	 0.00020731818781155413
1.4230219978921541 	 0.00020622150791476824
1.424021997892154 	 0.00020512007249382343
1.425021997892154 	 0.0002040139206724388
1.4260219978921538 	 0.00020290309552854996
1.4270219978921537 	 0.0002017876445813884
1.4280219978921536 	 0.00020066762038295139
1.4290219978921535 	 0.00019954308096496474
1.4300219978921533 	 0.00019841409018067448
1.4310219978921532 	 0.00019728071792276996
1.4320219978921531 	 0.00019614304181466723
1.433021997892153 	 0.00019500115144627564
1.434021997892153 	 0.0001938551440852831
1.4350219978921528 	 0.00019270512304447567
1.4360219978921527 	 0.00019155119756933582
1.4370219978921526 	 0.00019039348255551976
1.4380219978921525 	 0.0001892320984502298
1.4390219978921523 	 0.00018806717102415392
1.4400219978921522 	 0.00018689883108269326
1.4410219978921521 	 0.00018572721411153412
1.442021997892152 	 0.000184552461084259
1.443021997892152 	 0.00018337472160541896
1.4440219978921518 	 0.00018219414990356121
1.4450219978921517 	 0.00018101090336954999
1.4460219978921516 	 0.00017982514217192077
1.4470219978921515 	 0.00017863702880408218
1.4480219978921514 	 0.0001774467278755844
1.4490219978921512 	 0.00017625440583515138
1.4500219978921511 	 0.0001750602306626483
1.451021997892151 	 0.00017386437154039654
1.452021997892151 	 0.0001726669993624323
1.4530219978921508 	 0.00017146828900098293
1.4540219978921507 	 0.00017026841645181284
1.4550219978921506 	 0.00016906755781175717
1.4560219978921505 	 0.00016786588901875055
1.4570219978921504 	 0.00016666358553740586
1.4580219978921503 	 0.00016546082230856502
1.4590219978921501 	 0.00016425777361824776
1.46002199789215 	 0.00016305461294484688
1.46102199789215 	 0.0001618515127764527
1.4620219978921498 	 0.00016064864498279078
1.4630219978921497 	 0.00015944618238482422
1.4640219978921496 	 0.00015824429690560165
1.4650219978921495 	 0.00015704315893928073
1.4660219978921494 	 0.00015584293719064508
1.4670219978921493 	 0.000154643798416775
1.4680219978921492 	 0.00015344590753552383
1.469021997892149 	 0.00015224942760482693
1.470021997892149 	 0.00015105451975368263
1.4710219978921488 	 0.0001498613431019869
1.4720219978921487 	 0.00014867005504518024
1.4730219978921486 	 0.00014748081228439759
1.4740219978921485 	 0.00014629376963756695
1.4750219978921484 	 0.0001451090796485052
1.4760219978921483 	 0.0001439268924834503
1.4770219978921482 	 0.00014274735572873803
1.478021997892148 	 0.00014157061453823482
1.479021997892148 	 0.0001403968117047848
1.4800219978921478 	 0.00013922608743156408
1.4810219978921477 	 0.00013805857957538913
1.4820219978921476 	 0.00013689442362729422
1.4830219978921475 	 0.0001357337535588097
1.4840219978921474 	 0.00013457670099997835
1.4850219978921473 	 0.000133423394974612
1.4860219978921472 	 0.00013227396183302823
1.487021997892147 	 0.00013112852510146963
1.488021997892147 	 0.0001299872056232643
1.4890219978921468 	 0.0001288501215939529
1.4900219978921467 	 0.00012771738855239199
1.4910219978921466 	 0.00012658911935529684
1.4920219978921465 	 0.00012546542436774378
1.4930219978921464 	 0.00012434641216693066
1.4940219978921463 	 0.0001232321888233097
1.4950219978921462 	 0.00012212285768155003
1.496021997892146 	 0.00012101851932089615
1.497021997892146 	 0.0001199192714492393
1.4980219978921459 	 0.00011882520902966833
1.4990219978921457 	 0.00011773642432226367
1.5000219978921456 	 0.00011665300689076963
1.5010219978921455 	 0.00011557504359024902
1.5020219978921454 	 0.00011450261879093769
1.5030219978921453 	 0.00011343581516621563
1.5040219978921452 	 0.00011237471289255124
1.505021997892145 	 0.00011131938951861457
1.506021997892145 	 0.0001102699198179375
1.5070219978921449 	 0.00010922637585015772
1.5080219978921447 	 0.00010818882701257064
1.5090219978921446 	 0.00010715734007474663
1.5100219978921445 	 0.0001061319792000959
1.5110219978921444 	 0.000105112805956104
1.5120219978921443 	 0.00010409987963647467
1.5130219978921442 	 0.00010309325817773541
1.514021997892144 	 0.0001020929972145506
1.515021997892144 	 0.00010109914981496386
1.5160219978921439 	 0.00010011176650711709
1.5170219978921438 	 9.913089530600104e-05
1.5180219978921436 	 9.815658174425521e-05
1.5190219978921435 	 9.718886890267767e-05
1.5200219978921434 	 9.622779744109609e-05
1.5210219978921433 	 9.527340555131472e-05
1.5220219978921432 	 9.432572934103897e-05
1.523021997892143 	 9.33848042772798e-05
1.524021997892143 	 9.245066380451529e-05
1.5250219978921429 	 9.152333896920527e-05
1.5260219978921428 	 9.060285057870903e-05
1.5270219978921427 	 8.968922012428614e-05
1.5280219978921425 	 8.878247195654578e-05
1.5290219978921424 	 8.788262821982993e-05
1.5300219978921423 	 8.698970866703126e-05
1.5310219978921422 	 8.610373107494726e-05
1.532021997892142 	 8.522471184181853e-05
1.533021997892142 	 8.4352666984046e-05
1.5340219978921419 	 8.34876108000811e-05
1.5350219978921418 	 8.262955549710143e-05
1.5360219978921417 	 8.177851130601451e-05
1.5370219978921416 	 8.0934486656202e-05
1.5380219978921414 	 8.009748807179358e-05
1.5390219978921413 	 7.92675201640048e-05
1.5400219978921412 	 7.84445856811047e-05
1.5410219978921411 	 7.762868562859724e-05
1.542021997892141 	 7.681981998835507e-05
1.543021997892141 	 7.601798882578822e-05
1.5440219978921408 	 7.522319082700294e-05
1.5450219978921407 	 7.443542292247417e-05
1.5460219978921406 	 7.365468043161315e-05
1.5470219978921405 	 7.288095735653471e-05
1.5480219978921403 	 7.211424616560276e-05
1.5490219978921402 	 7.135453776976497e-05
1.5500219978921401 	 7.060182158025456e-05
1.55102199789214 	 6.985608567631065e-05
1.55202199789214 	 6.911731761509747e-05
1.5530219978921398 	 6.838550538406156e-05
1.5540219978921397 	 6.766063597481726e-05
1.5550219978921396 	 6.694269502142489e-05
1.5560219978921395 	 6.623166700049743e-05
1.5570219978921394 	 6.552753563100491e-05
1.5580219978921392 	 6.483028355886496e-05
1.5590219978921391 	 6.413989229507513e-05
1.560021997892139 	 6.345634228767972e-05
1.561021997892139 	 6.277961312390412e-05
1.5620219978921388 	 6.210968436550852e-05
1.5630219978921387 	 6.144653615833243e-05
1.5640219978921386 	 6.079014800749062e-05
1.5650219978921385 	 6.0140498474982405e-05
1.5660219978921384 	 5.9497565380329633e-05
1.5670219978921383 	 5.886132623117308e-05
1.5680219978921381 	 5.823161672895707e-05
1.569021997892138 	 5.7608300408148825e-05
1.570021997892138 	 5.6991461123571466e-05
1.5710219978921378 	 5.638110281876197e-05
1.5720219978921377 	 5.5777214619730846e-05
1.5730219978921376 	 5.51797790949736e-05
1.5740219978921375 	 5.458877379212046e-05
1.5750219978921374 	 5.400417166891837e-05
1.5760219978921373 	 5.3425941174854677e-05
1.5770219978921372 	 5.285404614954593e-05
1.578021997892137 	 5.228844427913501e-05
1.579021997892137 	 5.172908559833742e-05
1.5800219978921368 	 5.1175910773544944e-05
1.5810219978921367 	 5.062884925276451e-05
1.5820219978921366 	 5.008781748225923e-05
1.5830219978921365 	 4.955271600084966e-05
1.5840219978921364 	 4.9023427074193137e-05
1.5850219978921363 	 4.849981315141083e-05
1.5860219978921362 	 4.798171683646829e-05
1.587021997892136 	 4.746896326434198e-05
1.588021997892136 	 4.696136443763457e-05
1.5890219978921358 	 4.64587276644261e-05
1.5900219978921357 	 4.596086801249958e-05
1.5910219978921356 	 4.546762415461665e-05
1.5920219978921355 	 4.4978875524555086e-05
1.5930219978921354 	 4.44945565066675e-05
1.5940219978921353 	 4.4014667025157746e-05
1.5950219978921352 	 4.353927454868152e-05
1.596021997892135 	 4.306850638241747e-05
1.597021997892135 	 4.2602533659844156e-05
1.5980219978921348 	 4.214154924908141e-05
1.5990219978921347 	 4.168574504506321e-05
1.6000219978921346 	 4.1235292633019224e-05
1.6010219978921345 	 4.079032991060654e-05
1.6020219978921344 	 4.035095417897232e-05
1.6030219978921343 	 3.991721980293247e-05
1.6040219978921342 	 3.948914314910516e-05
1.605021997892134 	 3.906670911217748e-05
1.606021997892134 	 3.864987826279408e-05
1.6070219978921338 	 3.8238593876016346e-05
1.6080219978921337 	 3.783278772499388e-05
1.6090219978921336 	 3.743238492366844e-05
1.6100219978921335 	 3.703730759079363e-05
1.6110219978921334 	 3.664747760058581e-05
1.6120219978921333 	 3.626281788321678e-05
1.6130219978921332 	 3.588325183414228e-05
1.614021997892133 	 3.550870588044225e-05
1.615021997892133 	 3.513911036933621e-05
1.6160219978921329 	 3.477439966907062e-05
1.6170219978921327 	 3.441451199878456e-05
1.6180219978921326 	 3.40593894493623e-05
1.6190219978921325 	 3.37089777217218e-05
1.6200219978921324 	 3.336322591133513e-05
1.6210219978921323 	 3.302208624802109e-05
1.6220219978921322 	 3.2685513038854675e-05
1.623021997892132 	 3.235346086902178e-05
1.624021997892132 	 3.202588646574676e-05
1.6250219978921319 	 3.170274914061225e-05
1.6260219978921318 	 3.138401051229263e-05
1.6270219978921316 	 3.106963412759241e-05
1.6280219978921315 	 3.075958559824824e-05
1.6290219978921314 	 3.045383255053438e-05
1.6300219978921313 	 3.015234452127338e-05
1.6310219978921312 	 2.9855092708943425e-05
1.632021997892131 	 2.9562048964214738e-05
1.633021997892131 	 2.9273184452113792e-05
1.6340219978921309 	 2.898847146708476e-05
1.6350219978921308 	 2.870788383677436e-05
1.6360219978921307 	 2.8431396686882703e-05
1.6370219978921305 	 2.8158985943256298e-05
1.6380219978921304 	 2.789062863806431e-05
1.6390219978921303 	 2.7626302935310395e-05
1.6400219978921302 	 2.7365987987912896e-05
1.64102199789213 	 2.710966367890028e-05
1.64202199789213 	 2.6857309641753837e-05
1.6430219978921299 	 2.6608904460736517e-05
1.6440219978921298 	 2.6364426933961088e-05
1.6450219978921297 	 2.6123856298045702e-05
1.6460219978921296 	 2.5887171941730745e-05
1.6470219978921294 	 2.5654352830127388e-05
1.6480219978921293 	 2.5425377816144525e-05
1.6490219978921292 	 2.5200225608569145e-05
1.650021997892129 	 2.497887460506364e-05
1.651021997892129 	 2.476130260827621e-05
1.652021997892129 	 2.4547486055530406e-05
1.6530219978921288 	 2.4337399715347312e-05
1.6540219978921287 	 2.4131017294811254e-05
1.6550219978921286 	 2.3928311499649278e-05
1.6560219978921285 	 2.3729253758525128e-05
1.6570219978921283 	 2.353381374724393e-05
1.6580219978921282 	 2.3341959644574494e-05
1.6590219978921281 	 2.315365810648958e-05
1.660021997892128 	 2.296887416900109e-05
1.661021997892128 	 2.2787571061191025e-05
1.6620219978921278 	 2.2609709741640818e-05
1.6630219978921277 	 2.243524917050335e-05
1.6640219978921276 	 2.226414635437537e-05
1.6650219978921275 	 2.2096356350436426e-05
1.6660219978921273 	 2.1931832163469163e-05
1.6670219978921272 	 2.177052452612233e-05
1.6680219978921271 	 2.1612382146196336e-05
1.669021997892127 	 2.145735180628209e-05
1.670021997892127 	 2.1305378410436903e-05
1.6710219978921268 	 2.1156404992239626e-05
1.6720219978921267 	 2.1010372755550016e-05
1.6730219978921266 	 2.0867221637283862e-05
1.6740219978921265 	 2.072689014407104e-05
1.6750219978921264 	 2.0589315381804408e-05
1.6760219978921262 	 2.04544331617986e-05
1.6770219978921261 	 2.032217805954481e-05
1.678021997892126 	 2.0192483677410565e-05
1.679021997892126 	 2.0065282844748374e-05
1.6800219978921258 	 1.9940507788601446e-05
1.6810219978921257 	 1.981809030183917e-05
1.6820219978921256 	 1.969796206670314e-05
1.6830219978921255 	 1.9580055392834124e-05
1.6840219978921254 	 1.9464302856186725e-05
1.6850219978921253 	 1.9350637307124374e-05
1.6860219978921251 	 1.9238992040463484e-05
1.687021997892125 	 1.9129300959025553e-05
1.688021997892125 	 1.9021498726897358e-05
1.6890219978921248 	 1.89155209138318e-05
1.6900219978921247 	 1.881130412944435e-05
1.6910219978921246 	 1.870878615874752e-05
1.6920219978921245 	 1.8607906320773385e-05
1.6930219978921244 	 1.8508606110605512e-05
1.6940219978921243 	 1.841082865394001e-05
1.6950219978921242 	 1.831451859406713e-05
1.696021997892124 	 1.821962217623218e-05
1.697021997892124 	 1.812608735670922e-05
1.6980219978921238 	 1.8033863779499592e-05
1.6990219978921237 	 1.794290278553359e-05
1.7000219978921236 	 1.785315743025922e-05
1.7010219978921235 	 1.776458251862446e-05
1.7020219978921234 	 1.7677134877578582e-05
1.7030219978921233 	 1.7590773811003964e-05
1.7040219978921232 	 1.7505460478146813e-05
1.705021997892123 	 1.742115769385527e-05
1.706021997892123 	 1.7337829942880083e-05
1.7070219978921228 	 1.725544337347047e-05
1.7080219978921227 	 1.717396574911736e-05
1.7090219978921226 	 1.7093366326350687e-05
1.7100219978921225 	 1.7013615819769346e-05
1.7110219978921224 	 1.693468638471638e-05
1.7120219978921223 	 1.685655181738902e-05
1.7130219978921222 	 1.6779187861535098e-05
1.714021997892122 	 1.670257164671654e-05
1.715021997892122 	 1.6626681488434823e-05
1.7160219978921218 	 1.6551496865080524e-05
1.7170219978921217 	 1.647699844868581e-05
1.7180219978921216 	 1.640316796098406e-05
1.7190219978921215 	 1.632998809334612e-05
1.7200219978921214 	 1.625744245519545e-05
1.7210219978921213 	 1.6185515546746337e-05
1.7220219978921212 	 1.6114192940575055e-05
1.723021997892121 	 1.6043461449516448e-05
1.724021997892121 	 1.5973308719565626e-05
1.7250219978921209 	 1.59037230697782e-05
1.7260219978921207 	 1.5834693477255243e-05
1.7270219978921206 	 1.5766209610782573e-05
1.7280219978921205 	 1.569826171402779e-05
1.7290219978921204 	 1.5630840541380707e-05
1.7300219978921203 	 1.556393732815296e-05
1.7310219978921202 	 1.549754377854045e-05
1.73202199789212 	 1.5431652187684607e-05
1.73302199789212 	 1.536625557474045e-05
1.7340219978921199 	 1.530134738461422e-05
1.7350219978921197 	 1.523692138613549e-05
1.7360219978921196 	 1.5172971668721493e-05
1.7370219978921195 	 1.5095427220688099e-05
1.7380219978921194 	 1.5004778847223329e-05
1.7390219978921193 	 1.4915087757776374e-05
1.7400219978921192 	 1.4826343083052815e-05
1.741021997892119 	 1.4738534076618236e-05
1.742021997892119 	 1.4651650113649745e-05
1.7430219978921189 	 1.4565680689694909e-05
1.7440219978921188 	 1.4480615419437886e-05
1.7450219978921186 	 1.4396444035473274e-05
1.7460219978921185 	 1.431315638708756e-05
1.7470219978921184 	 1.4230742439048367e-05
1.7480219978921183 	 1.4149192270401694e-05
1.7490219978921182 	 1.4068496073277139e-05
1.750021997892118 	 1.3988644151701333e-05
1.751021997892118 	 1.3909626920419566e-05
1.7520219978921179 	 1.3831434903725747e-05
1.7530219978921178 	 1.3754058734300884e-05
1.7540219978921177 	 1.3677489152059972e-05
1.7550219978921175 	 1.3601717003007493e-05
1.7560219978921174 	 1.3526733238101533e-05
1.7570219978921173 	 1.3452528912126752e-05
1.7580219978921172 	 1.3379095182575805e-05
1.759021997892117 	 1.3306423308539959e-05
1.760021997892117 	 1.3234504649608259e-05
1.7610219978921169 	 1.3163330664775782e-05
1.7620219978921168 	 1.3092892911360718e-05
1.7630219978921167 	 1.3023183043930431e-05
1.7640219978921166 	 1.2954192813236626e-05
1.7650219978921164 	 1.288591406515932e-05
1.7660219978921163 	 1.2818338739660072e-05
1.7670219978921162 	 1.2751458869744065e-05
1.7680219978921161 	 1.2685266580431364e-05
1.769021997892116 	 1.2619754087737202e-05
1.770021997892116 	 1.2554913697661333e-05
1.7710219978921158 	 1.2490737805186416e-05
1.7720219978921157 	 1.2427218893285523e-05
1.7730219978921156 	 1.2364349531938644e-05
1.7740219978921155 	 1.2302122377158283e-05
1.7750219978921153 	 1.2240530170024039e-05
1.7760219978921152 	 1.2179565735726227e-05
1.7770219978921151 	 1.2119221982618522e-05
1.778021997892115 	 1.2059491901279545e-05
1.779021997892115 	 1.2000368563583357e-05
1.7800219978921148 	 1.1941845121779012e-05
1.7810219978921147 	 1.1883914807578908e-05
1.7820219978921146 	 1.1826570931256e-05
1.7830219978921145 	 1.1769806880749914e-05
1.7840219978921144 	 1.1713616120781846e-05
1.7850219978921142 	 1.1657992191978172e-05
1.7860219978921141 	 1.1602928710002881e-05
1.787021997892114 	 1.154841936469862e-05
1.788021997892114 	 1.1494457919236445e-05
1.7890219978921138 	 1.1441038209274152e-05
1.7900219978921137 	 1.138815414212315e-05
1.7910219978921136 	 1.1335799695923931e-05
1.7920219978921135 	 1.128396891882989e-05
1.7930219978921134 	 1.1232655928199714e-05
1.7940219978921133 	 1.118185490979798e-05
1.7950219978921131 	 1.113156011700429e-05
1.796021997892113 	 1.1081765870030461e-05
1.797021997892113 	 1.1032466555146044e-05
1.7980219978921128 	 1.0983656623912039e-05
1.7990219978921127 	 1.0935330592422682e-05
1.8000219978921126 	 1.0887483040555247e-05
1.8010219978921125 	 1.0840108611227969e-05
1.8020219978921124 	 1.0793202009665804e-05
1.8030219978921123 	 1.074675800267414e-05
1.8040219978921122 	 1.0700771417920295e-05
1.805021997892112 	 1.0655237143222869e-05
1.806021997892112 	 1.0610150125848749e-05
1.8070219978921118 	 1.0565505371817754e-05
1.8080219978921117 	 1.0521297945214934e-05
1.8090219978921116 	 1.0477522967510398e-05
1.8100219978921115 	 1.043417561688657e-05
1.8110219978921114 	 1.0391251127572938e-05
1.8120219978921113 	 1.0348744789188086e-05
1.8130219978921112 	 1.0306651946089071e-05
1.814021997892111 	 1.026496799672802e-05
1.815021997892111 	 1.022368839301587e-05
1.8160219978921108 	 1.0182808639693295e-05
1.8170219978921107 	 1.0142324293708573e-05
1.8180219978921106 	 1.0102230963602543e-05
1.8190219978921105 	 1.0062524308900444e-05
1.8200219978921104 	 1.0023200039510557e-05
1.8210219978921103 	 9.98425391512979e-06
1.8220219978921102 	 9.945681744655843e-06
1.82302199789211 	 9.907479385606186e-06
1.82402199789211 	 9.869642743543533e-06
1.8250219978921098 	 9.832167771508e-06
1.8260219978921097 	 9.79505046945557e-06
1.8270219978921096 	 9.758286883703219e-06
1.8280219978921095 	 9.721873106380201e-06
1.8290219978921094 	 9.685805274885761e-06
1.8300219978921093 	 9.650079571353054e-06
1.8310219978921092 	 9.614692222119258e-06
1.832021997892109 	 9.579639497201778e-06
1.833021997892109 	 9.544917709780576e-06
1.8340219978921088 	 9.510523215686426e-06
1.8350219978921087 	 9.4764524128952e-06
1.8360219978921086 	 9.442701741027926e-06
1.8370219978921085 	 9.40926768085677e-06
1.8380219978921084 	 9.376146753816738e-06
1.8390219978921083 	 9.343335521523054e-06
1.8400219978921082 	 9.31083058529425e-06
1.841021997892108 	 9.278628585680746e-06
1.842021997892108 	 9.2467262019991e-06
1.8430219978921079 	 9.21512015187156e-06
1.8440219978921077 	 9.183807190771165e-06
1.8450219978921076 	 9.152784111572143e-06
1.8460219978921075 	 9.122047744105585e-06
1.8470219978921074 	 9.091594954720418e-06
1.8480219978921073 	 9.06142264584954e-06
1.8490219978921072 	 9.031527755581079e-06
1.850021997892107 	 9.001907257234694e-06
1.851021997892107 	 8.972558158943017e-06
1.8520219978921069 	 8.943477503237867e-06
1.8530219978921068 	 8.914662366641576e-06
1.8540219978921066 	 8.886109859263055e-06
1.8550219978921065 	 8.857817124398687e-06
1.8560219978921064 	 8.829781338137947e-06
1.8570219978921063 	 8.801999708973806e-06
1.8580219978921062 	 8.774469477417706e-06
1.859021997892106 	 8.747187915619124e-06
1.860021997892106 	 8.720152326989743e-06
1.8610219978921059 	 8.693360045832037e-06
1.8620219978921058 	 8.666808436972415e-06
1.8630219978921057 	 8.640494895398586e-06
1.8640219978921055 	 8.614416845901427e-06
1.8650219978921054 	 8.58857174272108e-06
1.8660219978921053 	 8.562957069197259e-06
1.8670219978921052 	 8.537570337423819e-06
1.868021997892105 	 8.512409087907444e-06
1.869021997892105 	 8.487470889230424e-06
1.8700219978921049 	 8.462753337717509e-06
1.8710219978921048 	 8.438254057106754e-06
1.8720219978921047 	 8.413970698224321e-06
1.8730219978921046 	 8.38990093866324e-06
1.8740219978921044 	 8.366042482465978e-06
1.8750219978921043 	 8.342393059810871e-06
1.8760219978921042 	 8.318950426702335e-06
1.877021997892104 	 8.295712364664808e-06
1.878021997892104 	 8.272676680440378e-06
1.879021997892104 	 8.24984120569008e-06
1.8800219978921038 	 8.227203796698768e-06
1.8810219978921037 	 8.204762334083614e-06
1.8820219978921036 	 8.182514722506055e-06
1.8830219978921034 	 8.160458890387259e-06
1.8840219978921033 	 8.138592789627056e-06
1.8850219978921032 	 8.116914395326218e-06
1.8860219978921031 	 8.095421705512127e-06
1.887021997892103 	 8.074112740867788e-06
1.888021997892103 	 8.052985544464055e-06
1.8890219978921028 	 8.03203818149514e-06
1.8900219978921027 	 8.011268739017398e-06
1.8910219978921026 	 7.990675325691095e-06
1.8920219978921025 	 7.970256071525473e-06
1.8930219978921023 	 7.950009127626862e-06
1.8940219978921022 	 7.929932665949772e-06
1.8950219978921021 	 7.910024879051084e-06
1.896021997892102 	 7.890283979847208e-06
1.897021997892102 	 7.870708201374144e-06
1.8980219978921018 	 7.85129579655049e-06
1.8990219978921017 	 7.832045037943316e-06
1.9000219978921016 	 7.812954217536872e-06
1.9010219978921015 	 7.794021646504095e-06
1.9020219978921014 	 7.775245654980916e-06
1.9030219978921012 	 7.756624591843257e-06
1.9040219978921011 	 7.738156824486797e-06
1.905021997892101 	 7.719840738609328e-06
1.906021997892101 	 7.701674737995846e-06
1.9070219978921008 	 7.683657244306153e-06
1.9080219978921007 	 7.665786696865107e-06
1.9090219978921006 	 7.648061552455412e-06
1.9100219978921005 	 7.630480285112831e-06
1.9110219978921004 	 7.613041385924045e-06
1.9120219978921003 	 7.595743362826798e-06
1.9130219978921001 	 7.578584740412577e-06
1.9140219978921 	 7.561564059731628e-06
1.9150219978921 	 7.544679878100376e-06
1.9160219978920998 	 7.52793076891113e-06
1.9170219978920997 	 7.511315321444179e-06
1.9180219978920996 	 7.494832140682037e-06
1.9190219978920995 	 7.478479847126082e-06
1.9200219978920994 	 7.462257076615297e-06
1.9210219978920993 	 7.446162480147325e-06
1.9220219978920992 	 7.430194723701562e-06
1.923021997892099 	 7.414352488064484e-06
1.924021997892099 	 7.3986344686570925e-06
1.9250219978920988 	 7.383039375364362e-06
1.9260219978920987 	 7.3675659323668695e-06
1.9270219978920986 	 7.3522128779743925e-06
1.9280219978920985 	 7.336978964461512e-06
1.9290219978920984 	 7.321862957905232e-06
1.9300219978920983 	 7.306863638024595e-06
1.9310219978920982 	 7.291979798022164e-06
1.932021997892098 	 7.277210244427463e-06
1.933021997892098 	 7.262553796942337e-06
1.9340219978920978 	 7.248009288288093e-06
1.9350219978920977 	 7.233575564054626e-06
1.9360219978920976 	 7.219251482551238e-06
1.9370219978920975 	 7.2050359146592975e-06
1.9380219978920974 	 7.190927743686722e-06
1.9390219978920973 	 7.176925865224196e-06
1.9400219978920972 	 7.163029187003067e-06
1.941021997892097 	 7.149236628755067e-06
1.942021997892097 	 7.135547122073593e-06
1.9430219978920968 	 7.121959610276798e-06
1.9440219978920967 	 7.1084730482722155e-06
1.9450219978920966 	 7.095086402423086e-06
1.9460219978920965 	 7.08179865041629e-06
1.9470219978920964 	 7.068608781131813e-06
1.9480219978920963 	 7.055515794513868e-06
1.9490219978920962 	 7.042518701443504e-06
1.950021997892096 	 7.029616523612751e-06
1.951021997892096 	 7.016808293400362e-06
1.9520219978920959 	 7.004093053748901e-06
1.9530219978920957 	 6.991469858043466e-06
1.9540219978920956 	 6.978937769991728e-06
1.9550219978920955 	 6.966495863505556e-06
1.9560219978920954 	 6.954143222583909e-06
1.9570219978920953 	 6.941878941197264e-06
1.9580219978920952 	 6.9297021231733395e-06
1.959021997892095 	 6.917611882084272e-06
1.960021997892095 	 6.905607341135066e-06
1.9610219978920949 	 6.893687633053433e-06
1.9620219978920947 	 6.8818518999809025e-06
1.9630219978920946 	 6.870099293365316e-06
1.9640219978920945 	 6.858428973854545e-06
1.9650219978920944 	 6.846840111191467e-06
1.9660219978920943 	 6.835331884110253e-06
1.9670219978920942 	 6.823903480233876e-06
1.968021997892094 	 6.8125540959727985e-06
1.969021997892094 	 6.801282936424954e-06
1.9700219978920939 	 6.790089215276867e-06
1.9710219978920938 	 6.778972154705929e-06
1.9720219978920936 	 6.767930985283933e-06
1.9730219978920935 	 6.75696494588165e-06
1.9740219978920934 	 6.746073283574623e-06
1.9750219978920933 	 6.735255253550037e-06
1.9760219978920932 	 6.724510119014757e-06
1.977021997892093 	 6.713837151104349e-06
1.978021997892093 	 6.70323562879333e-06
1.9790219978920929 	 6.6927048388063596e-06
1.9800219978920928 	 6.682244075530543e-06
1.9810219978920927 	 6.671852640928799e-06
1.9820219978920925 	 6.661529844454214e-06
1.9830219978920924 	 6.651275002965404e-06
1.9840219978920923 	 6.641087440642946e-06
1.9850219978920922 	 6.630966488906738e-06
1.986021997892092 	 6.6209114863343476e-06
1.987021997892092 	 6.6109217785803765e-06
1.9880219978920919 	 6.600996718296704e-06
1.9890219978920918 	 6.591135665053748e-06
1.9900219978920917 	 6.581337985262608e-06
1.9910219978920916 	 6.571603052098151e-06
1.9920219978920914 	 6.561930245422984e-06
1.9930219978920913 	 6.552318951712358e-06
1.9940219978920912 	 6.542768563979968e-06
1.9950219978920911 	 6.533278481704558e-06
1.996021997892091 	 6.523848110757448e-06
1.997021997892091 	 6.514476863330926e-06
1.9980219978920908 	 6.505164157867436e-06
1.9990219978920907 	 6.495909418989654e-06
