0.0011155209855984883 0.0007327629521190105
0.001332382991619481 0.000598924753460333
0.0016132999989806377 0.0004978291146677479
0.001993899498326822 0.0004351972389606364
0.0025153213192914965 0.0003741043005770129
0.0030875517347070044 0.00032703824243601173
0.004495924309281659 0.0002457598588425548
0.0059495033331022325 0.00020087214076813432
0.007057724286521454 0.00017267373273539366
0.00866334201392253 0.00014595990655142313
0.010068559921575742 0.00012759669223549953
0.011701708039627674 0.00011154375372051134
0.013599757275244689 0.00009751043523211733
0.017874154982903137 0.00007578129871443167
0.020773392093221515 0.00006624725431613746
0.024475075242571656 0.00005791268794382929
0.030456467152260618 0.00004813730272548429
0.03713068297948555 0.00004279439207712609
0.04285953725457717 0.000039345087089533444
0.051191612891121514 0.00003617380228916522
0.05868755195257912 0.00003382182828623813
0.07106111988880155 0.000031095728081637325
0.1041847500872211 0.000025846917649323434
0.13415177989609076 0.000022978086956350228
0.16808125720951145 0.000020773910115047737
0.1940143387383238 0.00001942321725342476
0.2134896644370489 0.000017560041883999403
0.2209091221468113 0.000012975935739737938
0.2317315482205425 0.00001042913226146358
0.2549929597513258 0.000009271570066284517
0.30249079699069986 0.000008242489340331725
0.339748282555377 0.000007706573306598372
0.38684509267855305 0.000006851196493797043
0.39485638863891803 0.000006298977731244209
0.40303359303182895 0.000005599834379030196
0.43153381905871724 0.000005324482111189383
0.47810713240520936 0.00000506266932796066
0.47810713240521936 0.001
