0.0010277072876639748 0.000002907392391890328
0.001041847500872212 0.0000023367547743119155
0.001100380857545755 0.000001909949558796357
0.0012529185772988003 0.000001561099759909795
0.0014266014812741087 0.0000013419527550468247
0.0018244316446288833 0.0000010785659741022595
0.002638547914758305 7.837193758552522e-7
0.0030875517347070044 6.967318970914095e-7
0.004085789277822582 5.694747236970696e-7
0.004781071324052098 4.978291146676716e-7
0.005594670075069369 4.500747734311244e-7
0.006961935098475393 3.804450788808048e-7
0.008429775791134766 3.270382424359619e-7
0.010634234464716796 2.7644315408321645e-7
0.014363822498417063 2.2218530320559818e-7
0.01953444995231706 1.7857671000853532e-7
0.027302460057190656 1.411351003875654e-7
0.03662673612214046 1.1535695815376493e-7
0.05406767386313653 8.965091873325292e-8
0.06457865874483999 8.105113933261293e-8
0.078194296041401 7.205501842672508e-8
0.09664139821947626 6.514312871120959e-8
0.11003808575457538 6.090760644088469e-8
0.13053500885551184 5.5998343790296235e-8
0.1506751189618674 5.4147279613375476e-8
0.17273833295393776 5.32448211118886e-8
0.18749816970298688 5.32448211118886e-8
0.20075696576503388 5.989247534602117e-8
0.206319396766032 6.967318970913738e-8
0.20915814306498814 7.970028126055083e-8
0.20915814306498814 8.965091873325292e-8
0.2049145045300014 1.0084390045552441e-7
0.1900779549468776 1.173121692976392e-7
0.1703938853690854 1.364697815450676e-7
0.15379549710472717 1.5875591924062448e-7
0.13692997104468665 1.8468148485760296e-7
0.11155209855984873 2.3763609588745492e-7
0.1000000000000001 2.718357485706666e-7
0.08782540840906804 3.16227766016814e-7
0.06326841339282309 4.6546090724953114e-7
0.05154258218763657 5.889426317475607e-7
0.04344924115379119 7.085409634129221e-7
0.03351371344281861 9.428716001864677e-7
0.023173154822054273 0.0000014352723108767077
0.01763156250927938 0.000001942321725342381
0.01323310385991091 0.0000026730513347685873
0.009598333721229112 0.000003804450788808235
0.006961935098475393 0.000005414727961338101
0.004716181435820579 0.000008242489340331725
0.003563926865342639 0.00001134343340010049
0.002285864300567326 0.00001878116930656045
0.0017511503776718883 0.000026285002895602113
0.0013507152344698291 0.000039345087089533444
0.0011944042369625586 0.00005148477654100945
0.0011155209855984883 0.00006298977731244544
0.0010561822691176417 0.00008524264839590474
0.0010277072876639748 0.00014113510038758705
0.0010207093126214796 0.00021126011810593186
