0.0010489903991675786 4.577031924417351e-8
0.0011231689887273594 4.35197238960547e-8
0.001227497938743148 4.1379793701787226e-8
0.0013976569662230106 3.868933284685409e-8
0.001669367402276996 3.557090301813323e-8
0.0018749816970298706 3.382182828623301e-8
0.0022702991474172892 3.2158758186158075e-8
0.002693190428391785 3.162277660167978e-8
0.003216758058618149 3.109572808163256e-8
0.003975635209427944 3.109572808163256e-8
0.004781071324052098 3.109572808163256e-8
0.005518737822388436 3.162277660167978e-8
0.006156267854890398 3.162277660167978e-8
0.006961935098475393 3.2158758186158075e-8
0.007660780113838227 3.2158758186158075e-8
0.009864277514738017 3.2158758186158075e-8
0.011464290464416636 3.2158758186158075e-8
0.01323310385991091 3.2158758186158075e-8
0.014964912572947848 3.2158758186158075e-8
0.017273833295393778 3.2158758186158075e-8
0.019938994983268208 3.2158758186158075e-8
0.021642706636961363 3.270382424359452e-8
0.02285864300567325 3.270382424359452e-8
0.024142893438682034 3.057746374097561e-8
0.02532566342530337 2.8589356457717715e-8
0.028058937171929362 2.457598588425053e-8
0.0317309941879793 2.0427676806071127e-8
0.034442287541866734 1.8468148485759315e-8
0.03713068297948555 1.669658824789554e-8
0.040579678818489416 1.5350813198317723e-8
0.04315338190587179 1.4595990655139311e-8
0.04846854031538345 1.3195867805963892e-8
0.05189595772689608 1.2759669223547344e-8
0.05749683208224335 1.2547007164637389e-8
0.059089913348513205 1.23378894884624e-8
0.06031362483682357 1.23378894884624e-8
0.061984751790234376 1.23378894884624e-8
0.06326841339282309 1.2759669223547344e-8
0.0663679582196368 1.2975935739735948e-8
0.06914529140911985 1.3195867805963892e-8
0.07556806102228641 1.4352723108765668e-8
0.08258742902506337 1.5875591924061668e-8
0.08663342013922522 1.669658824789554e-8
0.09087762597309831 1.8468148485759315e-8
0.09468062750527192 2.0087214076809363e-8
0.10068559921575737 2.3367547743116767e-8
0.10489903991675777 2.6285002895598082e-8
0.11003808575457538 3.057746374097561e-8
0.11622027510162884 3.61738022891596e-8
0.12025930630441455 4.1379793701787226e-8
0.1261508577238838 4.8953192744000604e-8
0.12964615582789635 5.062669327960153e-8
0.14072392914224124 5.148477654100166e-8
0.14964912572947847 5.4147279613375476e-8
0.16023145430395902 5.506503408787738e-8
0.17392262560998215 5.6947472369704046e-8
0.17392262560998215 8.524264839589183e-8
0.16132999989806363 9.751043523210237e-8
0.1517081463958113 1.0968468324545631e-7
0.13786876185230568 1.319586780596454e-7
0.12788656598053363 1.4843381398113515e-7
0.12191395277022334 1.6979582494012424e-7
0.11542889549932818 1.975242575052238e-7
0.11003808575457538 2.2595117210319476e-7
0.10707142692808685 2.3763609588745492e-7
0.1000000000000001 2.718357485706666e-7
0.09403591798900902 2.9566704423452e-7
0.09025881226406397 3.2158758186159717e-7
0.08429775791134758 3.617380228916152e-7
0.07766184702723955 4.0690127537900705e-7
0.07203884905167221 4.500747734311244e-7
0.06728111422299084 4.8953192744003e-7
0.06240971876239738 5.324482111189122e-7
0.05749683208224335 5.889426317475607e-7
0.05084303345250392 6.737009399535765e-7
0.04495924309281654 7.706573306597994e-7
0.041138014170688304 8.382193154209588e-7
0.03815947349395796 9.117043240777865e-7
0.034678423595142636 9.916316162729988e-7
0.02943355570420015 0.000001173121692976452
0.026027368867109206 0.0000012975935739737274
0.0206319396766032 0.000001641831059262564
0.0169233620990775 0.0000020427676806073174
0.014072392914224125 0.0000025416133854892887
0.012191395277022333 0.0000030067837176098708
0.010277072876639738 0.0000036786920236134475
0.00921280102240838 0.000004137979370179137
0.008202506581709698 0.00000465460907249554
0.007154831436946759 0.000005599834379030196
0.00590899133485132 0.000006851196493797043
0.005260999363547856 0.000007706573306598372
0.004315338190587176 0.000009751043523211235
0.0036377333409571017 0.000011930051975690215
0.0029635351931277653 0.000014843381398115034
0.002430841692675879 0.000019099495587964548
0.0019138112791532126 0.00002499252982093244
0.001646710333011757 0.000030577463740980237
0.0014266014812741087 0.00003741043005769938
0.0012788656598053377 0.00004654609072495778
0.0012025930630441466 0.00005324482111189655
0.0011231689887273594 0.00006514312871121959
0.0010854462150736717 0.00007451827169318723
0.0010561822691176417 0.00008965091873326649
0.0010277072876639748 0.00012337889488464924
0.0010277072876639748 0.00015610997599099547
