0.14964912572947847 0.0009751043523212222
0.14964912572947847 0.00000896509187332619
0.15591156764896813 0.000007970028126055899
0.1799670004928916 0.00000896509187332619
0.2049145045300014 0.000010255312650585749
0.2209091221468113 0.000011535695815377673
0.25325663425303346 0.00001459599065514158
0.29233133569704944 0.000020773910115047737
0.31514928088160366 0.000027183574857069384
0.3420775941161255 0.00003868933284686002
0.3815947349395792 0.00007706573306598767
0.41138014170688286 0.00016144670918018218
0.42567693481899244 0.0002628500289560346
0.44047058782434473 0.00045770319244182875
0.4495924309281655 0.0007327629521190105
0.45267483310871304 0.0009588525439409555
