0.13976569662230093 0.0008965091873327099
0.13976569662230093 0.0004895319274401052
0.13976569662230093 0.0001846814848576309
0.13976569662230093 0.000027644315408324528
0.13976569662230093 0.00000588942631747592
0.15274825625774102 0.00000598924753460273
0.1646710333011757 0.000006090760644089079
0.1953444995231706 0.000006405740527804154
0.22858643005673263 0.000006851196493797043
0.2620581230394436 0.000007451827169318342
0.29034076171172984 0.000008242489340331725
0.33513713442818605 0.000010968468324546753
0.35155563641970067 0.000013419527550468904
0.35883611199815907 0.000018468148485762148
0.3612962895678723 0.000028112865155268082
0.3612962895678723 0.00005148477654100945
0.3612962895678723 0.0001975242575052541
0.3612962895678723 0.0009117043240779255
