0.0010068559921575747 3.270382424359619e-7
0.0011464290464416641 3.270382424359619e-7
0.0013692997104468665 3.270382424359619e-7
0.002105921296535346 3.270382424359619e-7
0.003045646715226063 3.270382424359619e-7
0.004085789277822582 3.270382424359619e-7
0.010854462150736707 3.270382424359619e-7
0.023015361682852925 3.270382424359619e-7
0.03662673612214046 3.325812874877526e-7
0.04465310177722061 3.382182828623467e-7
0.059902930812954336 3.4395082094499116e-7
0.078194296041401 3.5570903018135116e-7
0.09403591798900902 3.741043005769563e-7
0.12191395277022334 4.0690127537900705e-7
0.14168873129682327 4.4257349527850115e-7
0.17273833295393776 5.062669327960401e-7
0.206319396766032 6.193994322200489e-7
0.2464287616649073 8.105113933261723e-7
0.2963535193127762 0.0000012759669223548649
0.32167580586181493 0.0000017560041883998471
0.344422875418667 0.0000023367547743119155
0.35883611199815907 0.0000030067837176098708
0.3789963390115671 0.000004279439207712391
0.39216769003160756 0.000005599834379030196
0.40579678818489395 0.000007970028126055899
0.417040316528249 0.000010968468324546753
0.4285953725457715 0.0000172673732735385
0.44047058782434473 0.00002541613385489424
0.4465310177722063 0.00003678692023613635
0.45267483310871304 0.00005324482111189655
0.46840675057357084 0.000158755919240649
0.4716181435820579 0.00026730513347688603
0.47485155387582595 0.0004895319274401052
0.48138503115545955 0.0010084390045554494
