0.0010207093126214796 4.5770319244175946e-7
0.0012025930630441466 4.5770319244175946e-7
0.0017511503776718883 4.5770319244175946e-7
0.0024642876166490755 4.5770319244175946e-7
0.003764156363606905 4.5770319244175946e-7
0.005594670075069369 4.6546090724953114e-7
0.006961935098475393 4.6546090724953114e-7
0.010418475008722115 4.73350109318112e-7
0.01527482562577411 4.813730272547937e-7
0.0203519178637348 4.978291146676716e-7
0.02620581230394437 5.23574036494502e-7
0.03662673612214046 5.889426317475607e-7
0.04465310177722061 6.737009399535765e-7
0.05443836141112043 7.970028126055507e-7
0.06370218113886635 9.916316162729988e-7
0.07981364616333872 0.0000015875591924063294
0.08663342013922522 0.0000020087214076811417
0.09403591798900902 0.0000027644315408323113
0.1000000000000001 0.000003804450788808235
0.10780550779140605 0.000006514312871121625
0.11231689887273594 0.000009117043240778313
0.11701708039627667 0.000014352723108767842
0.12025930630441455 0.000020773910115047737
0.12359136549846077 0.00003325812874877859
0.12788656598053363 0.00006967318970914792
0.13142995585251394 0.00017560041884000284
0.1332382991619481 0.0003057746374098174
0.13415177989609076 0.0005148477654101203
0.1359975727524468 0.0010084390045554494
