0.0012788656598053377 0.000007970028126055899
0.0014661287388976199 0.000007451827169318342
0.0018244316446288833 0.000006851196493797043
0.0021495334790215255 0.000006405740527804154
0.0031300333248876653 0.000005694747236970987
0.003948563886389185 0.000005235740364945277
0.004781071324052098 0.000004895319274400561
0.006283759930478876 0.000004351972389605923
0.007454243251744904 0.000004069012753790279
0.01202593063044146 0.0000032703824243597864
0.014168873129682341 0.0000029566704423453516
0.017273833295393778 0.000002628500289560077
0.023015361682852925 0.0000022595117210320634
0.026566377785692694 0.0000020773910115046676
0.031948541635284065 0.000001909949558796357
0.03588361119981591 0.000001816034470084891
0.041138014170688304 0.0000017560041883998471
0.044349045072011054 0.0000017560041883998471
0.04913541842569581 0.000001785767100085441
0.05406767386313653 0.0000018468148485761202
0.05949503333102226 0.000001975242575052343
0.06682297642070474 0.0000022218530320560907
0.07253274683581111 0.0000024992529820931112
0.07927017049608809 0.000002858935645772058
0.08429775791134758 0.000003439508209450094
0.08964421224792035 0.000004351972389605923
0.09468062750527192 0.000005414727961338101
0.09598333721229113 0.000007706573306598372
0.09598333721229113 0.000015610997599098718
0.09598333721229113 0.00002541613385489424
0.09598333721229113 0.00005506503408788583
0.09598333721229113 0.00018160344700850767
0.09598333721229113 0.0005235740364945817
0.01 0.001