0.0010780550779140605 0.000003804450788808235
0.001227497938743148 0.000003215875818616136
0.0014561454173360783 0.000003215875818616136
0.0021495334790215255 0.000003868933284685804
0.0025499295975132605 0.000004425734952785229
0.0030875517347070044 0.00000506266932796066
0.003789963390115675 0.000006193994322200806
0.004526748331087135 0.000006967318970914451
0.0056330270892282555 0.000008242489340331725
0.0067742393014456415 0.00000942871600186516
0.008487570267848873 0.000010968468324546753
0.01000000000000001 0.000012759669223549302
0.011386226584250668 0.000014352723108767842
0.012964615582789635 0.00001641831059262648
0.01388139890023395 0.00001816034470084984
0.014761805060334948 0.0000200872140768124
0.015914038904471548 0.000023763609588747874
0.01646710333011757 0.000026285002895602113
0.016808125720951164 0.000030577463740980237
0.0169233620990775 0.00003497805211106636
0.016580001661406805 0.00004208114917329544
0.015914038904471548 0.000052357403649455556
0.01527482562577411 0.000060907606440893906
0.014462300752818985 0.00006967318970914792
0.013415177989609083 0.00007970028126056307
0.01252918577298799 0.00008815673039444958
0.011781934858177566 0.00009916316162730982
0.010634234464716796 0.00011535695815378263
0.009797108614907315 0.000129759357397386
0.008782540840906804 0.00015350813198320863
0.0078194296041401 0.00018160344700850767
0.006914529140911985 0.00021484081357318142
0.006198475179023444 0.0002499252982093369
0.005369951044068967 0.0003006783717610175
0.004030335930318294 0.0004208114917329759
0.003662673612214048 0.000481373027254868
0.0033285508259232486 0.0005414727961338655
0.002532566342530337 0.000770657330659916
0.002285864300567326 0.0008965091873327099
