0.0010489903991675786 2.499252982092866e-8
0.0013142995585251405 2.6285002895598082e-8
0.0017039388536908557 2.8589356457717715e-8
0.0019269323542741611 2.956670442345055e-8
0.0022090912214681154 3.439508209449743e-8
0.0029635351931277653 4.8953192744000604e-8
0.00351555636419701 5.889426317475318e-8
0.003975635209427944 6.62472543161273e-8
0.004404705878243452 7.085409634128859e-8
0.00529706873392534 7.837193758552106e-8
0.00590899133485132 8.242489340330882e-8
0.0062409718762397376 8.105113933261293e-8
0.006914529140911985 7.57812987144199e-8
0.008429775791134766 6.62472543161273e-8
0.009532975714492213 6.090760644088469e-8
0.010137589889436128 5.7912687943820524e-8
0.010634234464716796 5.4147279613375476e-8
0.011464290464416636 4.2794392077119615e-8
0.01227497938743148 3.325812874877356e-8
0.01252918577298799 3.109572808163256e-8
0.013415177989609083 2.8589356457717715e-8
0.015379549710472716 2.3763609588744277e-8
0.016808125720951164 1.8781169306557568e-8
0.01940143387383238 1.2759669223547344e-8
0.021642706636961363 1.0255312650584197e-8
0.024308416926758777 8.815673039443154e-9
0.028058937171929362 7.451827169317198e-9
0.031514928088160386 6.514312871120639e-9
0.036377333409571035 5.506503408787469e-9
0.03948563886389182 5.0626693279598835e-9
