0.0012 4.576184933737698e-07
0.0013 4.3359028257474745e-07
0.0015 4.0281130457351665e-07
0.00175 3.7518655207763237e-07
0.002 3.5340965432515853e-07
0.003 2.933660126273165e-07
0.004 2.563373454972395e-07
0.005 2.294803710794579e-07
0.007 1.945257810705913e-07
0.009 1.719063912701636e-07
0.01 1.6371078905195356e-07
0.015 1.341781916443526e-07
0.02 1.1706182538956408e-07
0.03 9.745928614700638e-08
0.04 8.660114273797556e-08
0.06 7.754713921361904e-08
0.08 7.935697232106647e-08
0.1 9.530997743443485e-08
0.1 3.980508987118965e-07
0.08 5.965931364530701e-07
0.06 8.870397289350947e-07
0.04 1.4907704015157235e-06
0.03 2.1192435888527167e-06
0.02 3.336850199081085e-06
0.015 4.7704715445064245e-06
0.01 7.471329630359809e-06
0.009 8.483014415089993e-06
0.007 1.1242488854489698e-05
0.005 1.630179292825733e-05
0.004 2.0800209410814306e-05
0.003 2.88381015536859e-05
0.002 4.341450120896155e-05
0.00175 5.297229361947675e-05
0.0015 6.198526294868253e-05
0.0013 7.450716747859916e-05
0.0012 7.950717045504766e-05
