0.01 3.9831851155628514e-06
0.010012890492992033 3.981071705534969e-06
0.01059 3.8973489626937804e-06
0.01122 3.76420317442434e-06
0.01189 3.634276768526316e-06
0.01259 3.612612128849421e-06
0.012976853300275027 3.5481338923357606e-06
0.01334 3.4947594186636304e-06
0.01413 3.379762883677075e-06
0.014960000000000001 3.2900526324777933e-06
0.01585 3.3211130716219983e-06
0.01679 3.2289544415080285e-06
0.017181351714394832 3.162277660168379e-06
0.01778 3.07276723273659e-06
0.01884 3.0212282744477093e-06
0.019949999999999996 3.0385419535639993e-06
0.02113 2.844477953088699e-06
0.02239 2.865770196171957e-06
0.022961921687205292 2.818382931264455e-06
0.023709999999999995 2.764503483629006e-06
0.02512 2.708223760314119e-06
0.02661 2.71577387880347e-06
0.02818 2.550262445968883e-06
0.02985 2.605168477996276e-06
0.031283323997987916 2.5118864315095823e-06
0.03162 2.4930481207224053e-06
0.0335 2.5018457008569683e-06
0.03548 2.4445476933659125e-06
0.03758 2.4396854174860924e-06
0.03981 2.4392005607595673e-06
0.04217 2.4159897048221464e-06
0.044226083167266284 2.5118864315095823e-06
0.04467 2.5427240045041096e-06
0.04612906257272863 2.5118864315095823e-06
0.04732 2.4917960383161765e-06
0.04776835632719498 2.5118864315095823e-06
0.05012 2.6942156402146017e-06
0.05309 2.7755942873566634e-06
0.05353624781221719 2.818382931264455e-06
0.05411160087396167 3.162277660168379e-06
0.05309 3.4862431791118225e-06
0.05290289225016248 3.5481338923357606e-06
0.05068808987892865 3.981071705534969e-06
0.05012 4.076967912413346e-06
0.04854891176875854 4.466835921509635e-06
0.04732 4.726065488326278e-06
0.04576230036078065 5.011872336272725e-06
0.04467 5.200856221629975e-06
0.04326645873776086 5.623413251903491e-06
0.04217 5.936653039161377e-06
0.040543758474129415 6.309573444801943e-06
0.03981 6.47095317258201e-06
0.037978185953035544 7.079457843841373e-06
0.03758 7.213319513275491e-06
0.03548 7.90984077078383e-06
0.035372276433272315 7.943282347242822e-06
0.0335 8.524734061903993e-06
0.032627430454455784 8.91250938133746e-06
0.03162000000000001 9.357345745539422e-06
0.029930747554997885 1e-05
0.02985 1.0032015420996775e-05
0.02818 1.1045107179965685e-05
0.027832853429832195 1.122018454301965e-05
0.02661 1.187800840117877e-05
0.02560417682113318 1.258925411794166e-05
0.02512 1.2938480354818288e-05
0.02371 1.4112488999181406e-05
0.023691106763156354 1.4125375446227555e-05
0.02239 1.505299026514984e-05
0.02171078039625666 1.584893192461114e-05
0.02113 1.6550483027784643e-05
0.01995 1.7654104927356643e-05
0.019839003620701373 1.778279410038923e-05
0.01884 1.898167214348748e-05
0.018265972806287098 1.995262314968883e-05
0.01778 2.0815431125929156e-05
0.01679 2.2344559785624767e-05
0.01676008143802006 2.238721138568338e-05
0.015849999999999996 2.374344617754247e-05
0.015285408432342261 2.511886431509582e-05
0.01496 2.5942479165275986e-05
0.01413 2.794999934382066e-05
0.014041852289370807 2.818382931264455e-05
0.01334 3.0161455519260114e-05
0.012813999352716762 3.1622776601683795e-05
0.01259 3.227686016372883e-05
0.01189 3.4946319880524894e-05
0.011753414543842983 3.54813389233576e-05
0.01122 3.771580983542076e-05
0.010669981305757881 3.9810717055349695e-05
0.01059 4.013521055815391e-05
0.01 4.35892909940261e-05
