0.009964419716285235 0.000002894266124716758
0.011911611859356415 0.0000027262897583260628
0.013805519338205228 0.000002516134686087129
0.0153891410037996 0.0000023679356524580805
0.017703391844893515 0.0000022478751808677855
0.019201612524820267 0.0000021901473781380585
0.021888684828430083 0.0000021431749773500112
0.024359101965858065 0.0000021246693161319705
0.02749306066043219 0.000002034510454218204
0.030393771639723767 0.0000019229990936411273
0.03299330548304309 0.000001857436362660044
0.035431284597910624 0.0000018175996621091773
0.038685500284520495 0.00000174803432011607
0.04494801013124391 0.0000020169430779618436
0.048109571698396886 0.0000028781358383275597
0.04428230777462417 0.000004169845174017227
0.03801788531244809 0.000005911706474184149
0.03207638407948501 0.000007635161743978346
0.027561517631246483 0.000009797130832419003
0.02310045195687011 0.000013015016108824547
0.01865250933939585 0.00001763050090421305
0.016120372604687266 0.000021060732600158775
0.013612332132766993 0.00002667501756927212
0.01205065651337755 0.00003186497168646687
0.011446953960841545 0.000033859264903704104
0.010000182080907524 0.000039751523683317515