0.01 1.298834577062168e-05
0.01122 1.2809971479725099e-05
0.011642485077042205 1.2589254117941661e-05
0.01259 1.2148626361614e-05
0.01413 1.1685957753853521e-05
0.015118427968465598 1.1220184543019652e-05
0.015849999999999996 1.0912955051628515e-05
0.01778 1.0330213055931875e-05
0.018683658882833794 1e-05
0.01995 9.585622936562567e-06
0.02239 9.150858360269952e-06
0.023668898121295755 8.91250938133746e-06
0.02512 8.671552776296257e-06
0.028179999999999997 8.352594294055078e-06
0.030972075147410683 7.943282347242822e-06
0.03162 7.858491993354843e-06
0.03548 7.591654368109336e-06
0.03981 7.4739331017551555e-06
0.04322764960326513 7.0794578438413724e-06
0.04467 6.93136020675356e-06
0.05012 6.82036048314593e-06
0.05623 6.716435370213132e-06
0.0631 6.476227731816403e-06
0.07079000000000002 6.748544194288938e-06
0.07943 7.026185473791128e-06
0.08040443191976082 7.0794578438413724e-06
0.08913 7.936388657938584e-06
0.0891603635127395 7.943282347242822e-06
0.09114949591193117 8.91250938133746e-06
0.0912516744504711 1.0000000000000003e-05
0.08991714551963334 1.1220184543019652e-05
0.08913000000000001 1.1630962656404192e-05
0.08709754011107909 1.2589254117941661e-05
0.08342286773152119 1.4125375446227555e-05
0.07943621665111916 1.584893192461114e-05
0.07943 1.5851418674580734e-05
0.07482092474939064 1.778279410038923e-05
0.07079 1.9650338361414164e-05
0.07027241605047323 1.995262314968883e-05
0.06612226248538475 2.238721138568338e-05
0.0631 2.436458799812156e-05
0.061750678245670355 2.5118864315095822e-05
0.05672261756306713 2.818382931264455e-05
0.05623 2.850572112653765e-05
0.052102118837623224 3.1622776601683795e-05
0.05012 3.326009263335442e-05
0.04810251949728512 3.54813389233576e-05
0.04468640361181953 3.981071705534969e-05
0.04467 3.983288144932918e-05
0.040319743902212685 4.466835921509635e-05
0.03981 4.529924550480131e-05
0.03737647417880759 5.0118723362727245e-05
0.03548 5.437520620888053e-05
0.034482850491334316 5.623413251903491e-05
0.03162 6.21834909292125e-05
0.031297248988429525 6.309573444801943e-05
0.02883378098216629 7.079457843841373e-05
0.02818 7.309934373087009e-05
0.026431699296363506 7.943282347242821e-05
0.02512 8.476096777192561e-05
0.02401759287838779 8.912509381337459e-05
0.02239 9.621996549432878e-05
0.021655293778338525 0.0001
0.019949999999999996 0.00010973712543138046
0.019669092391364308 0.0001122018454301963
0.018274266426766866 0.00012589254117941688
0.01778 0.00013153032175590687
0.016890813359541432 0.00014125375446227554
0.01585 0.00015428153933959573
0.015464502072189025 0.00015848931924611142
0.01413 0.00017485007494774462
0.013925835209123343 0.00017782794100389227
0.01259 0.00019912049206571492
0.01256474427976792 0.00019952623149688788
0.01122 0.00022335722993749966
0.011195036867565933 0.00022387211385683424
0.01 0.00025022872477001485
