0.0010219978922 	 0
0.0020219978922 	 0.0
0.0030219978922 	 0.0
0.0040219978922 	 0.0
0.0050219978922 	 0.0
0.0060219978922 	 0.0
0.0070219978922 	 0.0
0.0080219978922 	 0.0
0.009021997892200002 	 0.0
0.010021997892200003 	 0.0
0.011021997892200004 	 0.0
0.012021997892200004 	 0.0
0.013021997892200005 	 0.0
0.014021997892200006 	 0.0
0.015021997892200007 	 0.0
0.016021997892200008 	 0.0
0.01702199789220001 	 0.0
0.01802199789220001 	 0.0
0.01902199789220001 	 0.0
0.02002199789220001 	 0.0
0.021021997892200012 	 0.0
0.022021997892200013 	 0.0
0.023021997892200014 	 0.0
0.024021997892200015 	 0.0
0.025021997892200016 	 0.0
0.026021997892200017 	 0.0
0.027021997892200018 	 0.0
0.02802199789220002 	 0.0
0.02902199789220002 	 0.0
0.03002199789220002 	 0.0
0.03102199789220002 	 0.0
0.03202199789220002 	 0.0
0.03302199789220002 	 0.0
0.03402199789220002 	 0.0
0.03502199789220002 	 0.0
0.03602199789220002 	 0.0
0.03702199789220002 	 0.0
0.038021997892200024 	 0.0
0.039021997892200025 	 0.0
0.040021997892200026 	 0.0
0.04102199789220003 	 0.0
0.04202199789220003 	 0.0
0.04302199789220003 	 0.0
0.04402199789220003 	 0.0
0.04502199789220003 	 0.0
0.04602199789220003 	 0.0
0.04702199789220003 	 0.0
0.04802199789220003 	 0.0
0.049021997892200034 	 0.0
0.050021997892200035 	 0.0
0.051021997892200036 	 0.0
0.052021997892200036 	 0.0
0.05302199789220004 	 0.0
0.05402199789220004 	 0.0
0.05502199789220004 	 0.0
0.05602199789220004 	 0.0
0.05702199789220004 	 0.0
0.05802199789220004 	 0.0
0.05902199789220004 	 0.0
0.060021997892200044 	 0.0
0.061021997892200044 	 0.0
0.062021997892200045 	 0.0
0.06302199789220005 	 0.0
0.06402199789220005 	 0.0
0.06502199789220005 	 0.0
0.06602199789220005 	 0.0
0.06702199789220005 	 0.0
0.06802199789220005 	 0.0
0.06902199789220005 	 0.0
0.07002199789220005 	 0.0
0.07102199789220005 	 0.0
0.07202199789220005 	 0.0
0.07302199789220006 	 0.0
0.07402199789220006 	 0.0
0.07502199789220006 	 0.0
0.07602199789220006 	 0.0
0.07702199789220006 	 0.0
0.07802199789220006 	 0.0
0.07902199789220006 	 0.0
0.08002199789220006 	 0.0
0.08102199789220006 	 0.0
0.08202199789220006 	 0.0
0.08302199789220006 	 0.0
0.08402199789220006 	 0.0
0.08502199789220007 	 0.0
0.08602199789220007 	 0.0
0.08702199789220007 	 0.0
0.08802199789220007 	 0.0
0.08902199789220007 	 0.0
0.09002199789220007 	 0.0
0.09102199789220007 	 0.0
0.09202199789220007 	 0.0
0.09302199789220007 	 0.0
0.09402199789220007 	 0.0
0.09502199789220007 	 0.0
0.09602199789220008 	 0.0
0.09702199789220008 	 0.0
0.09802199789220008 	 0.0
0.09902199789220008 	 0.0
0.10002199789220008 	 0.0
0.10102199789220008 	 0.0
0.10202199789220008 	 0.0
0.10302199789220008 	 0.0
0.10402199789220008 	 0.0
0.10502199789220008 	 0.0
0.10602199789220008 	 0.0
0.10702199789220009 	 0.0
0.10802199789220009 	 0.0
0.10902199789220009 	 0.0
0.11002199789220009 	 0.0
0.11102199789220009 	 0.0
0.11202199789220009 	 0.0
0.11302199789220009 	 0.0
0.11402199789220009 	 0.0
0.11502199789220009 	 0.0
0.1160219978922001 	 0.0
0.1170219978922001 	 0.0
0.1180219978922001 	 0.0
0.1190219978922001 	 0.0
0.1200219978922001 	 0.0
0.1210219978922001 	 0.0
0.1220219978922001 	 0.0
0.1230219978922001 	 0.0
0.1240219978922001 	 0.0
0.1250219978922001 	 0.0
0.1260219978922001 	 0.0
0.1270219978922001 	 0.0
0.1280219978922001 	 0.0
0.1290219978922001 	 0.0
0.1300219978922001 	 0.0
0.1310219978922001 	 0.0
0.1320219978922001 	 0.0
0.1330219978922001 	 0.0
0.1340219978922001 	 0.0
0.1350219978922001 	 0.0
0.1360219978922001 	 0.0
0.1370219978922001 	 0.0
0.1380219978922001 	 0.0
0.1390219978922001 	 0.0
0.1400219978922001 	 0.0
0.1410219978922001 	 0.0
0.1420219978922001 	 0.0
0.1430219978922001 	 0.0
0.1440219978922001 	 0.0
0.1450219978922001 	 0.0
0.1460219978922001 	 0.0
0.1470219978922001 	 0.0
0.1480219978922001 	 0.0
0.1490219978922001 	 0.0
0.1500219978922001 	 0.0
0.1510219978922001 	 0.0
0.1520219978922001 	 0.0
0.1530219978922001 	 0.0
0.1540219978922001 	 0.0
0.15502199789220011 	 0.0
0.15602199789220011 	 0.0
0.15702199789220012 	 0.0
0.15802199789220012 	 0.0
0.15902199789220012 	 0.0
0.16002199789220012 	 0.0
0.16102199789220012 	 0.0
0.16202199789220012 	 0.0
0.16302199789220012 	 0.0
0.16402199789220012 	 0.0
0.16502199789220012 	 0.0
0.16602199789220012 	 0.0
0.16702199789220012 	 0.0
0.16802199789220013 	 0.0
0.16902199789220013 	 0.0
0.17002199789220013 	 0.0
0.17102199789220013 	 0.0
0.17202199789220013 	 0.0
0.17302199789220013 	 0.0
0.17402199789220013 	 0.0
0.17502199789220013 	 0.0
0.17602199789220013 	 0.0
0.17702199789220013 	 0.0
0.17802199789220013 	 0.0
0.17902199789220014 	 0.0
0.18002199789220014 	 0.0
0.18102199789220014 	 0.0
0.18202199789220014 	 0.0
0.18302199789220014 	 0.0
0.18402199789220014 	 0.0
0.18502199789220014 	 0.0
0.18602199789220014 	 0.0
0.18702199789220014 	 0.0
0.18802199789220014 	 0.0
0.18902199789220014 	 0.0
0.19002199789220015 	 0.0
0.19102199789220015 	 0.0
0.19202199789220015 	 0.0
0.19302199789220015 	 0.0
0.19402199789220015 	 0.0
0.19502199789220015 	 0.0
0.19602199789220015 	 0.0
0.19702199789220015 	 0.0
0.19802199789220015 	 0.0
0.19902199789220015 	 0.0
0.20002199789220015 	 0.0
0.20102199789220015 	 0.0
0.20202199789220016 	 0.0
0.20302199789220016 	 0.0
0.20402199789220016 	 0.0
0.20502199789220016 	 0.0
0.20602199789220016 	 0.0
0.20702199789220016 	 0.0
0.20802199789220016 	 0.0
0.20902199789220016 	 0.0
0.21002199789220016 	 0.0
0.21102199789220016 	 0.0
0.21202199789220016 	 0.0
0.21302199789220017 	 0.0
0.21402199789220017 	 0.0
0.21502199789220017 	 0.0
0.21602199789220017 	 0.0
0.21702199789220017 	 0.0
0.21802199789220017 	 0.0
0.21902199789220017 	 0.0
0.22002199789220017 	 0.0
0.22102199789220017 	 0.0
0.22202199789220017 	 0.0
0.22302199789220017 	 0.0
0.22402199789220018 	 0.0
0.22502199789220018 	 0.0
0.22602199789220018 	 0.0
0.22702199789220018 	 0.0
0.22802199789220018 	 0.0
0.22902199789220018 	 0.0
0.23002199789220018 	 0.0
0.23102199789220018 	 0.0
0.23202199789220018 	 0.0
0.23302199789220018 	 0.0
0.23402199789220018 	 0.0
0.23502199789220019 	 0.0
0.23602199789220019 	 0.0
0.2370219978922002 	 0.0
0.2380219978922002 	 0.0
0.2390219978922002 	 0.0
0.2400219978922002 	 0.0
0.2410219978922002 	 0.0
0.2420219978922002 	 0.0
0.2430219978922002 	 0.0
0.2440219978922002 	 0.0
0.2450219978922002 	 0.0
0.2460219978922002 	 0.0
0.2470219978922002 	 0.0
0.2480219978922002 	 0.0
0.2490219978922002 	 0.0
0.2500219978922002 	 0.0
0.2510219978922002 	 0.0
0.2520219978922002 	 0.0
0.2530219978922002 	 0.0
0.2540219978922002 	 0.0
0.2550219978922002 	 0.0
0.2560219978922002 	 0.0
0.2570219978922002 	 0.0
0.2580219978922002 	 0.0
0.2590219978922002 	 0.0
0.2600219978922002 	 0.0
0.2610219978922002 	 0.0
0.2620219978922002 	 0.0
0.2630219978922002 	 0.0
0.2640219978922002 	 0.0
0.2650219978922002 	 0.0
0.2660219978922002 	 0.0
0.2670219978922002 	 0.0
0.2680219978922002 	 0.0
0.2690219978922002 	 0.0
0.2700219978922002 	 0.0
0.2710219978922002 	 0.0
0.2720219978922002 	 0.0
0.2730219978922002 	 0.0
0.2740219978922002 	 0.0
0.2750219978922002 	 0.0
0.2760219978922002 	 0.0
0.2770219978922002 	 0.0
0.2780219978922002 	 0.0
0.2790219978922002 	 0.0
0.2800219978922002 	 0.0
0.2810219978922002 	 0.0
0.2820219978922002 	 0.0
0.2830219978922002 	 0.0
0.28402199789220023 	 0.0
0.28502199789220023 	 0.0
0.28602199789220023 	 0.0
0.28702199789220023 	 0.0
0.28802199789220023 	 0.0
0.28902199789220023 	 0.0
0.29002199789220023 	 0.0
0.29102199789220023 	 0.0
0.29202199789220024 	 0.0
0.29302199789220024 	 0.0
0.29402199789220024 	 0.0
0.29502199789220024 	 0.0
0.29602199789220024 	 0.0
0.29702199789220024 	 0.0
0.29802199789220024 	 0.0
0.29902199789220024 	 0.0
0.30002199789220024 	 0.0
0.30102199789220024 	 0.0
0.30202199789220024 	 0.0
0.30302199789220025 	 0.0
0.30402199789220025 	 0.0
0.30502199789220025 	 0.0
0.30602199789220025 	 0.0
0.30702199789220025 	 0.0
0.30802199789220025 	 0.0
0.30902199789220025 	 0.0
0.31002199789220025 	 0.0
0.31102199789220025 	 0.0
0.31202199789220025 	 0.0
0.31302199789220025 	 0.0
0.31402199789220026 	 0.0
0.31502199789220026 	 0.0
0.31602199789220026 	 0.0
0.31702199789220026 	 0.0
0.31802199789220026 	 0.0
0.31902199789220026 	 0.0
0.32002199789220026 	 0.0
0.32102199789220026 	 0.0
0.32202199789220026 	 0.0
0.32302199789220026 	 0.0
0.32402199789220026 	 0.0
0.32502199789220027 	 0.0
0.32602199789220027 	 0.0
0.32702199789220027 	 0.0
0.32802199789220027 	 0.0
0.32902199789220027 	 0.0
0.33002199789220027 	 0.0
0.33102199789220027 	 0.0
0.33202199789220027 	 0.0
0.33302199789220027 	 0.0
0.3340219978922003 	 0.0
0.3350219978922003 	 0.0
0.3360219978922003 	 0.0
0.3370219978922003 	 0.0
0.3380219978922003 	 0.0
0.3390219978922003 	 0.0
0.3400219978922003 	 0.0
0.3410219978922003 	 0.0
0.3420219978922003 	 0.0
0.3430219978922003 	 0.0
0.3440219978922003 	 0.0
0.3450219978922003 	 0.0
0.3460219978922003 	 0.0
0.3470219978922003 	 0.0
0.3480219978922003 	 0.0
0.3490219978922003 	 0.0
0.3500219978922003 	 0.0
0.3510219978922003 	 0.0
0.3520219978922003 	 0.0
0.3530219978922003 	 0.0
0.3540219978922003 	 0.0
0.3550219978922003 	 0.0
0.3560219978922003 	 0.0
0.3570219978922003 	 0.0
0.3580219978922003 	 0.0
0.3590219978922003 	 0.0
0.3600219978922003 	 0.0
0.3610219978922003 	 0.0
0.3620219978922003 	 0.0
0.3630219978922003 	 0.0
0.3640219978922003 	 0.0
0.3650219978922003 	 0.0
0.3660219978922003 	 0.0
0.3670219978922003 	 0.0
0.3680219978922003 	 0.0
0.3690219978922003 	 0.0
0.3700219978922003 	 0.0
0.3710219978922003 	 0.0
0.3720219978922003 	 0.0
0.3730219978922003 	 0.0
0.3740219978922003 	 0.0
0.3750219978922003 	 0.0
0.3760219978922003 	 0.0
0.3770219978922003 	 0.0
0.3780219978922003 	 0.0
0.3790219978922003 	 0.0
0.3800219978922003 	 0.0
0.3810219978922003 	 0.0
0.3820219978922003 	 0.0
0.3830219978922003 	 0.0
0.3840219978922003 	 0.0
0.3850219978922003 	 0.0
0.3860219978922003 	 0.0
0.3870219978922003 	 0.0
0.3880219978922003 	 0.0
0.3890219978922003 	 0.0
0.3900219978922003 	 0.0
0.3910219978922003 	 0.0
0.3920219978922003 	 0.0
0.3930219978922003 	 0.0
0.3940219978922003 	 0.0
0.3950219978922003 	 0.0
0.39602199789220033 	 0.0
0.39702199789220033 	 0.0
0.39802199789220033 	 0.0
0.39902199789220033 	 0.0
0.40002199789220033 	 0.0
0.40102199789220033 	 0.0
0.40202199789220033 	 0.0
0.40302199789220033 	 0.0
0.40402199789220034 	 0.0
0.40502199789220034 	 0.0
0.40602199789220034 	 0.0
0.40702199789220034 	 0.0
0.40802199789220034 	 0.0
0.40902199789220034 	 0.0
0.41002199789220034 	 0.0
0.41102199789220034 	 0.0
0.41202199789220034 	 0.0
0.41302199789220034 	 0.0
0.41402199789220034 	 0.0
0.41502199789220034 	 0.0
0.41602199789220035 	 0.0
0.41702199789220035 	 0.0
0.41802199789220035 	 0.0
0.41902199789220035 	 0.0
0.42002199789220035 	 0.0
0.42102199789220035 	 0.0
0.42202199789220035 	 0.0
0.42302199789220035 	 0.0
0.42402199789220035 	 0.0
0.42502199789220035 	 0.0
0.42602199789220035 	 0.0
0.42702199789220036 	 0.0
0.42802199789220036 	 0.0
0.42902199789220036 	 0.0
0.43002199789220036 	 0.0
0.43102199789220036 	 0.0
0.43202199789220036 	 0.0
0.43302199789220036 	 0.0
0.43402199789220036 	 0.0
0.43502199789220036 	 0.0
0.43602199789220036 	 0.0
0.43702199789220036 	 0.0
0.43802199789220037 	 0.0
0.43902199789220037 	 0.0
0.44002199789220037 	 0.0
0.44102199789220037 	 0.0
0.44202199789220037 	 0.0
0.44302199789220037 	 0.0
0.44402199789220037 	 0.0
0.44502199789220037 	 0.0
0.4460219978922004 	 0.0
0.4470219978922004 	 0.0
0.4480219978922004 	 0.0
0.4490219978922004 	 0.0
0.4500219978922004 	 0.0
0.4510219978922004 	 0.0
0.4520219978922004 	 0.0
0.4530219978922004 	 0.0
0.4540219978922004 	 0.0
0.4550219978922004 	 0.0
0.4560219978922004 	 0.0
0.4570219978922004 	 0.0
0.4580219978922004 	 0.0
0.4590219978922004 	 0.0
0.4600219978922004 	 0.0
0.4610219978922004 	 0.0
0.4620219978922004 	 0.0
0.4630219978922004 	 0.0
0.4640219978922004 	 0.0
0.4650219978922004 	 0.0
0.4660219978922004 	 0.0
0.4670219978922004 	 0.0
0.4680219978922004 	 0.0
0.4690219978922004 	 0.0
0.4700219978922004 	 0.0
0.4710219978922004 	 0.0
0.4720219978922004 	 0.0
0.4730219978922004 	 0.0
0.4740219978922004 	 0.0
0.4750219978922004 	 0.0
0.4760219978922004 	 0.0
0.4770219978922004 	 0.0
0.4780219978922004 	 0.0
0.4790219978922004 	 0.0
0.4800219978922004 	 0.0
0.4810219978922004 	 0.0
0.4820219978922004 	 0.0
0.4830219978922004 	 0.0
0.4840219978922004 	 0.0
0.4850219978922004 	 0.0
0.4860219978922004 	 0.0
0.4870219978922004 	 0.0
0.4880219978922004 	 0.0
0.4890219978922004 	 0.0
0.4900219978922004 	 0.0
0.4910219978922004 	 0.0
0.4920219978922004 	 0.0
0.4930219978922004 	 0.0
0.4940219978922004 	 0.0
0.4950219978922004 	 0.0
0.4960219978922004 	 0.0
0.4970219978922004 	 0.0
0.4980219978922004 	 0.0
0.4990219978922004 	 0.0
0.5000219978922004 	 0.0
0.5010219978922004 	 0.0
0.5020219978922004 	 0.0
0.5030219978922004 	 0.0
0.5040219978922004 	 0.0
0.5050219978922004 	 0.0
0.5060219978922004 	 0.0
0.5070219978922004 	 0.0
0.5080219978922004 	 0.0
0.5090219978922004 	 0.0
0.5100219978922004 	 0.0
0.5110219978922004 	 0.0
0.5120219978922004 	 0.0
0.5130219978922004 	 0.0
0.5140219978922004 	 0.0
0.5150219978922004 	 0.0
0.5160219978922004 	 0.0
0.5170219978922004 	 0.0
0.5180219978922004 	 0.0
0.5190219978922004 	 0.0
0.5200219978922004 	 0.0
0.5210219978922004 	 0.0
0.5220219978922004 	 0.0
0.5230219978922004 	 0.0
0.5240219978922004 	 0.0
0.5250219978922004 	 0.0
0.5260219978922004 	 0.0
0.5270219978922004 	 0.0
0.5280219978922004 	 0.0
0.5290219978922004 	 0.0
0.5300219978922004 	 0.0
0.5310219978922004 	 0.0
0.5320219978922004 	 0.0
0.5330219978922004 	 0.0
0.5340219978922004 	 0.0
0.5350219978922004 	 0.0
0.5360219978922004 	 0.0
0.5370219978922004 	 0.0
0.5380219978922004 	 0.0
0.5390219978922004 	 0.0
0.5400219978922004 	 0.0
0.5410219978922004 	 0.0
0.5420219978922004 	 0.0
0.5430219978922004 	 0.0
0.5440219978922004 	 0.0
0.5450219978922004 	 0.0
0.5460219978922004 	 0.0
0.5470219978922004 	 0.0
0.5480219978922004 	 0.0
0.5490219978922004 	 0.0
0.5500219978922004 	 0.0
0.5510219978922004 	 0.0
0.5520219978922004 	 0.0
0.5530219978922004 	 0.0
0.5540219978922004 	 0.0
0.5550219978922004 	 0.0
0.5560219978922004 	 0.0
0.5570219978922004 	 0.0
0.5580219978922004 	 0.0
0.5590219978922004 	 0.0
0.5600219978922004 	 0.0
0.5610219978922004 	 0.0
0.5620219978922004 	 0.0
0.5630219978922004 	 0.0
0.5640219978922004 	 0.0
0.5650219978922004 	 0.0
0.5660219978922004 	 0.0
0.5670219978922004 	 0.0
0.5680219978922004 	 0.0
0.5690219978922004 	 0.0
0.5700219978922004 	 0.0
0.5710219978922004 	 0.0
0.5720219978922004 	 0.0
0.5730219978922004 	 0.0
0.5740219978922004 	 0.0
0.5750219978922004 	 0.0
0.5760219978922004 	 0.0
0.5770219978922004 	 0.0
0.5780219978922004 	 0.0
0.5790219978922004 	 0.0
0.5800219978922004 	 0.0
0.5810219978922004 	 0.0
0.5820219978922004 	 0.0
0.5830219978922004 	 0.0
0.5840219978922004 	 0.0
0.5850219978922004 	 0.0
0.5860219978922004 	 0.0
0.5870219978922004 	 0.0
0.5880219978922004 	 0.0
0.5890219978922004 	 0.0
0.5900219978922004 	 0.0
0.5910219978922004 	 0.0
0.5920219978922004 	 0.0
0.5930219978922004 	 0.0
0.5940219978922004 	 0.0
0.5950219978922004 	 0.0
0.5960219978922005 	 0.0
0.5970219978922005 	 0.0
0.5980219978922005 	 0.0
0.5990219978922005 	 0.0
0.6000219978922005 	 0.0
0.6010219978922005 	 0.0
0.6020219978922005 	 0.0
0.6030219978922005 	 0.0
0.6040219978922005 	 0.0
0.6050219978922005 	 0.0
0.6060219978922005 	 0.0
0.6070219978922005 	 0.0
0.6080219978922005 	 0.0
0.6090219978922005 	 0.0
0.6100219978922005 	 0.0
0.6110219978922005 	 0.0
0.6120219978922005 	 0.0
0.6130219978922005 	 3.4229210307573536e-09
0.6140219978922005 	 7.737548482297042e-09
0.6150219978922005 	 1.1380603437975943e-08
0.6160219978922005 	 1.4407629012642829e-08
0.6170219978922005 	 1.6872739646136033e-08
0.6180219978922005 	 1.8828630364217812e-08
0.6190219978922005 	 2.0326586000506375e-08
0.6200219978922005 	 2.1416490391409288e-08
0.6210219978922005 	 2.2146835556299354e-08
0.6220219978922005 	 2.2564730875428758e-08
0.6230219978922005 	 2.2715912278324887e-08
0.6240219978922005 	 2.264475145566513e-08
0.6250219978922005 	 2.239426510787701e-08
0.6260219978922005 	 2.200612424396301e-08
0.6270219978922005 	 2.1520663544297016e-08
0.6280219978922005 	 2.0976890801388226e-08
0.6290219978922005 	 2.041249645285165e-08
0.6300219978922005 	 1.9863863221065965e-08
0.6310219978922005 	 1.9366075874234064e-08
0.6320219978922005 	 1.8952931123793338e-08
0.6330219978922005 	 1.8656947673345618e-08
0.6340219978922005 	 1.850937643449091e-08
0.6350219978922005 	 1.8540210925161873e-08
0.6360219978922005 	 1.877819786624048e-08
0.6370219978922005 	 1.9250847992438027e-08
0.6380219978922005 	 1.998444709358836e-08
0.6390219978922005 	 2.100406730265149e-08
0.6400219978922005 	 2.2333578646888632e-08
0.6410219978922005 	 2.3995660878776714e-08
0.6420219978922005 	 2.601181560335775e-08
0.6430219978922005 	 2.8402378718791613e-08
0.6440219978922005 	 3.1186533186958336e-08
0.6450219978922005 	 3.438232215099556e-08
0.6460219978922005 	 3.800666241667999e-08
0.6470219978922005 	 4.207535831455232e-08
0.6480219978922005 	 4.660311595965231e-08
0.6490219978922005 	 5.160355792566356e-08
0.6500219978922005 	 5.708923835017406e-08
0.6510219978922005 	 6.307165848762081e-08
0.6520219978922005 	 6.956128272633705e-08
0.6530219978922005 	 7.656755508587785e-08
0.6540219978922005 	 8.409891621062813e-08
0.6550219978922005 	 9.216282087530312e-08
0.6560219978922005 	 1.007657560177446e-07
0.6570219978922005 	 1.0991325931394072e-07
0.6580219978922005 	 1.196099383098279e-07
0.6590219978922005 	 1.2985949012393733e-07
0.6600219978922005 	 1.4066472173444545e-07
0.6610219978922005 	 1.5202757086357173e-07
0.6620219978922005 	 1.639491274716784e-07
0.6630219978922005 	 1.7643280799298121e-07
0.6640219978922005 	 1.8954588446376348e-07
0.6650219978922005 	 2.0341232050017292e-07
0.6660219978922005 	 2.1815195906956434e-07
0.6670219978922005 	 2.3387818089699965e-07
0.6680219978922005 	 2.5069801343460205e-07
0.6690219978922005 	 2.6871224309060956e-07
0.6700219978922005 	 2.880155307950504e-07
0.6710219978922005 	 3.0869653097494944e-07
0.6720219978922005 	 3.308380140073868e-07
0.6730219978922005 	 3.545169922140622e-07
0.6740219978922005 	 3.7980484945572746e-07
0.6750219978922005 	 4.067674743792748e-07
0.6760219978922005 	 4.354653973642691e-07
0.6770219978922005 	 4.659539312093022e-07
0.6780219978922005 	 4.982833155916921e-07
0.6790219978922005 	 5.324988653267989e-07
0.6800219978922005 	 5.686411224454751e-07
0.6810219978922005 	 6.067460121001175e-07
0.6820219978922005 	 6.468450023009658e-07
0.6830219978922005 	 6.889652674754128e-07
0.6840219978922005 	 7.331298558334639e-07
0.6850219978922005 	 7.793578605123687e-07
0.6860219978922005 	 8.27664594462993e-07
0.6870219978922005 	 8.780617690296351e-07
0.6880219978922005 	 9.305659207506048e-07
0.6890219978922005 	 9.85359172869655e-07
0.6900219978922005 	 1.0427694542255487e-06
0.6910219978922005 	 1.1031112375099872e-06
0.6920219978922005 	 1.16667973772523e-06
0.6930219978922005 	 1.2337515356825178e-06
0.6940219978922005 	 1.3045852154808765e-06
0.6950219978922005 	 1.3794220157572051e-06
0.6960219978922005 	 1.4584864944520524e-06
0.6970219978922005 	 1.541987206786174e-06
0.6980219978922005 	 1.6301173960915842e-06
0.6990219978922005 	 1.7230556970868353e-06
0.7000219978922005 	 1.82096685113126e-06
0.7010219978922005 	 1.924002432933184e-06
0.7020219978922005 	 2.032301588126986e-06
0.7030219978922005 	 2.145991781069812e-06
0.7040219978922005 	 2.2651895521418333e-06
0.7050219978922005 	 2.3900012837643567e-06
0.7060219978922005 	 2.520523974276427e-06
0.7070219978922005 	 2.6568460187337003e-06
0.7080219978922005 	 2.799047995611819e-06
0.7090219978922006 	 2.9472034583108263e-06
0.7100219978922006 	 3.1013797302657193e-06
0.7110219978922006 	 3.2616387023712006e-06
0.7120219978922006 	 3.4280376313251453e-06
0.7130219978922006 	 3.6006416702579796e-06
0.7140219978922006 	 3.7797531260596047e-06
0.7150219978922006 	 3.965883735131768e-06
0.7160219978922006 	 4.159528831472274e-06
0.7170219978922006 	 4.361160047732924e-06
0.7180219978922006 	 4.5712271447914224e-06
0.7190219978922006 	 4.790159840147357e-06
0.7200219978922006 	 5.018369630952517e-06
0.7210219978922006 	 5.256251607094449e-06
0.7220219978922006 	 5.50418624932029e-06
0.7230219978922006 	 5.762541206898236e-06
0.7240219978922006 	 6.031673048765206e-06
0.7250219978922006 	 6.311928981485734e-06
0.7260219978922006 	 6.603648526631653e-06
0.7270219978922006 	 6.9071651493737256e-06
0.7280219978922006 	 7.222807829127141e-06
0.7290219978922006 	 7.55090256199147e-06
0.7300219978922006 	 7.891773783437421e-06
0.7310219978922006 	 8.245745698181263e-06
0.7320219978922006 	 8.613143502402678e-06
0.7330219978922006 	 8.994294481349144e-06
0.7340219978922006 	 9.389528962851252e-06
0.7350219978922006 	 9.799181104266641e-06
0.7360219978922006 	 1.02235894867578e-05
0.7370219978922006 	 1.0663097486459903e-05
0.7380219978922006 	 1.1118046794958238e-05
0.7390219978922006 	 1.1588648396636863e-05
0.7400219978922006 	 1.2074996039445885e-05
0.7410219978922006 	 1.2577191647545935e-05
0.7420219978922006 	 1.309534825410037e-05
0.7430219978922006 	 1.3629587282903104e-05
0.7440219978922006 	 1.418003519496571e-05
0.7450219978922006 	 1.4746819382511501e-05
0.7460219978922006 	 1.53300631667333e-05
0.7470219978922006 	 1.5929879722987612e-05
0.7480219978922006 	 1.654636471597705e-05
0.7490219978922006 	 1.7179587375539066e-05
0.7500219978922006 	 1.782957967776783e-05
0.7510219978922006 	 1.8496323212245302e-05
0.7520219978922006 	 1.917973320875509e-05
0.7530219978922006 	 1.987963905881725e-05
0.7540219978922006 	 2.0595760489285608e-05
0.7550219978922006 	 2.1327678314509597e-05
0.7560219978922006 	 2.2074798393528006e-05
0.7570219978922006 	 2.283630702734179e-05
0.7580219978922006 	 2.3611115519321747e-05
0.7590219978922006 	 2.439779095103947e-05
0.7600219978922006 	 2.51944693467923e-05
0.7610219978922006 	 2.5998746250385458e-05
0.7620219978922006 	 2.6807538241683864e-05
0.7630219978922006 	 2.7616872183114025e-05
0.7640219978922006 	 2.842097976442889e-05
0.7650219978922006 	 2.9212085112817264e-05
0.7660219978922006 	 2.9980869834893625e-05
0.7670219978922006 	 3.071645395252604e-05
0.7680219978922006 	 3.1405368973718036e-05
0.7690219978922006 	 3.2030711719393954e-05
0.7700219978922006 	 3.257128879995867e-05
0.7710219978922006 	 3.3000643479760344e-05
0.7720219978922006 	 3.328607517853281e-05
0.7730219978922006 	 3.338794122318157e-05
0.7740219978922006 	 3.325989342704195e-05
0.7750219978922006 	 3.2851385535033797e-05
0.7760219978922006 	 3.211494551438351e-05
0.7770219978922006 	 3.1022304400579194e-05
0.7780219978922006 	 2.9594608567436517e-05
0.7790219978922006 	 2.794937481799018e-05
0.7800219978922006 	 2.635375236942342e-05
0.7810219978922006 	 2.5244934109611043e-05
0.7820219978922006 	 2.5153253914244812e-05
0.7830219978922006 	 2.6504510331133637e-05
0.7840219978922006 	 2.940542287866248e-05
0.7850219978922006 	 3.358765716917308e-05
0.7860219978922006 	 3.856076113472739e-05
0.7870219978922006 	 4.3834654923670215e-05
0.7880219978922006 	 4.905741016109123e-05
0.7890219978922006 	 5.4037720020053526e-05
0.7900219978922006 	 5.870508652480043e-05
0.7910219978922006 	 6.306005905187866e-05
0.7920219978922006 	 6.713722576422354e-05
0.7930219978922006 	 7.098302803761809e-05
0.7940219978922006 	 7.464419179660839e-05
0.7950219978922006 	 7.816285840181281e-05
0.7960219978922006 	 8.15750840661016e-05
0.7970219978922006 	 8.491089957686756e-05
0.7980219978922006 	 8.819499026323802e-05
0.7990219978922006 	 9.144754307621636e-05
0.8000219978922006 	 9.468506216068253e-05
0.8010219978922006 	 9.792107933050514e-05
0.8020219978922006 	 0.00010116674344707648
0.8030219978922006 	 0.0001044312968127455
0.8040219978922006 	 0.00010772245493355607
0.8050219978922006 	 0.00011104670717333943
0.8060219978922006 	 0.00011440955415668204
0.8070219978922006 	 0.00011781569524529041
0.8080219978922006 	 0.00012126917686160321
0.8090219978922006 	 0.00012477351018844046
0.8100219978922006 	 0.000128331764910563
0.8110219978922006 	 0.00013194592490422288
0.8120219978922006 	 0.00013561492745957864
0.8130219978922006 	 0.0001393368486245486
0.8140219978922006 	 0.0001431125850692981
0.8150219978922006 	 0.00014694583690483666
0.8160219978922006 	 0.00015084033403684502
0.8170219978922006 	 0.00015479974210111787
0.8180219978922006 	 0.00015882768006876227
0.8190219978922006 	 0.00016292773502565307
0.8200219978922006 	 0.00016710347460917774
0.8210219978922007 	 0.00017135794489298712
0.8220219978922007 	 0.0001756922420306258
0.8230219978922007 	 0.00018010693937689121
0.8240219978922007 	 0.00018460253623000213
0.8250219978922007 	 0.000189179463218012
0.8260219978922007 	 0.00019383808689341425
0.8270219978922007 	 0.0001985787136741565
0.8280219978922007 	 0.00020340159324389457
0.8290219978922007 	 0.00020830692150391515
0.8300219978922007 	 0.00021329484315275353
0.8310219978922007 	 0.0002183654539561597
0.8320219978922007 	 0.00022351880275915418
0.8330219978922007 	 0.0002287548932830109
0.8340219978922007 	 0.00023407368574275816
0.8350219978922007 	 0.0002394750983148193
0.8360219978922007 	 0.00024495900847943503
0.8370219978922007 	 0.0002505252542584427
0.8380219978922007 	 0.0002561738487535763
0.8390219978922007 	 0.00026190923869962517
0.8400219978922007 	 0.00026774020113172264
0.8410219978922007 	 0.00027367441384632034
0.8420219978922007 	 0.00027971420303067764
0.8430219978922007 	 0.00028586061684307903
0.8440219978922007 	 0.00029211469123670725
0.8450219978922007 	 0.0002984774501751215
0.8460219978922007 	 0.00030494990580848665
0.8470219978922007 	 0.00031153305861579273
0.8480219978922007 	 0.0003182278975175428
0.8490219978922007 	 0.00032503539996294037
0.8500219978922007 	 0.00033191119007244937
0.8510219978922007 	 0.00033894571759652273
0.8520219978922007 	 0.0003460956002138724
0.8530219978922007 	 0.00035336176410917226
0.8540219978922007 	 0.0003607451243485703
0.8550219978922007 	 0.000368246584898969
0.8560219978922007 	 0.00037586703863924734
0.8570219978922007 	 0.0003836073673648115
0.8580219978922007 	 0.0003914684417866277
0.8590219978922007 	 0.0003994511215256825
0.8600219978922007 	 0.00040755625510389894
0.8610219978922007 	 0.0004157846799321434
0.8620219978922007 	 0.0004241372222960777
0.8630219978922007 	 0.0004326147274734471
0.8640219978922007 	 0.0004412186596538882
0.8650219978922007 	 0.0004499510818878327
0.8660219978922007 	 0.0004588140934163716
0.8670219978922007 	 0.0004678098060368536
0.8680219978922007 	 0.00047694034347673915
0.8690219978922007 	 0.0004862078407541256
0.8700219978922007 	 0.0004956144435263403
0.8710219978922007 	 0.0005051623074279968
0.8720219978922007 	 0.0005148535973998749
0.8730219978922007 	 0.000524690487009775
0.8740219978922007 	 0.0005346751577665856
0.8750219978922007 	 0.0005448097984286139
0.8760219978922007 	 0.000555096604307185
0.8770219978922007 	 0.000565537776566476
0.8780219978922007 	 0.0005761355215204024
0.8790219978922007 	 0.0005868920499274301
0.8800219978922007 	 0.0005978095762837669
0.8810219978922007 	 0.0006088902969284702
0.8820219978922007 	 0.0006201363305707941
0.8830219978922007 	 0.0006315497773575698
0.8840219978922007 	 0.0006431327366523136
0.8850219978922007 	 0.0006548873063886002
0.8860219978922007 	 0.0006668155824252622
0.8870219978922007 	 0.0006789196579034341
0.8880219978922007 	 0.0006912016356155486
0.8890219978922007 	 0.0007036638858661405
0.8900219978922007 	 0.0007163090350414318
0.8910219978922007 	 0.0007291396959529813
0.8920219978922007 	 0.0007421583836796755
0.8930219978922007 	 0.0007553675798770352
0.8940219978922007 	 0.0007687697525995313
0.8950219978922007 	 0.0007823673549305717
0.8960219978922007 	 0.0007961628236046562
0.8970219978922007 	 0.0008101585776214499
0.8980219978922007 	 0.0008243570168519618
0.8990219978922007 	 0.0008387605206363291
0.9000219978922007 	 0.0008533714463731344
0.9010219978922007 	 0.0008681921280997335
0.9020219978922007 	 0.0008832248750633883
0.9030219978922007 	 0.0008984719702824026
0.9040219978922007 	 0.0009139356690973454
0.9050219978922007 	 0.0009296181977105399
0.9060219978922007 	 0.0009455217517143752
0.9070219978922007 	 0.0009616484946066914
0.9080219978922007 	 0.0009780005562927147
0.9090219978922007 	 0.0009945800315722857
0.9100219978922007 	 0.0010113889786113263
0.9110219978922007 	 0.00102842941041652
0.9120219978922007 	 0.001045703273093846
0.9130219978922007 	 0.0010632125597975703
0.9140219978922007 	 0.0010809612442512022
0.9150219978922007 	 0.0010989551846610295
0.9160219978922007 	 0.0011172002935185893
0.9170219978922007 	 0.0011357024592797125
0.9180219978922007 	 0.0011544662035689165
0.9190219978922007 	 0.0011734923805592776
0.9200219978922007 	 0.0011927892589755206
0.9210219978922007 	 0.0012123626662164473
0.9220219978922007 	 0.0012322151816797722
0.9230219978922007 	 0.0012523485202615907
0.9240219978922007 	 0.001272764249058638
0.9250219978922007 	 0.0012934638170087635
0.9260219978922007 	 0.0013144485682784206
0.9270219978922007 	 0.0013357197486482835
0.9280219978922007 	 0.0013572785084048171
0.9290219978922007 	 0.001379125903289949
0.9300219978922007 	 0.0014012628942747984
0.9310219978922007 	 0.0014236904797840556
0.9320219978922007 	 0.001446410077328642
0.9330219978922007 	 0.0014694231694451136
0.9340219978922008 	 0.0014927311899604937
0.9350219978922008 	 0.0015163355228154838
0.9360219978922008 	 0.00154023750061423
0.9370219978922008 	 0.0015644384029103262
0.9380219978922008 	 0.001588940132465433
0.9390219978922008 	 0.0016137586445618356
0.9400219978922008 	 0.0016389231989118555
0.9410219978922008 	 0.001664458920291643
0.9420219978922008 	 0.001690373475608027
0.9430219978922008 	 0.001716670375966056
0.9440219978922008 	 0.0017433530441098005
0.9450219978922008 	 0.0017704248092511102
0.9460219978922008 	 0.0017978889014315827
0.9470219978922008 	 0.0018257484453663962
0.9480219978922008 	 0.0018540064537113437
0.9490219978922008 	 0.0018826658196964478
0.9500219978922008 	 0.0019117293090085117
0.9510219978922008 	 0.0019411971009737385
0.9520219978922008 	 0.0019710600325260072
0.9530219978922008 	 0.0020013065796083617
0.9540219978922008 	 0.0020319249910602417
0.9550219978922008 	 0.00206290327946682
0.9560219978922008 	 0.002094229302277885
0.9570219978922008 	 0.002125891011859978
0.9580219978922008 	 0.002157876197874834
0.9590219978922008 	 0.0021901847859555615
0.9600219978922008 	 0.002222862804998957
0.9610219978922008 	 0.00225596676828019
0.9620219978922008 	 0.0022895527563038124
0.9630219978922008 	 0.002323674236105078
0.9640219978922008 	 0.002358340005088274
0.9650219978922008 	 0.0023935166969377576
0.9660219978922008 	 0.00242916883640074
0.9670219978922008 	 0.0024652604369321805
0.9680219978922008 	 0.0025017549614972257
0.9690219978922008 	 0.002538615276947032
0.9700219978922008 	 0.0025758036012300993
0.9710219978922008 	 0.002613299277024277
0.9720219978922008 	 0.002651147527584895
0.9730219978922008 	 0.002689407980438882
0.9740219978922008 	 0.002728138854885921
0.9750219978922008 	 0.0027673967854611437
0.9760219978922008 	 0.002807236622005299
0.9770219978922008 	 0.00284771120217962
0.9780219978922008 	 0.002888871091428253
0.9790219978922008 	 0.00293076428441865
0.9800219978922008 	 0.002973435857142636
0.9810219978922008 	 0.0030165719000097946
0.9820219978922008 	 0.0030585273383703267
0.9830219978922008 	 0.0030978515552684688
0.9840219978922008 	 0.003143425346299847
0.9850219978922008 	 0.003194246770464095
0.9860219978922008 	 0.0032373887531585875
0.9870219978922008 	 0.0032761497440897845
0.9880219978922008 	 0.003313525541323319
0.9890219978922008 	 0.0033508172995836173
0.9900219978922008 	 0.0033881838222711547
0.9910219978922008 	 0.0034255873533447895
0.9920219978922008 	 0.0034629367214032763
0.9930219978922008 	 0.003500093627412747
0.9940219978922008 	 0.003536867665686627
0.9950219978922008 	 0.003573006534000567
0.9960219978922008 	 0.003606998256006357
0.9970219978922008 	 0.0036376311457546975
0.9980219978922008 	 0.003664670989067691
0.9990219978922008 	 0.003687291254955005
1.0000219978922007 	 0.0037043681697410706
1.0010219978922006 	 0.00371448652000675
1.0020219978922005 	 0.003715873756172096
1.0030219978922004 	 0.0037063033854873194
1.0040219978922003 	 0.00368280245775133
1.0050219978922001 	 0.0036319320093976997
1.0060219978922 	 0.0035580598094047127
1.0070219978922 	 0.0034598678635811785
1.0080219978921998 	 0.003331235450956322
1.0090219978921997 	 0.003165822547004845
1.0100219978921996 	 0.002957672780996611
1.0110219978921995 	 0.002703084464617983
1.0120219978921994 	 0.0024010892360539957
1.0130219978921993 	 0.002055118915748323
1.0140219978921992 	 0.0016768005150239226
1.015021997892199 	 0.0012878468023518525
1.016021997892199 	 0.0009196839079174138
1.0170219978921988 	 0.0006099153387370612
1.0180219978921987 	 0.0003955192380047512
1.0190219978921986 	 0.00030277963103124227
1.0200219978921985 	 0.00033881507591063044
1.0210219978921984 	 0.0004911612627363284
1.0220219978921983 	 0.0007413054745997805
1.0230219978921982 	 0.0010546640578066725
1.024021997892198 	 0.001408241091751395
1.025021997892198 	 0.0017789589627098038
1.0260219978921978 	 0.0021485906805272037
1.0270219978921977 	 0.0025029999575989204
1.0280219978921976 	 0.0028318752522453975
1.0290219978921975 	 0.0031437712460164087
1.0300219978921974 	 0.003443836179949757
1.0310219978921973 	 0.0037313740026605952
1.0320219978921972 	 0.0040052021566947624
1.033021997892197 	 0.004263701001781816
1.034021997892197 	 0.004504856875044719
1.0350219978921968 	 0.004731886667712277
1.0360219978921967 	 0.004948308202288505
1.0370219978921966 	 0.00515525936735675
1.0380219978921965 	 0.0053537394338693724
1.0390219978921964 	 0.005544971992639004
1.0400219978921963 	 0.005730427382483325
1.0410219978921962 	 0.005911383814954691
1.042021997892196 	 0.006088556679921875
1.043021997892196 	 0.00626244632370083
1.0440219978921959 	 0.0064334594706936
1.0450219978921957 	 0.006601921955952572
1.0460219978921956 	 0.006768089793309623
1.0470219978921955 	 0.006932226516417356
1.0480219978921954 	 0.007094802228037617
1.0490219978921953 	 0.007256313084042981
1.0500219978921952 	 0.0074172269440088015
1.051021997892195 	 0.0075779436567795285
1.052021997892195 	 0.007738677872305227
1.0530219978921949 	 0.007899582589845962
1.0540219978921948 	 0.008060789606845266
1.0550219978921946 	 0.008222412225697749
1.0560219978921945 	 0.008384547582667478
1.0570219978921944 	 0.008547284466258536
1.0580219978921943 	 0.008710721102162582
1.0590219978921942 	 0.008874950121727834
1.060021997892194 	 0.009040054726189196
1.061021997892194 	 0.009206137241239828
1.0620219978921939 	 0.009373395691766966
1.0630219978921938 	 0.00954203882283575
1.0640219978921936 	 0.009712132598495897
1.0650219978921935 	 0.00988360693573679
1.0660219978921934 	 0.010056414368311124
1.0670219978921933 	 0.010230626907046538
1.0680219978921932 	 0.01040634122876918
1.069021997892193 	 0.010583649881779079
1.070021997892193 	 0.010762641546056316
1.0710219978921929 	 0.01094339168073973
1.0720219978921928 	 0.011125936859306568
1.0730219978921927 	 0.01131030318154841
1.0740219978921925 	 0.01149651499943253
1.0750219978921924 	 0.011684595130616258
1.0760219978921923 	 0.011874565050944351
1.0770219978921922 	 0.012066445068651909
1.078021997892192 	 0.012260254481697746
1.079021997892192 	 0.01245601172106751
1.0800219978921919 	 0.012653734481125554
1.0810219978921918 	 0.01285346470264802
1.0820219978921917 	 0.01305533606192536
1.0830219978921916 	 0.013259501246151072
1.0840219978921914 	 0.013466109942482887
1.0850219978921913 	 0.013675308801218882
1.0860219978921912 	 0.013887241392072674
1.0870219978921911 	 0.014101729962975627
1.088021997892191 	 0.014317467168668156
1.089021997892191 	 0.01453414842814411
1.0900219978921908 	 0.014752674420224371
1.0910219978921907 	 0.014973812825616854
1.0920219978921906 	 0.01519766361757852
1.0930219978921905 	 0.015424170000058858
1.0940219978921903 	 0.01565327439369182
1.0950219978921902 	 0.01588491848036718
1.0960219978921901 	 0.016119043246603952
1.09702199789219 	 0.01635558902244501
1.09802199789219 	 0.016594495517379047
1.0990219978921898 	 0.01683570472415711
1.1000219978921897 	 0.017079217658327983
1.1010219978921896 	 0.017325088514510985
1.1020219978921895 	 0.0175733629526642
1.1030219978921894 	 0.017824035482181227
1.1040219978921892 	 0.018077047878903414
1.1050219978921891 	 0.018332340050966525
1.106021997892189 	 0.018589852718933438
1.107021997892189 	 0.018849591563275005
1.1080219978921888 	 0.019111801467916727
1.1090219978921887 	 0.019376779662636543
1.1100219978921886 	 0.019644819054636456
1.1110219978921885 	 0.019916007537427775
1.1120219978921884 	 0.02018968112121818
1.1130219978921883 	 0.020465032979232804
1.1140219978921881 	 0.02074182701266867
1.115021997892188 	 0.021020361481988714
1.116021997892188 	 0.021300954124232385
1.1170219978921878 	 0.02158392119568722
1.1180219978921877 	 0.021869577441280416
1.1190219978921876 	 0.0221582360685364
1.1200219978921875 	 0.02245020872549055
1.1210219978921874 	 0.022745665104431212
1.1220219978921873 	 0.0230442484543965
1.1230219978921872 	 0.023345479709454026
1.124021997892187 	 0.023648880611718704
1.125021997892187 	 0.023953973721351423
1.1260219978921868 	 0.02426028247006191
1.1270219978921867 	 0.02456733123506227
1.1280219978921866 	 0.024874954956050566
1.1290219978921865 	 0.025184147422367537
1.1300219978921864 	 0.02549617105233784
1.1310219978921863 	 0.025812023813992283
1.1320219978921862 	 0.02613172281888452
1.133021997892186 	 0.026455056117930264
1.134021997892186 	 0.026781811956614127
1.1350219978921858 	 0.027111418540625522
1.1360219978921857 	 0.02744439706505336
1.1370219978921856 	 0.02778016365085351
1.1380219978921855 	 0.02811848822299588
1.1390219978921854 	 0.028458747562149007
1.1400219978921853 	 0.028799951547998463
1.1410219978921852 	 0.029141500915698643
1.142021997892185 	 0.02948428873922367
1.143021997892185 	 0.02982954809405568
1.1440219978921848 	 0.030178225583446034
1.1450219978921847 	 0.03053022849006754
1.1460219978921846 	 0.030885224169465295
1.1470219978921845 	 0.031242882987420513
1.1480219978921844 	 0.031602878358944174
1.1490219978921843 	 0.03196488677752017
1.1500219978921842 	 0.032328587840596744
1.151021997892184 	 0.03269375529860535
1.152021997892184 	 0.033060505211602066
1.1530219978921838 	 0.03342903204496737
1.1540219978921837 	 0.03379952843918516
1.1550219978921836 	 0.03417218459750626
1.1560219978921835 	 0.034547188563742746
1.1570219978921834 	 0.03492472801075232
1.1580219978921833 	 0.03530498829544349
1.1590219978921832 	 0.035688152804389646
1.160021997892183 	 0.036074403003642876
1.161021997892183 	 0.036463819617808806
1.1620219978921829 	 0.03685611267729013
1.1630219978921827 	 0.037250886352082076
1.1640219978921826 	 0.03764731485852579
1.1650219978921825 	 0.0380444560374503
1.1660219978921824 	 0.03844242193531331
1.1670219978921823 	 0.03884157250856463
1.1680219978921822 	 0.03924226560853247
1.169021997892182 	 0.03964485696796891
1.170021997892182 	 0.04004970019644622
1.1710219978921819 	 0.040457071185880905
1.1720219978921818 	 0.0408669612343271
1.1730219978921816 	 0.041279294869073016
1.1740219978921815 	 0.041693996176201224
1.1750219978921814 	 0.0421109887845609
1.1760219978921813 	 0.04253019586343897
1.1770219978921812 	 0.04295154012769709
1.178021997892181 	 0.0433749410618496
1.179021997892181 	 0.043800322960937416
1.1800219978921809 	 0.04422760744692431
1.1810219978921808 	 0.044656680321836596
1.1820219978921807 	 0.045087294436495756
1.1830219978921805 	 0.04551917924561804
1.1840219978921804 	 0.04595207320689146
1.1850219978921803 	 0.04638571646745729
1.1860219978921802 	 0.04681985429324826
1.18702199789218 	 0.04725476210426574
1.18802199789218 	 0.04769259239230133
1.1890219978921799 	 0.04813423626435985
1.1900219978921798 	 0.04857897761856304
1.1910219978921797 	 0.04902614733920511
1.1920219978921796 	 0.049475469685419125
1.1930219978921794 	 0.04992676144117521
1.1940219978921793 	 0.05037984043054912
1.1950219978921792 	 0.05083452551354641
1.1960219978921791 	 0.05129063658893024
1.197021997892179 	 0.05174799459908752
1.198021997892179 	 0.05220642153931188
1.1990219978921788 	 0.05266574046228552
1.2000219978921787 	 0.05312577548984851
1.2010219978921786 	 0.05358645534006339
1.2020219978921785 	 0.054048096831140036
1.2030219978921783 	 0.054511106880631106
1.2040219978921782 	 0.0549758915700013
1.2050219978921781 	 0.055442809699623084
1.206021997892178 	 0.05591204492782499
1.207021997892178 	 0.056383738172758414
1.2080219978921778 	 0.05685802820465966
1.2090219978921777 	 0.05733505164732897
1.2100219978921776 	 0.05781494297931563
1.2110219978921775 	 0.058297608967544386
1.2120219978921773 	 0.058782114145148154
1.2130219978921772 	 0.059267364183624445
1.2140219978921771 	 0.05975286888954273
1.215021997892177 	 0.060238700597364934
1.216021997892177 	 0.06072495089670522
1.2170219978921768 	 0.06121170861438117
1.2180219978921767 	 0.06169905982866985
1.2190219978921766 	 0.06218708788896202
1.2200219978921765 	 0.0626758734300592
1.2210219978921764 	 0.06316553343865657
1.2220219978921762 	 0.06365633000335534
1.2230219978921761 	 0.06414856087759481
1.224021997892176 	 0.0646425255034051
1.225021997892176 	 0.06513852498240574
1.2260219978921758 	 0.06563680135507396
1.2270219978921757 	 0.06613736917188194
1.2280219978921756 	 0.0666401867241441
1.2290219978921755 	 0.06714520885734639
1.2300219978921754 	 0.0676523869740932
1.2310219978921753 	 0.06816161215886553
1.2320219978921751 	 0.0686725618190855
1.233021997892175 	 0.06918486753903098
1.234021997892175 	 0.06969816546065176
1.2350219978921748 	 0.07021209624798785
1.2360219978921747 	 0.07072630507170391
1.2370219978921746 	 0.07124044158778506
1.2380219978921745 	 0.07175420397842097
1.2390219978921744 	 0.07226820751259616
1.2400219978921743 	 0.07278391992831613
1.2410219978921742 	 0.073302436108443
1.242021997892174 	 0.07382338540152535
1.243021997892174 	 0.07434606108783552
1.2440219978921738 	 0.07486976292952652
1.2450219978921737 	 0.07539379714051983
1.2460219978921736 	 0.0759174763932606
1.2470219978921735 	 0.07644051535911464
1.2480219978921734 	 0.07696411016401333
1.2490219978921733 	 0.07748979346341602
1.2500219978921732 	 0.07801908640889996
1.251021997892173 	 0.07855306423522508
1.252021997892173 	 0.07909117062898251
1.2530219978921728 	 0.07963247551610264
1.2540219978921727 	 0.08017605718536379
1.2550219978921726 	 0.08072100218400702
1.2560219978921725 	 0.08126640526550212
1.2570219978921724 	 0.08181136933856789
1.2580219978921723 	 0.08235500543284302
1.2590219978921722 	 0.0828964326748605
1.260021997892172 	 0.08343477826649799
1.261021997892172 	 0.0839702970003595
1.2620219978921718 	 0.08450741794447109
1.2630219978921717 	 0.08505127167196505
1.2640219978921716 	 0.0856024086985171
1.2650219978921715 	 0.08615712190957008
1.2660219978921714 	 0.08671158453676268
1.2670219978921713 	 0.08726306345604315
1.2680219978921712 	 0.0878127649079657
1.269021997892171 	 0.0883627962843599
1.270021997892171 	 0.0889152446750478
1.2710219978921709 	 0.0894717088804969
1.2720219978921707 	 0.09003202342524312
1.2730219978921706 	 0.09059561584228551
1.2740219978921705 	 0.09116191863166413
1.2750219978921704 	 0.09173036917343651
1.2760219978921703 	 0.09230040969495672
1.2770219978921702 	 0.09287148724585813
1.27802199789217 	 0.09344305367745169
1.27902199789217 	 0.09401456563920714
1.2800219978921699 	 0.09458548456856265
1.2810219978921698 	 0.09515561568360721
1.2820219978921696 	 0.09572603126697506
1.2830219978921695 	 0.09629808635793116
1.2840219978921694 	 0.09687311988064529
1.2850219978921693 	 0.09745245461410386
1.2860219978921692 	 0.0980373971638932
1.287021997892169 	 0.09862759576299522
1.288021997892169 	 0.09921683840689305
1.2890219978921689 	 0.09980305174237745
1.2900219978921688 	 0.1003893526595682
1.2910219978921686 	 0.10097835548853336
1.2920219978921685 	 0.1015701769226138
1.2930219978921684 	 0.10216435882889545
1.2940219978921683 	 0.10276045019930082
1.2950219978921682 	 0.10335800710000649
1.296021997892168 	 0.10395659263895823
1.297021997892168 	 0.10455577691256175
1.2980219978921679 	 0.10515513698990853
1.2990219978921678 	 0.10575425680928097
1.3000219978921677 	 0.1063527267190108
1.3010219978921675 	 0.1069504843990064
1.3020219978921674 	 0.10754873788965187
1.3030219978921673 	 0.1081489730160318
1.3040219978921672 	 0.1087526530180641
1.305021997892167 	 0.10936121855680729
1.306021997892167 	 0.10997545736508967
1.3070219978921669 	 0.11059379149584775
1.3080219978921668 	 0.11121411443628117
1.3090219978921667 	 0.11183434747390976
1.3100219978921666 	 0.11245243961569576
1.3110219978921664 	 0.1130672195152914
1.3120219978921663 	 0.11368071205443768
1.3130219978921662 	 0.1142955797854082
1.3140219978921661 	 0.11491283729412964
1.315021997892166 	 0.11553196909731228
1.316021997892166 	 0.11615240950528329
1.3170219978921658 	 0.11677360251816261
1.3180219978921657 	 0.11739500184359802
1.3190219978921656 	 0.11801607080655917
1.3200219978921655 	 0.11863628228160461
1.3210219978921653 	 0.11925539890875717
1.3220219978921652 	 0.11987423178510619
1.3230219978921651 	 0.12049381853917968
1.324021997892165 	 0.1211151756892995
1.325021997892165 	 0.12173929883053898
1.3260219978921648 	 0.122367162631584
1.3270219978921647 	 0.12299972072822632
1.3280219978921646 	 0.12363698415817573
1.3290219978921645 	 0.12427552643046035
1.3300219978921644 	 0.12491118438927724
1.3310219978921642 	 0.12554088630425664
1.3320219978921641 	 0.12616543750406914
1.333021997892164 	 0.12678658062306583
1.334021997892164 	 0.12740601543229987
1.3350219978921638 	 0.12802541103419113
1.3360219978921637 	 0.12864640813596423
1.3370219978921636 	 0.12927061968457035
1.3380219978921635 	 0.1298994971798295
1.3390219978921634 	 0.13053168730898965
1.3400219978921633 	 0.1311632367278763
1.3410219978921631 	 0.1317909282478701
1.342021997892163 	 0.13241451857276992
1.343021997892163 	 0.13303445146577877
1.3440219978921628 	 0.133651165956243
1.3450219978921627 	 0.13426509663120573
1.3460219978921626 	 0.13487667356449587
1.3470219978921625 	 0.13548633001104968
1.3480219978921624 	 0.1360945248571162
1.3490219978921623 	 0.1367017204731882
1.3500219978921622 	 0.13730837583786695
1.351021997892162 	 0.13791466270636465
1.352021997892162 	 0.13851969270106843
1.3530219978921618 	 0.1391223414272961
1.3540219978921617 	 0.1397214996102652
1.3550219978921616 	 0.14031607331540516
1.3560219978921615 	 0.14090498357695488
1.3570219978921614 	 0.14148716571043649
1.3580219978921613 	 0.1420615696115593
1.3590219978921612 	 0.14262715969258047
1.360021997892161 	 0.14318291468522198
1.361021997892161 	 0.1437321599008487
1.3620219978921608 	 0.1442943404441646
1.3630219978921607 	 0.14487237133363762
1.3640219978921606 	 0.1454370108714693
1.3650219978921605 	 0.14598871552992443
1.3660219978921604 	 0.1465298423748538
1.3670219978921603 	 0.14706271595419096
1.3680219978921602 	 0.1475896298328104
1.36902199789216 	 0.1481128474332473
1.37002199789216 	 0.14863460249453114
1.3710219978921598 	 0.14915657165024052
1.3720219978921597 	 0.14967843974412712
1.3730219978921596 	 0.15019943630900576
1.3740219978921595 	 0.15071880227263867
1.3750219978921594 	 0.15123579017720512
1.3760219978921593 	 0.15174966375097798
1.3770219978921592 	 0.15225969693801486
1.378021997892159 	 0.15276517457331878
1.379021997892159 	 0.153265392444496
1.3800219978921588 	 0.15375965707550235
1.3810219978921587 	 0.1542473584392632
1.3820219978921586 	 0.15472816728854943
1.3830219978921585 	 0.1552018209573791
1.3840219978921584 	 0.15566805946469292
1.3850219978921583 	 0.15612662556883683
1.3860219978921582 	 0.15657726490236554
1.387021997892158 	 0.1570197264378686
1.388021997892158 	 0.15745383446896216
1.3890219978921579 	 0.15788092385714647
1.3900219978921577 	 0.15830373143981244
1.3910219978921576 	 0.15872442955731925
1.3920219978921575 	 0.1591429862592668
1.3930219978921574 	 0.159558863986074
1.3940219978921573 	 0.1599715338282492
1.3950219978921572 	 0.1603804750923581
1.396021997892157 	 0.1607852235533856
1.397021997892157 	 0.161185502349133
1.3980219978921569 	 0.1615810774796026
1.3990219978921568 	 0.16197171415119527
1.4000219978921566 	 0.16234823850364488
1.4010219978921565 	 0.1627285357044374
1.4020219978921564 	 0.1631031790199036
1.4030219978921563 	 0.1634719308539843
1.4040219978921562 	 0.16383455163778404
1.405021997892156 	 0.16419079962719785
1.406021997892156 	 0.1645404312631499
1.4070219978921559 	 0.16488320231909734
1.4080219978921558 	 0.16521886684277384
1.4090219978921557 	 0.16554717698651675
1.4100219978921555 	 0.16586788327755034
1.4110219978921554 	 0.16618104337680015
1.4120219978921553 	 0.16648786253804673
1.4130219978921552 	 0.1667897655980943
1.414021997892155 	 0.167087468972744
1.415021997892155 	 0.16738102968034996
1.4160219978921549 	 0.1676704779483844
1.4170219978921548 	 0.16795584367497066
1.4180219978921547 	 0.16823715688153862
1.4190219978921546 	 0.1685144482855068
1.4200219978921544 	 0.1687877499049374
1.4210219978921543 	 0.1690570958373756
1.4220219978921542 	 0.16932252369666717
1.4230219978921541 	 0.16958407530574715
1.424021997892154 	 0.1698417959654442
1.425021997892154 	 0.17009573448238152
1.4260219978921538 	 0.17034594312025442
1.4270219978921537 	 0.17059247700974664
1.4280219978921536 	 0.17083539500038436
1.4290219978921535 	 0.17107475989952683
1.4300219978921533 	 0.17131063841179833
1.4310219978921532 	 0.17154302608016336
1.4320219978921531 	 0.1717716432478475
1.433021997892153 	 0.1719961530911813
1.434021997892153 	 0.17221622646153853
1.4350219978921528 	 0.17243154123947774
1.4360219978921527 	 0.17264178177077813
1.4370219978921526 	 0.1728466378697448
1.4380219978921525 	 0.17304582668607446
1.4390219978921523 	 0.17323936646860325
1.4400219978921522 	 0.17342753238200137
1.4410219978921521 	 0.17361060828612623
1.442021997892152 	 0.17378887716430103
1.443021997892152 	 0.17396262158180636
1.4440219978921518 	 0.17413212242990062
1.4450219978921517 	 0.17429765872180913
1.4460219978921516 	 0.1744595071755534
1.4470219978921515 	 0.17461794188171492
1.4480219978921514 	 0.17477323438796646
1.4490219978921512 	 0.17492565365228657
1.4500219978921511 	 0.1750754659368156
1.451021997892151 	 0.17522286790190936
1.452021997892151 	 0.17536780468418361
1.4530219978921508 	 0.1755101643509142
1.4540219978921507 	 0.17564983602627454
1.4550219978921506 	 0.17578670961839007
1.4560219978921505 	 0.1759206756828084
1.4570219978921504 	 0.1760517188428369
1.4580219978921503 	 0.17618017315684578
1.4590219978921501 	 0.17630645034877643
1.46002199789215 	 0.17643095733603464
1.46102199789215 	 0.1765540961623015
1.4620219978921498 	 0.17667626392486135
1.4630219978921497 	 0.1767978216745833
1.4640219978921496 	 0.17691846473958547
1.4650219978921495 	 0.17703726792340632
1.4660219978921494 	 0.1771532905836213
1.4670219978921493 	 0.17726560101245786
1.4680219978921492 	 0.177373276369378
1.469021997892149 	 0.1774754025435547
1.470021997892149 	 0.17757107398337166
1.4710219978921488 	 0.1776597529898001
1.4720219978921487 	 0.17774224951738116
1.4730219978921486 	 0.177819678968559
1.4740219978921485 	 0.17789314545961493
1.4750219978921484 	 0.17796374191666361
1.4760219978921483 	 0.17803255020657097
1.4770219978921482 	 0.17810064115682928
1.478021997892148 	 0.17816907485963232
1.479021997892148 	 0.17823890086765343
1.4800219978921478 	 0.17831115824356417
1.4810219978921477 	 0.17838687565201614
1.4820219978921476 	 0.17846707117527566
1.4830219978921475 	 0.17855198451816295
1.4840219978921474 	 0.17863898172196038
1.4850219978921473 	 0.17872478372359352
1.4860219978921472 	 0.17880614222172916
1.487021997892147 	 0.17887983838387725
1.488021997892147 	 0.17894287051354832
1.4890219978921468 	 0.1789961629505222
1.4900219978921467 	 0.17904430408956926
1.4910219978921466 	 0.17909136872944204
1.4920219978921465 	 0.17913880857857553
1.4930219978921464 	 0.1791864487989468
1.4940219978921463 	 0.17923386474952666
1.4950219978921462 	 0.17928063548973647
1.496021997892146 	 0.1793263435166794
1.497021997892146 	 0.1793705740283519
1.4980219978921459 	 0.17941291564847456
1.4990219978921457 	 0.17945296060699661
1.5000219978921456 	 0.1794903046735508
1.5010219978921455 	 0.17952454702825088
1.5020219978921454 	 0.1795552901423365
1.5030219978921453 	 0.17958214009614973
1.5040219978921452 	 0.17960470617878763
1.505021997892145 	 0.1796226006952166
1.506021997892145 	 0.17963535409059045
1.5070219978921449 	 0.1796421838157487
1.5080219978921447 	 0.17964331902203276
1.5090219978921446 	 0.1796430210573511
1.5100219978921445 	 0.17964645747902366
1.5110219978921444 	 0.17965679772240017
1.5120219978921443 	 0.17966988084477672
1.5130219978921442 	 0.17968001687476015
1.514021997892144 	 0.17968449560416555
1.515021997892144 	 0.179683391872227
1.5160219978921439 	 0.17967688724828543
1.5170219978921438 	 0.17966516105246413
1.5180219978921436 	 0.17964839068759306
1.5190219978921435 	 0.1796267517729972
1.5200219978921434 	 0.17960041819066527
1.5210219978921433 	 0.17956956052761544
1.5220219978921432 	 0.17953434485409012
1.523021997892143 	 0.17949494032804905
1.524021997892143 	 0.17945151496409634
1.5250219978921429 	 0.17940423515086487
1.5260219978921428 	 0.17935325566454574
1.5270219978921427 	 0.17929873350959702
1.5280219978921425 	 0.1792408309396782
1.5290219978921424 	 0.17917970854188484
1.5300219978921423 	 0.1791155217514726
1.5310219978921422 	 0.17904838658587494
1.532021997892142 	 0.17897827103660366
1.533021997892142 	 0.17890510918249677
1.5340219978921419 	 0.1788288356265663
1.5350219978921418 	 0.1787493852404927
1.5360219978921417 	 0.17866669322775894
1.5370219978921416 	 0.17858069521926412
1.5380219978921414 	 0.17849133735142061
1.5390219978921413 	 0.17839877797566112
1.5400219978921412 	 0.17830337391417364
1.5410219978921411 	 0.17820548705692743
1.542021997892141 	 0.1781054771318929
1.543021997892141 	 0.17800370226165937
1.5440219978921408 	 0.17790051802258375
1.5450219978921407 	 0.1777962772075528
1.5460219978921406 	 0.177691330006113
1.5470219978921405 	 0.17758578688819815
1.5480219978921403 	 0.17747886926134507
1.5490219978921402 	 0.17736959618315626
1.5500219978921401 	 0.17725674666946606
1.55102199789214 	 0.17713859359766781
1.55202199789214 	 0.1770147261466038
1.5530219978921398 	 0.17688509208361006
1.5540219978921397 	 0.1767496395107546
1.5550219978921396 	 0.17660831653443507
1.5560219978921395 	 0.17646107154330637
1.5570219978921394 	 0.17630785399857227
1.5580219978921392 	 0.17614861358516182
1.5590219978921391 	 0.1759832999450607
1.560021997892139 	 0.17581186270495544
1.561021997892139 	 0.17563425192898077
1.5620219978921388 	 0.17545041967896172
1.5630219978921387 	 0.17526036275974047
1.5640219978921386 	 0.17506496994321125
1.5650219978921385 	 0.17486596525887121
1.5660219978921384 	 0.17466509586387677
1.5670219978921383 	 0.1744641008150154
1.5680219978921381 	 0.17426424957454062
1.569021997892138 	 0.1740668784005386
1.570021997892138 	 0.17387403806165075
1.5710219978921378 	 0.1736868569812199
1.5720219978921377 	 0.17350393364878539
1.5730219978921376 	 0.1733232856812902
1.5740219978921375 	 0.17314294395802363
1.5750219978921374 	 0.1729609587322353
1.5760219978921373 	 0.1727754055421076
1.5770219978921372 	 0.1725843923495617
1.578021997892137 	 0.17238606193385125
1.579021997892137 	 0.17217859638013017
1.5800219978921368 	 0.1719602226423548
1.5810219978921367 	 0.1717292184752191
1.5820219978921366 	 0.17148391853516
1.5830219978921365 	 0.17122271753375132
1.5840219978921364 	 0.1709440707062653
1.5850219978921363 	 0.1706464902123269
1.5860219978921362 	 0.17032853577167728
1.587021997892136 	 0.16998879770153963
1.588021997892136 	 0.1696286554711598
1.5890219978921358 	 0.1692861883466574
1.5900219978921357 	 0.16897451130385044
1.5910219978921356 	 0.16869009972762902
1.5920219978921355 	 0.16842920668375783
1.5930219978921354 	 0.16818786120941598
1.5940219978921353 	 0.16796187262161819
1.5950219978921352 	 0.16774685911271092
1.596021997892135 	 0.16753830821923565
1.597021997892135 	 0.16733166060388535
1.5980219978921348 	 0.16712239627622788
1.5990219978921347 	 0.16690611154948637
1.6000219978921346 	 0.16667857370618713
1.6010219978921345 	 0.16643666401160906
1.6020219978921344 	 0.16618088479009496
1.6030219978921343 	 0.1659126963833269
1.6040219978921342 	 0.16563368350399016
1.605021997892134 	 0.16534552192409008
1.606021997892134 	 0.1650499467498536
1.6070219978921338 	 0.16474872594445913
1.6080219978921337 	 0.16444363785692648
1.6090219978921336 	 0.16413645536159693
1.6100219978921335 	 0.16382893531933432
1.6110219978921334 	 0.16352216559777777
1.6120219978921333 	 0.163214791962778
1.6130219978921332 	 0.16290492919307784
1.614021997892133 	 0.1625917191174445
1.615021997892133 	 0.16227526855142754
1.6160219978921329 	 0.1619557056037503
1.6170219978921327 	 0.1616331427354124
1.6180219978921326 	 0.16130767898264783
1.6190219978921325 	 0.16097940170269873
1.6200219978921324 	 0.16064838826893338
1.6210219978921323 	 0.16031470733442585
1.6220219978921322 	 0.15997841847788058
1.623021997892132 	 0.1596395719246816
1.624021997892132 	 0.15929821252662132
1.6250219978921319 	 0.15895438159768602
1.6260219978921318 	 0.158608117256648
1.6270219978921316 	 0.15825945380211778
1.6280219978921315 	 0.1579084240133965
1.6290219978921314 	 0.15755506029452837
1.6300219978921313 	 0.15719939530511723
1.6310219978921312 	 0.1568420085279676
1.632021997892131 	 0.1564855215751254
1.633021997892131 	 0.15613302519823333
1.6340219978921309 	 0.15578667435621602
1.6350219978921308 	 0.15544514513278992
1.6360219978921307 	 0.1551063083018434
1.6370219978921305 	 0.15476804263796726
1.6380219978921304 	 0.15442828924426835
1.6390219978921303 	 0.15408607062923582
1.6400219978921302 	 0.15374142634513463
1.64102199789213 	 0.15339443869630756
1.64202199789213 	 0.1530451897325287
1.6430219978921299 	 0.15269376210735575
1.6440219978921298 	 0.15234024217628067
1.6450219978921297 	 0.1519847205914344
1.6460219978921296 	 0.15162729116788454
1.6470219978921294 	 0.15126804781902492
1.6480219978921293 	 0.15090708733183356
1.6490219978921292 	 0.15054450992118706
1.650021997892129 	 0.1501804188014767
1.651021997892129 	 0.14981508603055552
1.652021997892129 	 0.14944940730695155
1.6530219978921288 	 0.14908442244214565
1.6540219978921287 	 0.14872117045611005
1.6550219978921286 	 0.14836068956159373
1.6560219978921285 	 0.14800401561967252
1.6570219978921283 	 0.14765217893466065
1.6580219978921282 	 0.14730620640277847
1.6590219978921281 	 0.1469671216012371
1.660021997892128 	 0.14663594412311318
1.661021997892128 	 0.14631258725823768
1.6620219978921278 	 0.1459928374324527
1.6630219978921277 	 0.14567166602749818
1.6640219978921276 	 0.1453470890261323
1.6650219978921275 	 0.14501998931363058
1.6660219978921273 	 0.14469135209613593
1.6670219978921272 	 0.1443621504365547
1.6680219978921271 	 0.14403334689236588
1.669021997892127 	 0.14370589392151303
1.670021997892127 	 0.14338073378250288
1.6710219978921268 	 0.14305863805387922
1.6720219978921267 	 0.14273976767422428
1.6730219978921266 	 0.14242413395307058
1.6740219978921265 	 0.14211173890024834
1.6750219978921264 	 0.14180257519685668
1.6760219978921262 	 0.14149662609713518
1.6770219978921261 	 0.1411938649681418
1.678021997892126 	 0.1408942563288951
1.679021997892126 	 0.1405977564524481
1.6800219978921258 	 0.14030431376731678
1.6810219978921257 	 0.14001386929853268
1.6820219978921256 	 0.1397263572375338
1.6830219978921255 	 0.1394417066470005
1.6840219978921254 	 0.13915984123973568
1.6850219978921253 	 0.13888067973347304
1.6860219978921251 	 0.1386041365401614
1.687021997892125 	 0.13833012253541832
1.688021997892125 	 0.13805850925428115
1.6890219978921248 	 0.13778841012433407
1.6900219978921247 	 0.13751822280149
1.6910219978921246 	 0.1372466072454911
1.6920219978921245 	 0.13697331685050657
1.6930219978921244 	 0.13669836242433062
1.6940219978921243 	 0.13642175559618075
1.6950219978921242 	 0.13614350904693925
1.696021997892124 	 0.13586363728639408
1.697021997892124 	 0.1355821577816817
1.6980219978921238 	 0.1352990907910025
1.6990219978921237 	 0.13501445960863026
1.7000219978921236 	 0.13472829096606442
1.7010219978921235 	 0.13429835460957176
1.7020219978921234 	 0.13385650319628564
1.7030219978921233 	 0.13341439081264825
1.7040219978921232 	 0.13297337347856267
1.705021997892123 	 0.13253480090214798
1.706021997892123 	 0.1321000165073247
1.7070219978921228 	 0.1316703574612726
1.7080219978921227 	 0.13124715469508885
1.7090219978921226 	 0.13083106484750998
1.7100219978921225 	 0.13042024259845575
1.7110219978921224 	 0.13001226702456936
1.7120219978921223 	 0.12960472840580334
1.7130219978921222 	 0.12919529279340206
1.714021997892122 	 0.128782978722064
1.715021997892122 	 0.1283680746515501
1.7160219978921218 	 0.1279509171634944
1.7170219978921217 	 0.12753184129386078
1.7180219978921216 	 0.12711118053963608
1.7190219978921215 	 0.12668926686549334
1.7200219978921214 	 0.12626643071042287
1.7210219978921213 	 0.12584300099433376
1.7220219978921212 	 0.12541930512462438
1.723021997892121 	 0.12499566900272223
1.724021997892121 	 0.12457241703059425
1.7250219978921209 	 0.12414987211722626
1.7260219978921207 	 0.12372835568507315
1.7270219978921206 	 0.12330818767647873
1.7280219978921205 	 0.1228896865600664
1.7290219978921204 	 0.12247316933710024
1.7300219978921203 	 0.12205895154578278
1.7310219978921202 	 0.12164714356907673
1.73202199789212 	 0.12123709335448206
1.73302199789212 	 0.12082797371871906
1.7340219978921199 	 0.12041896125824587
1.7350219978921197 	 0.12000923633302475
1.7360219978921196 	 0.11959798305036284
1.7370219978921195 	 0.11918438924882732
1.7380219978921194 	 0.11876768906165215
1.7390219978921193 	 0.11834800424433577
1.7400219978921192 	 0.11792628986004837
1.741021997892119 	 0.11750352921246023
1.742021997892119 	 0.1170807011324596
1.7430219978921189 	 0.11665877999727467
1.7440219978921188 	 0.11623873574950846
1.7450219978921186 	 0.11582153391608589
1.7460219978921185 	 0.11540813562711565
1.7470219978921184 	 0.11499949763466459
1.7480219978921183 	 0.11459657233144759
1.7490219978921182 	 0.11420030776943164
1.750021997892118 	 0.11381164766725346
1.751021997892118 	 0.11343041947072566
1.7520219978921179 	 0.11305229212964742
1.7530219978921178 	 0.1126729926387058
1.7540219978921177 	 0.11229204797908383
1.7550219978921175 	 0.11190987106283667
1.7560219978921174 	 0.11152687294173598
1.7570219978921173 	 0.11114346281515525
1.7580219978921172 	 0.11076004803791946
1.759021997892117 	 0.11037703412811897
1.760021997892117 	 0.10999482477488808
1.7610219978921169 	 0.10961382184614854
1.7620219978921168 	 0.10923442539631788
1.7630219978921167 	 0.10885698824670388
1.7640219978921166 	 0.10848091835941882
1.7650219978921164 	 0.10810473670118398
1.7660219978921163 	 0.10772693611737301
1.7670219978921162 	 0.10734601622451848
1.7680219978921161 	 0.1069604833817578
1.769021997892116 	 0.10656885066240693
1.770021997892116 	 0.10616963783237339
1.7710219978921158 	 0.10576204348423397
1.7720219978921157 	 0.10534778407205718
1.7730219978921156 	 0.10492915614562244
1.7740219978921155 	 0.10450844600321862
1.7750219978921153 	 0.1040879297346695
1.7760219978921152 	 0.10366987326416555
1.7770219978921151 	 0.10325653239290407
1.778021997892115 	 0.10285015284153838
1.779021997892115 	 0.10245297029243604
1.7800219978921148 	 0.1020672104317489
1.7810219978921147 	 0.10169508899129408
1.7820219978921146 	 0.10133881179024803
1.7830219978921145 	 0.1010005747766537
1.7840219978921144 	 0.10068256406874261
1.7850219978921142 	 0.10038695599607204
1.7860219978921141 	 0.10011591714047857
1.787021997892114 	 0.09987160437684867
1.788021997892114 	 0.09965189313821377
1.7890219978921138 	 0.09939958271775631
1.7900219978921137 	 0.09909982719173127
1.7910219978921136 	 0.09876397817838574
1.7920219978921135 	 0.09840333718353242
1.7930219978921134 	 0.09802915580868153
1.7940219978921133 	 0.09765263593746691
1.7950219978921131 	 0.09728284837858787
1.796021997892113 	 0.09692103758969824
1.797021997892113 	 0.09656662230011519
1.7980219978921128 	 0.09621902377652213
1.7990219978921127 	 0.09587766581249324
1.8000219978921126 	 0.09554197471806423
1.8010219978921125 	 0.09521137930934889
1.8020219978921124 	 0.094885310898202
1.8030219978921123 	 0.09456320328192723
1.8040219978921122 	 0.09424449273303125
1.805021997892112 	 0.09392861798902213
1.806021997892112 	 0.09361502024225342
1.8070219978921118 	 0.0933031431298124
1.8080219978921117 	 0.09299243272345341
1.8090219978921116 	 0.09268233751957496
1.8100219978921115 	 0.09237230843269359
1.8110219978921114 	 0.09206214455483701
1.8120219978921113 	 0.09175293925044674
1.8130219978921112 	 0.09144603754210476
1.814021997892111 	 0.0911418251210046
1.815021997892111 	 0.09083978670673061
1.8160219978921108 	 0.09053937412023015
1.8170219978921107 	 0.0902400415697392
1.8180219978921106 	 0.08994124564100336
1.8190219978921105 	 0.08964244528754146
1.8200219978921104 	 0.08934310182095129
1.8210219978921103 	 0.08904267890397896
1.8220219978921102 	 0.08874091500891422
1.82302199789211 	 0.08843856895736509
1.82402199789211 	 0.08813663453826934
1.8250219978921098 	 0.08783610121967383
1.8260219978921097 	 0.08753795416637278
1.8270219978921096 	 0.08724317425746927
1.8280219978921095 	 0.08695273810386057
1.8290219978921094 	 0.08666761806564643
1.8300219978921093 	 0.08638878226426357
1.8310219978921092 	 0.08611667386634708
1.832021997892109 	 0.08584978620589728
1.833021997892109 	 0.08558616374791021
1.8340219978921088 	 0.0853238594040018
1.8350219978921087 	 0.0850609344981163
1.8360219978921086 	 0.08479545873238295
1.8370219978921085 	 0.08452551015312139
1.8380219978921084 	 0.08424927519410322
1.8390219978921083 	 0.08396702625956487
1.8400219978921082 	 0.08368099469616479
1.841021997892108 	 0.08339347884629965
1.842021997892108 	 0.0831067671597962
1.8430219978921079 	 0.08282313823390981
1.8440219978921077 	 0.08254486085314984
1.8450219978921076 	 0.08227419402893386
1.8460219978921075 	 0.08201338703906971
1.8470219978921074 	 0.08176467946706818
1.8480219978921073 	 0.08153030124128549
1.8490219978921072 	 0.08131247267389738
1.850021997892107 	 0.08111340442481167
1.851021997892107 	 0.08092779584655316
1.8520219978921069 	 0.08072984308248703
1.8530219978921068 	 0.08051548251244277
1.8540219978921066 	 0.0802872582047718
1.8550219978921065 	 0.0800477033958158
1.8560219978921064 	 0.07979934053334098
1.8570219978921063 	 0.07954468131978609
1.8580219978921062 	 0.07928622675532558
1.859021997892106 	 0.07902646718074746
1.860021997892106 	 0.07876788232014852
1.8610219978921059 	 0.07851294132344631
1.8620219978921058 	 0.07826410280870943
1.8630219978921057 	 0.07802372267758668
1.8640219978921055 	 0.07779223163854647
1.8650219978921054 	 0.07756825214647291
1.8660219978921053 	 0.07735034189563843
1.8670219978921052 	 0.07713706468818023
1.868021997892105 	 0.07692699040975833
1.869021997892105 	 0.07671869500531676
1.8700219978921049 	 0.07651076045793542
1.8710219978921048 	 0.07630207393222023
1.8720219978921047 	 0.0760926464227038
1.8730219978921046 	 0.07588275050781124
1.8740219978921044 	 0.07567265761366386
1.8750219978921043 	 0.07546263801865691
1.8760219978921042 	 0.07525296085801887
1.877021997892104 	 0.07504389412835058
1.878021997892104 	 0.07483570469214548
1.879021997892104 	 0.07462865828229079
1.8800219978921038 	 0.0744230195065492
1.8810219978921037 	 0.07421905185202216
1.8820219978921036 	 0.07401701768959375
1.8830219978921034 	 0.07381717827835592
1.8840219978921033 	 0.07361979377001523
1.8850219978921032 	 0.07342512321328061
1.8860219978921031 	 0.07323342455823265
1.887021997892103 	 0.07304495466067473
1.888021997892103 	 0.0728599333980589
1.8890219978921028 	 0.07267783446018168
1.8900219978921027 	 0.07249743079346496
1.8910219978921026 	 0.0723177058480794
1.8920219978921025 	 0.07213851830298752
1.8930219978921023 	 0.07195993104656563
1.8940219978921022 	 0.07178200670180375
1.8950219978921021 	 0.07160480762735211
1.896021997892102 	 0.07142839591856298
1.897021997892102 	 0.07125283340852828
1.8980219978921018 	 0.07107818166911249
1.8990219978921017 	 0.07090450201198194
1.9000219978921016 	 0.07073185548962874
1.9010219978921015 	 0.07056030289639156
1.9020219978921014 	 0.07038990476947103
1.9030219978921012 	 0.07022072138994181
1.9040219978921011 	 0.0700528127837599
1.905021997892101 	 0.06988623872276561
1.906021997892101 	 0.06972105872568288
1.9070219978921008 	 0.06955733205911396
1.9080219978921007 	 0.06939511773853012
1.9090219978921006 	 0.06923447452925796
1.9100219978921005 	 0.06907546094700953
1.9110219978921004 	 0.06891808992176485
1.9120219978921003 	 0.0687622047259163
1.9130219978921001 	 0.0686076159599806
1.9140219978921 	 0.06845426651486602
1.9150219978921 	 0.06830222355955995
1.9160219978920998 	 0.068151558828409
1.9170219978920997 	 0.0680023437544668
1.9180219978920996 	 0.06785464947067049
1.9190219978920995 	 0.0677085468110122
1.9200219978920994 	 0.06756410631170559
1.9210219978920993 	 0.06742139821234812
1.9220219978920992 	 0.06728049245707748
1.923021997892099 	 0.06714145869572416
1.924021997892099 	 0.06700436628495866
1.9250219978920988 	 0.06686928428943427
1.9260219978920987 	 0.06673628148292483
1.9270219978920986 	 0.06660542634945808
1.9280219978920985 	 0.06647678708444395
1.9290219978920984 	 0.06635043159579852
1.9300219978920983 	 0.06622642750506312
1.9310219978920982 	 0.0661048421485189
1.932021997892098 	 0.06598574257588748
1.933021997892098 	 0.06586895422062695
1.9340219978920978 	 0.0657534004353857
1.9350219978920977 	 0.06563779792556944
1.9360219978920976 	 0.06552138307961572
1.9370219978920975 	 0.06540531979783398
1.9380219978920974 	 0.06529117215712542
1.9390219978920973 	 0.06517956419483917
1.9400219978920972 	 0.06507023673269877
1.941021997892097 	 0.06496289722837971
1.942021997892097 	 0.0648572543285339
1.9430219978920968 	 0.0647530178642372
1.9440219978920967 	 0.06464989884645504
1.9450219978920966 	 0.0645476094615271
1.9460219978920965 	 0.06444586306666995
1.9470219978920964 	 0.0643443741854986
1.9480219978920963 	 0.06424285850453891
1.9490219978920962 	 0.06414113034038345
1.950021997892096 	 0.06403936939843563
1.951021997892096 	 0.06393783990148706
1.9520219978920959 	 0.06383680499763948
1.9530219978920957 	 0.06373652676440693
1.9540219978920956 	 0.06363726621280101
1.9550219978920955 	 0.06353928329139988
1.9560219978920954 	 0.06344283689039991
1.9570219978920953 	 0.06334818484565174
1.9580219978920952 	 0.06325558394267929
1.959021997892095 	 0.06316528992068252
1.960021997892095 	 0.06307755747652437
1.9610219978920949 	 0.06299264026870072
1.9620219978920947 	 0.06291079092129499
1.9630219978920946 	 0.06283223797877072
1.9640219978920945 	 0.06275673039822198
1.9650219978920944 	 0.06268356664200571
1.9660219978920943 	 0.06261203035164141
1.9670219978920942 	 0.0625414080533281
1.968021997892094 	 0.0624709891470259
1.969021997892094 	 0.062400065895582085
1.9700219978920939 	 0.06232793341636915
1.9710219978920938 	 0.06225413692326711
1.9720219978920936 	 0.062179148426331994
1.9730219978920935 	 0.062103654291759215
1.9740219978920934 	 0.0620283381284012
1.9750219978920933 	 0.06195388079817071
1.9760219978920932 	 0.06188096042640201
1.977021997892093 	 0.061810252412170884
1.978021997892093 	 0.06174242943857244
1.9790219978920929 	 0.061678161482957926
1.9800219978920928 	 0.06161811582713038
1.9810219978920927 	 0.06156295706749913
1.9820219978920925 	 0.06151334712519358
1.9830219978920924 	 0.061469945256136166
1.9840219978920923 	 0.06143340806107527
1.9850219978920922 	 0.061404389495577326
1.986021997892092 	 0.06138354086243832
1.987021997892092 	 0.06136975369944322
1.9880219978920919 	 0.061355579235151836
1.9890219978920918 	 0.061336810029822886
1.9900219978920917 	 0.061313734546584245
1.9910219978920916 	 0.06128681516156884
1.9920219978920914 	 0.06125651242051193
1.9930219978920913 	 0.061223285045582006
1.9940219978920912 	 0.06118758994218418
1.9950219978920911 	 0.06114988220573667
1.996021997892091 	 0.06111061512842011
1.997021997892091 	 0.06107024020589999
1.9980219978920908 	 0.06102920714402249
1.9990219978920907 	 0.06098796386548337
