0.0010219978922 	 0
0.0020219978922 	 0.0
0.0030219978922 	 0.0
0.0040219978922 	 0.0
0.0050219978922 	 0.0
0.0060219978922 	 0.0
0.0070219978922 	 0.0
0.0080219978922 	 0.0
0.009021997892200002 	 0.0
0.010021997892200003 	 0.0
0.011021997892200004 	 0.0
0.012021997892200004 	 0.0
0.013021997892200005 	 0.0
0.014021997892200006 	 0.0
0.015021997892200007 	 0.0
0.016021997892200008 	 0.0
0.01702199789220001 	 0.0
0.01802199789220001 	 0.0
0.01902199789220001 	 0.0
0.02002199789220001 	 0.0
0.021021997892200012 	 0.0
0.022021997892200013 	 0.0
0.023021997892200014 	 0.0
0.024021997892200015 	 0.0
0.025021997892200016 	 0.0
0.026021997892200017 	 0.0
0.027021997892200018 	 0.0
0.02802199789220002 	 0.0
0.02902199789220002 	 0.0
0.03002199789220002 	 0.0
0.03102199789220002 	 0.0
0.03202199789220002 	 0.0
0.03302199789220002 	 0.0
0.03402199789220002 	 0.0
0.03502199789220002 	 0.0
0.03602199789220002 	 0.0
0.03702199789220002 	 0.0
0.038021997892200024 	 0.0
0.039021997892200025 	 0.0
0.040021997892200026 	 0.0
0.04102199789220003 	 0.0
0.04202199789220003 	 0.0
0.04302199789220003 	 0.0
0.04402199789220003 	 0.0
0.04502199789220003 	 0.0
0.04602199789220003 	 0.0
0.04702199789220003 	 0.0
0.04802199789220003 	 0.0
0.049021997892200034 	 0.0
0.050021997892200035 	 0.0
0.051021997892200036 	 0.0
0.052021997892200036 	 0.0
0.05302199789220004 	 0.0
0.05402199789220004 	 0.0
0.05502199789220004 	 0.0
0.05602199789220004 	 0.0
0.05702199789220004 	 0.0
0.05802199789220004 	 0.0
0.05902199789220004 	 0.0
0.060021997892200044 	 0.0
0.061021997892200044 	 0.0
0.062021997892200045 	 0.0
0.06302199789220005 	 0.0
0.06402199789220005 	 0.0
0.06502199789220005 	 0.0
0.06602199789220005 	 0.0
0.06702199789220005 	 0.0
0.06802199789220005 	 0.0
0.06902199789220005 	 0.0
0.07002199789220005 	 0.0
0.07102199789220005 	 0.0
0.07202199789220005 	 0.0
0.07302199789220006 	 0.0
0.07402199789220006 	 0.0
0.07502199789220006 	 0.0
0.07602199789220006 	 0.0
0.07702199789220006 	 0.0
0.07802199789220006 	 0.0
0.07902199789220006 	 0.0
0.08002199789220006 	 0.0
0.08102199789220006 	 0.0
0.08202199789220006 	 0.0
0.08302199789220006 	 0.0
0.08402199789220006 	 0.0
0.08502199789220007 	 0.0
0.08602199789220007 	 0.0
0.08702199789220007 	 0.0
0.08802199789220007 	 0.0
0.08902199789220007 	 0.0
0.09002199789220007 	 0.0
0.09102199789220007 	 0.0
0.09202199789220007 	 0.0
0.09302199789220007 	 0.0
0.09402199789220007 	 0.0
0.09502199789220007 	 0.0
0.09602199789220008 	 0.0
0.09702199789220008 	 0.0
0.09802199789220008 	 0.0
0.09902199789220008 	 0.0
0.10002199789220008 	 0.0
0.10102199789220008 	 0.0
0.10202199789220008 	 0.0
0.10302199789220008 	 0.0
0.10402199789220008 	 0.0
0.10502199789220008 	 0.0
0.10602199789220008 	 0.0
0.10702199789220009 	 0.0
0.10802199789220009 	 0.0
0.10902199789220009 	 0.0
0.11002199789220009 	 0.0
0.11102199789220009 	 0.0
0.11202199789220009 	 0.0
0.11302199789220009 	 0.0
0.11402199789220009 	 0.0
0.11502199789220009 	 0.0
0.1160219978922001 	 0.0
0.1170219978922001 	 0.0
0.1180219978922001 	 0.0
0.1190219978922001 	 0.0
0.1200219978922001 	 0.0
0.1210219978922001 	 0.0
0.1220219978922001 	 0.0
0.1230219978922001 	 0.0
0.1240219978922001 	 0.0
0.1250219978922001 	 0.0
0.1260219978922001 	 0.0
0.1270219978922001 	 0.0
0.1280219978922001 	 0.0
0.1290219978922001 	 0.0
0.1300219978922001 	 0.0
0.1310219978922001 	 0.0
0.1320219978922001 	 0.0
0.1330219978922001 	 0.0
0.1340219978922001 	 0.0
0.1350219978922001 	 0.0
0.1360219978922001 	 0.0
0.1370219978922001 	 0.0
0.1380219978922001 	 0.0
0.1390219978922001 	 0.0
0.1400219978922001 	 0.0
0.1410219978922001 	 0.0
0.1420219978922001 	 0.0
0.1430219978922001 	 0.0
0.1440219978922001 	 0.0
0.1450219978922001 	 0.0
0.1460219978922001 	 0.0
0.1470219978922001 	 0.0
0.1480219978922001 	 0.0
0.1490219978922001 	 0.0
0.1500219978922001 	 0.0
0.1510219978922001 	 0.0
0.1520219978922001 	 0.0
0.1530219978922001 	 0.0
0.1540219978922001 	 0.0
0.15502199789220011 	 0.0
0.15602199789220011 	 0.0
0.15702199789220012 	 0.0
0.15802199789220012 	 0.0
0.15902199789220012 	 0.0
0.16002199789220012 	 0.0
0.16102199789220012 	 0.0
0.16202199789220012 	 0.0
0.16302199789220012 	 0.0
0.16402199789220012 	 0.0
0.16502199789220012 	 0.0
0.16602199789220012 	 0.0
0.16702199789220012 	 0.0
0.16802199789220013 	 0.0
0.16902199789220013 	 0.0
0.17002199789220013 	 0.0
0.17102199789220013 	 0.0
0.17202199789220013 	 0.0
0.17302199789220013 	 0.0
0.17402199789220013 	 0.0
0.17502199789220013 	 0.0
0.17602199789220013 	 0.0
0.17702199789220013 	 0.0
0.17802199789220013 	 0.0
0.17902199789220014 	 0.0
0.18002199789220014 	 0.0
0.18102199789220014 	 0.0
0.18202199789220014 	 0.0
0.18302199789220014 	 0.0
0.18402199789220014 	 0.0
0.18502199789220014 	 0.0
0.18602199789220014 	 0.0
0.18702199789220014 	 0.0
0.18802199789220014 	 0.0
0.18902199789220014 	 0.0
0.19002199789220015 	 0.0
0.19102199789220015 	 0.0
0.19202199789220015 	 0.0
0.19302199789220015 	 0.0
0.19402199789220015 	 0.0
0.19502199789220015 	 0.0
0.19602199789220015 	 0.0
0.19702199789220015 	 0.0
0.19802199789220015 	 0.0
0.19902199789220015 	 0.0
0.20002199789220015 	 0.0
0.20102199789220015 	 0.0
0.20202199789220016 	 0.0
0.20302199789220016 	 0.0
0.20402199789220016 	 0.0
0.20502199789220016 	 0.0
0.20602199789220016 	 0.0
0.20702199789220016 	 0.0
0.20802199789220016 	 0.0
0.20902199789220016 	 0.0
0.21002199789220016 	 0.0
0.21102199789220016 	 0.0
0.21202199789220016 	 0.0
0.21302199789220017 	 0.0
0.21402199789220017 	 0.0
0.21502199789220017 	 0.0
0.21602199789220017 	 0.0
0.21702199789220017 	 0.0
0.21802199789220017 	 0.0
0.21902199789220017 	 0.0
0.22002199789220017 	 0.0
0.22102199789220017 	 0.0
0.22202199789220017 	 0.0
0.22302199789220017 	 0.0
0.22402199789220018 	 0.0
0.22502199789220018 	 0.0
0.22602199789220018 	 0.0
0.22702199789220018 	 0.0
0.22802199789220018 	 0.0
0.22902199789220018 	 0.0
0.23002199789220018 	 0.0
0.23102199789220018 	 0.0
0.23202199789220018 	 0.0
0.23302199789220018 	 0.0
0.23402199789220018 	 0.0
0.23502199789220019 	 0.0
0.23602199789220019 	 0.0
0.2370219978922002 	 0.0
0.2380219978922002 	 0.0
0.2390219978922002 	 0.0
0.2400219978922002 	 0.0
0.2410219978922002 	 0.0
0.2420219978922002 	 0.0
0.2430219978922002 	 0.0
0.2440219978922002 	 0.0
0.2450219978922002 	 0.0
0.2460219978922002 	 0.0
0.2470219978922002 	 0.0
0.2480219978922002 	 0.0
0.2490219978922002 	 0.0
0.2500219978922002 	 0.0
0.2510219978922002 	 0.0
0.2520219978922002 	 0.0
0.2530219978922002 	 0.0
0.2540219978922002 	 0.0
0.2550219978922002 	 0.0
0.2560219978922002 	 0.0
0.2570219978922002 	 0.0
0.2580219978922002 	 0.0
0.2590219978922002 	 0.0
0.2600219978922002 	 0.0
0.2610219978922002 	 0.0
0.2620219978922002 	 0.0
0.2630219978922002 	 0.0
0.2640219978922002 	 0.0
0.2650219978922002 	 0.0
0.2660219978922002 	 0.0
0.2670219978922002 	 0.0
0.2680219978922002 	 0.0
0.2690219978922002 	 0.0
0.2700219978922002 	 0.0
0.2710219978922002 	 0.0
0.2720219978922002 	 0.0
0.2730219978922002 	 0.0
0.2740219978922002 	 0.0
0.2750219978922002 	 0.0
0.2760219978922002 	 0.0
0.2770219978922002 	 0.0
0.2780219978922002 	 0.0
0.2790219978922002 	 0.0
0.2800219978922002 	 0.0
0.2810219978922002 	 0.0
0.2820219978922002 	 0.0
0.2830219978922002 	 0.0
0.28402199789220023 	 0.0
0.28502199789220023 	 0.0
0.28602199789220023 	 0.0
0.28702199789220023 	 0.0
0.28802199789220023 	 0.0
0.28902199789220023 	 0.0
0.29002199789220023 	 0.0
0.29102199789220023 	 0.0
0.29202199789220024 	 0.0
0.29302199789220024 	 0.0
0.29402199789220024 	 0.0
0.29502199789220024 	 0.0
0.29602199789220024 	 0.0
0.29702199789220024 	 0.0
0.29802199789220024 	 0.0
0.29902199789220024 	 0.0
0.30002199789220024 	 0.0
0.30102199789220024 	 0.0
0.30202199789220024 	 0.0
0.30302199789220025 	 0.0
0.30402199789220025 	 0.0
0.30502199789220025 	 0.0
0.30602199789220025 	 0.0
0.30702199789220025 	 0.0
0.30802199789220025 	 0.0
0.30902199789220025 	 0.0
0.31002199789220025 	 0.0
0.31102199789220025 	 0.0
0.31202199789220025 	 0.0
0.31302199789220025 	 0.0
0.31402199789220026 	 0.0
0.31502199789220026 	 0.0
0.31602199789220026 	 0.0
0.31702199789220026 	 0.0
0.31802199789220026 	 0.0
0.31902199789220026 	 0.0
0.32002199789220026 	 0.0
0.32102199789220026 	 0.0
0.32202199789220026 	 0.0
0.32302199789220026 	 0.0
0.32402199789220026 	 0.0
0.32502199789220027 	 0.0
0.32602199789220027 	 0.0
0.32702199789220027 	 0.0
0.32802199789220027 	 0.0
0.32902199789220027 	 0.0
0.33002199789220027 	 0.0
0.33102199789220027 	 0.0
0.33202199789220027 	 0.0
0.33302199789220027 	 0.0
0.3340219978922003 	 0.0
0.3350219978922003 	 0.0
0.3360219978922003 	 0.0
0.3370219978922003 	 0.0
0.3380219978922003 	 0.0
0.3390219978922003 	 0.0
0.3400219978922003 	 0.0
0.3410219978922003 	 0.0
0.3420219978922003 	 0.0
0.3430219978922003 	 0.0
0.3440219978922003 	 0.0
0.3450219978922003 	 0.0
0.3460219978922003 	 0.0
0.3470219978922003 	 0.0
0.3480219978922003 	 0.0
0.3490219978922003 	 0.0
0.3500219978922003 	 0.0
0.3510219978922003 	 0.0
0.3520219978922003 	 0.0
0.3530219978922003 	 0.0
0.3540219978922003 	 0.0
0.3550219978922003 	 0.0
0.3560219978922003 	 0.0
0.3570219978922003 	 0.0
0.3580219978922003 	 0.0
0.3590219978922003 	 0.0
0.3600219978922003 	 0.0
0.3610219978922003 	 0.0
0.3620219978922003 	 0.0
0.3630219978922003 	 0.0
0.3640219978922003 	 0.0
0.3650219978922003 	 0.0
0.3660219978922003 	 0.0
0.3670219978922003 	 0.0
0.3680219978922003 	 0.0
0.3690219978922003 	 0.0
0.3700219978922003 	 0.0
0.3710219978922003 	 0.0
0.3720219978922003 	 0.0
0.3730219978922003 	 0.0
0.3740219978922003 	 0.0
0.3750219978922003 	 0.0
0.3760219978922003 	 0.0
0.3770219978922003 	 0.0
0.3780219978922003 	 0.0
0.3790219978922003 	 0.0
0.3800219978922003 	 0.0
0.3810219978922003 	 0.0
0.3820219978922003 	 0.0
0.3830219978922003 	 0.0
0.3840219978922003 	 0.0
0.3850219978922003 	 0.0
0.3860219978922003 	 0.0
0.3870219978922003 	 0.0
0.3880219978922003 	 0.0
0.3890219978922003 	 0.0
0.3900219978922003 	 0.0
0.3910219978922003 	 0.0
0.3920219978922003 	 0.0
0.3930219978922003 	 0.0
0.3940219978922003 	 0.0
0.3950219978922003 	 0.0
0.39602199789220033 	 0.0
0.39702199789220033 	 0.0
0.39802199789220033 	 0.0
0.39902199789220033 	 0.0
0.40002199789220033 	 0.0
0.40102199789220033 	 0.0
0.40202199789220033 	 0.0
0.40302199789220033 	 0.0
0.40402199789220034 	 0.0
0.40502199789220034 	 0.0
0.40602199789220034 	 0.0
0.40702199789220034 	 0.0
0.40802199789220034 	 0.0
0.40902199789220034 	 0.0
0.41002199789220034 	 0.0
0.41102199789220034 	 0.0
0.41202199789220034 	 0.0
0.41302199789220034 	 0.0
0.41402199789220034 	 0.0
0.41502199789220034 	 0.0
0.41602199789220035 	 0.0
0.41702199789220035 	 0.0
0.41802199789220035 	 0.0
0.41902199789220035 	 0.0
0.42002199789220035 	 0.0
0.42102199789220035 	 0.0
0.42202199789220035 	 0.0
0.42302199789220035 	 0.0
0.42402199789220035 	 0.0
0.42502199789220035 	 0.0
0.42602199789220035 	 0.0
0.42702199789220036 	 0.0
0.42802199789220036 	 0.0
0.42902199789220036 	 0.0
0.43002199789220036 	 0.0
0.43102199789220036 	 0.0
0.43202199789220036 	 0.0
0.43302199789220036 	 0.0
0.43402199789220036 	 0.0
0.43502199789220036 	 0.0
0.43602199789220036 	 0.0
0.43702199789220036 	 0.0
0.43802199789220037 	 0.0
0.43902199789220037 	 0.0
0.44002199789220037 	 0.0
0.44102199789220037 	 0.0
0.44202199789220037 	 0.0
0.44302199789220037 	 0.0
0.44402199789220037 	 0.0
0.44502199789220037 	 0.0
0.4460219978922004 	 0.0
0.4470219978922004 	 0.0
0.4480219978922004 	 0.0
0.4490219978922004 	 0.0
0.4500219978922004 	 0.0
0.4510219978922004 	 0.0
0.4520219978922004 	 0.0
0.4530219978922004 	 0.0
0.4540219978922004 	 0.0
0.4550219978922004 	 0.0
0.4560219978922004 	 0.0
0.4570219978922004 	 0.0
0.4580219978922004 	 0.0
0.4590219978922004 	 0.0
0.4600219978922004 	 0.0
0.4610219978922004 	 0.0
0.4620219978922004 	 0.0
0.4630219978922004 	 0.0
0.4640219978922004 	 0.0
0.4650219978922004 	 0.0
0.4660219978922004 	 0.0
0.4670219978922004 	 0.0
0.4680219978922004 	 0.0
0.4690219978922004 	 0.0
0.4700219978922004 	 0.0
0.4710219978922004 	 0.0
0.4720219978922004 	 0.0
0.4730219978922004 	 0.0
0.4740219978922004 	 0.0
0.4750219978922004 	 0.0
0.4760219978922004 	 0.0
0.4770219978922004 	 0.0
0.4780219978922004 	 0.0
0.4790219978922004 	 0.0
0.4800219978922004 	 0.0
0.4810219978922004 	 0.0
0.4820219978922004 	 0.0
0.4830219978922004 	 0.0
0.4840219978922004 	 0.0
0.4850219978922004 	 0.0
0.4860219978922004 	 0.0
0.4870219978922004 	 0.0
0.4880219978922004 	 0.0
0.4890219978922004 	 0.0
0.4900219978922004 	 0.0
0.4910219978922004 	 0.0
0.4920219978922004 	 0.0
0.4930219978922004 	 0.0
0.4940219978922004 	 0.0
0.4950219978922004 	 0.0
0.4960219978922004 	 0.0
0.4970219978922004 	 0.0
0.4980219978922004 	 0.0
0.4990219978922004 	 0.0
0.5000219978922004 	 0.0
0.5010219978922004 	 0.0
0.5020219978922004 	 0.0
0.5030219978922004 	 0.0
0.5040219978922004 	 0.0
0.5050219978922004 	 0.0
0.5060219978922004 	 0.0
0.5070219978922004 	 0.0
0.5080219978922004 	 0.0
0.5090219978922004 	 0.0
0.5100219978922004 	 0.0
0.5110219978922004 	 0.0
0.5120219978922004 	 0.0
0.5130219978922004 	 0.0
0.5140219978922004 	 0.0
0.5150219978922004 	 0.0
0.5160219978922004 	 0.0
0.5170219978922004 	 0.0
0.5180219978922004 	 0.0
0.5190219978922004 	 0.0
0.5200219978922004 	 0.0
0.5210219978922004 	 0.0
0.5220219978922004 	 0.0
0.5230219978922004 	 0.0
0.5240219978922004 	 0.0
0.5250219978922004 	 0.0
0.5260219978922004 	 0.0
0.5270219978922004 	 0.0
0.5280219978922004 	 0.0
0.5290219978922004 	 0.0
0.5300219978922004 	 0.0
0.5310219978922004 	 0.0
0.5320219978922004 	 0.0
0.5330219978922004 	 0.0
0.5340219978922004 	 0.0
0.5350219978922004 	 0.0
0.5360219978922004 	 0.0
0.5370219978922004 	 0.0
0.5380219978922004 	 0.0
0.5390219978922004 	 0.0
0.5400219978922004 	 0.0
0.5410219978922004 	 0.0
0.5420219978922004 	 0.0
0.5430219978922004 	 0.0
0.5440219978922004 	 0.0
0.5450219978922004 	 0.0
0.5460219978922004 	 0.0
0.5470219978922004 	 0.0
0.5480219978922004 	 0.0
0.5490219978922004 	 0.0
0.5500219978922004 	 0.0
0.5510219978922004 	 0.0
0.5520219978922004 	 0.0
0.5530219978922004 	 0.0
0.5540219978922004 	 0.0
0.5550219978922004 	 0.0
0.5560219978922004 	 0.0
0.5570219978922004 	 0.0
0.5580219978922004 	 0.0
0.5590219978922004 	 0.0
0.5600219978922004 	 0.0
0.5610219978922004 	 0.0
0.5620219978922004 	 0.0
0.5630219978922004 	 0.0
0.5640219978922004 	 0.0
0.5650219978922004 	 0.0
0.5660219978922004 	 0.0
0.5670219978922004 	 0.0
0.5680219978922004 	 0.0
0.5690219978922004 	 0.0
0.5700219978922004 	 0.0
0.5710219978922004 	 0.0
0.5720219978922004 	 0.0
0.5730219978922004 	 0.0
0.5740219978922004 	 0.0
0.5750219978922004 	 0.0
0.5760219978922004 	 0.0
0.5770219978922004 	 0.0
0.5780219978922004 	 0.0
0.5790219978922004 	 0.0
0.5800219978922004 	 0.0
0.5810219978922004 	 0.0
0.5820219978922004 	 0.0
0.5830219978922004 	 0.0
0.5840219978922004 	 0.0
0.5850219978922004 	 0.0
0.5860219978922004 	 0.0
0.5870219978922004 	 0.0
0.5880219978922004 	 0.0
0.5890219978922004 	 0.0
0.5900219978922004 	 0.0
0.5910219978922004 	 0.0
0.5920219978922004 	 0.0
0.5930219978922004 	 0.0
0.5940219978922004 	 0.0
0.5950219978922004 	 0.0
0.5960219978922005 	 0.0
0.5970219978922005 	 0.0
0.5980219978922005 	 0.0
0.5990219978922005 	 0.0
0.6000219978922005 	 0.0
0.6010219978922005 	 0.0
0.6020219978922005 	 0.0
0.6030219978922005 	 0.0
0.6040219978922005 	 0.0
0.6050219978922005 	 0.0
0.6060219978922005 	 0.0
0.6070219978922005 	 0.0
0.6080219978922005 	 0.0
0.6090219978922005 	 0.0
0.6100219978922005 	 0.0
0.6110219978922005 	 0.0
0.6120219978922005 	 0.0
0.6130219978922005 	 0.0
0.6140219978922005 	 0.0
0.6150219978922005 	 0.0
0.6160219978922005 	 0.0
0.6170219978922005 	 0.0
0.6180219978922005 	 0.0
0.6190219978922005 	 0.0
0.6200219978922005 	 0.0
0.6210219978922005 	 0.0
0.6220219978922005 	 0.0
0.6230219978922005 	 0.0
0.6240219978922005 	 0.0
0.6250219978922005 	 0.0
0.6260219978922005 	 0.0
0.6270219978922005 	 0.0
0.6280219978922005 	 0.0
0.6290219978922005 	 0.0
0.6300219978922005 	 0.0
0.6310219978922005 	 0.0
0.6320219978922005 	 0.0
0.6330219978922005 	 0.0
0.6340219978922005 	 0.0
0.6350219978922005 	 0.0
0.6360219978922005 	 0.0
0.6370219978922005 	 0.0
0.6380219978922005 	 0.0
0.6390219978922005 	 0.0
0.6400219978922005 	 0.0
0.6410219978922005 	 0.0
0.6420219978922005 	 0.0
0.6430219978922005 	 0.0
0.6440219978922005 	 0.0
0.6450219978922005 	 0.0
0.6460219978922005 	 0.0
0.6470219978922005 	 0.0
0.6480219978922005 	 0.0
0.6490219978922005 	 0.0
0.6500219978922005 	 0.0
0.6510219978922005 	 0.0
0.6520219978922005 	 0.0
0.6530219978922005 	 0.0
0.6540219978922005 	 0.0
0.6550219978922005 	 0.0
0.6560219978922005 	 0.0
0.6570219978922005 	 0.0
0.6580219978922005 	 0.0
0.6590219978922005 	 0.0
0.6600219978922005 	 0.0
0.6610219978922005 	 0.0
0.6620219978922005 	 0.0
0.6630219978922005 	 0.0
0.6640219978922005 	 0.0
0.6650219978922005 	 0.0
0.6660219978922005 	 0.0
0.6670219978922005 	 0.0
0.6680219978922005 	 0.0
0.6690219978922005 	 0.0
0.6700219978922005 	 0.0
0.6710219978922005 	 0.0
0.6720219978922005 	 0.0
0.6730219978922005 	 0.0
0.6740219978922005 	 0.0
0.6750219978922005 	 0.0
0.6760219978922005 	 0.0
0.6770219978922005 	 0.0
0.6780219978922005 	 0.0
0.6790219978922005 	 0.0
0.6800219978922005 	 0.0
0.6810219978922005 	 0.0
0.6820219978922005 	 0.0
0.6830219978922005 	 0.0
0.6840219978922005 	 0.0
0.6850219978922005 	 0.0
0.6860219978922005 	 0.0
0.6870219978922005 	 0.0
0.6880219978922005 	 0.0
0.6890219978922005 	 0.0
0.6900219978922005 	 0.0
0.6910219978922005 	 0.0
0.6920219978922005 	 0.0
0.6930219978922005 	 0.0
0.6940219978922005 	 0.0
0.6950219978922005 	 0.0
0.6960219978922005 	 0.0
0.6970219978922005 	 0.0
0.6980219978922005 	 0.0
0.6990219978922005 	 0.0
0.7000219978922005 	 0.0
0.7010219978922005 	 0.0
0.7020219978922005 	 0.0
0.7030219978922005 	 0.0
0.7040219978922005 	 0.0
0.7050219978922005 	 0.0
0.7060219978922005 	 0.0
0.7070219978922005 	 0.0
0.7080219978922005 	 0.0
0.7090219978922006 	 0.0
0.7100219978922006 	 0.0
0.7110219978922006 	 0.0
0.7120219978922006 	 0.0
0.7130219978922006 	 0.0
0.7140219978922006 	 0.0
0.7150219978922006 	 0.0
0.7160219978922006 	 0.0
0.7170219978922006 	 0.0
0.7180219978922006 	 0.0
0.7190219978922006 	 0.0
0.7200219978922006 	 0.0
0.7210219978922006 	 0.0
0.7220219978922006 	 0.0
0.7230219978922006 	 0.0
0.7240219978922006 	 0.0
0.7250219978922006 	 0.0
0.7260219978922006 	 0.0
0.7270219978922006 	 0.0
0.7280219978922006 	 0.0
0.7290219978922006 	 0.0
0.7300219978922006 	 0.0
0.7310219978922006 	 0.0
0.7320219978922006 	 0.0
0.7330219978922006 	 0.0
0.7340219978922006 	 0.0
0.7350219978922006 	 0.0
0.7360219978922006 	 0.0
0.7370219978922006 	 0.0
0.7380219978922006 	 0.0
0.7390219978922006 	 0.0
0.7400219978922006 	 0.0
0.7410219978922006 	 0.0
0.7420219978922006 	 0.0
0.7430219978922006 	 0.0
0.7440219978922006 	 0.0
0.7450219978922006 	 0.0
0.7460219978922006 	 0.0
0.7470219978922006 	 0.0
0.7480219978922006 	 0.0
0.7490219978922006 	 0.0
0.7500219978922006 	 0.0
0.7510219978922006 	 0.0
0.7520219978922006 	 0.0
0.7530219978922006 	 0.0
0.7540219978922006 	 0.0
0.7550219978922006 	 0.0
0.7560219978922006 	 0.0
0.7570219978922006 	 0.0
0.7580219978922006 	 0.0
0.7590219978922006 	 0.0
0.7600219978922006 	 0.0
0.7610219978922006 	 0.0
0.7620219978922006 	 0.0
0.7630219978922006 	 0.0
0.7640219978922006 	 0.0
0.7650219978922006 	 0.0
0.7660219978922006 	 0.0
0.7670219978922006 	 0.0
0.7680219978922006 	 0.0
0.7690219978922006 	 0.0
0.7700219978922006 	 0.0
0.7710219978922006 	 0.0
0.7720219978922006 	 0.0
0.7730219978922006 	 0.0
0.7740219978922006 	 0.0
0.7750219978922006 	 0.0
0.7760219978922006 	 0.0
0.7770219978922006 	 0.0
0.7780219978922006 	 0.0
0.7790219978922006 	 0.0
0.7800219978922006 	 0.0
0.7810219978922006 	 0.0
0.7820219978922006 	 0.0
0.7830219978922006 	 0.0
0.7840219978922006 	 0.0
0.7850219978922006 	 0.0
0.7860219978922006 	 0.0
0.7870219978922006 	 0.0
0.7880219978922006 	 0.0
0.7890219978922006 	 0.0
0.7900219978922006 	 0.0
0.7910219978922006 	 0.0
0.7920219978922006 	 0.0
0.7930219978922006 	 0.0
0.7940219978922006 	 0.0
0.7950219978922006 	 0.0
0.7960219978922006 	 0.0
0.7970219978922006 	 0.0
0.7980219978922006 	 0.0
0.7990219978922006 	 0.0
0.8000219978922006 	 0.0
0.8010219978922006 	 0.0
0.8020219978922006 	 0.0
0.8030219978922006 	 0.0
0.8040219978922006 	 0.0
0.8050219978922006 	 0.0
0.8060219978922006 	 0.0
0.8070219978922006 	 0.0
0.8080219978922006 	 0.0
0.8090219978922006 	 0.0
0.8100219978922006 	 0.0
0.8110219978922006 	 0.0
0.8120219978922006 	 0.0
0.8130219978922006 	 0.0
0.8140219978922006 	 0.0
0.8150219978922006 	 0.0
0.8160219978922006 	 0.0
0.8170219978922006 	 0.0
0.8180219978922006 	 0.0
0.8190219978922006 	 0.0
0.8200219978922006 	 0.0
0.8210219978922007 	 0.0
0.8220219978922007 	 0.0
0.8230219978922007 	 0.0
0.8240219978922007 	 0.0
0.8250219978922007 	 0.0
0.8260219978922007 	 0.0
0.8270219978922007 	 0.0
0.8280219978922007 	 0.0
0.8290219978922007 	 0.0
0.8300219978922007 	 0.0
0.8310219978922007 	 0.0
0.8320219978922007 	 0.0
0.8330219978922007 	 0.0
0.8340219978922007 	 0.0
0.8350219978922007 	 0.0
0.8360219978922007 	 0.0
0.8370219978922007 	 0.0
0.8380219978922007 	 0.0
0.8390219978922007 	 0.0
0.8400219978922007 	 0.0
0.8410219978922007 	 0.0
0.8420219978922007 	 0.0
0.8430219978922007 	 0.0
0.8440219978922007 	 0.0
0.8450219978922007 	 0.0
0.8460219978922007 	 0.0
0.8470219978922007 	 0.0
0.8480219978922007 	 0.0
0.8490219978922007 	 0.0
0.8500219978922007 	 0.0
0.8510219978922007 	 0.0
0.8520219978922007 	 0.0
0.8530219978922007 	 0.0
0.8540219978922007 	 0.0
0.8550219978922007 	 0.0
0.8560219978922007 	 0.0
0.8570219978922007 	 0.0
0.8580219978922007 	 0.0
0.8590219978922007 	 0.0
0.8600219978922007 	 0.0
0.8610219978922007 	 0.0
0.8620219978922007 	 0.0
0.8630219978922007 	 0.0
0.8640219978922007 	 0.0
0.8650219978922007 	 0.0
0.8660219978922007 	 0.0
0.8670219978922007 	 0.0
0.8680219978922007 	 0.0
0.8690219978922007 	 0.0
0.8700219978922007 	 0.0
0.8710219978922007 	 0.0
0.8720219978922007 	 0.0
0.8730219978922007 	 0.0
0.8740219978922007 	 0.0
0.8750219978922007 	 0.0
0.8760219978922007 	 0.0
0.8770219978922007 	 0.0
0.8780219978922007 	 0.0
0.8790219978922007 	 0.0
0.8800219978922007 	 0.0
0.8810219978922007 	 0.0
0.8820219978922007 	 0.0
0.8830219978922007 	 0.0
0.8840219978922007 	 0.0
0.8850219978922007 	 0.0
0.8860219978922007 	 0.0
0.8870219978922007 	 0.0
0.8880219978922007 	 0.0
0.8890219978922007 	 0.0
0.8900219978922007 	 0.0
0.8910219978922007 	 0.0
0.8920219978922007 	 0.0
0.8930219978922007 	 0.0
0.8940219978922007 	 0.0
0.8950219978922007 	 0.0
0.8960219978922007 	 0.0
0.8970219978922007 	 0.0
0.8980219978922007 	 0.0
0.8990219978922007 	 0.0
0.9000219978922007 	 0.0
0.9010219978922007 	 0.0
0.9020219978922007 	 0.0
0.9030219978922007 	 0.0
0.9040219978922007 	 0.0
0.9050219978922007 	 0.0
0.9060219978922007 	 0.0
0.9070219978922007 	 0.0
0.9080219978922007 	 0.0
0.9090219978922007 	 0.0
0.9100219978922007 	 0.0
0.9110219978922007 	 0.0
0.9120219978922007 	 0.0
0.9130219978922007 	 0.0
0.9140219978922007 	 0.0
0.9150219978922007 	 0.0
0.9160219978922007 	 0.0
0.9170219978922007 	 0.0
0.9180219978922007 	 0.0
0.9190219978922007 	 0.0
0.9200219978922007 	 0.0
0.9210219978922007 	 0.0
0.9220219978922007 	 0.0
0.9230219978922007 	 0.0
0.9240219978922007 	 0.0
0.9250219978922007 	 0.0
0.9260219978922007 	 0.0
0.9270219978922007 	 0.0
0.9280219978922007 	 0.0
0.9290219978922007 	 0.0
0.9300219978922007 	 0.0
0.9310219978922007 	 0.0
0.9320219978922007 	 0.0
0.9330219978922007 	 0.0
0.9340219978922008 	 0.0
0.9350219978922008 	 0.0
0.9360219978922008 	 0.0
0.9370219978922008 	 0.0
0.9380219978922008 	 0.0
0.9390219978922008 	 0.0
0.9400219978922008 	 0.0
0.9410219978922008 	 0.0
0.9420219978922008 	 0.0
0.9430219978922008 	 0.0
0.9440219978922008 	 0.0
0.9450219978922008 	 0.0
0.9460219978922008 	 0.0
0.9470219978922008 	 0.0
0.9480219978922008 	 0.0
0.9490219978922008 	 0.0
0.9500219978922008 	 0.0
0.9510219978922008 	 0.0
0.9520219978922008 	 0.0
0.9530219978922008 	 0.0
0.9540219978922008 	 0.0
0.9550219978922008 	 0.0
0.9560219978922008 	 0.0
0.9570219978922008 	 0.0
0.9580219978922008 	 0.0
0.9590219978922008 	 0.0
0.9600219978922008 	 0.0
0.9610219978922008 	 0.0
0.9620219978922008 	 0.0
0.9630219978922008 	 0.0
0.9640219978922008 	 0.0
0.9650219978922008 	 0.0
0.9660219978922008 	 0.0
0.9670219978922008 	 0.0
0.9680219978922008 	 0.0
0.9690219978922008 	 0.0
0.9700219978922008 	 0.0
0.9710219978922008 	 0.0
0.9720219978922008 	 0.0
0.9730219978922008 	 0.0
0.9740219978922008 	 0.0
0.9750219978922008 	 0.0
0.9760219978922008 	 0.0
0.9770219978922008 	 0.0
0.9780219978922008 	 0.0
0.9790219978922008 	 0.0
0.9800219978922008 	 0.0
0.9810219978922008 	 0.0
0.9820219978922008 	 0.0
0.9830219978922008 	 0.0
0.9840219978922008 	 0.0
0.9850219978922008 	 0.0
0.9860219978922008 	 0.0
0.9870219978922008 	 0.0
0.9880219978922008 	 0.0
0.9890219978922008 	 0.0
0.9900219978922008 	 0.0
0.9910219978922008 	 0.0
0.9920219978922008 	 0.0
0.9930219978922008 	 0.0
0.9940219978922008 	 0.0
0.9950219978922008 	 0.0
0.9960219978922008 	 0.00032825083168766246
0.9970219978922008 	 0.0011929155908131119
0.9980219978922008 	 0.0024985854541096065
0.9990219978922008 	 0.004276528034527207
1.0000219978922007 	 0.006591791062367243
1.0010219978922006 	 0.009535301703112174
1.0020219978922005 	 0.013224554435018566
1.0030219978922004 	 0.01780704582731592
1.0040219978922003 	 0.023465250464755723
1.0050219978922001 	 0.030422563686960946
1.0060219978922 	 0.0389479155535017
1.0070219978922 	 0.0493592342631471
1.0080219978921998 	 0.06202170826837278
1.0090219978921997 	 0.07733537355045751
1.0100219978921996 	 0.09570404831127212
1.0110219978921995 	 0.11747626338335689
1.0120219978921994 	 0.1428392361904681
1.0130219978921993 	 0.17166262601048976
1.0140219978921992 	 0.20330870146227845
1.015021997892199 	 0.2364503597083147
1.016021997892199 	 0.26897881801816076
1.0170219978921988 	 0.2979444016804925
1.0180219978921987 	 0.3192677957528553
1.0190219978921986 	 0.32809377766246295
1.0200219978921985 	 0.32620383148439375
1.0210219978921984 	 0.3204750433171747
1.0220219978921983 	 0.31113428171754226
1.0230219978921982 	 0.297977954451189
1.024021997892198 	 0.2820655568215051
1.025021997892198 	 0.26475961777107837
1.0260219978921978 	 0.2471557083194584
1.0270219978921977 	 0.2300061979392243
1.0280219978921976 	 0.21376358027980807
1.0290219978921975 	 0.1986586297531271
1.0300219978921974 	 0.18477751164423553
1.0310219978921973 	 0.1721101341235397
1.0320219978921972 	 0.16059522734999146
1.033021997892197 	 0.15015083085077463
1.034021997892197 	 0.14068431452794453
1.0350219978921968 	 0.13210093383167062
1.0360219978921967 	 0.12430988381894839
1.0370219978921966 	 0.11722726363931812
1.0380219978921965 	 0.11077684077141711
1.0390219978921964 	 0.10489021139070416
1.0400219978921963 	 0.09950650572088017
1.0410219978921962 	 0.0945717295580935
1.042021997892196 	 0.09003775563508742
1.043021997892196 	 0.08586209761628238
1.0440219978921959 	 0.08200737006715318
1.0450219978921957 	 0.07844066665131035
1.0460219978921956 	 0.07513299875942969
1.0470219978921955 	 0.07205886649109774
1.0480219978921954 	 0.0691959936385949
1.0490219978921953 	 0.06652471786839446
1.0500219978921952 	 0.06402759860579793
1.051021997892195 	 0.06168911636491362
1.052021997892195 	 0.059495383618082445
1.0530219978921949 	 0.05743399079033292
1.0540219978921948 	 0.05549383863893295
1.0550219978921946 	 0.053664978835808896
1.0560219978921945 	 0.05193847588279572
1.0570219978921944 	 0.05030628705963366
1.0580219978921943 	 0.04876115766338391
1.0590219978921942 	 0.04729653146175131
1.060021997892194 	 0.045906472085014284
1.061021997892194 	 0.04458559188557803
1.0620219978921939 	 0.04332898564520814
1.0630219978921938 	 0.042132182506301005
1.0640219978921936 	 0.04099111399117951
1.0650219978921935 	 0.03990206813321868
1.0660219978921934 	 0.038861640273677354
1.0670219978921933 	 0.037866682485694775
1.0680219978921932 	 0.03691429884217709
1.069021997892193 	 0.03600182696018503
1.070021997892193 	 0.03512681557366853
1.0710219978921929 	 0.034287015368193174
1.0720219978921928 	 0.03348038887709204
1.0730219978921927 	 0.032705060580366326
1.0740219978921925 	 0.0319592932326347
1.0750219978921924 	 0.031241475552203985
1.0760219978921923 	 0.030550111175765775
1.0770219978921922 	 0.029883808733330835
1.078021997892192 	 0.02924127291402029
1.079021997892192 	 0.028621296413732372
1.0800219978921919 	 0.028022752664747706
1.0810219978921918 	 0.0274445756717639
1.0820219978921917 	 0.026885718946528452
1.0830219978921916 	 0.026345192547753495
1.0840219978921914 	 0.02582207014697467
1.0850219978921913 	 0.025315484148000868
1.0860219978921912 	 0.024824621245898064
1.0870219978921911 	 0.024348744905582743
1.088021997892191 	 0.023887258942205777
1.089021997892191 	 0.02343959291383108
1.0900219978921908 	 0.023005180197463233
1.0910219978921907 	 0.022583477059659893
1.0920219978921906 	 0.022173941307523995
1.0930219978921905 	 0.021776054459308625
1.0940219978921903 	 0.02138932675696261
1.0950219978921902 	 0.02101329522896006
1.0960219978921901 	 0.0206475219093083
1.09702199789219 	 0.020291592193721255
1.09802199789219 	 0.01994511332236387
1.0990219978921898 	 0.019607712920515837
1.1000219978921897 	 0.01927903659822055
1.1010219978921896 	 0.018958751171843074
1.1020219978921895 	 0.01864655564257499
1.1030219978921894 	 0.018342168376187032
1.1040219978921892 	 0.018045322128693475
1.1050219978921891 	 0.017755762165721327
1.106021997892189 	 0.017473245475709085
1.107021997892189 	 0.01719753090502171
1.1080219978921888 	 0.01692835452683683
1.1090219978921887 	 0.016665457318919722
1.1100219978921886 	 0.016408592746975897
1.1110219978921885 	 0.016157537430843
1.1120219978921884 	 0.01591212026441914
1.1130219978921883 	 0.015672186543853998
1.1140219978921881 	 0.015437578759103156
1.115021997892188 	 0.015208137446683364
1.116021997892188 	 0.014983709339143378
1.1170219978921878 	 0.014764147361685345
1.1180219978921877 	 0.014549310312919318
1.1190219978921876 	 0.014339062564316744
1.1200219978921875 	 0.014133273777760528
1.1210219978921874 	 0.013931812879259077
1.1220219978921873 	 0.013734532719679567
1.1230219978921872 	 0.013541287566048993
1.124021997892187 	 0.013351937917068925
1.125021997892187 	 0.013166350179688908
1.1260219978921868 	 0.012984396382794212
1.1270219978921867 	 0.012805953910044406
1.1280219978921866 	 0.012630919990756837
1.1290219978921865 	 0.012459250183146215
1.1300219978921864 	 0.012290913033788561
1.1310219978921863 	 0.012125864504232284
1.1320219978921862 	 0.011964015769214641
1.133021997892186 	 0.0118052707922496
1.134021997892186 	 0.011649537193504658
1.1350219978921858 	 0.011496573330063266
1.1360219978921857 	 0.011346607989906176
1.1370219978921856 	 0.01119939672234629
1.1380219978921855 	 0.011054860410054967
1.1390219978921854 	 0.010912927251634516
1.1400219978921853 	 0.010773532072655696
1.1410219978921852 	 0.010636610585764258
1.142021997892185 	 0.010502095353873718
1.143021997892185 	 0.010369920119725167
1.1440219978921848 	 0.010240023363220172
1.1450219978921847 	 0.010112354483605323
1.1460219978921846 	 0.009986866430839738
1.1470219978921845 	 0.009863513496157751
1.1480219978921844 	 0.009742251261357719
1.1490219978921843 	 0.009623036549100144
1.1500219978921842 	 0.00950582737574675
1.151021997892184 	 0.009390581833942776
1.152021997892184 	 0.009277255225123729
1.1530219978921838 	 0.009165803304530935
1.1540219978921837 	 0.009056183177253188
1.1550219978921836 	 0.00894835308899261
1.1560219978921835 	 0.008842272468339888
1.1570219978921834 	 0.008737902337848408
1.1580219978921833 	 0.008635204752921352
1.1590219978921832 	 0.008534142857154401
1.160021997892183 	 0.00843468085826286
1.161021997892183 	 0.008336783166978909
1.1620219978921829 	 0.008240412185723633
1.1630219978921827 	 0.008145530973125151
1.1640219978921826 	 0.008052107360905923
1.1650219978921825 	 0.007960114029936564
1.1660219978921824 	 0.007869526546105744
1.1670219978921823 	 0.007780321490652917
1.1680219978921822 	 0.00769247593733461
1.169021997892182 	 0.0076059674374821485
1.170021997892182 	 0.007520774006548772
1.1710219978921819 	 0.0074368725206394
1.1720219978921818 	 0.007354234507458316
1.1730219978921816 	 0.0072728309646230005
1.1740219978921815 	 0.007192633751252495
1.1750219978921814 	 0.007113615555921578
1.1760219978921813 	 0.00703574986824575
1.1770219978921812 	 0.006959010952697392
1.178021997892181 	 0.006883373381920806
1.179021997892181 	 0.006808813306470058
1.1800219978921809 	 0.0067353072053751226
1.1810219978921808 	 0.006662834832705004
1.1820219978921807 	 0.006591385790669815
1.1830219978921805 	 0.006520952351955914
1.1840219978921804 	 0.006451527219783491
1.1850219978921803 	 0.006383102477157145
1.1860219978921802 	 0.006315670108927866
1.18702199789218 	 0.006249215680628878
1.18802199789218 	 0.006183702126714102
1.1890219978921799 	 0.006119099256476301
1.1900219978921798 	 0.006055388098154739
1.1910219978921797 	 0.0059925507557153385
1.1920219978921796 	 0.005930570422818254
1.1930219978921794 	 0.005869430870092579
1.1940219978921793 	 0.005809116277263752
1.1950219978921792 	 0.005749611219903614
1.1960219978921791 	 0.005690900657432531
1.197021997892179 	 0.005632969921715294
1.198021997892179 	 0.005575804706465577
1.1990219978921788 	 0.005519391056426512
1.2000219978921787 	 0.005463715357544508
1.2010219978921786 	 0.005408766163044526
1.2020219978921785 	 0.005354539050169165
1.2030219978921783 	 0.0053010310628718695
1.2040219978921782 	 0.005248239066123898
1.2050219978921781 	 0.005196157893013774
1.206021997892178 	 0.0051447754245025085
1.207021997892178 	 0.005094078219603057
1.2080219978921778 	 0.005044053176611915
1.2090219978921777 	 0.004994687523033917
1.2100219978921776 	 0.004945968806113053
1.2110219978921775 	 0.004897885488276063
1.2120219978921773 	 0.00485042854239538
1.2130219978921772 	 0.00480358947587778
1.2140219978921771 	 0.0047573569321739525
1.215021997892177 	 0.0047117170311870545
1.216021997892177 	 0.00466665618708377
1.2170219978921768 	 0.004622161209965708
1.2180219978921767 	 0.004578219293723546
1.2190219978921766 	 0.004534818004865766
1.2200219978921765 	 0.004491945271459648
1.2210219978921764 	 0.004449592004232051
1.2220219978921762 	 0.004407759071775466
1.2230219978921761 	 0.0043664493530472265
1.224021997892176 	 0.004325665383885764
1.225021997892176 	 0.004285409369447421
1.2260219978921758 	 0.004245680006325637
1.2270219978921757 	 0.00420646402332488
1.2280219978921756 	 0.004167745818244829
1.2290219978921755 	 0.004129510304057182
1.2300219978921754 	 0.0040917428926864965
1.2310219978921753 	 0.004054431189132888
1.2320219978921751 	 0.004017569517405291
1.233021997892175 	 0.003981153759456987
1.234021997892175 	 0.003945179817183332
1.2350219978921748 	 0.00390964361157714
1.2360219978921747 	 0.003874541083363374
1.2370219978921746 	 0.0038398681935418563
1.2380219978921745 	 0.0038056207435274454
1.2390219978921744 	 0.003771790852268926
1.2400219978921743 	 0.00373836737099978
1.2410219978921742 	 0.0037053402129218083
1.242021997892174 	 0.003672702734485133
1.243021997892174 	 0.0036404491813329604
1.2440219978921738 	 0.0036085739207405453
1.2450219978921737 	 0.003577071437067427
1.2460219978921736 	 0.0035459363289240334
1.2470219978921735 	 0.003515164637269395
1.2480219978921734 	 0.0034847573811115
1.2490219978921733 	 0.003454716549820218
1.2500219978921732 	 0.003425043918316641
1.251021997892173 	 0.003395739647934236
1.252021997892173 	 0.003366798552954218
1.2530219978921728 	 0.0033382143481104167
1.2540219978921727 	 0.0033099809001658994
1.2550219978921726 	 0.0032820922220296615
1.2560219978921725 	 0.003254542468945972
1.2570219978921724 	 0.0032273259345548884
1.2580219978921723 	 0.0032004370474521013
1.2590219978921722 	 0.0031738703679699454
1.260021997892172 	 0.0031476205844218333
1.261021997892172 	 0.003121679371434369
1.2620219978921718 	 0.003096027035089406
1.2630219978921717 	 0.0030706426759347606
1.2640219978921716 	 0.003045521242924926
1.2650219978921715 	 0.003020671873312833
1.2660219978921714 	 0.0029961037848556414
1.2670219978921713 	 0.002971823991103228
1.2680219978921712 	 0.002947832706670282
1.269021997892171 	 0.002924128563604963
1.270021997892171 	 0.002900710164249639
1.2710219978921709 	 0.002877575532170207
1.2720219978921707 	 0.00285472064901164
1.2730219978921706 	 0.0028321411148532483
1.2740219978921705 	 0.002809832632460484
1.2750219978921704 	 0.002787791002815762
1.2760219978921703 	 0.0027660121223670175
1.2770219978921702 	 0.0027444919804628103
1.27802199789217 	 0.002723226656866702
1.27902199789217 	 0.0027022123197140277
1.2800219978921699 	 0.0026814452231023805
1.2810219978921698 	 0.002660921491146249
1.2820219978921696 	 0.002640636548164293
1.2830219978921695 	 0.002620585761776917
1.2840219978921694 	 0.002600764624999411
1.2850219978921693 	 0.002581168751064064
1.2860219978921692 	 0.0025617938694683417
1.287021997892169 	 0.0025426395214154453
1.288021997892169 	 0.0025237181781912294
1.2890219978921689 	 0.0025050296528432653
1.2900219978921688 	 0.002486559421683145
1.2910219978921686 	 0.002468295570937994
1.2920219978921685 	 0.0024502364387437208
1.2930219978921684 	 0.002432382659423059
1.2940219978921683 	 0.002414734789739142
1.2950219978921682 	 0.002397293310133311
1.296021997892168 	 0.0023800586266451503
1.297021997892168 	 0.002363031072557074
1.2980219978921679 	 0.002346210911071152
1.2990219978921678 	 0.0023295983361483197
1.3000219978921677 	 0.0023131934657349604
1.3010219978921675 	 0.0022969948519857676
1.3020219978921674 	 0.002280995442650624
1.3030219978921673 	 0.00226518710101284
1.3040219978921672 	 0.002249561944645151
1.305021997892167 	 0.0022341123360627244
1.306021997892167 	 0.0022188327101862757
1.3070219978921669 	 0.0022037244692064994
1.3080219978921668 	 0.0021887904871522833
1.3090219978921667 	 0.0021740334739056904
1.3100219978921666 	 0.0021594559783400685
1.3110219978921664 	 0.002145058779340442
1.3120219978921663 	 0.002130836579145446
1.3130219978921662 	 0.002116783010277692
1.3140219978921661 	 0.0021028957086080555
1.315021997892166 	 0.00208917591626487
1.316021997892166 	 0.002075624899337669
1.3170219978921658 	 0.002062243804023799
1.3180219978921657 	 0.0020490336594012563
1.3190219978921656 	 0.002035995378371501
1.3200219978921655 	 0.0020231297590346865
1.3210219978921653 	 0.0020104356021262036
1.3220219978921652 	 0.001997904672366215
1.3230219978921651 	 0.001985527311030996
1.324021997892165 	 0.001973294108550609
1.325021997892165 	 0.0019611958939288673
1.3260219978921648 	 0.0019492237227992087
1.3270219978921647 	 0.0019373688657105933
1.3280219978921646 	 0.0019256281946203385
1.3290219978921645 	 0.0019140186118929501
1.3300219978921644 	 0.0019025609520730664
1.3310219978921642 	 0.0018912697982186194
1.3320219978921641 	 0.001880139697033747
1.333021997892164 	 0.0018691616221152485
1.334021997892164 	 0.0018583264824609137
1.3350219978921638 	 0.001847625289938328
1.3360219978921637 	 0.0018370491758009674
1.3370219978921636 	 0.0018265893840931885
1.3380219978921635 	 0.0018162375448071166
1.3390219978921634 	 0.001805991146639654
1.3400219978921633 	 0.0017958529613920995
1.3410219978921631 	 0.0017858247090180542
1.342021997892163 	 0.0017759042915842138
1.343021997892163 	 0.0017660886019373418
1.3440219978921628 	 0.0017563743718816936
1.3450219978921627 	 0.0017467581658677602
1.3460219978921626 	 0.0017372363692526474
1.3470219978921625 	 0.001727805355953879
1.3480219978921624 	 0.0017184619691670534
1.3490219978921623 	 0.0017092029687246775
1.3500219978921622 	 0.0017000248570383
1.351021997892162 	 0.0016909239283924423
1.352021997892162 	 0.001681896416430597
1.3530219978921618 	 0.0016729382854755108
1.3540219978921617 	 0.0016640451750245516
1.3550219978921616 	 0.0016552123903031048
1.3560219978921615 	 0.0016464348853841649
1.3570219978921614 	 0.0016377072425714843
1.3580219978921613 	 0.0016290236632688958
1.3590219978921612 	 0.0016203779543336602
1.360021997892161 	 0.0016117635123043767
1.361021997892161 	 0.0016031651803005752
1.3620219978921608 	 0.0015945374373029578
1.3630219978921607 	 0.0015858659111201337
1.3640219978921606 	 0.0015771961204027565
1.3650219978921605 	 0.0015685177417022256
1.3660219978921604 	 0.0015598165189004076
1.3670219978921603 	 0.0015510778445953187
1.3680219978921602 	 0.0015422867598976822
1.36902199789216 	 0.0015334279510704975
1.37002199789216 	 0.0015244857471795967
1.3710219978921598 	 0.0015154450164635022
1.3720219978921597 	 0.0015062935626140603
1.3730219978921596 	 0.0014970194588683468
1.3740219978921595 	 0.0014876102788364007
1.3750219978921594 	 0.0014780531235841462
1.3760219978921593 	 0.0014683346499214155
1.3770219978921592 	 0.0014584411022898409
1.378021997892159 	 0.0014483583703532603
1.379021997892159 	 0.0014380720510008573
1.3800219978921588 	 0.0014275675193377527
1.3810219978921587 	 0.0014168296978362617
1.3820219978921586 	 0.0014058423140567897
1.3830219978921585 	 0.0013945889520526858
1.3840219978921584 	 0.0013830534699826296
1.3850219978921583 	 0.0013712201480031306
1.3860219978921582 	 0.0013590738539646218
1.387021997892158 	 0.001346600229259865
1.388021997892158 	 0.0013337857650655852
1.3890219978921579 	 0.001320615769037029
1.3900219978921577 	 0.0013070748798113955
1.3910219978921576 	 0.001293151043191003
1.3920219978921575 	 0.0012788397920063597
1.3930219978921574 	 0.0012641399821215354
1.3940219978921573 	 0.001249052720247677
1.3950219978921572 	 0.001233581630554638
1.396021997892157 	 0.0012177325544409172
1.397021997892157 	 0.0012015123287703851
1.3980219978921569 	 0.0011849307617397453
1.3990219978921568 	 0.0011680013666783208
1.4000219978921566 	 0.0011506782075069142
1.4010219978921565 	 0.0011331122852440288
1.4020219978921564 	 0.00111526298799585
1.4030219978921563 	 0.0010971602123991558
1.4040219978921562 	 0.00107883808828878
1.405021997892156 	 0.001060334915057072
1.406021997892156 	 0.0010416930316657753
1.4070219978921559 	 0.001022958618162738
1.4080219978921558 	 0.0010041814086702806
1.4090219978921557 	 0.0009854143372063481
1.4100219978921555 	 0.0009667131161942769
1.4110219978921554 	 0.0009481354961519206
1.4120219978921553 	 0.0009297400696174123
1.4130219978921552 	 0.0009115865234196304
1.414021997892155 	 0.0008937359397784164
1.415021997892155 	 0.0008762500218451208
1.4160219978921549 	 0.0008591897214076487
1.4170219978921548 	 0.0008426145684257102
1.4180219978921547 	 0.0008265820505105167
1.4190219978921546 	 0.0008111470305441557
1.4200219978921544 	 0.0007963612148209171
1.4210219978921543 	 0.0007822726834987282
1.4220219978921542 	 0.0007689254944828433
1.4230219978921541 	 0.0007563593607649963
1.424021997892154 	 0.0007446094028081424
1.425021997892154 	 0.0007337059876267859
1.4260219978921538 	 0.0007236746495592942
1.4270219978921537 	 0.000714536087521853
1.4280219978921536 	 0.0007063062418650375
1.4290219978921535 	 0.0006989964349754719
1.4300219978921533 	 0.0006926135690417838
1.4310219978921532 	 0.0006871603755300745
1.4320219978921531 	 0.0006826357100400651
1.433021997892153 	 0.0006790348657789649
1.434021997892153 	 0.000676349906660892
1.4350219978921528 	 0.0006745700174961875
1.4360219978921527 	 0.0006736818592226252
1.4370219978921526 	 0.0006736699200073878
1.4380219978921525 	 0.0006745168871797174
1.4390219978921523 	 0.0006762038699641997
1.4400219978921522 	 0.0006787106251184078
1.4410219978921521 	 0.0006820160116954578
1.442021997892152 	 0.0006860982671126132
1.443021997892152 	 0.0006909352520044483
1.4440219978921518 	 0.0006965046632143779
1.4450219978921517 	 0.0007027842256826373
1.4460219978921516 	 0.0007097518587065961
1.4470219978921515 	 0.0007173858186011322
1.4480219978921514 	 0.000725664820328649
1.4490219978921512 	 0.0007345681373429071
1.4500219978921511 	 0.0007440756815067967
1.451021997892151 	 0.0007541681015548247
1.452021997892151 	 0.0007648269332173513
1.4530219978921508 	 0.0007760345348534419
1.4540219978921507 	 0.0007877740732193865
1.4550219978921506 	 0.0008000295310112211
1.4560219978921505 	 0.0008127857050807117
1.4570219978921504 	 0.0008260281017541635
1.4580219978921503 	 0.0008397426527707711
1.4590219978921501 	 0.0008539159436711927
1.46002199789215 	 0.0008685352638173942
1.46102199789215 	 0.0008835885720985779
1.4620219978921498 	 0.0008990644597499575
1.4630219978921497 	 0.0009149521510703765
1.4640219978921496 	 0.000931242176794147
1.4650219978921495 	 0.0009479263481029876
1.4660219978921494 	 0.0009649970734116847
1.4670219978921493 	 0.000982447294926421
1.4680219978921492 	 0.0010002704528955702
1.469021997892149 	 0.0010184604500853235
1.470021997892149 	 0.0010370116169134591
1.4710219978921488 	 0.001055918330579616
1.4720219978921487 	 0.0010751739881693734
1.4730219978921486 	 0.001094771899071566
1.4740219978921485 	 0.001114705542970684
1.4750219978921484 	 0.001134968536246844
1.4760219978921483 	 0.001155554600492415
1.4770219978921482 	 0.0011764575322565874
1.478021997892148 	 0.0011976711766201946
1.479021997892148 	 0.0012191894021721728
1.4800219978921478 	 0.0012410060770544316
1.4810219978921477 	 0.0012631150472973305
1.4820219978921476 	 0.0012855101152522094
1.4830219978921475 	 0.0013081862501525669
1.4840219978921474 	 0.0013311430726545461
1.4850219978921473 	 0.0013543815781061755
1.4860219978921472 	 0.001377903090096771
1.487021997892147 	 0.0014017092548531682
1.488021997892147 	 0.001425801720046511
1.4890219978921468 	 0.0014501755575573637
1.4900219978921467 	 0.0014748191477577006
1.4910219978921466 	 0.0014997149763430653
1.4920219978921465 	 0.0015248323465000607
1.4930219978921464 	 0.0015501616844788596
1.4940219978921463 	 0.001575699636267052
1.4950219978921462 	 0.0016014429538687978
1.496021997892146 	 0.0016273884992638993
1.497021997892146 	 0.0016535332449690546
1.4980219978921459 	 0.0016798742888037724
1.4990219978921457 	 0.00170640886522459
1.5000219978921456 	 0.0017331343555184002
1.5010219978921455 	 0.001760048298373478
1.5020219978921454 	 0.0017871484014452329
1.5030219978921453 	 0.0018144325582053647
1.5040219978921452 	 0.0018418988586474398
1.505021997892145 	 0.0018695456026877014
1.506021997892145 	 0.0018973704198002761
1.5070219978921449 	 0.0019253677426016203
1.5080219978921447 	 0.0019535286685048074
1.5090219978921446 	 0.001981834433711385
1.5100219978921445 	 0.002010263387676433
1.5110219978921444 	 0.00203879866649388
1.5120219978921443 	 0.002067443707996259
1.5130219978921442 	 0.0020962070888808546
1.514021997892144 	 0.0021250906125793506
1.515021997892144 	 0.0021540893157610598
1.5160219978921439 	 0.0021831981204620274
1.5170219978921438 	 0.002212412120895464
1.5180219978921436 	 0.0022417266027649177
1.5190219978921435 	 0.002271137060338996
1.5200219978921434 	 0.0023006392124458926
1.5210219978921433 	 0.00233022899758593
1.5220219978921432 	 0.0023599025717509652
1.523021997892143 	 0.002389656422339846
1.524021997892143 	 0.0024194873300313197
1.5250219978921429 	 0.0024493923774007893
1.5260219978921428 	 0.0024793688254992913
1.5270219978921427 	 0.002509414313459822
1.5280219978921425 	 0.002539526918878375
1.5290219978921424 	 0.002569705078752739
1.5300219978921423 	 0.0025999475529903293
1.5310219978921422 	 0.002630253793262303
1.532021997892142 	 0.002660624739541745
1.533021997892142 	 0.002691062062560485
1.5340219978921419 	 0.0027215679329164037
1.5350219978921418 	 0.00275214503236668
1.5360219978921417 	 0.002782796570105076
1.5370219978921416 	 0.002813526299995551
1.5380219978921414 	 0.002844338499195876
1.5390219978921413 	 0.0028752372757279336
1.5400219978921412 	 0.0029062265944649847
1.5410219978921411 	 0.0029373109507763464
1.542021997892141 	 0.0029684954258773996
1.543021997892141 	 0.0029997857154673733
1.5440219978921408 	 0.003031188134330452
1.5450219978921407 	 0.0030627096328950283
1.5460219978921406 	 0.0030943578217253074
1.5470219978921405 	 0.0031261419052889448
1.5480219978921403 	 0.003158075234254028
1.5490219978921402 	 0.003190172834299362
1.5500219978921401 	 0.0032224461716973034
1.55102199789214 	 0.00325489442407802
1.55202199789214 	 0.003287527639551232
1.5530219978921398 	 0.003320360057343495
1.5540219978921397 	 0.003353406808128736
1.5550219978921396 	 0.003386683923954055
1.5560219978921395 	 0.003420208353633931
1.5570219978921394 	 0.003453997980023774
1.5580219978921392 	 0.003488071593956084
1.5590219978921391 	 0.003522448862475959
1.560021997892139 	 0.0035571502806491595
1.561021997892139 	 0.00359219710262732
1.5620219978921388 	 0.0036276112571602998
1.5630219978921387 	 0.0036634149859293657
1.5640219978921386 	 0.0036996267705336366
1.5650219978921385 	 0.0037362610711253663
1.5660219978921384 	 0.0037733314360348636
1.5670219978921383 	 0.0038108500952883637
1.5680219978921381 	 0.0038488169927170003
1.569021997892138 	 0.003887230184881351
1.570021997892138 	 0.0039260992339056975
1.5710219978921378 	 0.0039654253222349105
1.5720219978921377 	 0.004005212309065152
1.5730219978921376 	 0.0040454560072727234
1.5740219978921375 	 0.004086138245352016
1.5750219978921374 	 0.004127222668640712
1.5760219978921373 	 0.00416864952285144
1.5770219978921372 	 0.004210329308275776
1.578021997892137 	 0.004252135051617321
1.579021997892137 	 0.00429389333557186
1.5800219978921368 	 0.004335374204540833
1.5810219978921367 	 0.00437628034145129
1.5820219978921366 	 0.0044162363390595535
1.5830219978921365 	 0.004454779406321947
1.5840219978921364 	 0.004491353704965788
1.5850219978921363 	 0.004525311357112281
1.5860219978921362 	 0.0045559239806534655
1.587021997892136 	 0.004582409022359705
1.588021997892136 	 0.004603958971681956
1.5890219978921358 	 0.0046196172678248815
1.5900219978921357 	 0.004628702946302893
1.5910219978921356 	 0.004630859567695223
1.5920219978921355 	 0.00462605101925054
1.5930219978921354 	 0.0046146254412559205
1.5940219978921353 	 0.004597334857627597
1.5950219978921352 	 0.00457529855252191
1.596021997892135 	 0.00454991098843047
1.597021997892135 	 0.00452270944792657
1.5980219978921348 	 0.004495227015298036
1.5990219978921347 	 0.004468859119378165
1.6000219978921346 	 0.004444765357242008
1.6010219978921345 	 0.00442381227052831
1.6020219978921344 	 0.004406552244338221
1.6030219978921343 	 0.00439326126940536
1.6040219978921342 	 0.004383988080845116
1.605021997892134 	 0.0043786075049513954
1.606021997892134 	 0.004376872733439854
1.6070219978921338 	 0.00437846094066478
1.6080219978921337 	 0.004383009733233658
1.6090219978921336 	 0.004390144257825111
1.6100219978921335 	 0.0043994959692921715
1.6110219978921334 	 0.0044107179988843795
1.6120219978921333 	 0.004423501292365939
1.6130219978921332 	 0.004437567782968096
1.614021997892133 	 0.004452662889312568
1.615021997892133 	 0.004468554836646499
1.6160219978921329 	 0.004485037730764325
1.6170219978921327 	 0.004501929376760404
1.6180219978921326 	 0.004519068750713315
1.6190219978921325 	 0.004536313490904282
1.6200219978921324 	 0.0045535375363487274
1.6210219978921323 	 0.004570628963319306
1.6220219978921322 	 0.004587488011179871
1.623021997892132 	 0.004604025347864504
1.624021997892132 	 0.004620160686507448
1.6250219978921319 	 0.004635821554161233
1.6260219978921318 	 0.004650942208653442
1.6270219978921316 	 0.004665462695972636
1.6280219978921315 	 0.004679328141706586
1.6290219978921314 	 0.004692488138672262
1.6300219978921313 	 0.004704896230838546
1.6310219978921312 	 0.004716504974110019
1.632021997892131 	 0.004727253135049611
1.633021997892131 	 0.004737078260772144
1.6340219978921309 	 0.004745927368538249
1.6350219978921308 	 0.00475377560958749
1.6360219978921307 	 0.00476060658664124
1.6370219978921305 	 0.004766406185272844
1.6380219978921304 	 0.004771162270732925
1.6390219978921303 	 0.004774858895480436
1.6400219978921302 	 0.004777476604657857
1.64102199789213 	 0.0047789978770465405
1.64202199789213 	 0.004779407234141431
1.6430219978921299 	 0.00477869126668706
1.6440219978921298 	 0.004776838737776841
1.6450219978921297 	 0.00477384061192295
1.6460219978921296 	 0.004769690031150021
1.6470219978921294 	 0.004764382229344152
1.6480219978921293 	 0.004757914627986443
1.6490219978921292 	 0.004750286859017547
1.650021997892129 	 0.00474150075194736
1.651021997892129 	 0.004731558867906323
1.652021997892129 	 0.004720460518990354
1.6530219978921288 	 0.004708205912384613
1.6540219978921287 	 0.004694797439971933
1.6550219978921286 	 0.00468023965394239
1.6560219978921285 	 0.0046645391858433
1.6570219978921283 	 0.004647704605042663
1.6580219978921282 	 0.00462974643774625
1.6590219978921281 	 0.004610677112432634
1.660021997892128 	 0.004590510873601613
1.661021997892128 	 0.004569269802746598
1.6620219978921278 	 0.004547000219841158
1.6630219978921277 	 0.004523753760726375
1.6640219978921276 	 0.0044995665713761885
1.6650219978921275 	 0.004474460533951429
1.6660219978921273 	 0.004448457930333081
1.6670219978921272 	 0.004421581860515532
1.6680219978921271 	 0.004393856171391919
1.669021997892127 	 0.004365305343936224
1.670021997892127 	 0.004335954362491254
1.6710219978921268 	 0.004305829374101502
1.6720219978921267 	 0.004274959682824663
1.6730219978921266 	 0.004243375284907973
1.6740219978921265 	 0.004211106025261077
1.6750219978921264 	 0.004178181467312634
1.6760219978921262 	 0.004144630762596552
1.6770219978921261 	 0.004110482512247651
1.678021997892126 	 0.0040757646753335035
1.679021997892126 	 0.004040504466991734
1.6800219978921258 	 0.004004728254135878
1.6810219978921257 	 0.003968461456265107
1.6820219978921256 	 0.003931728454273912
1.6830219978921255 	 0.0038945525355921547
1.6840219978921254 	 0.003856955789512271
1.6850219978921253 	 0.003818959024715579
1.6860219978921251 	 0.003780581701966397
1.687021997892125 	 0.003741841874961307
1.688021997892125 	 0.0037027562876012334
1.6890219978921248 	 0.0036633433721171395
1.6900219978921247 	 0.0036236228528783027
1.6910219978921246 	 0.0035836114978848453
1.6920219978921245 	 0.0035433198029586805
1.6930219978921244 	 0.003502755604002825
1.6940219978921243 	 0.003461925106651035
1.6950219978921242 	 0.003420832876428903
1.696021997892124 	 0.0033794818539551567
1.697021997892124 	 0.003337873390243172
1.6980219978921238 	 0.003296007262281181
1.6990219978921237 	 0.003253881713336933
1.7000219978921236 	 0.0032114935122667895
1.7010219978921235 	 0.0031654848644106807
1.7020219978921234 	 0.003119031311144781
1.7030219978921233 	 0.0030723800414427724
1.7040219978921232 	 0.003025527201409504
1.705021997892123 	 0.0029784678138377397
1.706021997892123 	 0.00293119595466358
1.7070219978921228 	 0.00288370495238434
1.7080219978921227 	 0.002835987611206162
1.7090219978921226 	 0.0027880364584628235
1.7100219978921225 	 0.002739844016544282
1.7110219978921224 	 0.002691403099184978
1.7120219978921223 	 0.0026427071314779433
1.7130219978921222 	 0.002593750492397544
1.714021997892122 	 0.002544528877925423
1.715021997892122 	 0.002495039682084062
1.7160219978921218 	 0.0024452823922947063
1.7170219978921217 	 0.002395258994504182
1.7180219978921216 	 0.002344974382489045
1.7190219978921215 	 0.0022944367646721676
1.7200219978921214 	 0.002243658060716196
1.7210219978921213 	 0.0021926542791347475
1.7220219978921212 	 0.0021414458662439633
1.723021997892121 	 0.0020900580160247814
1.724021997892121 	 0.00203852092995115
1.7250219978921209 	 0.0019868700156296546
1.7260219978921207 	 0.0019351460132611255
1.7270219978921206 	 0.001883395039535708
1.7280219978921205 	 0.001831668539654593
1.7290219978921204 	 0.0017800231397650387
1.7300219978921203 	 0.0017285203941986974
1.7310219978921202 	 0.0016772264244912171
1.73202199789212 	 0.001626211450170167
1.73302199789212 	 0.0015755492146312705
1.7340219978921199 	 0.0015253163129511635
1.7350219978921197 	 0.0014755914320503955
1.7360219978921196 	 0.0014264545170458382
1.7370219978921195 	 0.0013779858807320335
1.7380219978921194 	 0.001330265275724782
1.7390219978921193 	 0.0012833709507244929
1.7400219978921192 	 0.0012373787134808906
1.741021997892119 	 0.0011923610232770978
1.742021997892119 	 0.0011483861350647217
1.7430219978921189 	 0.0011055173157933271
1.7440219978921188 	 0.0010638121510640481
1.7450219978921186 	 0.0010233219571263567
1.7460219978921185 	 0.0009840913095954527
1.7470219978921184 	 0.0009461576962919605
1.7480219978921183 	 0.0009095512975031974
1.7490219978921182 	 0.0008742948929413969
1.750021997892118 	 0.0008404038909170756
1.751021997892118 	 0.0008078864719148463
1.7520219978921179 	 0.0007767438359759042
1.7530219978921178 	 0.0007469705411356386
1.7540219978921177 	 0.000718554918674196
1.7550219978921175 	 0.0006914795501067175
1.7560219978921174 	 0.0006657217906312591
1.7570219978921173 	 0.0006412543240981802
1.7580219978921172 	 0.000618045735378632
1.759021997892117 	 0.0005960610871941013
1.760021997892117 	 0.0005752624899216328
1.7610219978921169 	 0.0005556096545120794
1.7620219978921168 	 0.0005370604203605492
1.7630219978921167 	 0.0005195712516712271
1.7640219978921166 	 0.0005030976974968518
1.7650219978921164 	 0.000487594812158104
1.7660219978921163 	 0.00047301753412275785
1.7670219978921162 	 0.000459321022627988
1.7680219978921161 	 0.00044646095235006494
1.769021997892116 	 0.00043439376726395277
1.770021997892116 	 0.00042307689549735117
1.7710219978921158 	 0.0004124689274817904
1.7720219978921157 	 0.00040252976005418766
1.7730219978921156 	 0.0003932207093837681
1.7740219978921155 	 0.0003845045957102209
1.7750219978921153 	 0.0003763458028992562
1.7760219978921152 	 0.00036871031576841756
1.7770219978921151 	 0.0003615657380262074
1.778021997892115 	 0.0003548812935157322
1.779021997892115 	 0.0003486278132731451
1.7800219978921148 	 0.0003427777107119078
1.7810219978921147 	 0.0003373049470352164
1.7820219978921146 	 0.0003321849887682514
1.7830219978921145 	 0.00032739475909449457
1.7840219978921144 	 0.00032291258448079196
1.7850219978921142 	 0.000318718137886895
1.7860219978921141 	 0.0003147923796790979
1.787021997892114 	 0.00031111749720538995
1.788021997892114 	 0.00030767684384199416
1.7890219978921138 	 0.0003044548781881497
1.7900219978921137 	 0.0003014371039673318
1.7910219978921136 	 0.0002986100110881302
1.7920219978921135 	 0.0002959610182258828
1.7930219978921134 	 0.0002934784172060804
1.7940219978921133 	 0.00029115131940139635
1.7950219978921131 	 0.000288969604295073
1.796021997892113 	 0.00028692387031317723
1.797021997892113 	 0.0002850053879860686
1.7980219978921128 	 0.0002832060554643113
1.7990219978921127 	 0.0002815183563853705
1.8000219978921126 	 0.00027993532006394343
1.8010219978921125 	 0.00027845048396004366
1.8020219978921124 	 0.00027705785836414776
1.8030219978921123 	 0.0002757518932275209
1.8040219978921122 	 0.00027452744705739305
1.805021997892112 	 0.00027337975779084215
1.806021997892112 	 0.00027230441555736707
1.8070219978921118 	 0.0002712973372380546
1.8080219978921117 	 0.0002703547427284718
1.8090219978921116 	 0.00026947313281291025
1.8100219978921115 	 0.0002686492685588846
1.8110219978921114 	 0.0002678801521428434
1.8120219978921113 	 0.00026716300902067874
1.8130219978921112 	 0.00026649527135957674
1.814021997892111 	 0.0002658745626511469
1.815021997892111 	 0.0002652986834291855
1.8160219978921108 	 0.00026476559801914893
1.8170219978921107 	 0.00026427342225004226
1.8180219978921106 	 0.00026382041206316886
1.8190219978921105 	 0.0002634049529558311
1.8200219978921104 	 0.00026302555020167476
1.8210219978921103 	 0.0002626808197928215
1.8220219978921102 	 0.0002623694800524034
1.82302199789211 	 0.0002620903438692752
1.82402199789211 	 0.00026184231150983196
1.8250219978921098 	 0.0002616243639648335
1.8260219978921097 	 0.0002614355567919458
1.8270219978921096 	 0.0002612750144173734
1.8280219978921095 	 0.0002611419248624978
1.8290219978921094 	 0.00026103553486378034
1.8300219978921093 	 0.0002609551453564663
1.8310219978921092 	 0.00026090010729468485
1.832021997892109 	 0.0002608698177825239
1.833021997892109 	 0.000260863716492476
1.8340219978921088 	 0.00026088128234941373
1.8350219978921087 	 0.00026092203045978586
1.8360219978921086 	 0.00026098550926726154
1.8370219978921085 	 0.00026107129791746406
1.8380219978921084 	 0.00026117900381563764
1.8390219978921083 	 0.0002613082603623846
1.8400219978921082 	 0.0002614587248536984
1.841021997892108 	 0.0002616300765324979
1.842021997892108 	 0.0002618220147799281
1.8430219978921079 	 0.00026203425743549167
1.8440219978921077 	 0.00026226653923595947
1.8450219978921076 	 0.0002625186103637297
1.8460219978921075 	 0.0002627902350960876
1.8470219978921074 	 0.00026308119054734626
1.8480219978921073 	 0.0002633912654965997
1.8490219978921072 	 0.0002637202592942815
1.850021997892107 	 0.0002640679808412765
1.851021997892107 	 0.0002644342476348336
1.8520219978921069 	 0.0002648188848759086
1.8530219978921068 	 0.00026522172463308406
1.8540219978921066 	 0.0002656426050584672
1.8550219978921065 	 0.00026608136965142616
1.8560219978921064 	 0.0002665378665663146
1.8570219978921063 	 0.00026701194796057684
1.8580219978921062 	 0.0002675034693800392
1.859021997892106 	 0.0002680122891783177
1.860021997892106 	 0.00026853826796757805
1.8610219978921059 	 0.00026908126809811744
1.8620219978921058 	 0.0002696411531644102
1.8630219978921057 	 0.0002702177875354543
1.8640219978921055 	 0.00027081103590746546
1.8650219978921054 	 0.00027142076287708266
1.8660219978921053 	 0.00027204683253345257
1.8670219978921052 	 0.00027268910806766534
1.868021997892105 	 0.0002733474513981354
1.869021997892105 	 0.00027402172281073227
1.8700219978921049 	 0.0002747117806124257
1.8710219978921048 	 0.00027541748079749825
1.8720219978921047 	 0.0002761386767253285
1.8730219978921046 	 0.0002768752188089009
1.8740219978921044 	 0.0002776269542133401
1.8750219978921043 	 0.0002783937265637126
1.8760219978921042 	 0.00027917537566158685
1.877021997892104 	 0.0002799717372097353
1.878021997892104 	 0.00028078264254459195
1.879021997892104 	 0.000281607918376028
1.8800219978921038 	 0.0002824473865341407
1.8810219978921037 	 0.00028330086372272485
1.8820219978921036 	 0.00028416816127926876
1.8830219978921034 	 0.0002850490849412539
1.8840219978921033 	 0.0002859434346186173
1.8850219978921032 	 0.00028685100417236083
1.8860219978921031 	 0.00028777158119916717
1.887021997892103 	 0.00028870494682211743
1.888021997892103 	 0.00028965087548748364
1.8890219978921028 	 0.0002906091347676874
1.8900219978921027 	 0.00029157948517054483
1.8910219978921026 	 0.0002925616799549054
1.8920219978921025 	 0.00029355546495288547
1.8930219978921023 	 0.00029456057839888323
1.8940219978921022 	 0.00029557675076557273
1.8950219978921021 	 0.00029660370460718173
1.896021997892102 	 0.00029764115441025863
1.897021997892102 	 0.00029868880645229467
1.8980219978921018 	 0.0002997463586684426
1.8990219978921017 	 0.0003008135005267367
1.9000219978921016 	 0.00030188991291210513
1.9010219978921015 	 0.0003029752680195867
1.9020219978921014 	 0.00030406922925710643
1.9030219978921012 	 0.0003051714511581923
1.9040219978921011 	 0.0003062815793050795
1.905021997892101 	 0.00030739925026256894
1.906021997892101 	 0.0003085240915230749
1.9070219978921008 	 0.00030965572146329627
1.9080219978921007 	 0.00031079374931290997
1.9090219978921006 	 0.00031193777513575016
1.9100219978921005 	 0.00031308738982386425
1.9110219978921004 	 0.00031424217510489353
1.9120219978921003 	 0.0003154017035632042
1.9130219978921001 	 0.0003165655386751299
1.9140219978921 	 0.000317733234858811
1.9150219978921 	 0.0003189043375389537
1.9160219978920998 	 0.0003200783832269202
1.9170219978920997 	 0.0003212548996165061
1.9180219978920996 	 0.00032243340569575624
1.9190219978920995 	 0.0003236134118751355
1.9200219978920994 	 0.0003247944201323509
1.9210219978920993 	 0.0003259759241741542
1.9220219978920992 	 0.00032715740961528886
1.923021997892099 	 0.0003283383541748773
1.924021997892099 	 0.00032951822789043363
1.9250219978920988 	 0.0003306964933495968
1.9260219978920987 	 0.00033187260593979593
1.9270219978920986 	 0.00033304601411587035
1.9280219978920985 	 0.00033421615968569655
1.9290219978920984 	 0.0003353824781138557
1.9300219978920983 	 0.0003365443988432728
1.9310219978920982 	 0.00033770134563474905
1.932021997892098 	 0.00033885273692425437
1.933021997892098 	 0.0003399979861978127
1.9340219978920978 	 0.00034113650238373826
1.9350219978920977 	 0.00034226769026193154
1.9360219978920976 	 0.0003433909508899167
1.9370219978920975 	 0.00034450568204524927
1.9380219978920974 	 0.00034561127868381746
1.9390219978920973 	 0.00034670713341356755
1.9400219978920972 	 0.00034779263698311847
1.941021997892097 	 0.0003488671787846358
1.942021997892097 	 0.00034993014737035337
1.9430219978920968 	 0.0003509809309819615
1.9440219978920967 	 0.00035201891809220426
1.9450219978920966 	 0.00035304349795778616
1.9460219978920965 	 0.00035405406118277415
1.9470219978920964 	 0.00035505000029156683
1.9480219978920963 	 0.0003560307103104765
1.9490219978920962 	 0.0003569955893569443
1.950021997892096 	 0.0003579440392352921
1.951021997892096 	 0.0003588754660379775
1.9520219978920959 	 0.000359789280751213
1.9530219978920957 	 0.00036068489986374727
1.9540219978920956 	 0.00036156174597771926
1.9550219978920955 	 0.0003624192484202598
1.9560219978920954 	 0.00036325684385465163
1.9570219978920953 	 0.0003640739768898125
1.9580219978920952 	 0.00036487010068674686
1.959021997892095 	 0.000365644677560747
1.960021997892095 	 0.00036639717957800483
1.9610219978920949 	 0.00036712708914534597
1.9620219978920947 	 0.0003678338995917574
1.9630219978920946 	 0.0003685171157404738
1.9640219978920945 	 0.00036917625447026396
1.9650219978920944 	 0.00036981084526465757
1.9660219978920943 	 0.00037042043074791444
1.9670219978920942 	 0.00037100456720644926
1.968021997892094 	 0.0003715628250945169
1.969021997892094 	 0.00037209478952301284
1.9700219978920939 	 0.00037260006073022885
1.9710219978920938 	 0.00037307825453352674
1.9720219978920936 	 0.0003735290027607866
1.9730219978920935 	 0.00037395195366076675
1.9740219978920934 	 0.0003743467722913117
1.9750219978920933 	 0.0003747131408845975
1.9760219978920932 	 0.00037505075918859316
1.977021997892093 	 0.00037535934478391124
1.978021997892093 	 0.0003756386333754274
1.9790219978920929 	 0.00037588837905804613
1.9800219978920928 	 0.00037610835455594005
1.9810219978920927 	 0.0003762983514349848
1.9820219978920925 	 0.0003764581802877811
1.9830219978920924 	 0.0003765876708910561
1.9840219978920923 	 0.00037668667233516426
1.9850219978920922 	 0.00037675505312549857
1.986021997892092 	 0.00037679270125569135
1.987021997892092 	 0.0003767995242526611
1.9880219978920919 	 0.0003767754491934504
1.9890219978920918 	 0.0003767204226940929
1.9900219978920917 	 0.00037663441087065573
1.9910219978920916 	 0.00037651739927271525
1.9920219978920914 	 0.00037636939278970586
1.9930219978920913 	 0.00037619041553046576
1.9940219978920912 	 0.0003759805106765509
1.9950219978920911 	 0.00037573974030979647
1.996021997892091 	 0.00037546818521479836
1.997021997892091 	 0.00037516594465698984
1.9980219978920908 	 0.00037483313613698535
1.9990219978920907 	 0.0003744698951220484
