0.0010219978922 	 0
0.0020219978922 	 0.0
0.0030219978922 	 0.0
0.0040219978922 	 0.0
0.0050219978922 	 0.0
0.0060219978922 	 0.0
0.0070219978922 	 0.0
0.0080219978922 	 0.0
0.009021997892200002 	 0.0
0.010021997892200003 	 0.0
0.011021997892200004 	 0.0
0.012021997892200004 	 0.0
0.013021997892200005 	 0.0
0.014021997892200006 	 0.0
0.015021997892200007 	 0.0
0.016021997892200008 	 0.0
0.01702199789220001 	 0.0
0.01802199789220001 	 0.0
0.01902199789220001 	 0.0
0.02002199789220001 	 0.0
0.021021997892200012 	 0.0
0.022021997892200013 	 0.0
0.023021997892200014 	 0.0
0.024021997892200015 	 0.0
0.025021997892200016 	 0.0
0.026021997892200017 	 0.0
0.027021997892200018 	 0.0
0.02802199789220002 	 0.0
0.02902199789220002 	 0.0
0.03002199789220002 	 0.0
0.03102199789220002 	 0.0
0.03202199789220002 	 0.0
0.03302199789220002 	 0.0
0.03402199789220002 	 0.0
0.03502199789220002 	 0.0
0.03602199789220002 	 0.0
0.03702199789220002 	 0.0
0.038021997892200024 	 0.0
0.039021997892200025 	 0.0
0.040021997892200026 	 0.0
0.04102199789220003 	 0.0
0.04202199789220003 	 0.0
0.04302199789220003 	 0.0
0.04402199789220003 	 0.0
0.04502199789220003 	 0.0
0.04602199789220003 	 0.0
0.04702199789220003 	 0.0
0.04802199789220003 	 0.0
0.049021997892200034 	 0.0
0.050021997892200035 	 0.0
0.051021997892200036 	 0.0
0.052021997892200036 	 0.0
0.05302199789220004 	 0.0
0.05402199789220004 	 0.0
0.05502199789220004 	 0.0
0.05602199789220004 	 0.0
0.05702199789220004 	 0.0
0.05802199789220004 	 0.0
0.05902199789220004 	 0.0
0.060021997892200044 	 0.0
0.061021997892200044 	 0.0
0.062021997892200045 	 0.0
0.06302199789220005 	 0.0
0.06402199789220005 	 0.0
0.06502199789220005 	 0.0
0.06602199789220005 	 0.0
0.06702199789220005 	 0.0
0.06802199789220005 	 0.0
0.06902199789220005 	 0.0
0.07002199789220005 	 0.0
0.07102199789220005 	 0.0
0.07202199789220005 	 0.0
0.07302199789220006 	 0.0
0.07402199789220006 	 0.0
0.07502199789220006 	 0.0
0.07602199789220006 	 0.0
0.07702199789220006 	 0.0
0.07802199789220006 	 0.0
0.07902199789220006 	 0.0
0.08002199789220006 	 0.0
0.08102199789220006 	 0.0
0.08202199789220006 	 0.0
0.08302199789220006 	 0.0
0.08402199789220006 	 0.0
0.08502199789220007 	 0.0
0.08602199789220007 	 0.0
0.08702199789220007 	 0.0
0.08802199789220007 	 0.0
0.08902199789220007 	 0.0
0.09002199789220007 	 0.0
0.09102199789220007 	 0.0
0.09202199789220007 	 0.0
0.09302199789220007 	 0.0
0.09402199789220007 	 0.0
0.09502199789220007 	 0.0
0.09602199789220008 	 0.0
0.09702199789220008 	 0.0
0.09802199789220008 	 0.0
0.09902199789220008 	 0.0
0.10002199789220008 	 0.0
0.10102199789220008 	 0.0
0.10202199789220008 	 0.0
0.10302199789220008 	 0.0
0.10402199789220008 	 0.0
0.10502199789220008 	 0.0
0.10602199789220008 	 0.0
0.10702199789220009 	 0.0
0.10802199789220009 	 0.0
0.10902199789220009 	 0.0
0.11002199789220009 	 0.0
0.11102199789220009 	 0.0
0.11202199789220009 	 0.0
0.11302199789220009 	 0.0
0.11402199789220009 	 0.0
0.11502199789220009 	 0.0
0.1160219978922001 	 0.0
0.1170219978922001 	 0.0
0.1180219978922001 	 0.0
0.1190219978922001 	 0.0
0.1200219978922001 	 0.0
0.1210219978922001 	 0.0
0.1220219978922001 	 0.0
0.1230219978922001 	 0.0
0.1240219978922001 	 0.0
0.1250219978922001 	 0.0
0.1260219978922001 	 0.0
0.1270219978922001 	 0.0
0.1280219978922001 	 0.0
0.1290219978922001 	 0.0
0.1300219978922001 	 0.0
0.1310219978922001 	 0.0
0.1320219978922001 	 0.0
0.1330219978922001 	 0.0
0.1340219978922001 	 0.0
0.1350219978922001 	 0.0
0.1360219978922001 	 0.0
0.1370219978922001 	 0.0
0.1380219978922001 	 0.0
0.1390219978922001 	 0.0
0.1400219978922001 	 0.0
0.1410219978922001 	 0.0
0.1420219978922001 	 0.0
0.1430219978922001 	 0.0
0.1440219978922001 	 0.0
0.1450219978922001 	 0.0
0.1460219978922001 	 0.0
0.1470219978922001 	 0.0
0.1480219978922001 	 0.0
0.1490219978922001 	 0.0
0.1500219978922001 	 0.0
0.1510219978922001 	 0.0
0.1520219978922001 	 0.0
0.1530219978922001 	 0.0
0.1540219978922001 	 0.0
0.15502199789220011 	 0.0
0.15602199789220011 	 0.0
0.15702199789220012 	 0.0
0.15802199789220012 	 0.0
0.15902199789220012 	 0.0
0.16002199789220012 	 0.0
0.16102199789220012 	 0.0
0.16202199789220012 	 0.0
0.16302199789220012 	 0.0
0.16402199789220012 	 0.0
0.16502199789220012 	 0.0
0.16602199789220012 	 0.0
0.16702199789220012 	 0.0
0.16802199789220013 	 0.0
0.16902199789220013 	 0.0
0.17002199789220013 	 0.0
0.17102199789220013 	 0.0
0.17202199789220013 	 0.0
0.17302199789220013 	 0.0
0.17402199789220013 	 0.0
0.17502199789220013 	 0.0
0.17602199789220013 	 0.0
0.17702199789220013 	 0.0
0.17802199789220013 	 0.0
0.17902199789220014 	 0.0
0.18002199789220014 	 0.0
0.18102199789220014 	 0.0
0.18202199789220014 	 0.0
0.18302199789220014 	 0.0
0.18402199789220014 	 0.0
0.18502199789220014 	 0.0
0.18602199789220014 	 0.0
0.18702199789220014 	 0.0
0.18802199789220014 	 0.0
0.18902199789220014 	 0.0
0.19002199789220015 	 0.0
0.19102199789220015 	 0.0
0.19202199789220015 	 0.0
0.19302199789220015 	 0.0
0.19402199789220015 	 0.0
0.19502199789220015 	 0.0
0.19602199789220015 	 0.0
0.19702199789220015 	 0.0
0.19802199789220015 	 0.0
0.19902199789220015 	 0.0
0.20002199789220015 	 0.0
0.20102199789220015 	 0.0
0.20202199789220016 	 0.0
0.20302199789220016 	 0.0
0.20402199789220016 	 0.0
0.20502199789220016 	 0.0
0.20602199789220016 	 0.0
0.20702199789220016 	 0.0
0.20802199789220016 	 0.0
0.20902199789220016 	 0.0
0.21002199789220016 	 0.0
0.21102199789220016 	 0.0
0.21202199789220016 	 0.0
0.21302199789220017 	 0.0
0.21402199789220017 	 0.0
0.21502199789220017 	 0.0
0.21602199789220017 	 0.0
0.21702199789220017 	 0.0
0.21802199789220017 	 0.0
0.21902199789220017 	 0.0
0.22002199789220017 	 0.0
0.22102199789220017 	 0.0
0.22202199789220017 	 0.0
0.22302199789220017 	 0.0
0.22402199789220018 	 0.0
0.22502199789220018 	 0.0
0.22602199789220018 	 0.0
0.22702199789220018 	 0.0
0.22802199789220018 	 0.0
0.22902199789220018 	 0.0
0.23002199789220018 	 0.0
0.23102199789220018 	 0.0
0.23202199789220018 	 0.0
0.23302199789220018 	 0.0
0.23402199789220018 	 0.0
0.23502199789220019 	 0.0
0.23602199789220019 	 0.0
0.2370219978922002 	 0.0
0.2380219978922002 	 0.0
0.2390219978922002 	 0.0
0.2400219978922002 	 0.0
0.2410219978922002 	 0.0
0.2420219978922002 	 0.0
0.2430219978922002 	 0.0
0.2440219978922002 	 0.0
0.2450219978922002 	 0.0
0.2460219978922002 	 0.0
0.2470219978922002 	 0.0
0.2480219978922002 	 0.0
0.2490219978922002 	 0.0
0.2500219978922002 	 0.0
0.2510219978922002 	 0.0
0.2520219978922002 	 0.0
0.2530219978922002 	 0.0
0.2540219978922002 	 0.0
0.2550219978922002 	 0.0
0.2560219978922002 	 0.0
0.2570219978922002 	 0.0
0.2580219978922002 	 0.0
0.2590219978922002 	 0.0
0.2600219978922002 	 0.0
0.2610219978922002 	 0.0
0.2620219978922002 	 0.0
0.2630219978922002 	 0.0
0.2640219978922002 	 0.0
0.2650219978922002 	 0.0
0.2660219978922002 	 0.0
0.2670219978922002 	 0.0
0.2680219978922002 	 0.0
0.2690219978922002 	 0.0
0.2700219978922002 	 0.0
0.2710219978922002 	 0.0
0.2720219978922002 	 0.0
0.2730219978922002 	 0.0
0.2740219978922002 	 0.0
0.2750219978922002 	 0.0
0.2760219978922002 	 0.0
0.2770219978922002 	 0.0
0.2780219978922002 	 0.0
0.2790219978922002 	 0.0
0.2800219978922002 	 0.0
0.2810219978922002 	 0.0
0.2820219978922002 	 0.0
0.2830219978922002 	 0.0
0.28402199789220023 	 0.0
0.28502199789220023 	 0.0
0.28602199789220023 	 0.0
0.28702199789220023 	 0.0
0.28802199789220023 	 0.0
0.28902199789220023 	 0.0
0.29002199789220023 	 0.0
0.29102199789220023 	 0.0
0.29202199789220024 	 0.0
0.29302199789220024 	 0.0
0.29402199789220024 	 0.0
0.29502199789220024 	 0.0
0.29602199789220024 	 0.0
0.29702199789220024 	 0.0
0.29802199789220024 	 0.0
0.29902199789220024 	 0.0
0.30002199789220024 	 0.0
0.30102199789220024 	 0.0
0.30202199789220024 	 0.0
0.30302199789220025 	 0.0
0.30402199789220025 	 0.0
0.30502199789220025 	 0.0
0.30602199789220025 	 0.0
0.30702199789220025 	 0.0
0.30802199789220025 	 0.0
0.30902199789220025 	 0.0
0.31002199789220025 	 0.0
0.31102199789220025 	 0.0
0.31202199789220025 	 0.0
0.31302199789220025 	 0.0
0.31402199789220026 	 0.0
0.31502199789220026 	 0.0
0.31602199789220026 	 0.0
0.31702199789220026 	 0.0
0.31802199789220026 	 0.0
0.31902199789220026 	 0.0
0.32002199789220026 	 0.0
0.32102199789220026 	 0.0
0.32202199789220026 	 0.0
0.32302199789220026 	 0.0
0.32402199789220026 	 0.0
0.32502199789220027 	 0.0
0.32602199789220027 	 0.0
0.32702199789220027 	 0.0
0.32802199789220027 	 0.0
0.32902199789220027 	 0.0
0.33002199789220027 	 0.0
0.33102199789220027 	 0.0
0.33202199789220027 	 0.0
0.33302199789220027 	 0.0
0.3340219978922003 	 0.0
0.3350219978922003 	 0.0
0.3360219978922003 	 0.0
0.3370219978922003 	 0.0
0.3380219978922003 	 0.0
0.3390219978922003 	 0.0
0.3400219978922003 	 0.0
0.3410219978922003 	 0.0
0.3420219978922003 	 0.0
0.3430219978922003 	 0.0
0.3440219978922003 	 0.0
0.3450219978922003 	 0.0
0.3460219978922003 	 0.0
0.3470219978922003 	 0.0
0.3480219978922003 	 0.0
0.3490219978922003 	 0.0
0.3500219978922003 	 0.0
0.3510219978922003 	 0.0
0.3520219978922003 	 0.0
0.3530219978922003 	 0.0
0.3540219978922003 	 0.0
0.3550219978922003 	 0.0
0.3560219978922003 	 0.0
0.3570219978922003 	 0.0
0.3580219978922003 	 0.0
0.3590219978922003 	 0.0
0.3600219978922003 	 0.0
0.3610219978922003 	 0.0
0.3620219978922003 	 0.0
0.3630219978922003 	 0.0
0.3640219978922003 	 0.0
0.3650219978922003 	 0.0
0.3660219978922003 	 0.0
0.3670219978922003 	 0.0
0.3680219978922003 	 0.0
0.3690219978922003 	 0.0
0.3700219978922003 	 0.0
0.3710219978922003 	 0.0
0.3720219978922003 	 0.0
0.3730219978922003 	 0.0
0.3740219978922003 	 0.0
0.3750219978922003 	 0.0
0.3760219978922003 	 0.0
0.3770219978922003 	 0.0
0.3780219978922003 	 0.0
0.3790219978922003 	 0.0
0.3800219978922003 	 0.0
0.3810219978922003 	 0.0
0.3820219978922003 	 0.0
0.3830219978922003 	 0.0
0.3840219978922003 	 0.0
0.3850219978922003 	 0.0
0.3860219978922003 	 0.0
0.3870219978922003 	 0.0
0.3880219978922003 	 0.0
0.3890219978922003 	 0.0
0.3900219978922003 	 0.0
0.3910219978922003 	 0.0
0.3920219978922003 	 0.0
0.3930219978922003 	 0.0
0.3940219978922003 	 0.0
0.3950219978922003 	 0.0
0.39602199789220033 	 0.0
0.39702199789220033 	 0.0
0.39802199789220033 	 0.0
0.39902199789220033 	 0.0
0.40002199789220033 	 0.0
0.40102199789220033 	 0.0
0.40202199789220033 	 0.0
0.40302199789220033 	 0.0
0.40402199789220034 	 0.0
0.40502199789220034 	 0.0
0.40602199789220034 	 0.0
0.40702199789220034 	 0.0
0.40802199789220034 	 0.0
0.40902199789220034 	 0.0
0.41002199789220034 	 0.0
0.41102199789220034 	 0.0
0.41202199789220034 	 0.0
0.41302199789220034 	 0.0
0.41402199789220034 	 0.0
0.41502199789220034 	 0.0
0.41602199789220035 	 0.0
0.41702199789220035 	 0.0
0.41802199789220035 	 0.0
0.41902199789220035 	 0.0
0.42002199789220035 	 0.0
0.42102199789220035 	 0.0
0.42202199789220035 	 0.0
0.42302199789220035 	 0.0
0.42402199789220035 	 0.0
0.42502199789220035 	 0.0
0.42602199789220035 	 0.0
0.42702199789220036 	 0.0
0.42802199789220036 	 0.0
0.42902199789220036 	 0.0
0.43002199789220036 	 0.0
0.43102199789220036 	 0.0
0.43202199789220036 	 0.0
0.43302199789220036 	 0.0
0.43402199789220036 	 0.0
0.43502199789220036 	 0.0
0.43602199789220036 	 0.0
0.43702199789220036 	 0.0
0.43802199789220037 	 0.0
0.43902199789220037 	 0.0
0.44002199789220037 	 0.0
0.44102199789220037 	 0.0
0.44202199789220037 	 0.0
0.44302199789220037 	 0.0
0.44402199789220037 	 0.0
0.44502199789220037 	 0.0
0.4460219978922004 	 0.0
0.4470219978922004 	 0.0
0.4480219978922004 	 0.0
0.4490219978922004 	 0.0
0.4500219978922004 	 0.0
0.4510219978922004 	 0.0
0.4520219978922004 	 0.0
0.4530219978922004 	 0.0
0.4540219978922004 	 0.0
0.4550219978922004 	 0.0
0.4560219978922004 	 0.0
0.4570219978922004 	 0.0
0.4580219978922004 	 0.0
0.4590219978922004 	 0.0
0.4600219978922004 	 0.0
0.4610219978922004 	 0.0
0.4620219978922004 	 0.0
0.4630219978922004 	 0.0
0.4640219978922004 	 0.0
0.4650219978922004 	 0.0
0.4660219978922004 	 0.0
0.4670219978922004 	 0.0
0.4680219978922004 	 0.0
0.4690219978922004 	 0.0
0.4700219978922004 	 0.0
0.4710219978922004 	 0.0
0.4720219978922004 	 0.0
0.4730219978922004 	 0.0
0.4740219978922004 	 0.0
0.4750219978922004 	 0.0
0.4760219978922004 	 0.0
0.4770219978922004 	 0.0
0.4780219978922004 	 0.0
0.4790219978922004 	 0.0
0.4800219978922004 	 0.0
0.4810219978922004 	 0.0
0.4820219978922004 	 0.0
0.4830219978922004 	 0.0
0.4840219978922004 	 0.0
0.4850219978922004 	 0.0
0.4860219978922004 	 0.0
0.4870219978922004 	 0.0
0.4880219978922004 	 0.0
0.4890219978922004 	 0.0
0.4900219978922004 	 0.0
0.4910219978922004 	 0.0
0.4920219978922004 	 0.0
0.4930219978922004 	 0.0
0.4940219978922004 	 0.0
0.4950219978922004 	 0.0
0.4960219978922004 	 0.0
0.4970219978922004 	 0.0
0.4980219978922004 	 0.0
0.4990219978922004 	 0.0
0.5000219978922004 	 0.0
0.5010219978922004 	 0.0
0.5020219978922004 	 0.0
0.5030219978922004 	 0.0
0.5040219978922004 	 0.0
0.5050219978922004 	 0.0
0.5060219978922004 	 0.0
0.5070219978922004 	 0.0
0.5080219978922004 	 0.0
0.5090219978922004 	 0.0
0.5100219978922004 	 0.0
0.5110219978922004 	 0.0
0.5120219978922004 	 0.0
0.5130219978922004 	 0.0
0.5140219978922004 	 0.0
0.5150219978922004 	 0.0
0.5160219978922004 	 0.0
0.5170219978922004 	 0.0
0.5180219978922004 	 0.0
0.5190219978922004 	 0.0
0.5200219978922004 	 0.0
0.5210219978922004 	 0.0
0.5220219978922004 	 0.0
0.5230219978922004 	 0.0
0.5240219978922004 	 0.0
0.5250219978922004 	 0.0
0.5260219978922004 	 0.0
0.5270219978922004 	 0.0
0.5280219978922004 	 0.0
0.5290219978922004 	 0.0
0.5300219978922004 	 0.0
0.5310219978922004 	 0.0
0.5320219978922004 	 0.0
0.5330219978922004 	 0.0
0.5340219978922004 	 0.0
0.5350219978922004 	 0.0
0.5360219978922004 	 0.0
0.5370219978922004 	 0.0
0.5380219978922004 	 0.0
0.5390219978922004 	 0.0
0.5400219978922004 	 0.0
0.5410219978922004 	 0.0
0.5420219978922004 	 0.0
0.5430219978922004 	 0.0
0.5440219978922004 	 0.0
0.5450219978922004 	 0.0
0.5460219978922004 	 0.0
0.5470219978922004 	 0.0
0.5480219978922004 	 0.0
0.5490219978922004 	 0.0
0.5500219978922004 	 0.0
0.5510219978922004 	 0.0
0.5520219978922004 	 0.0
0.5530219978922004 	 0.0
0.5540219978922004 	 0.0
0.5550219978922004 	 0.0
0.5560219978922004 	 0.0
0.5570219978922004 	 0.0
0.5580219978922004 	 0.0
0.5590219978922004 	 0.0
0.5600219978922004 	 0.0
0.5610219978922004 	 0.0
0.5620219978922004 	 0.0
0.5630219978922004 	 0.0
0.5640219978922004 	 0.0
0.5650219978922004 	 0.0
0.5660219978922004 	 0.0
0.5670219978922004 	 0.0
0.5680219978922004 	 0.0
0.5690219978922004 	 0.0
0.5700219978922004 	 0.0
0.5710219978922004 	 0.0
0.5720219978922004 	 0.0
0.5730219978922004 	 0.0
0.5740219978922004 	 0.0
0.5750219978922004 	 0.0
0.5760219978922004 	 0.0
0.5770219978922004 	 0.0
0.5780219978922004 	 0.0
0.5790219978922004 	 0.0
0.5800219978922004 	 0.0
0.5810219978922004 	 0.0
0.5820219978922004 	 0.0
0.5830219978922004 	 0.0
0.5840219978922004 	 0.0
0.5850219978922004 	 0.0
0.5860219978922004 	 0.0
0.5870219978922004 	 0.0
0.5880219978922004 	 0.0
0.5890219978922004 	 0.0
0.5900219978922004 	 0.0
0.5910219978922004 	 0.0
0.5920219978922004 	 0.0
0.5930219978922004 	 0.0
0.5940219978922004 	 0.0
0.5950219978922004 	 0.0
0.5960219978922005 	 0.0
0.5970219978922005 	 0.0
0.5980219978922005 	 0.0
0.5990219978922005 	 0.0
0.6000219978922005 	 0.0
0.6010219978922005 	 0.0
0.6020219978922005 	 0.0
0.6030219978922005 	 0.0
0.6040219978922005 	 0.0
0.6050219978922005 	 0.0
0.6060219978922005 	 0.0
0.6070219978922005 	 0.0
0.6080219978922005 	 0.0
0.6090219978922005 	 0.0
0.6100219978922005 	 0.0
0.6110219978922005 	 0.0
0.6120219978922005 	 0.0
0.6130219978922005 	 0.0
0.6140219978922005 	 0.0
0.6150219978922005 	 0.0
0.6160219978922005 	 0.0
0.6170219978922005 	 0.0
0.6180219978922005 	 0.0
0.6190219978922005 	 0.0
0.6200219978922005 	 0.0
0.6210219978922005 	 0.0
0.6220219978922005 	 0.0
0.6230219978922005 	 0.0
0.6240219978922005 	 0.0
0.6250219978922005 	 0.0
0.6260219978922005 	 0.0
0.6270219978922005 	 0.0
0.6280219978922005 	 0.0
0.6290219978922005 	 0.0
0.6300219978922005 	 0.0
0.6310219978922005 	 0.0
0.6320219978922005 	 0.0
0.6330219978922005 	 0.0
0.6340219978922005 	 0.0
0.6350219978922005 	 0.0
0.6360219978922005 	 0.0
0.6370219978922005 	 0.0
0.6380219978922005 	 0.0
0.6390219978922005 	 0.0
0.6400219978922005 	 0.0
0.6410219978922005 	 0.0
0.6420219978922005 	 0.0
0.6430219978922005 	 0.0
0.6440219978922005 	 0.0
0.6450219978922005 	 0.0
0.6460219978922005 	 0.0
0.6470219978922005 	 0.0
0.6480219978922005 	 0.0
0.6490219978922005 	 0.0
0.6500219978922005 	 0.0
0.6510219978922005 	 0.0
0.6520219978922005 	 0.0
0.6530219978922005 	 0.0
0.6540219978922005 	 0.0
0.6550219978922005 	 0.0
0.6560219978922005 	 0.0
0.6570219978922005 	 0.0
0.6580219978922005 	 0.0
0.6590219978922005 	 0.0
0.6600219978922005 	 0.0
0.6610219978922005 	 0.0
0.6620219978922005 	 0.0
0.6630219978922005 	 0.0
0.6640219978922005 	 0.0
0.6650219978922005 	 0.0
0.6660219978922005 	 0.0
0.6670219978922005 	 0.0
0.6680219978922005 	 0.0
0.6690219978922005 	 0.0
0.6700219978922005 	 0.0
0.6710219978922005 	 0.0
0.6720219978922005 	 0.0
0.6730219978922005 	 0.0
0.6740219978922005 	 0.0
0.6750219978922005 	 0.0
0.6760219978922005 	 0.0
0.6770219978922005 	 0.0
0.6780219978922005 	 0.0
0.6790219978922005 	 0.0
0.6800219978922005 	 0.0
0.6810219978922005 	 0.0
0.6820219978922005 	 0.0
0.6830219978922005 	 0.0
0.6840219978922005 	 0.0
0.6850219978922005 	 0.0
0.6860219978922005 	 0.0
0.6870219978922005 	 0.0
0.6880219978922005 	 0.0
0.6890219978922005 	 0.0
0.6900219978922005 	 0.0
0.6910219978922005 	 0.0
0.6920219978922005 	 0.0
0.6930219978922005 	 0.0
0.6940219978922005 	 0.0
0.6950219978922005 	 0.0
0.6960219978922005 	 0.0
0.6970219978922005 	 0.0
0.6980219978922005 	 0.0
0.6990219978922005 	 0.0
0.7000219978922005 	 0.0
0.7010219978922005 	 0.0
0.7020219978922005 	 0.0
0.7030219978922005 	 0.0
0.7040219978922005 	 0.0
0.7050219978922005 	 0.0
0.7060219978922005 	 0.0
0.7070219978922005 	 0.0
0.7080219978922005 	 0.0
0.7090219978922006 	 0.0
0.7100219978922006 	 0.0
0.7110219978922006 	 0.0
0.7120219978922006 	 0.0
0.7130219978922006 	 0.0
0.7140219978922006 	 0.0
0.7150219978922006 	 0.0
0.7160219978922006 	 0.0
0.7170219978922006 	 0.0
0.7180219978922006 	 0.0
0.7190219978922006 	 0.0
0.7200219978922006 	 0.0
0.7210219978922006 	 0.0
0.7220219978922006 	 0.0
0.7230219978922006 	 0.0
0.7240219978922006 	 0.0
0.7250219978922006 	 0.0
0.7260219978922006 	 0.0
0.7270219978922006 	 0.0
0.7280219978922006 	 0.0
0.7290219978922006 	 0.0
0.7300219978922006 	 0.0
0.7310219978922006 	 0.0
0.7320219978922006 	 0.0
0.7330219978922006 	 0.0
0.7340219978922006 	 0.0
0.7350219978922006 	 0.0
0.7360219978922006 	 0.0
0.7370219978922006 	 0.0
0.7380219978922006 	 0.0
0.7390219978922006 	 0.0
0.7400219978922006 	 0.0
0.7410219978922006 	 0.0
0.7420219978922006 	 0.0
0.7430219978922006 	 0.0
0.7440219978922006 	 0.0
0.7450219978922006 	 0.0
0.7460219978922006 	 0.0
0.7470219978922006 	 0.0
0.7480219978922006 	 0.0
0.7490219978922006 	 0.0
0.7500219978922006 	 0.0
0.7510219978922006 	 0.0
0.7520219978922006 	 0.0
0.7530219978922006 	 0.0
0.7540219978922006 	 0.0
0.7550219978922006 	 0.0
0.7560219978922006 	 0.0
0.7570219978922006 	 0.0
0.7580219978922006 	 0.0
0.7590219978922006 	 0.0
0.7600219978922006 	 0.0
0.7610219978922006 	 0.0
0.7620219978922006 	 0.0
0.7630219978922006 	 0.0
0.7640219978922006 	 0.0
0.7650219978922006 	 0.0
0.7660219978922006 	 0.0
0.7670219978922006 	 0.0
0.7680219978922006 	 0.0
0.7690219978922006 	 0.0
0.7700219978922006 	 0.0
0.7710219978922006 	 0.0
0.7720219978922006 	 0.0
0.7730219978922006 	 0.0
0.7740219978922006 	 0.0
0.7750219978922006 	 0.0
0.7760219978922006 	 0.0
0.7770219978922006 	 0.0
0.7780219978922006 	 0.0
0.7790219978922006 	 0.0
0.7800219978922006 	 0.0
0.7810219978922006 	 0.0
0.7820219978922006 	 0.0
0.7830219978922006 	 0.0
0.7840219978922006 	 0.0
0.7850219978922006 	 0.0
0.7860219978922006 	 0.0
0.7870219978922006 	 0.0
0.7880219978922006 	 0.0
0.7890219978922006 	 0.0
0.7900219978922006 	 0.0
0.7910219978922006 	 0.0
0.7920219978922006 	 0.0
0.7930219978922006 	 0.0
0.7940219978922006 	 0.0
0.7950219978922006 	 0.0
0.7960219978922006 	 0.0
0.7970219978922006 	 0.0
0.7980219978922006 	 0.0
0.7990219978922006 	 0.0
0.8000219978922006 	 0.0
0.8010219978922006 	 0.0
0.8020219978922006 	 0.0
0.8030219978922006 	 0.0
0.8040219978922006 	 0.0
0.8050219978922006 	 0.0
0.8060219978922006 	 0.0
0.8070219978922006 	 0.0
0.8080219978922006 	 0.0
0.8090219978922006 	 0.0
0.8100219978922006 	 0.0
0.8110219978922006 	 0.0
0.8120219978922006 	 0.0
0.8130219978922006 	 0.0
0.8140219978922006 	 0.0
0.8150219978922006 	 0.0
0.8160219978922006 	 0.0
0.8170219978922006 	 0.0
0.8180219978922006 	 0.0
0.8190219978922006 	 0.0
0.8200219978922006 	 0.0
0.8210219978922007 	 0.0
0.8220219978922007 	 0.0
0.8230219978922007 	 0.0
0.8240219978922007 	 0.0
0.8250219978922007 	 0.0
0.8260219978922007 	 0.0
0.8270219978922007 	 0.0
0.8280219978922007 	 0.0
0.8290219978922007 	 0.0
0.8300219978922007 	 0.0
0.8310219978922007 	 0.0
0.8320219978922007 	 0.0
0.8330219978922007 	 0.0
0.8340219978922007 	 0.0
0.8350219978922007 	 0.0
0.8360219978922007 	 0.0
0.8370219978922007 	 0.0
0.8380219978922007 	 0.0
0.8390219978922007 	 0.0
0.8400219978922007 	 0.0
0.8410219978922007 	 0.0
0.8420219978922007 	 0.0
0.8430219978922007 	 0.0
0.8440219978922007 	 0.0
0.8450219978922007 	 0.0
0.8460219978922007 	 0.0
0.8470219978922007 	 0.0
0.8480219978922007 	 0.0
0.8490219978922007 	 0.0
0.8500219978922007 	 0.0
0.8510219978922007 	 0.0
0.8520219978922007 	 0.0
0.8530219978922007 	 0.0
0.8540219978922007 	 0.0
0.8550219978922007 	 0.0
0.8560219978922007 	 0.0
0.8570219978922007 	 0.0
0.8580219978922007 	 0.0
0.8590219978922007 	 0.0
0.8600219978922007 	 0.0
0.8610219978922007 	 0.0
0.8620219978922007 	 0.0
0.8630219978922007 	 0.0
0.8640219978922007 	 0.0
0.8650219978922007 	 0.0
0.8660219978922007 	 0.0
0.8670219978922007 	 0.0
0.8680219978922007 	 0.0
0.8690219978922007 	 0.0
0.8700219978922007 	 0.0
0.8710219978922007 	 0.0
0.8720219978922007 	 0.0
0.8730219978922007 	 0.0
0.8740219978922007 	 0.0
0.8750219978922007 	 0.0
0.8760219978922007 	 0.0
0.8770219978922007 	 0.0
0.8780219978922007 	 0.0
0.8790219978922007 	 0.0
0.8800219978922007 	 0.0
0.8810219978922007 	 0.0
0.8820219978922007 	 0.0
0.8830219978922007 	 0.0
0.8840219978922007 	 0.0
0.8850219978922007 	 0.0
0.8860219978922007 	 0.0
0.8870219978922007 	 0.0
0.8880219978922007 	 0.0
0.8890219978922007 	 0.0
0.8900219978922007 	 0.0
0.8910219978922007 	 0.0
0.8920219978922007 	 0.0
0.8930219978922007 	 0.0
0.8940219978922007 	 0.0
0.8950219978922007 	 0.0
0.8960219978922007 	 0.0
0.8970219978922007 	 0.0
0.8980219978922007 	 0.0
0.8990219978922007 	 0.0
0.9000219978922007 	 0.0
0.9010219978922007 	 0.0
0.9020219978922007 	 0.0
0.9030219978922007 	 0.0
0.9040219978922007 	 0.0
0.9050219978922007 	 0.0
0.9060219978922007 	 0.0
0.9070219978922007 	 0.0
0.9080219978922007 	 0.0
0.9090219978922007 	 0.0
0.9100219978922007 	 0.0
0.9110219978922007 	 0.0
0.9120219978922007 	 0.0
0.9130219978922007 	 0.0
0.9140219978922007 	 0.0
0.9150219978922007 	 0.0
0.9160219978922007 	 0.0
0.9170219978922007 	 0.0
0.9180219978922007 	 0.0
0.9190219978922007 	 0.0
0.9200219978922007 	 0.0
0.9210219978922007 	 0.0
0.9220219978922007 	 0.0
0.9230219978922007 	 0.0
0.9240219978922007 	 0.0
0.9250219978922007 	 0.0
0.9260219978922007 	 0.0
0.9270219978922007 	 0.0
0.9280219978922007 	 0.0
0.9290219978922007 	 0.0
0.9300219978922007 	 0.0
0.9310219978922007 	 0.0
0.9320219978922007 	 0.0
0.9330219978922007 	 0.0
0.9340219978922008 	 0.0
0.9350219978922008 	 0.0
0.9360219978922008 	 0.0
0.9370219978922008 	 0.0
0.9380219978922008 	 0.0
0.9390219978922008 	 0.0
0.9400219978922008 	 0.0
0.9410219978922008 	 0.0
0.9420219978922008 	 0.0
0.9430219978922008 	 0.0
0.9440219978922008 	 0.0
0.9450219978922008 	 0.0
0.9460219978922008 	 0.0
0.9470219978922008 	 0.0
0.9480219978922008 	 0.0
0.9490219978922008 	 0.0
0.9500219978922008 	 0.0
0.9510219978922008 	 0.0
0.9520219978922008 	 0.0
0.9530219978922008 	 0.0
0.9540219978922008 	 0.0
0.9550219978922008 	 0.0
0.9560219978922008 	 0.0
0.9570219978922008 	 0.0
0.9580219978922008 	 0.0
0.9590219978922008 	 0.0
0.9600219978922008 	 0.0
0.9610219978922008 	 0.0
0.9620219978922008 	 0.0
0.9630219978922008 	 0.0
0.9640219978922008 	 0.0
0.9650219978922008 	 0.0
0.9660219978922008 	 0.0
0.9670219978922008 	 0.0
0.9680219978922008 	 0.0
0.9690219978922008 	 0.0
0.9700219978922008 	 0.0
0.9710219978922008 	 0.0
0.9720219978922008 	 0.0
0.9730219978922008 	 0.0
0.9740219978922008 	 0.0
0.9750219978922008 	 0.0
0.9760219978922008 	 0.0
0.9770219978922008 	 0.0
0.9780219978922008 	 0.0
0.9790219978922008 	 0.0
0.9800219978922008 	 0.0
0.9810219978922008 	 0.0
0.9820219978922008 	 0.0
0.9830219978922008 	 0.0
0.9840219978922008 	 0.0
0.9850219978922008 	 0.0
0.9860219978922008 	 0.0
0.9870219978922008 	 0.0
0.9880219978922008 	 0.0
0.9890219978922008 	 0.0
0.9900219978922008 	 0.0
0.9910219978922008 	 0.0
0.9920219978922008 	 0.0
0.9930219978922008 	 0.0
0.9940219978922008 	 0.0
0.9950219978922008 	 0.0
0.9960219978922008 	 0.0
0.9970219978922008 	 0.0
0.9980219978922008 	 0.0
0.9990219978922008 	 0.0
1.0000219978922007 	 0.0
1.0010219978922006 	 0.0
1.0020219978922005 	 0.0
1.0030219978922004 	 0.0
1.0040219978922003 	 0.0
1.0050219978922001 	 0.0
1.0060219978922 	 0.0
1.0070219978922 	 0.0
1.0080219978921998 	 0.0
1.0090219978921997 	 0.0
1.0100219978921996 	 0.0
1.0110219978921995 	 0.0
1.0120219978921994 	 0.0
1.0130219978921993 	 0.0
1.0140219978921992 	 0.0
1.015021997892199 	 0.0
1.016021997892199 	 0.0
1.0170219978921988 	 0.0
1.0180219978921987 	 0.0
1.0190219978921986 	 0.0
1.0200219978921985 	 0.0
1.0210219978921984 	 0.0
1.0220219978921983 	 0.0
1.0230219978921982 	 0.0
1.024021997892198 	 0.0
1.025021997892198 	 0.0
1.0260219978921978 	 0.0
1.0270219978921977 	 0.0
1.0280219978921976 	 0.0
1.0290219978921975 	 0.0
1.0300219978921974 	 0.0
1.0310219978921973 	 0.0
1.0320219978921972 	 0.0
1.033021997892197 	 0.0
1.034021997892197 	 0.0
1.0350219978921968 	 0.0
1.0360219978921967 	 0.0
1.0370219978921966 	 0.0
1.0380219978921965 	 0.0
1.0390219978921964 	 0.0
1.0400219978921963 	 0.0
1.0410219978921962 	 0.0
1.042021997892196 	 0.0
1.043021997892196 	 0.0
1.0440219978921959 	 0.0
1.0450219978921957 	 0.0
1.0460219978921956 	 0.0
1.0470219978921955 	 0.0
1.0480219978921954 	 0.0
1.0490219978921953 	 0.0
1.0500219978921952 	 0.0
1.051021997892195 	 0.0
1.052021997892195 	 0.0
1.0530219978921949 	 0.0
1.0540219978921948 	 0.0
1.0550219978921946 	 0.0
1.0560219978921945 	 0.0
1.0570219978921944 	 0.0
1.0580219978921943 	 0.0
1.0590219978921942 	 0.0
1.060021997892194 	 0.0
1.061021997892194 	 0.0
1.0620219978921939 	 6.674198711721295e-09
1.0630219978921938 	 1.0044480532442651e-07
1.0640219978921936 	 2.7475462937955457e-07
1.0650219978921935 	 5.216105157480013e-07
1.0660219978921934 	 8.382132697395154e-07
1.0670219978921933 	 1.2232464131885905e-06
1.0680219978921932 	 1.676032189124978e-06
1.069021997892193 	 2.1962536857691488e-06
1.070021997892193 	 2.7837571083650367e-06
1.0710219978921929 	 3.4385441126910956e-06
1.0720219978921928 	 4.160670610304167e-06
1.0730219978921927 	 4.950255330653756e-06
1.0740219978921925 	 5.807454374112861e-06
1.0750219978921924 	 6.732450638870527e-06
1.0760219978921923 	 7.725451266716098e-06
1.0770219978921922 	 8.786664980656074e-06
1.078021997892192 	 9.916326027765536e-06
1.079021997892192 	 1.1114673876891823e-05
1.0800219978921919 	 1.2381960940151243e-05
1.0810219978921918 	 1.3718426622527749e-05
1.0820219978921917 	 1.5124300514740438e-05
1.0830219978921916 	 1.6599797774509293e-05
1.0840219978921914 	 1.8145108168022855e-05
1.0850219978921913 	 1.9760432086928005e-05
1.0860219978921912 	 2.1445926053746784e-05
1.0870219978921911 	 2.320177072035916e-05
1.088021997892191 	 2.5028246482785945e-05
1.089021997892191 	 2.6925634685437385e-05
1.0900219978921908 	 2.8894190434497796e-05
1.0910219978921907 	 3.093417759869709e-05
1.0920219978921906 	 3.304583104087287e-05
1.0930219978921905 	 3.52293826399273e-05
1.0940219978921903 	 3.748501646117189e-05
1.0950219978921902 	 3.98129606669007e-05
1.0960219978921901 	 4.221341905134316e-05
1.09702199789219 	 4.4686580288004374e-05
1.09802199789219 	 4.723263796449647e-05
1.0990219978921898 	 4.98517992364368e-05
1.1000219978921897 	 5.2544213200111344e-05
1.1010219978921896 	 5.531009085804372e-05
1.1020219978921895 	 5.814962655451818e-05
1.1030219978921894 	 6.106308486205844e-05
1.1040219978921892 	 6.405072154685431e-05
1.1050219978921891 	 6.711279093233753e-05
1.106021997892189 	 7.024957733161854e-05
1.107021997892189 	 7.346131459515527e-05
1.1080219978921888 	 7.674810318503727e-05
1.1090219978921887 	 8.010998315780913e-05
1.1100219978921886 	 8.354695048168773e-05
1.1110219978921885 	 8.705905163773636e-05
1.1120219978921884 	 9.064652890435297e-05
1.1130219978921883 	 9.430971538961653e-05
1.1140219978921881 	 9.804889004697597e-05
1.115021997892188 	 0.00010186431871307226
1.116021997892188 	 0.00010575623199329172
1.1170219978921878 	 0.00010972491562642212
1.1180219978921877 	 0.00011377064362511593
1.1190219978921876 	 0.00011789368950443463
1.1200219978921875 	 0.00012209436207604986
1.1210219978921874 	 0.0001263728874567266
1.1220219978921873 	 0.0001307293495443567
1.1230219978921872 	 0.00013516370130656937
1.124021997892187 	 0.00013967592773635437
1.125021997892187 	 0.0001442659281424614
1.1260219978921868 	 0.00014893361136426004
1.1270219978921867 	 0.00015367882876802453
1.1280219978921866 	 0.00015850160942775305
1.1290219978921865 	 0.00016340264204984888
1.1300219978921864 	 0.00016838291245578876
1.1310219978921863 	 0.00017344326048573898
1.1320219978921862 	 0.00017858398606304665
1.133021997892186 	 0.00018380517428779805
1.134021997892186 	 0.0001891069362400882
1.1350219978921858 	 0.00019448675829917037
1.1360219978921857 	 0.00019994993710936658
1.1370219978921856 	 0.00020549387477941067
1.1380219978921855 	 0.00021111860659716033
1.1390219978921854 	 0.0002168242549998321
1.1400219978921853 	 0.00022261097694059527
1.1410219978921852 	 0.00022847895843546584
1.142021997892185 	 0.00023442820708274812
1.143021997892185 	 0.00024045872970199865
1.1440219978921848 	 0.0002465705475194312
1.1450219978921847 	 0.0002527639154236742
1.1460219978921846 	 0.000259039107134886
1.1470219978921845 	 0.0002653964653078246
1.1480219978921844 	 0.00027183629927301475
1.1490219978921843 	 0.0002783589308042921
1.1500219978921842 	 0.00028496474201301
1.151021997892184 	 0.00029165403819546065
1.152021997892184 	 0.00029842704997080796
1.1530219978921838 	 0.0003052839530171054
1.1540219978921837 	 0.0003122249474393363
1.1550219978921836 	 0.0003192501952124709
1.1560219978921835 	 0.0003263598685147493
1.1570219978921834 	 0.0003335541678720832
1.1580219978921833 	 0.0003408332460133737
1.1590219978921832 	 0.00034819731011817416
1.160021997892183 	 0.0003556465083400445
1.161021997892183 	 0.0003631809920404541
1.1620219978921829 	 0.00037080075512014275
1.1630219978921827 	 0.000378505736964085
1.1640219978921826 	 0.00038629607000791695
1.1650219978921825 	 0.000394172029608057
1.1660219978921824 	 0.0004021340705073828
1.1670219978921823 	 0.000410182643849917
1.1680219978921822 	 0.0004183182200531843
1.169021997892182 	 0.00042654133665754213
1.170021997892182 	 0.00043485249431716685
1.1710219978921819 	 0.00044325216137832606
1.1720219978921818 	 0.00045174043410927127
1.1730219978921816 	 0.0004603173403937072
1.1740219978921815 	 0.000468982867349718
1.1750219978921814 	 0.00047773698118262206
1.1760219978921813 	 0.00048657967931015924
1.1770219978921812 	 0.0004955108862399063
1.178021997892181 	 0.0005045305194001781
1.179021997892181 	 0.0005136385250133279
1.1800219978921809 	 0.0005228347917534645
1.1810219978921808 	 0.0005321194357529432
1.1820219978921807 	 0.0005414932991425937
1.1830219978921805 	 0.0005509575056360145
1.1840219978921804 	 0.0005605132989315349
1.1850219978921803 	 0.0005701619026158163
1.1860219978921802 	 0.0005799046353397116
1.18702199789218 	 0.0005897422624343945
1.18802199789218 	 0.0005996733411025071
1.1890219978921799 	 0.0006096969040877546
1.1900219978921798 	 0.0006198129245830416
1.1910219978921797 	 0.0006300214461878779
1.1920219978921796 	 0.0006403225417592859
1.1930219978921794 	 0.000650716287416924
1.1940219978921793 	 0.0006612027993887157
1.1950219978921792 	 0.0006717821402033002
1.1960219978921791 	 0.0006824543701487373
1.197021997892179 	 0.0006932195686593555
1.198021997892179 	 0.0007040777816199344
1.1990219978921788 	 0.0007150290736984186
1.2000219978921787 	 0.0007260734710838492
1.2010219978921786 	 0.0007372112579442035
1.2020219978921785 	 0.000748443689359804
1.2030219978921783 	 0.0007597722740335824
1.2040219978921782 	 0.0007711985814363876
1.2050219978921781 	 0.0007827240145289715
1.206021997892178 	 0.000794348910210981
1.207021997892178 	 0.0008060734019310968
1.2080219978921778 	 0.0008178975761186133
1.2090219978921777 	 0.000829821523502264
1.2100219978921776 	 0.0008418453396292783
1.2110219978921775 	 0.0008539691881154704
1.2120219978921773 	 0.0008661936204328137
1.2130219978921772 	 0.0008785193163758538
1.2140219978921771 	 0.0008909463629229842
1.215021997892177 	 0.0009034743047460537
1.216021997892177 	 0.0009161026564158551
1.2170219978921768 	 0.0009288308695941595
1.2180219978921767 	 0.0009416583852471218
1.2190219978921766 	 0.0009545845811764298
1.2200219978921765 	 0.000967608792287581
1.2210219978921764 	 0.0009807309425500898
1.2220219978921762 	 0.000993953093513518
1.2230219978921761 	 0.0010072779163053393
1.224021997892176 	 0.0010207082155913047
1.225021997892176 	 0.001034246888282584
1.2260219978921758 	 0.0010478961371204994
1.2270219978921757 	 0.0010616552967403206
1.2280219978921756 	 0.0010755229163634966
1.2290219978921755 	 0.001089497465730777
1.2300219978921754 	 0.0011035773660510847
1.2310219978921753 	 0.0011177613871306065
1.2320219978921751 	 0.0011320500617364886
1.233021997892175 	 0.0011464443255105906
1.234021997892175 	 0.0011609451526650232
1.2350219978921748 	 0.001175553545475526
1.2360219978921747 	 0.0011902705344882846
1.2370219978921746 	 0.0012050971787009872
1.2380219978921745 	 0.0012200345079090632
1.2390219978921744 	 0.0012350823629412705
1.2400219978921743 	 0.0012502394048551793
1.2410219978921742 	 0.001265504472275445
1.242021997892174 	 0.001280877440734412
1.243021997892174 	 0.001296358431112742
1.2440219978921738 	 0.001311947559290947
1.2450219978921737 	 0.0013276449355559643
1.2460219978921736 	 0.0013434506645541952
1.2470219978921735 	 0.0013593653599050955
1.2480219978921734 	 0.0013753915937672835
1.2490219978921733 	 0.0013915324826245742
1.2500219978921732 	 0.0014077912451096193
1.251021997892173 	 0.0014241706124647337
1.252021997892173 	 0.0014406711684000083
1.2530219978921728 	 0.0014572929833933522
1.2540219978921727 	 0.0014740360916651765
1.2550219978921726 	 0.0014909005331283484
1.2560219978921725 	 0.0015078863246852869
1.2570219978921724 	 0.0015249934670707576
1.2580219978921723 	 0.001542221944758061
1.2590219978921722 	 0.0015595717259354513
1.260021997892172 	 0.0015770427621837086
1.261021997892172 	 0.001594633385162588
1.2620219978921718 	 0.0016123358009847587
1.2630219978921717 	 0.001630140901789121
1.2640219978921716 	 0.001648047405140743
1.2650219978921715 	 0.0016660617339235662
1.2660219978921714 	 0.001684190830715033
1.2670219978921713 	 0.0017024408704876756
1.2680219978921712 	 0.001720814476002815
1.269021997892171 	 0.0017393134590623618
1.270021997892171 	 0.0017579396762568019
1.2710219978921709 	 0.0017766946891328963
1.2720219978921707 	 0.001795578811258974
1.2730219978921706 	 0.0018145920521146712
1.2740219978921705 	 0.0018337344067010108
1.2750219978921704 	 0.0018530058542930536
1.2760219978921703 	 0.0018724063581866026
1.2770219978921702 	 0.0018919358655226323
1.27802199789217 	 0.0019115943071270566
1.27902199789217 	 0.0019313815976290452
1.2800219978921699 	 0.0019512976353070607
1.2810219978921698 	 0.0019713421437008985
1.2820219978921696 	 0.0019915142105573704
1.2830219978921695 	 0.002011812804413026
1.2840219978921694 	 0.0020322367958994785
1.2850219978921693 	 0.002052785030500417
1.2860219978921692 	 0.0020734563095932248
1.287021997892169 	 0.002094252436889835
1.288021997892169 	 0.0021151861310599856
1.2890219978921689 	 0.0021362601543314817
1.2900219978921688 	 0.0021574649428883212
1.2910219978921686 	 0.0021787924889930337
1.2920219978921685 	 0.0022002433765567365
1.2930219978921684 	 0.002221820285710572
1.2940219978921683 	 0.002243525966754019
1.2950219978921682 	 0.0022653632394436275
1.296021997892168 	 0.0022873349929262493
1.297021997892168 	 0.0023094441854657486
1.2980219978921679 	 0.0023316938452422617
1.2990219978921678 	 0.0023540870694558915
1.3000219978921677 	 0.0023766270156001354
1.3010219978921675 	 0.0023993153428892625
1.3020219978921674 	 0.0024221477920567426
1.3030219978921673 	 0.002445118573341493
1.3040219978921672 	 0.0024682217278800263
1.305021997892167 	 0.0024914511266418836
1.306021997892167 	 0.0025148025509928924
1.3070219978921669 	 0.0025382795091707937
1.3080219978921668 	 0.002561887445850074
1.3090219978921667 	 0.0025856319430943918
1.3100219978921666 	 0.002609518719894695
1.3110219978921664 	 0.0026335516526286695
1.3120219978921663 	 0.0026577272419791276
1.3130219978921662 	 0.002682040364111013
1.3140219978921661 	 0.0027064906872524925
1.315021997892166 	 0.0027310825495650893
1.316021997892166 	 0.0027558205733587745
1.3170219978921658 	 0.002780709483997371
1.3180219978921657 	 0.0028057541121354595
1.3190219978921656 	 0.0028309593939093015
1.3200219978921655 	 0.002856330372054605
1.3210219978921653 	 0.0028818694969027243
1.3220219978921652 	 0.0029075690877398076
1.3230219978921651 	 0.002933418856073058
1.324021997892165 	 0.0029594082475728053
1.325021997892165 	 0.0029855264437693343
1.3260219978921648 	 0.003011762361793745
1.3270219978921647 	 0.003038104654459817
1.3280219978921646 	 0.003064550316293815
1.3290219978921645 	 0.0030911285811174144
1.3300219978921644 	 0.0031178770218032027
1.3310219978921642 	 0.0031448250905692114
1.3320219978921641 	 0.00317197019082843
1.333021997892164 	 0.003199303457359212
1.334021997892164 	 0.0032268154162778374
1.3350219978921638 	 0.0032544962443699288
1.3360219978921637 	 0.003282335938483391
1.3370219978921636 	 0.0033103241422078773
1.3380219978921635 	 0.003338450792895804
1.3390219978921634 	 0.0033667163546840487
1.3400219978921633 	 0.0033951315159273542
1.3410219978921631 	 0.003423705779026411
1.342021997892163 	 0.0034524419906544115
1.343021997892163 	 0.0034813414089187407
1.3440219978921628 	 0.0035104053020305836
1.3450219978921627 	 0.003539634955581735
1.3460219978921626 	 0.0035690316703493328
1.3470219978921625 	 0.0035985971346336894
1.3480219978921624 	 0.003628334489419552
1.3490219978921623 	 0.0036582472692728487
1.3500219978921622 	 0.0036883390740994506
1.351021997892162 	 0.0037186137053712804
1.352021997892162 	 0.0037490755336076877
1.3530219978921618 	 0.0037797290918901594
1.3540219978921617 	 0.003810578986725338
1.3550219978921616 	 0.0038416299094834803
1.3560219978921615 	 0.0038728866323809084
1.3570219978921614 	 0.0039043539961647958
1.3580219978921613 	 0.003936036925329142
1.3590219978921612 	 0.003967940434088059
1.360021997892161 	 0.004000069627815412
1.361021997892161 	 0.004032409261987414
1.3620219978921608 	 0.004064866802315377
1.3630219978921607 	 0.004097426199348181
1.3640219978921606 	 0.004130228522747913
1.3650219978921605 	 0.004163275495599085
1.3660219978921604 	 0.00419655948380698
1.3670219978921603 	 0.004230072653541124
1.3680219978921602 	 0.0042638069933755365
1.36902199789216 	 0.004297754320650743
1.37002199789216 	 0.004331906280712718
1.3710219978921598 	 0.0043662569229768735
1.3720219978921597 	 0.004400809861467912
1.3730219978921596 	 0.004435571023379451
1.3740219978921595 	 0.0044705464456735655
1.3750219978921594 	 0.004505742285720264
1.3760219978921593 	 0.00454116481339289
1.3770219978921592 	 0.004576820387198308
1.378021997892159 	 0.004612715479965799
1.379021997892159 	 0.004648856687122373
1.3800219978921588 	 0.004685250727175004
1.3810219978921587 	 0.004721903394085948
1.3820219978921586 	 0.004758816633392727
1.3830219978921585 	 0.004795991456564605
1.3840219978921584 	 0.00483342882304349
1.3850219978921583 	 0.004871129824638061
1.3860219978921582 	 0.004909095417529572
1.387021997892158 	 0.004947326618971618
1.388021997892158 	 0.004985824004355861
1.3890219978921579 	 0.005024579110192912
1.3900219978921577 	 0.005063574706387721
1.3910219978921576 	 0.005102798694045563
1.3920219978921575 	 0.0051422607520088155
1.3930219978921574 	 0.005181975868250773
1.3940219978921573 	 0.0052219592462909485
1.3950219978921572 	 0.005262226298706784
1.396021997892157 	 0.005302790185567553
1.397021997892157 	 0.005343654978630176
1.3980219978921569 	 0.00538482252926726
1.3990219978921568 	 0.005426294584398674
1.4000219978921566 	 0.005467771750018395
1.4010219978921565 	 0.005509864314681891
1.4020219978921564 	 0.005552265834007792
1.4030219978921563 	 0.005594977627703878
1.4040219978921562 	 0.0056380008602375355
1.405021997892156 	 0.005681336530278899
1.406021997892156 	 0.005724985479312317
1.4070219978921559 	 0.005768948428022123
1.4080219978921558 	 0.005813225936239104
1.4090219978921557 	 0.005857818392914225
1.4100219978921555 	 0.005902726021220275
1.4110219978921554 	 0.005947947317360222
1.4120219978921553 	 0.005993474508873852
1.4130219978921552 	 0.00603929848127598
1.414021997892155 	 0.006085414844544207
1.415021997892155 	 0.006131823815151844
1.4160219978921549 	 0.00617852573841671
1.4170219978921548 	 0.0062255209328254246
1.4180219978921547 	 0.006272809705869302
1.4190219978921546 	 0.0063203923749695495
1.4200219978921544 	 0.006368269290374749
1.4210219978921543 	 0.006416440865501004
1.4220219978921542 	 0.0064649076334871046
1.4230219978921541 	 0.006513670277198174
1.424021997892154 	 0.0065627296052609444
1.425021997892154 	 0.006612086556703269
1.4260219978921538 	 0.006661742202731335
1.4270219978921537 	 0.00671169772723447
1.4280219978921536 	 0.00676195446361489
1.4290219978921535 	 0.00681251390851655
1.4300219978921533 	 0.006863377724031296
1.4310219978921532 	 0.006914547762111508
1.4320219978921531 	 0.006966026078825139
1.433021997892153 	 0.007017815159207972
1.434021997892153 	 0.00706991746128001
1.4350219978921528 	 0.007122335657676451
1.4360219978921527 	 0.007175072552350985
1.4370219978921526 	 0.00722813104393768
1.4380219978921525 	 0.007281514405717879
1.4390219978921523 	 0.007335225105014849
1.4400219978921522 	 0.007389263818047839
1.4410219978921521 	 0.007443631176511242
1.442021997892152 	 0.007498327860377613
1.443021997892152 	 0.007553354618148348
1.4440219978921518 	 0.007608712212980897
1.4450219978921517 	 0.007664401413023176
1.4460219978921516 	 0.007720422971966854
1.4470219978921515 	 0.007776777612661067
1.4480219978921514 	 0.007833466028807209
1.4490219978921512 	 0.00789048888083229
1.4500219978921511 	 0.007947846788978965
1.451021997892151 	 0.008005540714261327
1.452021997892151 	 0.00806357303991725
1.4530219978921508 	 0.008121946509444925
1.4540219978921507 	 0.008180663857015701
1.4550219978921506 	 0.008239727794454563
1.4560219978921505 	 0.008299141004136989
1.4570219978921504 	 0.00835890517623605
1.4580219978921503 	 0.008419018372304172
1.4590219978921501 	 0.008479477692319666
1.46002199789215 	 0.008540280096554284
1.46102199789215 	 0.008601422397200308
1.4620219978921498 	 0.008662901249697444
1.4630219978921497 	 0.008724713525579133
1.4640219978921496 	 0.0087868630219628
1.4650219978921495 	 0.00884936022132402
1.4660219978921494 	 0.008912215977434452
1.4670219978921493 	 0.008975441253390804
1.4680219978921492 	 0.009039047125095541
1.469021997892149 	 0.009103044782502548
1.470021997892149 	 0.009167445530173696
1.4710219978921488 	 0.0092322577542082
1.4720219978921487 	 0.009297478492480781
1.4730219978921486 	 0.009363101969047345
1.4740219978921485 	 0.009429122207011134
1.4750219978921484 	 0.009495533019602938
1.4760219978921483 	 0.009562328003960882
1.4770219978921482 	 0.009629500529824149
1.478021997892148 	 0.009697043744397308
1.479021997892148 	 0.009764950479990774
1.4800219978921478 	 0.009833213617139977
1.4810219978921477 	 0.009901825527543115
1.4820219978921476 	 0.009970778424975254
1.4830219978921475 	 0.010040073698749263
1.4840219978921474 	 0.010109748005537817
1.4850219978921473 	 0.01017984690515132
1.4860219978921472 	 0.010250416687154304
1.487021997892147 	 0.010321504349784422
1.488021997892147 	 0.010393155272051398
1.4890219978921468 	 0.010465365870383558
1.4900219978921467 	 0.010538085223702854
1.4910219978921466 	 0.010611223049149932
1.4920219978921465 	 0.01068460054740189
1.4930219978921464 	 0.010758192706252508
1.4940219978921463 	 0.010832018532885491
1.4950219978921462 	 0.010906097326987791
1.496021997892146 	 0.010980448660784924
1.497021997892146 	 0.011055092331115577
1.4980219978921459 	 0.011130048402297843
1.4990219978921457 	 0.011205337218665535
1.5000219978921456 	 0.01128097940395701
1.5010219978921455 	 0.011356995858542444
1.5020219978921454 	 0.011433407758943519
1.5030219978921453 	 0.011510236587090456
1.5040219978921452 	 0.011587504171677794
1.505021997892145 	 0.011665232466329598
1.506021997892145 	 0.011743438348071795
1.5070219978921449 	 0.011822118016013341
1.5080219978921447 	 0.011901246930023495
1.5090219978921446 	 0.011980741063697717
1.5100219978921445 	 0.01206050089307828
1.5110219978921444 	 0.012140457519358943
1.5120219978921443 	 0.012220663093117479
1.5130219978921442 	 0.012301197318019857
1.514021997892144 	 0.012382096998554236
1.515021997892144 	 0.01246335753057241
1.5160219978921439 	 0.01254497247531885
1.5170219978921438 	 0.012626935158501103
1.5180219978921436 	 0.012709238687344075
1.5190219978921435 	 0.012791875954481063
1.5200219978921434 	 0.012874839635978862
1.5210219978921433 	 0.012958122073808335
1.5220219978921432 	 0.013041715178279342
1.523021997892143 	 0.013125610972330703
1.524021997892143 	 0.013209801286709741
1.5250219978921429 	 0.013294277594510151
1.5260219978921428 	 0.013379030765943233
1.5270219978921427 	 0.013464051323454755
1.5280219978921425 	 0.013549330177476998
1.5290219978921424 	 0.013634857987644678
1.5300219978921423 	 0.013720624891629401
1.5310219978921422 	 0.013806622370617137
1.532021997892142 	 0.013892847289139136
1.533021997892142 	 0.013979297737992061
1.5340219978921419 	 0.014065971729734644
1.5350219978921418 	 0.014152867178843774
1.5360219978921417 	 0.014239981906590564
1.5370219978921416 	 0.014327313648841268
1.5380219978921414 	 0.014414859865732146
1.5390219978921413 	 0.014502614169295545
1.5400219978921412 	 0.014590566454590425
1.5410219978921411 	 0.014678706258194368
1.542021997892141 	 0.014767022943696929
1.543021997892141 	 0.014855505745938002
1.5440219978921408 	 0.014944143691455223
1.5450219978921407 	 0.015032925575519
1.5460219978921406 	 0.01512183997431452
1.5470219978921405 	 0.015210879677081872
1.5480219978921403 	 0.015300053841559493
1.5490219978921402 	 0.015389375601765034
1.5500219978921401 	 0.015478836718831962
1.55102199789214 	 0.015568366160095642
1.55202199789214 	 0.015657941611091457
1.5530219978921398 	 0.015747556663137333
1.5540219978921397 	 0.015837204800134473
1.5550219978921396 	 0.015926879370873986
1.5560219978921395 	 0.016016573615573047
1.5570219978921394 	 0.016106280740351447
1.5580219978921392 	 0.016195993843980804
1.5590219978921391 	 0.016285705895700105
1.560021997892139 	 0.01637540973966249
1.561021997892139 	 0.016465098139499493
1.5620219978921388 	 0.01655476392920966
1.5630219978921387 	 0.01664439913437431
1.5640219978921386 	 0.01673397763387797
1.5650219978921385 	 0.016823455848288933
1.5660219978921384 	 0.01691278904699225
1.5670219978921383 	 0.017001932189356993
1.5680219978921381 	 0.017090794678909445
1.569021997892138 	 0.017179291894622663
1.570021997892138 	 0.01726740962901822
1.5710219978921378 	 0.017355123469208047
1.5720219978921377 	 0.0174424556853822
1.5730219978921376 	 0.01752944021160828
1.5740219978921375 	 0.01761611157729677
1.5750219978921374 	 0.01770250551562501
1.5760219978921373 	 0.0177886595871469
1.5770219978921372 	 0.01787461396637547
1.578021997892137 	 0.01796041177549881
1.579021997892137 	 0.018046099663306548
1.5800219978921368 	 0.018131728532702715
1.5810219978921367 	 0.018217354349260317
1.5820219978921366 	 0.018303039014391707
1.5830219978921365 	 0.018388850973205396
1.5840219978921364 	 0.018474865576287827
1.5850219978921363 	 0.018561165036639318
1.5860219978921362 	 0.018647837780086034
1.587021997892136 	 0.01873497696076647
1.588021997892136 	 0.018822613835740756
1.5890219978921358 	 0.018909938981099737
1.5900219978921357 	 0.018996687383211888
1.5910219978921356 	 0.01908295012614824
1.5920219978921355 	 0.01916879264828501
1.5930219978921354 	 0.01925425357253426
1.5940219978921353 	 0.01933934431354151
1.5950219978921352 	 0.01942405158390664
1.596021997892135 	 0.019508343769560253
1.597021997892135 	 0.019592180290811896
1.5980219978921348 	 0.019675521575652576
1.5990219978921347 	 0.019758338260733383
1.6000219978921346 	 0.019840618029239105
1.6010219978921345 	 0.019922349195510322
1.6020219978921344 	 0.02000346573222692
1.6030219978921343 	 0.020083902421474526
1.6040219978921342 	 0.020163609430608263
1.605021997892134 	 0.02024254868173587
1.606021997892134 	 0.020320690295149917
1.6070219978921338 	 0.020398009560473312
1.6080219978921337 	 0.02047448439933037
1.6090219978921336 	 0.020550093075881105
1.6100219978921335 	 0.020624813490432967
1.6110219978921334 	 0.02069863788153396
1.6120219978921333 	 0.020771616273903542
1.6130219978921332 	 0.020843809577773716
1.614021997892133 	 0.020915251222092552
1.615021997892133 	 0.020985948497269997
1.6160219978921329 	 0.021055905872410553
1.6170219978921327 	 0.021125126895101914
1.6180219978921326 	 0.02119361323784772
1.6190219978921325 	 0.02126136569047783
1.6200219978921324 	 0.021328384153669628
1.6210219978921323 	 0.02139466778138967
1.6220219978921322 	 0.02146021491141086
1.623021997892132 	 0.021525023004345653
1.624021997892132 	 0.021589089158539732
1.6250219978921319 	 0.021652410349289164
1.6260219978921318 	 0.02171498347112515
1.6270219978921316 	 0.02177680524827406
1.6280219978921315 	 0.02183787254702988
1.6290219978921314 	 0.021898182536793327
1.6300219978921313 	 0.021957732783099582
1.6310219978921312 	 0.02201650024973799
1.632021997892131 	 0.022074383164915414
1.633021997892131 	 0.022131260876737256
1.6340219978921309 	 0.02218704469321872
1.6350219978921308 	 0.02224176599068324
1.6360219978921307 	 0.022295485122027843
1.6370219978921305 	 0.02234826319513329
1.6380219978921304 	 0.022400161108884473
1.6390219978921303 	 0.022451212665822975
1.6400219978921302 	 0.02250142604642989
1.64102199789213 	 0.022550809388789637
1.64202199789213 	 0.022599371346379755
1.6430219978921299 	 0.022647121219467322
1.6440219978921298 	 0.022694069423377945
1.6450219978921297 	 0.022740227594170652
1.6460219978921296 	 0.022785608436754617
1.6470219978921294 	 0.02283022527700501
1.6480219978921293 	 0.02287409248695514
1.6490219978921292 	 0.02291722558263122
1.650021997892129 	 0.022959641173383546
1.651021997892129 	 0.02300134987419336
1.652021997892129 	 0.02304233679891502
1.6530219978921288 	 0.023082581391353964
1.6540219978921287 	 0.023122063701923205
1.6550219978921286 	 0.02316076436504697
1.6560219978921285 	 0.023198664338468112
1.6570219978921283 	 0.023235744376962776
1.6580219978921282 	 0.02327198534171142
1.6590219978921281 	 0.023307368193067397
1.660021997892128 	 0.02334187386769107
1.661021997892128 	 0.023375514216992712
1.6620219978921278 	 0.023408418722915245
1.6630219978921277 	 0.023440739433139644
1.6640219978921276 	 0.023472544841014128
1.6650219978921275 	 0.02350382399980286
1.6660219978921273 	 0.02353456195032679
1.6670219978921272 	 0.023564742400150638
1.6680219978921271 	 0.023594347913356527
1.669021997892127 	 0.02362335990518725
1.670021997892127 	 0.023651758557034577
1.6710219978921268 	 0.023679527086708816
1.6720219978921267 	 0.023706663647237773
1.6730219978921266 	 0.023733168912553216
1.6740219978921265 	 0.023759042189034747
1.6750219978921264 	 0.023784281382211482
1.6760219978921262 	 0.02380888295242804
1.6770219978921261 	 0.023832841809779407
1.678021997892126 	 0.02385615146224208
1.679021997892126 	 0.02387880409363343
1.6800219978921258 	 0.02390079061000048
1.6810219978921257 	 0.023922100694725473
1.6820219978921256 	 0.02394272288774381
1.6830219978921255 	 0.023962644862177543
1.6840219978921254 	 0.023981853374693874
1.6850219978921253 	 0.024000334315263303
1.6860219978921251 	 0.0240180728164284
1.687021997892125 	 0.02403505337895248
1.688021997892125 	 0.024051260975490436
1.6890219978921248 	 0.02406670123734397
1.6900219978921247 	 0.02408139943317399
1.6910219978921246 	 0.024095373427653503
1.6920219978921245 	 0.02410861099849671
1.6930219978921244 	 0.024121093143225164
1.6940219978921243 	 0.02413280101374762
1.6950219978921242 	 0.02414371595279494
1.696021997892124 	 0.024153819628456877
1.697021997892124 	 0.024163094233599382
1.6980219978921238 	 0.02417152245715102
1.6990219978921237 	 0.02417908752880546
1.7000219978921236 	 0.024185773292581175
1.7010219978921235 	 0.024165965530060732
1.7020219978921234 	 0.024143205749271972
1.7030219978921233 	 0.0241193860759046
1.7040219978921232 	 0.02409451784048737
1.705021997892123 	 0.024068612553211494
1.706021997892123 	 0.024041681666961363
1.7070219978921228 	 0.024013737487003507
1.7080219978921227 	 0.023984791787202628
1.7090219978921226 	 0.023954856719876117
1.7100219978921225 	 0.023923944578786504
1.7110219978921224 	 0.02389206779155002
1.7120219978921223 	 0.023859238912078508
1.7130219978921222 	 0.02382547061306146
1.714021997892122 	 0.023790775678494788
1.715021997892122 	 0.023755166996262282
1.7160219978921218 	 0.02371865755077576
1.7170219978921217 	 0.02368126041567985
1.7180219978921216 	 0.023642988746626695
1.7190219978921215 	 0.023603855774126412
1.7200219978921214 	 0.023563874796477674
1.7210219978921213 	 0.023523059284788785
1.7220219978921212 	 0.02348142242781363
1.723021997892121 	 0.02343897779793186
1.724021997892121 	 0.02339573889568235
1.7250219978921209 	 0.023351719255418183
1.7260219978921207 	 0.02330693243881546
1.7270219978921206 	 0.023261392028492364
1.7280219978921205 	 0.023215111621741228
1.7290219978921204 	 0.02316810482437728
1.7300219978921203 	 0.02312038524470635
1.7310219978921202 	 0.023071966487614764
1.73202199789212 	 0.023022862148783216
1.73302199789212 	 0.022973085809027367
1.7340219978921199 	 0.022922651028766734
1.7350219978921197 	 0.022871571342623992
1.7360219978921196 	 0.02281986025415589
1.7370219978921195 	 0.022767531230717487
1.7380219978921194 	 0.02271459769846081
1.7390219978921193 	 0.02266107303746877
1.7400219978921192 	 0.022606970577025126
1.741021997892119 	 0.022552303591021467
1.742021997892119 	 0.022497085293501213
1.7430219978921189 	 0.022441328834341114
1.7440219978921188 	 0.022385047295070404
1.7450219978921186 	 0.02232825368482736
1.7460219978921185 	 0.02227096093645333
1.7470219978921184 	 0.022213181902723485
1.7480219978921183 	 0.022154929352714164
1.7490219978921182 	 0.02209621596830599
1.750021997892118 	 0.022037054340821965
1.751021997892118 	 0.021977456758016958
1.7520219978921179 	 0.021917436040521668
1.7530219978921178 	 0.02185700427896485
1.7540219978921177 	 0.021796173671486056
1.7550219978921175 	 0.02173495631084715
1.7560219978921174 	 0.021673364181857523
1.7570219978921173 	 0.021611409158925624
1.7580219978921172 	 0.021549103003735217
1.759021997892117 	 0.021486457363044588
1.760021997892117 	 0.021423483766607004
1.7610219978921169 	 0.021360193625210668
1.7620219978921168 	 0.021296598228835867
1.7630219978921167 	 0.02123270874492773
1.7640219978921166 	 0.02116853621678249
1.7650219978921164 	 0.02110409156204475
1.7660219978921163 	 0.02103938557131436
1.7670219978921162 	 0.020974428906859927
1.7680219978921161 	 0.020909232101437403
1.769021997892116 	 0.02084380555721098
1.770021997892116 	 0.02077815954477456
1.7710219978921158 	 0.02071230420227081
1.7720219978921157 	 0.020646249534606278
1.7730219978921156 	 0.0205800054127596
1.7740219978921155 	 0.02051358157318064
1.7750219978921153 	 0.020446987617278443
1.7760219978921152 	 0.02038023301099527
1.7770219978921151 	 0.0203133270844646
1.778021997892115 	 0.020246279031750695
1.779021997892115 	 0.02017909791066709
1.7800219978921148 	 0.02011179264267237
1.7810219978921147 	 0.020044372012839803
1.7820219978921146 	 0.019976844669899695
1.7830219978921145 	 0.019909219126351033
1.7840219978921144 	 0.01984150375864105
1.7850219978921142 	 0.019773706807409763
1.7860219978921141 	 0.01970583637779758
1.787021997892114 	 0.019637900439813578
1.788021997892114 	 0.01956990682876233
1.7890219978921138 	 0.019501863245726975
1.7900219978921137 	 0.019433777258106574
1.7910219978921136 	 0.01936565630020527
1.7920219978921135 	 0.01929750767387164
1.7930219978921134 	 0.01922933854918562
1.7940219978921133 	 0.019161155965191412
1.7950219978921131 	 0.019092966830674143
1.796021997892113 	 0.019024777743263808
1.797021997892113 	 0.018956595717662023
1.7980219978921128 	 0.01888842709472149
1.7990219978921127 	 0.01882027827076552
1.8000219978921126 	 0.018752155516331064
1.8010219978921125 	 0.018684064977168045
1.8020219978921124 	 0.018616012675269668
1.8030219978921123 	 0.01854800450993168
1.8040219978921122 	 0.01848004625883901
1.805021997892112 	 0.018412143579178343
1.806021997892112 	 0.018344302008774807
1.8070219978921118 	 0.01827652696725127
1.8080219978921117 	 0.01820882375720893
1.8090219978921116 	 0.018141197565427394
1.8100219978921115 	 0.018073653464083163
1.8110219978921114 	 0.018006196411984914
1.8120219978921113 	 0.01793883125582423
1.8130219978921112 	 0.01787156273144061
1.814021997892111 	 0.017804395465099362
1.815021997892111 	 0.017737333974781132
1.8160219978921108 	 0.017670382671482045
1.8170219978921107 	 0.01760354586052295
1.8180219978921106 	 0.017536827742867186
1.8190219978921105 	 0.017470232416445106
1.8200219978921104 	 0.017403763877484987
1.8210219978921103 	 0.017337426021848776
1.8220219978921102 	 0.01727122264637202
1.82302199789211 	 0.01720515745020686
1.82402199789211 	 0.017139234036167388
1.8250219978921098 	 0.01707345591207613
1.8260219978921097 	 0.01700782649211128
1.8270219978921096 	 0.016942349098153377
1.8280219978921095 	 0.016877026961131164
1.8290219978921094 	 0.016811863222365397
1.8300219978921093 	 0.01674686093491023
1.8310219978921092 	 0.016682023064891353
1.832021997892109 	 0.016617352492840184
1.833021997892109 	 0.016552852015023625
1.8340219978921088 	 0.016488524344768666
1.8350219978921087 	 0.016424372113781293
1.8360219978921086 	 0.016360397873459137
1.8370219978921085 	 0.016296604096197435
1.8380219978921084 	 0.01623299317668774
1.8390219978921083 	 0.016169567433208756
1.8400219978921082 	 0.016106329108909287
1.841021997892108 	 0.016043280219768002
1.842021997892108 	 0.015980423169599148
1.8430219978921079 	 0.015917759829972067
1.8440219978921077 	 0.015855292231438133
1.8450219978921076 	 0.01579302210955074
1.8460219978921075 	 0.0157309513587124
1.8470219978921074 	 0.015669081731311475
1.8480219978921073 	 0.015607414914528842
1.8490219978921072 	 0.01554595253153073
1.850021997892107 	 0.015484696142650299
1.851021997892107 	 0.015423647246557442
1.8520219978921069 	 0.015362807281416811
1.8530219978921068 	 0.015302177626033746
1.8540219978921066 	 0.015241759600987973
1.8550219978921065 	 0.015181554469755037
1.8560219978921064 	 0.015121563439815017
1.8570219978921063 	 0.01506178766374882
1.8580219978921062 	 0.015002228240321542
1.859021997892106 	 0.014942886215553002
1.860021997892106 	 0.014883762583775387
1.8610219978921059 	 0.014824858288677767
1.8620219978921058 	 0.01476617422433759
1.8630219978921057 	 0.014707711236238973
1.8640219978921055 	 0.014649470122277795
1.8650219978921054 	 0.014591451633753612
1.8660219978921053 	 0.014533656476348241
1.8670219978921052 	 0.014476085311091116
1.868021997892105 	 0.014418738755311349
1.869021997892105 	 0.014361617383576561
1.8700219978921049 	 0.014304721728618396
1.8710219978921048 	 0.014248052282244765
1.8720219978921047 	 0.014191609496239023
1.8730219978921046 	 0.01413539378324576
1.8740219978921044 	 0.014079405517643674
1.8750219978921043 	 0.014023645036405078
1.8760219978921042 	 0.01396811263994267
1.877021997892104 	 0.013912808592943087
1.878021997892104 	 0.013857733125187628
1.879021997892104 	 0.013802886432360188
1.8800219978921038 	 0.013748268676842335
1.8810219978921037 	 0.013693879988495715
1.8820219978921036 	 0.013639720465431906
1.8830219978921034 	 0.013585790174769675
1.8840219978921033 	 0.013532089153379882
1.8850219978921032 	 0.013478617408618013
1.8860219978921031 	 0.013425374790701682
1.887021997892103 	 0.013372361507199745
1.888021997892103 	 0.013319577352441178
1.8890219978921028 	 0.013267022222802405
1.8900219978921027 	 0.013214695988625914
1.8910219978921026 	 0.013162598494880998
1.8920219978921025 	 0.013110729561812974
1.8930219978921023 	 0.013059088985580919
1.8940219978921022 	 0.013007676538884098
1.8950219978921021 	 0.012956491971577194
1.896021997892102 	 0.012905535011274423
1.897021997892102 	 0.012854805363942678
1.8980219978921018 	 0.01280430271448386
1.8990219978921017 	 0.01275402672730653
1.9000219978921016 	 0.012703977046886883
1.9010219978921015 	 0.01265415329831937
1.9020219978921014 	 0.012604555087856913
1.9030219978921012 	 0.012555182003440996
1.9040219978921011 	 0.012506033615221672
1.905021997892101 	 0.012457109476067546
1.906021997892101 	 0.012408409122066097
1.9070219978921008 	 0.012359932073014276
1.9080219978921007 	 0.012311677832899494
1.9090219978921006 	 0.012263645890371303
1.9100219978921005 	 0.012215835719203717
1.9110219978921004 	 0.01216824677874845
1.9120219978921003 	 0.012120878514379107
1.9130219978921001 	 0.012073730357926445
1.9140219978921 	 0.012026801728105
1.9150219978921 	 0.011980092030930927
1.9160219978920998 	 0.011933600660131468
1.9170219978920997 	 0.011887326997546006
1.9180219978920996 	 0.011841270413518805
1.9190219978920995 	 0.01179543026728383
1.9200219978920994 	 0.011749805907341284
1.9210219978920993 	 0.011704396671826591
1.9220219978920992 	 0.011659201888871384
1.923021997892099 	 0.011614220876957026
1.924021997892099 	 0.011569452945260569
1.9250219978920988 	 0.011524897393993403
1.9260219978920987 	 0.01148055351473253
1.9270219978920986 	 0.011436420590744853
1.9280219978920985 	 0.011392497897304347
1.9290219978920984 	 0.011348784702002323
1.9300219978920983 	 0.011305280265051055
1.9310219978920982 	 0.011261983839580502
1.932021997892098 	 0.011218894564578108
1.933021997892098 	 0.011176011894905143
1.9340219978920978 	 0.011133334956478827
1.9350219978920977 	 0.011090862976939259
1.9360219978920976 	 0.01104859517823248
1.9370219978920975 	 0.01100653077686966
1.9380219978920974 	 0.010964668984180378
1.9390219978920973 	 0.010923009006560182
1.9400219978920972 	 0.010881550045712335
1.941021997892097 	 0.010840291298884109
1.942021997892097 	 0.010799231959097514
1.9430219978920968 	 0.010758371215374667
1.9440219978920967 	 0.010717708252957845
1.9450219978920966 	 0.010677242253524446
1.9460219978920965 	 0.010636972395396713
1.9470219978920964 	 0.010596897853746621
1.9480219978920963 	 0.010557017800795716
1.9490219978920962 	 0.010517331406010235
1.950021997892096 	 0.010477837836291505
1.951021997892096 	 0.010438536256161623
1.9520219978920959 	 0.010399425827944729
1.9530219978920957 	 0.01036050571194371
1.9540219978920956 	 0.01032177506661257
1.9550219978920955 	 0.010283233048724586
1.9560219978920954 	 0.010244878813536126
1.9570219978920953 	 0.010206711514946456
1.9580219978920952 	 0.010168730305653496
1.959021997892095 	 0.010130934337305544
1.960021997892095 	 0.010093322760649219
1.9610219978920949 	 0.010055894725673543
1.9620219978920947 	 0.010018649381750278
1.9630219978920946 	 0.009981585877770652
1.9640219978920945 	 0.009944703362278519
1.9650219978920944 	 0.009908000983599924
1.9660219978920943 	 0.00987147788996932
1.9670219978920942 	 0.009835133229652406
1.968021997892094 	 0.009798966151065602
1.969021997892094 	 0.00976297580289237
1.9700219978920939 	 0.009727161334196332
1.9710219978920938 	 0.009691521894531284
1.9720219978920936 	 0.009656056634048199
1.9730219978920935 	 0.00962076470359926
1.9740219978920934 	 0.00958564525483893
1.9750219978920933 	 0.009550697485550682
1.9760219978920932 	 0.009515920458644907
1.977021997892093 	 0.009481313283449208
1.978021997892093 	 0.009446875297495811
1.9790219978920929 	 0.009412605566880432
1.9800219978920928 	 0.00937850325003923
1.9810219978920927 	 0.009344567506841959
1.9820219978920925 	 0.00931079749867189
1.9830219978920924 	 0.00927719238850332
1.9840219978920923 	 0.009243751340976816
1.9850219978920922 	 0.009210473522472078
1.986021997892092 	 0.009177358101178574
1.987021997892092 	 0.009144404247164046
1.9880219978920919 	 0.009111611132440758
1.9890219978920918 	 0.00907897793102971
1.9900219978920917 	 0.009046503819022821
1.9910219978920916 	 0.009014187974643042
1.9920219978920914 	 0.008982029578302509
1.9930219978920913 	 0.008950027812658835
1.9940219978920912 	 0.008918181862669452
1.9950219978920911 	 0.008886490915644174
1.996021997892091 	 0.008854954161295928
1.997021997892091 	 0.008823570791789734
1.9980219978920908 	 0.008792340001790008
1.9990219978920907 	 0.008761260988506124
