0.0010219978922 	 0
0.0020219978922 	 0.0
0.0030219978922 	 0.0
0.0040219978922 	 0.0
0.0050219978922 	 0.0
0.0060219978922 	 0.0
0.0070219978922 	 0.0
0.0080219978922 	 0.0
0.009021997892200002 	 0.0
0.010021997892200003 	 0.0
0.011021997892200004 	 0.0
0.012021997892200004 	 0.0
0.013021997892200005 	 0.0
0.014021997892200006 	 0.0
0.015021997892200007 	 0.0
0.016021997892200008 	 0.0
0.01702199789220001 	 0.0
0.01802199789220001 	 0.0
0.01902199789220001 	 0.0
0.02002199789220001 	 0.0
0.021021997892200012 	 0.0
0.022021997892200013 	 0.0
0.023021997892200014 	 0.0
0.024021997892200015 	 0.0
0.025021997892200016 	 0.0
0.026021997892200017 	 0.0
0.027021997892200018 	 0.0
0.02802199789220002 	 0.0
0.02902199789220002 	 0.0
0.03002199789220002 	 0.0
0.03102199789220002 	 0.0
0.03202199789220002 	 0.0
0.03302199789220002 	 0.0
0.03402199789220002 	 0.0
0.03502199789220002 	 0.0
0.03602199789220002 	 0.0
0.03702199789220002 	 0.0
0.038021997892200024 	 0.0
0.039021997892200025 	 0.0
0.040021997892200026 	 0.0
0.04102199789220003 	 0.0
0.04202199789220003 	 0.0
0.04302199789220003 	 0.0
0.04402199789220003 	 0.0
0.04502199789220003 	 0.0
0.04602199789220003 	 0.0
0.04702199789220003 	 0.0
0.04802199789220003 	 0.0
0.049021997892200034 	 0.0
0.050021997892200035 	 0.0
0.051021997892200036 	 0.0
0.052021997892200036 	 0.0
0.05302199789220004 	 0.0
0.05402199789220004 	 0.0
0.05502199789220004 	 0.0
0.05602199789220004 	 0.0
0.05702199789220004 	 0.0
0.05802199789220004 	 0.0
0.05902199789220004 	 0.0
0.060021997892200044 	 0.0
0.061021997892200044 	 0.0
0.062021997892200045 	 0.0
0.06302199789220005 	 0.0
0.06402199789220005 	 0.0
0.06502199789220005 	 0.0
0.06602199789220005 	 0.0
0.06702199789220005 	 0.0
0.06802199789220005 	 0.0
0.06902199789220005 	 0.0
0.07002199789220005 	 0.0
0.07102199789220005 	 0.0
0.07202199789220005 	 0.0
0.07302199789220006 	 0.0
0.07402199789220006 	 0.0
0.07502199789220006 	 0.0
0.07602199789220006 	 0.0
0.07702199789220006 	 0.0
0.07802199789220006 	 0.0
0.07902199789220006 	 0.0
0.08002199789220006 	 0.0
0.08102199789220006 	 0.0
0.08202199789220006 	 0.0
0.08302199789220006 	 0.0
0.08402199789220006 	 0.0
0.08502199789220007 	 0.0
0.08602199789220007 	 0.0
0.08702199789220007 	 0.0
0.08802199789220007 	 0.0
0.08902199789220007 	 0.0
0.09002199789220007 	 0.0
0.09102199789220007 	 0.0
0.09202199789220007 	 0.0
0.09302199789220007 	 0.0
0.09402199789220007 	 0.0
0.09502199789220007 	 0.0
0.09602199789220008 	 0.0
0.09702199789220008 	 0.0
0.09802199789220008 	 0.0
0.09902199789220008 	 0.0
0.10002199789220008 	 0.0
0.10102199789220008 	 0.0
0.10202199789220008 	 0.0
0.10302199789220008 	 0.0
0.10402199789220008 	 0.0
0.10502199789220008 	 0.0
0.10602199789220008 	 0.0
0.10702199789220009 	 0.0
0.10802199789220009 	 0.0
0.10902199789220009 	 0.0
0.11002199789220009 	 0.0
0.11102199789220009 	 0.0
0.11202199789220009 	 0.0
0.11302199789220009 	 0.0
0.11402199789220009 	 0.0
0.11502199789220009 	 0.0
0.1160219978922001 	 0.0
0.1170219978922001 	 0.0
0.1180219978922001 	 0.0
0.1190219978922001 	 0.0
0.1200219978922001 	 0.0
0.1210219978922001 	 0.0
0.1220219978922001 	 0.0
0.1230219978922001 	 0.0
0.1240219978922001 	 0.0
0.1250219978922001 	 0.0
0.1260219978922001 	 0.0
0.1270219978922001 	 0.0
0.1280219978922001 	 0.0
0.1290219978922001 	 0.0
0.1300219978922001 	 0.0
0.1310219978922001 	 0.0
0.1320219978922001 	 0.0
0.1330219978922001 	 0.0
0.1340219978922001 	 0.0
0.1350219978922001 	 0.0
0.1360219978922001 	 0.0
0.1370219978922001 	 0.0
0.1380219978922001 	 0.0
0.1390219978922001 	 0.0
0.1400219978922001 	 0.0
0.1410219978922001 	 0.0
0.1420219978922001 	 0.0
0.1430219978922001 	 0.0
0.1440219978922001 	 0.0
0.1450219978922001 	 0.0
0.1460219978922001 	 0.0
0.1470219978922001 	 0.0
0.1480219978922001 	 0.0
0.1490219978922001 	 0.0
0.1500219978922001 	 0.0
0.1510219978922001 	 0.0
0.1520219978922001 	 0.0
0.1530219978922001 	 0.0
0.1540219978922001 	 0.0
0.15502199789220011 	 0.0
0.15602199789220011 	 0.0
0.15702199789220012 	 0.0
0.15802199789220012 	 0.0
0.15902199789220012 	 0.0
0.16002199789220012 	 0.0
0.16102199789220012 	 0.0
0.16202199789220012 	 0.0
0.16302199789220012 	 0.0
0.16402199789220012 	 0.0
0.16502199789220012 	 0.0
0.16602199789220012 	 0.0
0.16702199789220012 	 0.0
0.16802199789220013 	 0.0
0.16902199789220013 	 0.0
0.17002199789220013 	 0.0
0.17102199789220013 	 0.0
0.17202199789220013 	 0.0
0.17302199789220013 	 0.0
0.17402199789220013 	 0.0
0.17502199789220013 	 0.0
0.17602199789220013 	 0.0
0.17702199789220013 	 0.0
0.17802199789220013 	 0.0
0.17902199789220014 	 0.0
0.18002199789220014 	 0.0
0.18102199789220014 	 0.0
0.18202199789220014 	 0.0
0.18302199789220014 	 0.0
0.18402199789220014 	 0.0
0.18502199789220014 	 0.0
0.18602199789220014 	 0.0
0.18702199789220014 	 0.0
0.18802199789220014 	 0.0
0.18902199789220014 	 0.0
0.19002199789220015 	 0.0
0.19102199789220015 	 0.0
0.19202199789220015 	 0.0
0.19302199789220015 	 0.0
0.19402199789220015 	 0.0
0.19502199789220015 	 0.0
0.19602199789220015 	 0.0
0.19702199789220015 	 0.0
0.19802199789220015 	 0.0
0.19902199789220015 	 0.0
0.20002199789220015 	 0.0
0.20102199789220015 	 0.0
0.20202199789220016 	 0.0
0.20302199789220016 	 0.0
0.20402199789220016 	 0.0
0.20502199789220016 	 0.0
0.20602199789220016 	 0.0
0.20702199789220016 	 0.0
0.20802199789220016 	 0.0
0.20902199789220016 	 0.0
0.21002199789220016 	 0.0
0.21102199789220016 	 0.0
0.21202199789220016 	 0.0
0.21302199789220017 	 0.0
0.21402199789220017 	 0.0
0.21502199789220017 	 0.0
0.21602199789220017 	 0.0
0.21702199789220017 	 0.0
0.21802199789220017 	 0.0
0.21902199789220017 	 0.0
0.22002199789220017 	 0.0
0.22102199789220017 	 0.0
0.22202199789220017 	 0.0
0.22302199789220017 	 0.0
0.22402199789220018 	 0.0
0.22502199789220018 	 0.0
0.22602199789220018 	 0.0
0.22702199789220018 	 0.0
0.22802199789220018 	 0.0
0.22902199789220018 	 0.0
0.23002199789220018 	 0.0
0.23102199789220018 	 0.0
0.23202199789220018 	 0.0
0.23302199789220018 	 0.0
0.23402199789220018 	 0.0
0.23502199789220019 	 0.0
0.23602199789220019 	 0.0
0.2370219978922002 	 0.0
0.2380219978922002 	 0.0
0.2390219978922002 	 0.0
0.2400219978922002 	 0.0
0.2410219978922002 	 0.0
0.2420219978922002 	 0.0
0.2430219978922002 	 0.0
0.2440219978922002 	 0.0
0.2450219978922002 	 0.0
0.2460219978922002 	 0.0
0.2470219978922002 	 0.0
0.2480219978922002 	 0.0
0.2490219978922002 	 0.0
0.2500219978922002 	 0.0
0.2510219978922002 	 0.0
0.2520219978922002 	 0.0
0.2530219978922002 	 0.0
0.2540219978922002 	 0.0
0.2550219978922002 	 0.0
0.2560219978922002 	 0.0
0.2570219978922002 	 0.0
0.2580219978922002 	 0.0
0.2590219978922002 	 0.0
0.2600219978922002 	 0.0
0.2610219978922002 	 0.0
0.2620219978922002 	 0.0
0.2630219978922002 	 0.0
0.2640219978922002 	 0.0
0.2650219978922002 	 0.0
0.2660219978922002 	 0.0
0.2670219978922002 	 0.0
0.2680219978922002 	 0.0
0.2690219978922002 	 0.0
0.2700219978922002 	 0.0
0.2710219978922002 	 0.0
0.2720219978922002 	 0.0
0.2730219978922002 	 0.0
0.2740219978922002 	 0.0
0.2750219978922002 	 0.0
0.2760219978922002 	 0.0
0.2770219978922002 	 0.0
0.2780219978922002 	 0.0
0.2790219978922002 	 0.0
0.2800219978922002 	 0.0
0.2810219978922002 	 0.0
0.2820219978922002 	 0.0
0.2830219978922002 	 0.0
0.28402199789220023 	 0.0
0.28502199789220023 	 0.0
0.28602199789220023 	 0.0
0.28702199789220023 	 0.0
0.28802199789220023 	 0.0
0.28902199789220023 	 0.0
0.29002199789220023 	 0.0
0.29102199789220023 	 0.0
0.29202199789220024 	 0.0
0.29302199789220024 	 0.0
0.29402199789220024 	 0.0
0.29502199789220024 	 0.0
0.29602199789220024 	 0.0
0.29702199789220024 	 0.0
0.29802199789220024 	 0.0
0.29902199789220024 	 0.0
0.30002199789220024 	 0.0
0.30102199789220024 	 0.0
0.30202199789220024 	 0.0
0.30302199789220025 	 0.0
0.30402199789220025 	 0.0
0.30502199789220025 	 0.0
0.30602199789220025 	 0.0
0.30702199789220025 	 0.0
0.30802199789220025 	 0.0
0.30902199789220025 	 0.0
0.31002199789220025 	 0.0
0.31102199789220025 	 0.0
0.31202199789220025 	 0.0
0.31302199789220025 	 0.0
0.31402199789220026 	 0.0
0.31502199789220026 	 0.0
0.31602199789220026 	 0.0
0.31702199789220026 	 0.0
0.31802199789220026 	 0.0
0.31902199789220026 	 0.0
0.32002199789220026 	 0.0
0.32102199789220026 	 0.0
0.32202199789220026 	 0.0
0.32302199789220026 	 0.0
0.32402199789220026 	 0.0
0.32502199789220027 	 0.0
0.32602199789220027 	 0.0
0.32702199789220027 	 0.0
0.32802199789220027 	 0.0
0.32902199789220027 	 0.0
0.33002199789220027 	 0.0
0.33102199789220027 	 0.0
0.33202199789220027 	 0.0
0.33302199789220027 	 0.0
0.3340219978922003 	 0.0
0.3350219978922003 	 0.0
0.3360219978922003 	 0.0
0.3370219978922003 	 0.0
0.3380219978922003 	 0.0
0.3390219978922003 	 0.0
0.3400219978922003 	 0.0
0.3410219978922003 	 0.0
0.3420219978922003 	 0.0
0.3430219978922003 	 0.0
0.3440219978922003 	 0.0
0.3450219978922003 	 0.0
0.3460219978922003 	 0.0
0.3470219978922003 	 0.0
0.3480219978922003 	 0.0
0.3490219978922003 	 0.0
0.3500219978922003 	 0.0
0.3510219978922003 	 0.0
0.3520219978922003 	 0.0
0.3530219978922003 	 0.0
0.3540219978922003 	 0.0
0.3550219978922003 	 0.0
0.3560219978922003 	 0.0
0.3570219978922003 	 0.0
0.3580219978922003 	 0.0
0.3590219978922003 	 0.0
0.3600219978922003 	 0.0
0.3610219978922003 	 0.0
0.3620219978922003 	 0.0
0.3630219978922003 	 0.0
0.3640219978922003 	 0.0
0.3650219978922003 	 0.0
0.3660219978922003 	 0.0
0.3670219978922003 	 0.0
0.3680219978922003 	 0.0
0.3690219978922003 	 0.0
0.3700219978922003 	 0.0
0.3710219978922003 	 0.0
0.3720219978922003 	 0.0
0.3730219978922003 	 0.0
0.3740219978922003 	 0.0
0.3750219978922003 	 0.0
0.3760219978922003 	 0.0
0.3770219978922003 	 0.0
0.3780219978922003 	 0.0
0.3790219978922003 	 0.0
0.3800219978922003 	 0.0
0.3810219978922003 	 0.0
0.3820219978922003 	 0.0
0.3830219978922003 	 0.0
0.3840219978922003 	 0.0
0.3850219978922003 	 0.0
0.3860219978922003 	 0.0
0.3870219978922003 	 0.0
0.3880219978922003 	 0.0
0.3890219978922003 	 0.0
0.3900219978922003 	 0.0
0.3910219978922003 	 0.0
0.3920219978922003 	 0.0
0.3930219978922003 	 0.0
0.3940219978922003 	 0.0
0.3950219978922003 	 0.0
0.39602199789220033 	 0.0
0.39702199789220033 	 0.0
0.39802199789220033 	 0.0
0.39902199789220033 	 0.0
0.40002199789220033 	 0.0
0.40102199789220033 	 0.0
0.40202199789220033 	 0.0
0.40302199789220033 	 0.0
0.40402199789220034 	 0.0
0.40502199789220034 	 0.0
0.40602199789220034 	 0.0
0.40702199789220034 	 0.0
0.40802199789220034 	 0.0
0.40902199789220034 	 0.0
0.41002199789220034 	 0.0
0.41102199789220034 	 0.0
0.41202199789220034 	 0.0
0.41302199789220034 	 0.0
0.41402199789220034 	 0.0
0.41502199789220034 	 0.0
0.41602199789220035 	 0.0
0.41702199789220035 	 0.0
0.41802199789220035 	 0.0
0.41902199789220035 	 0.0
0.42002199789220035 	 0.0
0.42102199789220035 	 0.0
0.42202199789220035 	 0.0
0.42302199789220035 	 0.0
0.42402199789220035 	 0.0
0.42502199789220035 	 0.0
0.42602199789220035 	 0.0
0.42702199789220036 	 0.0
0.42802199789220036 	 0.0
0.42902199789220036 	 0.0
0.43002199789220036 	 0.0
0.43102199789220036 	 0.0
0.43202199789220036 	 0.0
0.43302199789220036 	 0.0
0.43402199789220036 	 0.0
0.43502199789220036 	 0.0
0.43602199789220036 	 0.0
0.43702199789220036 	 0.0
0.43802199789220037 	 0.0
0.43902199789220037 	 0.0
0.44002199789220037 	 0.0
0.44102199789220037 	 0.0
0.44202199789220037 	 0.0
0.44302199789220037 	 0.0
0.44402199789220037 	 0.0
0.44502199789220037 	 0.0
0.4460219978922004 	 0.0
0.4470219978922004 	 0.0
0.4480219978922004 	 0.0
0.4490219978922004 	 0.0
0.4500219978922004 	 0.0
0.4510219978922004 	 0.0
0.4520219978922004 	 0.0
0.4530219978922004 	 0.0
0.4540219978922004 	 0.0
0.4550219978922004 	 0.0
0.4560219978922004 	 0.0
0.4570219978922004 	 0.0
0.4580219978922004 	 0.0
0.4590219978922004 	 0.0
0.4600219978922004 	 0.0
0.4610219978922004 	 0.0
0.4620219978922004 	 0.0
0.4630219978922004 	 0.0
0.4640219978922004 	 0.0
0.4650219978922004 	 0.0
0.4660219978922004 	 0.0
0.4670219978922004 	 0.0
0.4680219978922004 	 0.0
0.4690219978922004 	 0.0
0.4700219978922004 	 0.0
0.4710219978922004 	 0.0
0.4720219978922004 	 0.0
0.4730219978922004 	 0.0
0.4740219978922004 	 0.0
0.4750219978922004 	 0.0
0.4760219978922004 	 0.0
0.4770219978922004 	 0.0
0.4780219978922004 	 0.0
0.4790219978922004 	 0.0
0.4800219978922004 	 0.0
0.4810219978922004 	 0.0
0.4820219978922004 	 0.0
0.4830219978922004 	 0.0
0.4840219978922004 	 0.0
0.4850219978922004 	 0.0
0.4860219978922004 	 0.0
0.4870219978922004 	 0.0
0.4880219978922004 	 0.0
0.4890219978922004 	 0.0
0.4900219978922004 	 0.0
0.4910219978922004 	 0.0
0.4920219978922004 	 0.0
0.4930219978922004 	 0.0
0.4940219978922004 	 0.0
0.4950219978922004 	 0.0
0.4960219978922004 	 0.0
0.4970219978922004 	 0.0
0.4980219978922004 	 0.0
0.4990219978922004 	 0.0
0.5000219978922004 	 0.0
0.5010219978922004 	 0.0
0.5020219978922004 	 0.0
0.5030219978922004 	 0.0
0.5040219978922004 	 0.0
0.5050219978922004 	 0.0
0.5060219978922004 	 0.0
0.5070219978922004 	 0.0
0.5080219978922004 	 0.0
0.5090219978922004 	 0.0
0.5100219978922004 	 0.0
0.5110219978922004 	 0.0
0.5120219978922004 	 0.0
0.5130219978922004 	 0.0
0.5140219978922004 	 0.0
0.5150219978922004 	 0.0
0.5160219978922004 	 0.0
0.5170219978922004 	 0.0
0.5180219978922004 	 0.0
0.5190219978922004 	 0.0
0.5200219978922004 	 0.0
0.5210219978922004 	 0.0
0.5220219978922004 	 0.0
0.5230219978922004 	 0.0
0.5240219978922004 	 0.0
0.5250219978922004 	 0.0
0.5260219978922004 	 0.0
0.5270219978922004 	 0.0
0.5280219978922004 	 0.0
0.5290219978922004 	 0.0
0.5300219978922004 	 0.0
0.5310219978922004 	 0.0
0.5320219978922004 	 0.0
0.5330219978922004 	 0.0
0.5340219978922004 	 0.0
0.5350219978922004 	 0.0
0.5360219978922004 	 0.0
0.5370219978922004 	 0.0
0.5380219978922004 	 0.0
0.5390219978922004 	 0.0
0.5400219978922004 	 0.0
0.5410219978922004 	 0.0
0.5420219978922004 	 0.0
0.5430219978922004 	 0.0
0.5440219978922004 	 0.0
0.5450219978922004 	 0.0
0.5460219978922004 	 0.0
0.5470219978922004 	 0.0
0.5480219978922004 	 0.0
0.5490219978922004 	 0.0
0.5500219978922004 	 0.0
0.5510219978922004 	 0.0
0.5520219978922004 	 0.0
0.5530219978922004 	 0.0
0.5540219978922004 	 0.0
0.5550219978922004 	 0.0
0.5560219978922004 	 0.0
0.5570219978922004 	 0.0
0.5580219978922004 	 0.0
0.5590219978922004 	 0.0
0.5600219978922004 	 0.0
0.5610219978922004 	 0.0
0.5620219978922004 	 0.0
0.5630219978922004 	 0.0
0.5640219978922004 	 0.0
0.5650219978922004 	 0.0
0.5660219978922004 	 0.0
0.5670219978922004 	 0.0
0.5680219978922004 	 0.0
0.5690219978922004 	 0.0
0.5700219978922004 	 0.0
0.5710219978922004 	 0.0
0.5720219978922004 	 0.0
0.5730219978922004 	 0.0
0.5740219978922004 	 0.0
0.5750219978922004 	 0.0
0.5760219978922004 	 0.0
0.5770219978922004 	 0.0
0.5780219978922004 	 0.0
0.5790219978922004 	 0.0
0.5800219978922004 	 0.0
0.5810219978922004 	 0.0
0.5820219978922004 	 0.0
0.5830219978922004 	 0.0
0.5840219978922004 	 0.0
0.5850219978922004 	 0.0
0.5860219978922004 	 0.0
0.5870219978922004 	 0.0
0.5880219978922004 	 0.0
0.5890219978922004 	 0.0
0.5900219978922004 	 0.0
0.5910219978922004 	 0.0
0.5920219978922004 	 0.0
0.5930219978922004 	 0.0
0.5940219978922004 	 0.0
0.5950219978922004 	 0.0
0.5960219978922005 	 0.0
0.5970219978922005 	 0.0
0.5980219978922005 	 0.0
0.5990219978922005 	 0.0
0.6000219978922005 	 0.0
0.6010219978922005 	 0.0
0.6020219978922005 	 0.0
0.6030219978922005 	 0.0
0.6040219978922005 	 0.0
0.6050219978922005 	 0.0
0.6060219978922005 	 0.0
0.6070219978922005 	 0.0
0.6080219978922005 	 0.0
0.6090219978922005 	 0.0
0.6100219978922005 	 0.0
0.6110219978922005 	 0.0
0.6120219978922005 	 0.0
0.6130219978922005 	 0.0
0.6140219978922005 	 0.0
0.6150219978922005 	 0.0
0.6160219978922005 	 0.0
0.6170219978922005 	 0.0
0.6180219978922005 	 0.0
0.6190219978922005 	 0.0
0.6200219978922005 	 0.0
0.6210219978922005 	 0.0
0.6220219978922005 	 0.0
0.6230219978922005 	 0.0
0.6240219978922005 	 0.0
0.6250219978922005 	 0.0
0.6260219978922005 	 0.0
0.6270219978922005 	 0.0
0.6280219978922005 	 0.0
0.6290219978922005 	 0.0
0.6300219978922005 	 0.0
0.6310219978922005 	 0.0
0.6320219978922005 	 0.0
0.6330219978922005 	 0.0
0.6340219978922005 	 0.0
0.6350219978922005 	 0.0
0.6360219978922005 	 0.0
0.6370219978922005 	 0.0
0.6380219978922005 	 0.0
0.6390219978922005 	 0.0
0.6400219978922005 	 0.0
0.6410219978922005 	 0.0
0.6420219978922005 	 0.0
0.6430219978922005 	 0.0
0.6440219978922005 	 0.0
0.6450219978922005 	 0.0
0.6460219978922005 	 0.0
0.6470219978922005 	 0.0
0.6480219978922005 	 0.0
0.6490219978922005 	 0.0
0.6500219978922005 	 0.0
0.6510219978922005 	 0.0
0.6520219978922005 	 0.0
0.6530219978922005 	 0.0
0.6540219978922005 	 0.0
0.6550219978922005 	 0.0
0.6560219978922005 	 0.0
0.6570219978922005 	 0.0
0.6580219978922005 	 0.0
0.6590219978922005 	 0.0
0.6600219978922005 	 0.0
0.6610219978922005 	 0.0
0.6620219978922005 	 0.0
0.6630219978922005 	 0.0
0.6640219978922005 	 0.0
0.6650219978922005 	 0.0
0.6660219978922005 	 0.0
0.6670219978922005 	 0.0
0.6680219978922005 	 0.0
0.6690219978922005 	 0.0
0.6700219978922005 	 0.0
0.6710219978922005 	 0.0
0.6720219978922005 	 0.0
0.6730219978922005 	 0.0
0.6740219978922005 	 0.0
0.6750219978922005 	 0.0
0.6760219978922005 	 0.0
0.6770219978922005 	 0.0
0.6780219978922005 	 0.0
0.6790219978922005 	 0.0
0.6800219978922005 	 0.0
0.6810219978922005 	 0.0
0.6820219978922005 	 0.0
0.6830219978922005 	 0.0
0.6840219978922005 	 0.0
0.6850219978922005 	 0.0
0.6860219978922005 	 0.0
0.6870219978922005 	 0.0
0.6880219978922005 	 0.0
0.6890219978922005 	 0.0
0.6900219978922005 	 0.0
0.6910219978922005 	 0.0
0.6920219978922005 	 0.0
0.6930219978922005 	 0.0
0.6940219978922005 	 0.0
0.6950219978922005 	 0.0
0.6960219978922005 	 0.0
0.6970219978922005 	 0.0
0.6980219978922005 	 0.0
0.6990219978922005 	 0.0
0.7000219978922005 	 0.0
0.7010219978922005 	 0.0
0.7020219978922005 	 0.0
0.7030219978922005 	 0.0
0.7040219978922005 	 0.0
0.7050219978922005 	 0.0
0.7060219978922005 	 0.0
0.7070219978922005 	 0.0
0.7080219978922005 	 0.0
0.7090219978922006 	 0.0
0.7100219978922006 	 0.0
0.7110219978922006 	 0.0
0.7120219978922006 	 0.0
0.7130219978922006 	 0.0
0.7140219978922006 	 0.0
0.7150219978922006 	 0.0
0.7160219978922006 	 0.0
0.7170219978922006 	 0.0
0.7180219978922006 	 0.0
0.7190219978922006 	 0.0
0.7200219978922006 	 0.0
0.7210219978922006 	 0.0
0.7220219978922006 	 0.0
0.7230219978922006 	 0.0
0.7240219978922006 	 0.0
0.7250219978922006 	 0.0
0.7260219978922006 	 0.0
0.7270219978922006 	 0.0
0.7280219978922006 	 0.0
0.7290219978922006 	 0.0
0.7300219978922006 	 0.0
0.7310219978922006 	 0.0
0.7320219978922006 	 0.0
0.7330219978922006 	 0.0
0.7340219978922006 	 0.0
0.7350219978922006 	 0.0
0.7360219978922006 	 0.0
0.7370219978922006 	 0.0
0.7380219978922006 	 0.0
0.7390219978922006 	 0.0
0.7400219978922006 	 0.0
0.7410219978922006 	 0.0
0.7420219978922006 	 0.0
0.7430219978922006 	 0.0
0.7440219978922006 	 0.0
0.7450219978922006 	 0.0
0.7460219978922006 	 0.0
0.7470219978922006 	 0.0
0.7480219978922006 	 0.0
0.7490219978922006 	 0.0
0.7500219978922006 	 0.0
0.7510219978922006 	 0.0
0.7520219978922006 	 0.0
0.7530219978922006 	 0.0
0.7540219978922006 	 0.0
0.7550219978922006 	 0.0
0.7560219978922006 	 0.0
0.7570219978922006 	 0.0
0.7580219978922006 	 0.0
0.7590219978922006 	 0.0
0.7600219978922006 	 0.0
0.7610219978922006 	 0.0
0.7620219978922006 	 0.0
0.7630219978922006 	 0.0
0.7640219978922006 	 0.0
0.7650219978922006 	 0.0
0.7660219978922006 	 0.0
0.7670219978922006 	 0.0
0.7680219978922006 	 0.0
0.7690219978922006 	 0.0
0.7700219978922006 	 0.0
0.7710219978922006 	 0.0
0.7720219978922006 	 0.0
0.7730219978922006 	 0.0
0.7740219978922006 	 0.0
0.7750219978922006 	 0.0
0.7760219978922006 	 0.0
0.7770219978922006 	 0.0
0.7780219978922006 	 0.0
0.7790219978922006 	 0.0
0.7800219978922006 	 0.0
0.7810219978922006 	 0.0
0.7820219978922006 	 0.0
0.7830219978922006 	 0.0
0.7840219978922006 	 0.0
0.7850219978922006 	 0.0
0.7860219978922006 	 0.0
0.7870219978922006 	 0.0
0.7880219978922006 	 0.0
0.7890219978922006 	 0.0
0.7900219978922006 	 0.0
0.7910219978922006 	 0.0
0.7920219978922006 	 0.0
0.7930219978922006 	 0.0
0.7940219978922006 	 0.0
0.7950219978922006 	 0.0
0.7960219978922006 	 0.0
0.7970219978922006 	 0.0
0.7980219978922006 	 0.0
0.7990219978922006 	 0.0
0.8000219978922006 	 0.0
0.8010219978922006 	 0.0
0.8020219978922006 	 0.0
0.8030219978922006 	 0.0
0.8040219978922006 	 0.0
0.8050219978922006 	 0.0
0.8060219978922006 	 0.0
0.8070219978922006 	 0.0
0.8080219978922006 	 0.0
0.8090219978922006 	 0.0
0.8100219978922006 	 0.0
0.8110219978922006 	 0.0
0.8120219978922006 	 0.0
0.8130219978922006 	 0.0
0.8140219978922006 	 0.0
0.8150219978922006 	 0.0
0.8160219978922006 	 0.0
0.8170219978922006 	 0.0
0.8180219978922006 	 0.0
0.8190219978922006 	 0.0
0.8200219978922006 	 0.0
0.8210219978922007 	 0.0
0.8220219978922007 	 0.0
0.8230219978922007 	 0.0
0.8240219978922007 	 0.0
0.8250219978922007 	 0.0
0.8260219978922007 	 0.0
0.8270219978922007 	 0.0
0.8280219978922007 	 0.0
0.8290219978922007 	 0.0
0.8300219978922007 	 0.0
0.8310219978922007 	 0.0
0.8320219978922007 	 0.0
0.8330219978922007 	 0.0
0.8340219978922007 	 0.0
0.8350219978922007 	 0.0
0.8360219978922007 	 0.0
0.8370219978922007 	 0.0
0.8380219978922007 	 0.0
0.8390219978922007 	 0.0
0.8400219978922007 	 0.0
0.8410219978922007 	 0.0
0.8420219978922007 	 0.0
0.8430219978922007 	 0.0
0.8440219978922007 	 0.0
0.8450219978922007 	 0.0
0.8460219978922007 	 0.0
0.8470219978922007 	 0.0
0.8480219978922007 	 0.0
0.8490219978922007 	 0.0
0.8500219978922007 	 0.0
0.8510219978922007 	 0.0
0.8520219978922007 	 0.0
0.8530219978922007 	 0.0
0.8540219978922007 	 0.0
0.8550219978922007 	 0.0
0.8560219978922007 	 0.0
0.8570219978922007 	 0.0
0.8580219978922007 	 0.0
0.8590219978922007 	 0.0
0.8600219978922007 	 0.0
0.8610219978922007 	 0.0
0.8620219978922007 	 0.0
0.8630219978922007 	 0.0
0.8640219978922007 	 0.0
0.8650219978922007 	 0.0
0.8660219978922007 	 0.0
0.8670219978922007 	 0.0
0.8680219978922007 	 0.0
0.8690219978922007 	 0.0
0.8700219978922007 	 0.0
0.8710219978922007 	 0.0
0.8720219978922007 	 0.0
0.8730219978922007 	 0.0
0.8740219978922007 	 0.0
0.8750219978922007 	 0.0
0.8760219978922007 	 0.0
0.8770219978922007 	 0.0
0.8780219978922007 	 0.0
0.8790219978922007 	 0.0
0.8800219978922007 	 0.0
0.8810219978922007 	 0.0
0.8820219978922007 	 0.0
0.8830219978922007 	 0.0
0.8840219978922007 	 0.0
0.8850219978922007 	 0.0
0.8860219978922007 	 0.0
0.8870219978922007 	 0.0
0.8880219978922007 	 0.0
0.8890219978922007 	 0.0
0.8900219978922007 	 0.0
0.8910219978922007 	 0.0
0.8920219978922007 	 0.0
0.8930219978922007 	 0.0
0.8940219978922007 	 0.0
0.8950219978922007 	 0.0
0.8960219978922007 	 0.0
0.8970219978922007 	 0.0
0.8980219978922007 	 0.0
0.8990219978922007 	 0.0
0.9000219978922007 	 0.0
0.9010219978922007 	 0.0
0.9020219978922007 	 0.0
0.9030219978922007 	 0.0
0.9040219978922007 	 0.0
0.9050219978922007 	 0.0
0.9060219978922007 	 0.0
0.9070219978922007 	 0.0
0.9080219978922007 	 0.0
0.9090219978922007 	 0.0
0.9100219978922007 	 0.0
0.9110219978922007 	 0.0
0.9120219978922007 	 0.0
0.9130219978922007 	 0.0
0.9140219978922007 	 0.0
0.9150219978922007 	 0.0
0.9160219978922007 	 0.0
0.9170219978922007 	 0.0
0.9180219978922007 	 0.0
0.9190219978922007 	 0.0
0.9200219978922007 	 0.0
0.9210219978922007 	 0.0
0.9220219978922007 	 0.0
0.9230219978922007 	 0.0
0.9240219978922007 	 0.0
0.9250219978922007 	 0.0
0.9260219978922007 	 0.0
0.9270219978922007 	 0.0
0.9280219978922007 	 0.0
0.9290219978922007 	 0.0
0.9300219978922007 	 0.0
0.9310219978922007 	 0.0
0.9320219978922007 	 0.0
0.9330219978922007 	 0.0
0.9340219978922008 	 0.0
0.9350219978922008 	 0.0
0.9360219978922008 	 0.0
0.9370219978922008 	 0.0
0.9380219978922008 	 0.0
0.9390219978922008 	 0.0
0.9400219978922008 	 0.0
0.9410219978922008 	 0.0
0.9420219978922008 	 0.0
0.9430219978922008 	 0.0
0.9440219978922008 	 0.0
0.9450219978922008 	 0.0
0.9460219978922008 	 0.0
0.9470219978922008 	 0.0
0.9480219978922008 	 0.0
0.9490219978922008 	 0.0
0.9500219978922008 	 0.0
0.9510219978922008 	 0.0
0.9520219978922008 	 0.0
0.9530219978922008 	 0.0
0.9540219978922008 	 0.0
0.9550219978922008 	 0.0
0.9560219978922008 	 0.0
0.9570219978922008 	 0.0
0.9580219978922008 	 0.0
0.9590219978922008 	 0.0
0.9600219978922008 	 0.0
0.9610219978922008 	 0.0
0.9620219978922008 	 0.0
0.9630219978922008 	 0.0
0.9640219978922008 	 0.0
0.9650219978922008 	 0.0
0.9660219978922008 	 0.0
0.9670219978922008 	 0.0
0.9680219978922008 	 0.0
0.9690219978922008 	 0.0
0.9700219978922008 	 0.0
0.9710219978922008 	 0.0
0.9720219978922008 	 0.0
0.9730219978922008 	 0.0
0.9740219978922008 	 0.0
0.9750219978922008 	 0.0
0.9760219978922008 	 0.0
0.9770219978922008 	 0.0
0.9780219978922008 	 0.0
0.9790219978922008 	 0.0
0.9800219978922008 	 0.0
0.9810219978922008 	 0.0
0.9820219978922008 	 0.0
0.9830219978922008 	 0.0
0.9840219978922008 	 0.0
0.9850219978922008 	 0.0
0.9860219978922008 	 0.0
0.9870219978922008 	 0.0
0.9880219978922008 	 0.0
0.9890219978922008 	 0.0
0.9900219978922008 	 0.0
0.9910219978922008 	 0.0
0.9920219978922008 	 0.0
0.9930219978922008 	 0.0
0.9940219978922008 	 0.0
0.9950219978922008 	 0.0
0.9960219978922008 	 0.0
0.9970219978922008 	 0.0
0.9980219978922008 	 0.0
0.9990219978922008 	 0.0
1.0000219978922007 	 0.0
1.0010219978922006 	 0.0
1.0020219978922005 	 0.0
1.0030219978922004 	 0.0
1.0040219978922003 	 0.0
1.0050219978922001 	 0.0
1.0060219978922 	 0.0
1.0070219978922 	 0.0
1.0080219978921998 	 0.0
1.0090219978921997 	 0.0
1.0100219978921996 	 0.0
1.0110219978921995 	 0.0
1.0120219978921994 	 0.0
1.0130219978921993 	 0.0
1.0140219978921992 	 0.0
1.015021997892199 	 0.0
1.016021997892199 	 0.0
1.0170219978921988 	 0.0
1.0180219978921987 	 0.0
1.0190219978921986 	 0.0
1.0200219978921985 	 0.0
1.0210219978921984 	 0.0
1.0220219978921983 	 0.0
1.0230219978921982 	 0.0
1.024021997892198 	 0.0
1.025021997892198 	 0.0
1.0260219978921978 	 0.0
1.0270219978921977 	 0.0
1.0280219978921976 	 0.0
1.0290219978921975 	 0.0
1.0300219978921974 	 0.0
1.0310219978921973 	 0.0
1.0320219978921972 	 0.0
1.033021997892197 	 0.0
1.034021997892197 	 0.0
1.0350219978921968 	 0.0
1.0360219978921967 	 0.0
1.0370219978921966 	 0.0
1.0380219978921965 	 0.0
1.0390219978921964 	 0.0
1.0400219978921963 	 0.0
1.0410219978921962 	 0.0
1.042021997892196 	 0.0
1.043021997892196 	 0.0
1.0440219978921959 	 0.0
1.0450219978921957 	 0.0
1.0460219978921956 	 0.0
1.0470219978921955 	 0.0
1.0480219978921954 	 0.0
1.0490219978921953 	 0.0
1.0500219978921952 	 0.0
1.051021997892195 	 0.0
1.052021997892195 	 0.0
1.0530219978921949 	 0.0
1.0540219978921948 	 0.0
1.0550219978921946 	 0.0
1.0560219978921945 	 0.0
1.0570219978921944 	 0.0
1.0580219978921943 	 0.0
1.0590219978921942 	 0.0
1.060021997892194 	 0.0
1.061021997892194 	 0.0
1.0620219978921939 	 0.0
1.0630219978921938 	 0.0
1.0640219978921936 	 0.0
1.0650219978921935 	 0.0
1.0660219978921934 	 0.0
1.0670219978921933 	 0.0
1.0680219978921932 	 0.0
1.069021997892193 	 0.0
1.070021997892193 	 0.0
1.0710219978921929 	 0.0
1.0720219978921928 	 0.0
1.0730219978921927 	 0.0
1.0740219978921925 	 0.0
1.0750219978921924 	 0.0
1.0760219978921923 	 0.0
1.0770219978921922 	 0.0
1.078021997892192 	 0.0
1.079021997892192 	 0.0
1.0800219978921919 	 0.0
1.0810219978921918 	 0.0
1.0820219978921917 	 0.0
1.0830219978921916 	 0.0
1.0840219978921914 	 0.0
1.0850219978921913 	 0.0
1.0860219978921912 	 0.0
1.0870219978921911 	 0.0
1.088021997892191 	 0.0
1.089021997892191 	 0.0
1.0900219978921908 	 0.0
1.0910219978921907 	 0.0
1.0920219978921906 	 0.0
1.0930219978921905 	 0.0
1.0940219978921903 	 0.0
1.0950219978921902 	 0.0
1.0960219978921901 	 0.0
1.09702199789219 	 0.0
1.09802199789219 	 0.0
1.0990219978921898 	 0.0
1.1000219978921897 	 0.0
1.1010219978921896 	 0.0
1.1020219978921895 	 0.0
1.1030219978921894 	 0.0
1.1040219978921892 	 0.0
1.1050219978921891 	 0.0
1.106021997892189 	 0.0
1.107021997892189 	 0.0
1.1080219978921888 	 0.0
1.1090219978921887 	 0.0
1.1100219978921886 	 0.0
1.1110219978921885 	 0.0
1.1120219978921884 	 0.0
1.1130219978921883 	 0.0
1.1140219978921881 	 0.0
1.115021997892188 	 0.0
1.116021997892188 	 0.0
1.1170219978921878 	 0.0
1.1180219978921877 	 0.0
1.1190219978921876 	 0.0
1.1200219978921875 	 0.0
1.1210219978921874 	 0.0
1.1220219978921873 	 0.0
1.1230219978921872 	 0.0
1.124021997892187 	 0.0
1.125021997892187 	 0.0
1.1260219978921868 	 0.0
1.1270219978921867 	 0.0
1.1280219978921866 	 0.0
1.1290219978921865 	 0.0
1.1300219978921864 	 0.0
1.1310219978921863 	 0.0
1.1320219978921862 	 0.0
1.133021997892186 	 0.0
1.134021997892186 	 0.0
1.1350219978921858 	 1.3285848523373336e-05
1.1360219978921857 	 1.2679385237456706e-05
1.1370219978921856 	 1.2092964522605057e-05
1.1380219978921855 	 1.1526162858307045e-05
1.1390219978921854 	 1.0978562734492743e-05
1.1400219978921853 	 1.0449751237216593e-05
1.1410219978921852 	 9.939314070272506e-06
1.142021997892185 	 9.446832320176235e-06
1.143021997892185 	 8.971887253781116e-06
1.1440219978921848 	 8.514063525827609e-06
1.1450219978921847 	 8.072953743703935e-06
1.1460219978921846 	 7.648151453078213e-06
1.1470219978921845 	 7.239249384863778e-06
1.1480219978921844 	 6.845839632986177e-06
1.1490219978921843 	 6.467513822732727e-06
1.1500219978921842 	 6.10386327125402e-06
1.151021997892184 	 5.7544784830509834e-06
1.152021997892184 	 5.418947798906049e-06
1.1530219978921838 	 5.096859900078938e-06
1.1540219978921837 	 4.78780448473399e-06
1.1550219978921836 	 4.491372225943021e-06
1.1560219978921835 	 4.207154872227875e-06
1.1570219978921834 	 3.934745497035082e-06
1.1580219978921833 	 3.6737382641358268e-06
1.1590219978921832 	 3.423728517738529e-06
1.160021997892183 	 3.18431282626421e-06
1.161021997892183 	 2.9550887257108084e-06
1.1620219978921829 	 2.7356541245236306e-06
1.1630219978921827 	 2.5256084982014186e-06
1.1640219978921826 	 2.3245541316357193e-06
1.1650219978921825 	 2.1320957582023197e-06
1.1660219978921824 	 1.9478397110769584e-06
1.1670219978921823 	 1.7713933549174592e-06
1.1680219978921822 	 1.6023650241079652e-06
1.169021997892182 	 1.4403641113935192e-06
1.170021997892182 	 1.2850011499154264e-06
1.1710219978921819 	 1.1358876456092939e-06
1.1720219978921818 	 9.926357208179905e-07
1.1730219978921816 	 8.548592436605372e-07
1.1740219978921815 	 7.221740857231665e-07
1.1750219978921814 	 5.941981140540036e-07
1.1760219978921813 	 4.7055118736944597e-07
1.1770219978921812 	 3.508551560379238e-07
1.178021997892181 	 2.9867467190567396e-07
1.179021997892181 	 2.5494489314131357e-07
1.1800219978921809 	 2.1314448734863115e-07
1.1810219978921808 	 1.7310688215633437e-07
1.1820219978921807 	 2.0145719088949214e-07
1.1830219978921805 	 3.0527897116519955e-07
1.1840219978921804 	 4.077445408766705e-07
1.1850219978921803 	 5.092188136249769e-07
1.1860219978921802 	 6.100654043549766e-07
1.18702199789218 	 7.106458849162953e-07
1.18802199789218 	 8.113170904546708e-07
1.1890219978921799 	 9.124334717695291e-07
1.1900219978921798 	 1.0143483274715744e-06
1.1910219978921797 	 1.1174128588585976e-06
1.1920219978921796 	 1.2219762109376748e-06
1.1930219978921794 	 1.3283854009613314e-06
1.1940219978921793 	 1.4369852743897788e-06
1.1950219978921792 	 1.5481184826727061e-06
1.1960219978921791 	 1.6621254601198795e-06
1.197021997892179 	 1.7793443998080087e-06
1.198021997892179 	 1.9001112286630048e-06
1.1990219978921788 	 2.02475958145104e-06
1.2000219978921787 	 2.153620774091677e-06
1.2010219978921786 	 2.287024552318907e-06
1.2020219978921785 	 2.4253015437352793e-06
1.2030219978921783 	 2.5687816284297474e-06
1.2040219978921782 	 2.7177933941916772e-06
1.2050219978921781 	 2.8726631795483873e-06
1.206021997892178 	 3.0337119066116053e-06
1.207021997892178 	 3.2012573534636785e-06
1.2080219978921778 	 3.3756149440838676e-06
1.2090219978921777 	 3.5570977263523354e-06
1.2100219978921776 	 3.7460163484380476e-06
1.2110219978921775 	 3.942679520170976e-06
1.2120219978921773 	 4.147395509088741e-06
1.2130219978921772 	 4.360470923761973e-06
1.2140219978921771 	 4.5822075629202565e-06
1.215021997892177 	 4.812901913711955e-06
1.216021997892177 	 5.052847325576571e-06
1.2170219978921768 	 5.302334027419244e-06
1.2180219978921767 	 5.561649043014559e-06
1.2190219978921766 	 5.83107610320618e-06
1.2200219978921765 	 6.110895554313253e-06
1.2210219978921764 	 6.4013993855671225e-06
1.2220219978921762 	 6.702933807703012e-06
1.2230219978921761 	 7.015857884875174e-06
1.224021997892176 	 7.34053075062123e-06
1.225021997892176 	 7.67731184569948e-06
1.2260219978921758 	 8.026564975172815e-06
1.2270219978921757 	 8.388666902987917e-06
1.2280219978921756 	 8.763992956499195e-06
1.2290219978921755 	 9.15291303352227e-06
1.2300219978921754 	 9.555791390019585e-06
1.2310219978921753 	 9.973002606934988e-06
1.2320219978921751 	 1.0404976971169006e-05
1.233021997892175 	 1.0852155926123257e-05
1.234021997892175 	 1.1314978185763508e-05
1.2350219978921748 	 1.1793879795422747e-05
1.2360219978921747 	 1.2289307619932713e-05
1.2370219978921746 	 1.2801756077463265e-05
1.2380219978921745 	 1.3331727800299912e-05
1.2390219978921744 	 1.3879708788196764e-05
1.2400219978921743 	 1.4446166662372325e-05
1.2410219978921742 	 1.5031580235341757e-05
1.242021997892174 	 1.563649223578002e-05
1.243021997892174 	 1.626145650738302e-05
1.2440219978921738 	 1.6907021615621523e-05
1.2450219978921737 	 1.7573730799128402e-05
1.2460219978921736 	 1.8262139399226136e-05
1.2470219978921735 	 1.8972869724785555e-05
1.2480219978921734 	 1.9706582223522087e-05
1.2490219978921733 	 2.046394302143568e-05
1.2500219978921732 	 2.1245618443272068e-05
1.251021997892173 	 2.2052286777569257e-05
1.252021997892173 	 2.28846671349145e-05
1.2530219978921728 	 2.374348247531243e-05
1.2540219978921727 	 2.4629448952574323e-05
1.2550219978921726 	 2.554327583324573e-05
1.2560219978921725 	 2.6485688208079102e-05
1.2570219978921724 	 2.7457489145474997e-05
1.2580219978921723 	 2.8459493745011398e-05
1.2590219978921722 	 2.9492509017916557e-05
1.260021997892172 	 3.0557333795060215e-05
1.261021997892172 	 3.165475358484885e-05
1.2620219978921718 	 3.2785518115721535e-05
1.2630219978921717 	 3.395034885036526e-05
1.2640219978921716 	 3.515010629350705e-05
1.2650219978921715 	 3.6385806443530097e-05
1.2660219978921714 	 3.765851083283804e-05
1.2670219978921713 	 3.896938323690597e-05
1.2680219978921712 	 4.0319533736424386e-05
1.269021997892171 	 4.171004809500237e-05
1.270021997892171 	 4.3142006696171105e-05
1.2710219978921709 	 4.461651208917597e-05
1.2720219978921707 	 4.613476160212815e-05
1.2730219978921706 	 4.769796497628148e-05
1.2740219978921705 	 4.9307319708450185e-05
1.2750219978921704 	 5.096401091625997e-05
1.2760219978921703 	 5.2669252959194844e-05
1.2770219978921702 	 5.442440328705985e-05
1.27802199789217 	 5.623084160448603e-05
1.27902199789217 	 5.8089933034739563e-05
1.2800219978921699 	 6.000302798216218e-05
1.2810219978921698 	 6.197150587007892e-05
1.2820219978921696 	 6.399689362591384e-05
1.2830219978921695 	 6.608073658515716e-05
1.2840219978921694 	 6.822455913657066e-05
1.2850219978921693 	 7.042986429096711e-05
1.2860219978921692 	 7.269819072385238e-05
1.287021997892169 	 7.503137838980349e-05
1.288021997892169 	 7.743170338765442e-05
1.2890219978921689 	 7.990109029839488e-05
1.2900219978921688 	 8.244098311292529e-05
1.2910219978921686 	 8.505290461326712e-05
1.2920219978921685 	 8.773892744771702e-05
1.2930219978921684 	 9.050124835580617e-05
1.2940219978921683 	 9.334205319322409e-05
1.2950219978921682 	 9.626351752404034e-05
1.296021997892168 	 9.926788811090315e-05
1.297021997892168 	 0.00010235770426102525
1.2980219978921679 	 0.00010553556466657179
1.2990219978921678 	 0.00010880405699732817
1.3000219978921677 	 0.0001121657582774091
1.3010219978921675 	 0.00011562325736049892
1.3020219978921674 	 0.00011917919459496532
1.3030219978921673 	 0.00012283617181800853
1.3040219978921672 	 0.00012659672802738074
1.305021997892167 	 0.00013046333713695435
1.306021997892167 	 0.00013443863367458724
1.3070219978921669 	 0.0001385260581291672
1.3080219978921668 	 0.0001427292392508932
1.3090219978921667 	 0.00014705180078708924
1.3100219978921666 	 0.00015149736331013063
1.3110219978921664 	 0.00015606957081470323
1.3120219978921663 	 0.0001607721333048406
1.3130219978921662 	 0.00016560872555456305
1.3140219978921661 	 0.0001705832552190227
1.315021997892166 	 0.00017569988480424644
1.316021997892166 	 0.0001809629486440558
1.3170219978921658 	 0.00018637741885830863
1.3180219978921657 	 0.0001919484032650652
1.3190219978921656 	 0.00019768099412052144
1.3200219978921655 	 0.00020358027025468167
1.3210219978921653 	 0.00020965131838847386
1.3220219978921652 	 0.00021589924340416035
1.3230219978921651 	 0.0002223290375546902
1.324021997892165 	 0.00022894554901816
1.325021997892165 	 0.00023575347637387405
1.3260219978921648 	 0.00024275763258589536
1.3270219978921647 	 0.0002499636753367166
1.3280219978921646 	 0.0002573780402568719
1.3290219978921645 	 0.0002650098252072807
1.3300219978921644 	 0.0002728689771682625
1.3310219978921642 	 0.00028096525350399524
1.3320219978921641 	 0.00028930690493195654
1.333021997892164 	 0.00029790179830522183
1.334021997892164 	 0.0003067575936235128
1.3350219978921638 	 0.00031588176248253594
1.3360219978921637 	 0.0003252820249975507
1.3370219978921636 	 0.0003349675430123556
1.3380219978921635 	 0.00034494769343833227
1.3390219978921634 	 0.0003552327616763284
1.3400219978921633 	 0.00036583402127320926
1.3410219978921631 	 0.0003767631451555195
1.342021997892163 	 0.0003880330825645853
1.343021997892163 	 0.0003996569730111039
1.3440219978921628 	 0.0004116478315787252
1.3450219978921627 	 0.00042401855048300284
1.3460219978921626 	 0.00043678265934237603
1.3470219978921625 	 0.000449956445074242
1.3480219978921624 	 0.0004635568934465901
1.3490219978921623 	 0.0004776009034443845
1.3500219978921622 	 0.0004921052512711178
1.351021997892162 	 0.00050708755622812
1.352021997892162 	 0.0005225689122999142
1.3530219978921618 	 0.0005385711085122515
1.3540219978921617 	 0.0005551157917409212
1.3550219978921616 	 0.0005722244738783874
1.3560219978921615 	 0.0005899198131521953
1.3570219978921614 	 0.0006082290993897107
1.3580219978921613 	 0.0006271805673156666
1.3590219978921612 	 0.0006468022819236831
1.360021997892161 	 0.0006671221466993053
1.361021997892161 	 0.0006881660565869913
1.3620219978921608 	 0.0007099520089318263
1.3630219978921607 	 0.0007325112570211751
1.3640219978921606 	 0.0007559031377783172
1.3650219978921605 	 0.0007801629287240951
1.3660219978921604 	 0.0008053258596259739
1.3670219978921603 	 0.000831434215494275
1.3680219978921602 	 0.0008585314727174913
1.36902199789216 	 0.0008866605072785225
1.37002199789216 	 0.0009158635794981274
1.3710219978921598 	 0.0009461851270165723
1.3720219978921597 	 0.0009776795500644252
1.3730219978921596 	 0.0010104032987765044
1.3740219978921595 	 0.001044412451219191
1.3750219978921594 	 0.0010797627311029746
1.3760219978921593 	 0.0011165114828893383
1.3770219978921592 	 0.0011547230320967834
1.378021997892159 	 0.0011944630322015108
1.379021997892159 	 0.0012357967614566488
1.3800219978921588 	 0.0012787891445353882
1.3810219978921587 	 0.0013235051726713238
1.3820219978921586 	 0.0013700109317340747
1.3830219978921585 	 0.0014183723290273251
1.3840219978921584 	 0.0014686547369182732
1.3850219978921583 	 0.0015209229985650924
1.3860219978921582 	 0.0015752398928704256
1.387021997892158 	 0.0016316619378915485
1.388021997892158 	 0.0016902437029280033
1.3890219978921579 	 0.001751036151566207
1.3900219978921577 	 0.0018140862998835053
1.3910219978921576 	 0.0018794381842027837
1.3920219978921575 	 0.0019471293197750718
1.3930219978921574 	 0.002017196082545173
1.3940219978921573 	 0.002089675230078491
1.3950219978921572 	 0.0021646039513076804
1.396021997892157 	 0.0022420144372143564
1.397021997892157 	 0.0023219186981949815
1.3980219978921569 	 0.0024043239706608654
1.3990219978921568 	 0.002489237464327628
1.4000219978921566 	 0.002576524500269751
1.4010219978921565 	 0.0026664715445151948
1.4020219978921564 	 0.002758926581172009
1.4030219978921563 	 0.0028538756059006765
1.4040219978921562 	 0.002951304680767206
1.405021997892156 	 0.003051199913573961
1.406021997892156 	 0.0031535449814379004
1.4070219978921559 	 0.0032583144056394634
1.4080219978921558 	 0.0033654806463862454
1.4090219978921557 	 0.0034750162480174495
1.4100219978921555 	 0.003586893823800015
1.4110219978921554 	 0.0037010834878635082
1.4120219978921553 	 0.0038175456390269575
1.4130219978921552 	 0.0039362381090427955
1.414021997892155 	 0.004057121536103836
1.415021997892155 	 0.00418015960901051
1.4160219978921549 	 0.004305315897642882
1.4170219978921548 	 0.0044325526832299286
1.4180219978921547 	 0.004561832096270286
1.4190219978921546 	 0.004693116473529398
1.4200219978921544 	 0.004826368375049626
1.4210219978921543 	 0.00496154930760227
1.4220219978921542 	 0.005098616219323824
1.4230219978921541 	 0.005237525297493054
1.424021997892154 	 0.005378233105054651
1.425021997892154 	 0.005520696594019341
1.4260219978921538 	 0.005664874708896229
1.4270219978921537 	 0.005810732726767612
1.4280219978921536 	 0.005958237694685054
1.4290219978921535 	 0.006107357053813053
1.4300219978921533 	 0.006258058654541087
1.4310219978921532 	 0.006410308988124713
1.4320219978921531 	 0.006564068350738856
1.433021997892153 	 0.006719296045408742
1.434021997892153 	 0.0068759519260287085
1.4350219978921528 	 0.0070339963894003035
1.4360219978921527 	 0.007193391728068904
1.4370219978921526 	 0.007354105816355196
1.4380219978921525 	 0.007516108471547003
1.4390219978921523 	 0.00767936904812024
1.4400219978921522 	 0.007843855331852338
1.4410219978921521 	 0.008009534997850372
1.442021997892152 	 0.008176374915535219
1.443021997892152 	 0.00834434201687235
1.4440219978921518 	 0.008513403498114552
1.4450219978921517 	 0.008683526811253114
1.4460219978921516 	 0.008854680090986406
1.4470219978921515 	 0.009026833358229753
1.4480219978921514 	 0.009199957227725724
1.4490219978921512 	 0.009374022509458318
1.4500219978921511 	 0.009549000200095291
1.451021997892151 	 0.009724862177407924
1.452021997892151 	 0.009901583187096524
1.4530219978921508 	 0.010079138947960887
1.4540219978921507 	 0.010257505507388031
1.4550219978921506 	 0.01043665922366641
1.4560219978921505 	 0.010616577165870911
1.4570219978921504 	 0.010797236990296787
1.4580219978921503 	 0.010978612252587991
1.4590219978921501 	 0.01116067533680481
1.46002199789215 	 0.011343398495675715
1.46102199789215 	 0.011526754434109264
1.4620219978921498 	 0.011710717922285986
1.4630219978921497 	 0.011895264583237029
1.4640219978921496 	 0.012080379615256378
1.4650219978921495 	 0.012266057858022827
1.4660219978921494 	 0.012452295471619813
1.4670219978921493 	 0.012639089934217907
1.4680219978921492 	 0.0128264396614529
1.469021997892149 	 0.013014343886334594
1.470021997892149 	 0.013202802653321943
1.4710219978921488 	 0.013391813494521091
1.4720219978921487 	 0.013581361911498058
1.4730219978921486 	 0.013771430219430936
1.4740219978921485 	 0.013962000333872213
1.4750219978921484 	 0.014153053761172424
1.4760219978921483 	 0.014344571894335172
1.4770219978921482 	 0.014536536823450493
1.478021997892148 	 0.014728930475219941
1.479021997892148 	 0.014921734352424406
1.4800219978921478 	 0.015114929528219002
1.4810219978921477 	 0.015308497238620065
1.4820219978921476 	 0.015502420481035305
1.4830219978921475 	 0.015696697039728504
1.4840219978921474 	 0.015891380381892667
1.4850219978921473 	 0.016086539470446286
1.4860219978921472 	 0.016282247363340958
1.487021997892147 	 0.016478584600520135
1.488021997892147 	 0.016675631799316384
1.4890219978921468 	 0.016873392097987293
1.4900219978921467 	 0.01707179185498672
1.4910219978921466 	 0.017270691766004792
1.4920219978921465 	 0.01746980486625277
1.4930219978921464 	 0.01766909159637446
1.4940219978921463 	 0.01786858457116685
1.4950219978921462 	 0.01806831773220728
1.496021997892146 	 0.018268327772672156
1.497021997892146 	 0.01846865805713682
1.4980219978921459 	 0.01866935444500605
1.4990219978921457 	 0.0188704640134128
1.5000219978921456 	 0.019072035048879568
1.5010219978921455 	 0.019274117299613546
1.5020219978921454 	 0.019476762689149926
1.5030219978921453 	 0.019680024599749615
1.5040219978921452 	 0.019883957612707212
1.505021997892145 	 0.020088617505636085
1.506021997892145 	 0.020294052603157687
1.5070219978921449 	 0.020500279447242156
1.5080219978921447 	 0.020707279338119434
1.5090219978921446 	 0.02091492929981039
1.5100219978921445 	 0.021123077451405556
1.5110219978921444 	 0.02133162420231767
1.5120219978921443 	 0.021540683996514022
1.5130219978921442 	 0.021750421869654826
1.514021997892144 	 0.021960928755305
1.515021997892144 	 0.022172222937394286
1.5160219978921439 	 0.0223843200894936
1.5170219978921438 	 0.022597237587720295
1.5180219978921436 	 0.022810992972935783
1.5190219978921435 	 0.023025603483911642
1.5200219978921434 	 0.02324108605882535
1.5210219978921433 	 0.023457457510859252
1.5220219978921432 	 0.023674735401344446
1.523021997892143 	 0.023892937923018873
1.524021997892143 	 0.024112083019496067
1.5250219978921429 	 0.02433218831852818
1.5260219978921428 	 0.02455326995818669
1.5270219978921427 	 0.024775344971604742
1.5280219978921425 	 0.024998431156666324
1.5290219978921424 	 0.025222545967822686
1.5300219978921423 	 0.025447706015694946
1.5310219978921422 	 0.025673930533183224
1.532021997892142 	 0.025901248951603933
1.533021997892142 	 0.02612969326352179
1.5340219978921419 	 0.02635929561350163
1.5350219978921418 	 0.026590088266102697
1.5360219978921417 	 0.026822103340246553
1.5370219978921416 	 0.027055372064106194
1.5380219978921414 	 0.027289925227277276
1.5390219978921413 	 0.027525786647100495
1.5400219978921412 	 0.027762973333077905
1.5410219978921411 	 0.02800150122027835
1.542021997892141 	 0.028241383905976643
1.543021997892141 	 0.028482634441467786
1.5440219978921408 	 0.028725265701248406
1.5450219978921407 	 0.028969290339416528
1.5460219978921406 	 0.029214719888342927
1.5470219978921405 	 0.02946157081391907
1.5480219978921403 	 0.029709890895281185
1.5490219978921402 	 0.029959736323922608
1.5500219978921401 	 0.030211122336427955
1.55102199789214 	 0.030463940226458295
1.55202199789214 	 0.030718170674702668
1.5530219978921398 	 0.030973824501813386
1.5540219978921397 	 0.031230912735155186
1.5550219978921396 	 0.03148944655524251
1.5560219978921395 	 0.031749435678452835
1.5570219978921394 	 0.03201088393716608
1.5580219978921392 	 0.03227379395295634
1.5590219978921391 	 0.032538168559514885
1.560021997892139 	 0.03280401081068075
1.561021997892139 	 0.033071321683728054
1.5620219978921388 	 0.033340093858206084
1.5630219978921387 	 0.03361031682298764
1.5640219978921386 	 0.03388194384497263
1.5650219978921385 	 0.03415489287186308
1.5660219978921384 	 0.034429076463841815
1.5670219978921383 	 0.03470439586330115
1.5680219978921381 	 0.03498065638104286
1.569021997892138 	 0.03525767431331173
1.570021997892138 	 0.03553541003141195
1.5710219978921378 	 0.03581379963939398
1.5720219978921377 	 0.03609286732707688
1.5730219978921376 	 0.03637266016243956
1.5740219978921375 	 0.03665322801277105
1.5750219978921374 	 0.03693462483821793
1.5760219978921373 	 0.03721690496758493
1.5770219978921372 	 0.03750011093989184
1.578021997892137 	 0.03778428890361539
1.579021997892137 	 0.03806949437515903
1.5800219978921368 	 0.038355793876106756
1.5810219978921367 	 0.03864326492572272
1.5820219978921366 	 0.03893199300309768
1.5830219978921365 	 0.039222078307525624
1.5840219978921364 	 0.039513638321260106
1.5850219978921363 	 0.03980680789679341
1.5860219978921362 	 0.04010173254223001
1.587021997892136 	 0.04039855033720223
1.588021997892136 	 0.040697263794145414
1.5890219978921358 	 0.04099605444841573
1.5900219978921357 	 0.0412942692903064
1.5910219978921356 	 0.041592022954405186
1.5920219978921355 	 0.041889364957431195
1.5930219978921354 	 0.04218628564469852
1.5940219978921353 	 0.04248271735269654
1.5950219978921352 	 0.04277853912070656
1.596021997892135 	 0.04307358620184762
1.597021997892135 	 0.043367659735551
1.5980219978921348 	 0.043660559673433325
1.5990219978921347 	 0.04395210863494552
1.6000219978921346 	 0.04424216742107031
1.6010219978921345 	 0.044530595885575334
1.6020219978921344 	 0.04481712188349479
1.6030219978921343 	 0.045101471969857275
1.6040219978921342 	 0.04538340676847958
1.605021997892134 	 0.045662713188056196
1.606021997892134 	 0.04593919455143805
1.6070219978921338 	 0.04621265810083591
1.6080219978921337 	 0.04648291526773374
1.6090219978921336 	 0.04674977927428391
1.6100219978921335 	 0.04701306219153451
1.6110219978921334 	 0.047272608458537015
1.6120219978921333 	 0.04752839184386187
1.6130219978921332 	 0.047780411772967823
1.614021997892133 	 0.048028606153485774
1.615021997892133 	 0.04827285380425113
1.6160219978921329 	 0.048513028487687175
1.6170219978921327 	 0.04874900252007069
1.6180219978921326 	 0.04898064601590627
1.6190219978921325 	 0.04920782687818945
1.6200219978921324 	 0.049430411173784626
1.6210219978921323 	 0.049648265302217894
1.6220219978921322 	 0.04986126098942942
1.623021997892132 	 0.05006926959487758
1.624021997892132 	 0.050272161575253306
1.6250219978921319 	 0.050469806988098546
1.6260219978921318 	 0.05066207894082264
1.6270219978921316 	 0.05084886264631948
1.6280219978921315 	 0.051030046314701476
1.6290219978921314 	 0.0512055184997223
1.6300219978921313 	 0.051375168272522254
1.6310219978921312 	 0.051538840721660394
1.632021997892131 	 0.05169621353016238
1.633021997892131 	 0.05184692336488369
1.6340219978921309 	 0.05199068098912339
1.6350219978921308 	 0.05212747802380463
1.6360219978921307 	 0.05225737950049071
1.6370219978921305 	 0.05238047352071117
1.6380219978921304 	 0.052496852117760895
1.6390219978921303 	 0.05260654299429985
1.6400219978921302 	 0.052709512901194785
1.64102199789213 	 0.05280573400941247
1.64202199789213 	 0.052895202889153524
1.6430219978921299 	 0.05297792215648409
1.6440219978921298 	 0.05305389584108559
1.6450219978921297 	 0.053123129578490066
1.6460219978921296 	 0.05318563702256458
1.6470219978921294 	 0.05324145744580384
1.6480219978921293 	 0.05329063705275375
1.6490219978921292 	 0.053333223165254094
1.650021997892129 	 0.05336926404749734
1.651021997892129 	 0.053398798857465624
1.652021997892129 	 0.05342183019327651
1.6530219978921288 	 0.05343835182376675
1.6540219978921287 	 0.05344835765659312
1.6550219978921286 	 0.05345184171604124
1.6560219978921285 	 0.05344880396652946
1.6570219978921283 	 0.05343926667101376
1.6580219978921282 	 0.05342325677482455
1.6590219978921281 	 0.0534008003237852
1.660021997892128 	 0.05337192222673672
1.661021997892128 	 0.053336722180604194
1.6620219978921278 	 0.0532955824494781
1.6630219978921277 	 0.05324893822133898
1.6640219978921276 	 0.053197030095733545
1.6650219978921275 	 0.053139915957046965
1.6660219978921273 	 0.05307764767566876
1.6670219978921272 	 0.05301028947679455
1.6680219978921271 	 0.05293790573204105
1.669021997892127 	 0.05286055715750368
1.670021997892127 	 0.05277830072543886
1.6710219978921268 	 0.05269120208134395
1.6720219978921267 	 0.05259936962616321
1.6730219978921266 	 0.052502918569289285
1.6740219978921265 	 0.052401959852953935
1.6750219978921264 	 0.05229660016970937
1.6760219978921262 	 0.05218694375363423
1.6770219978921261 	 0.052073097175062644
1.678021997892126 	 0.05195516462584145
1.679021997892126 	 0.05183324661988218
1.6800219978921258 	 0.051707440195433794
1.6810219978921257 	 0.051577839785087044
1.6820219978921256 	 0.051444539271070025
1.6830219978921255 	 0.051307630813925795
1.6840219978921254 	 0.051167204265724235
1.6850219978921253 	 0.05102334736588844
1.6860219978921251 	 0.050876145769544606
1.687021997892125 	 0.05072568259647097
1.688021997892125 	 0.050572041662104376
1.6890219978921248 	 0.05041535005264024
1.6900219978921247 	 0.05025577522672459
1.6910219978921246 	 0.050093466984341084
1.6920219978921245 	 0.0499285078715979
1.6930219978921244 	 0.04976096557379075
1.6940219978921243 	 0.04959090842269422
1.6950219978921242 	 0.049418405510790596
1.696021997892124 	 0.04924352535607667
1.697021997892124 	 0.0490663318121522
1.6980219978921238 	 0.04888688873821504
1.6990219978921237 	 0.04870526154713469
1.7000219978921236 	 0.0485215173665787
1.7010219978921235 	 0.04828457579979165
1.7020219978921234 	 0.04804199900909757
1.7030219978921233 	 0.047797675805745024
1.7040219978921232 	 0.04755172110612873
1.705021997892123 	 0.04730424956104418
1.706021997892123 	 0.04705537331378498
1.7070219978921228 	 0.04680519585543622
1.7080219978921227 	 0.04655381847517353
1.7090219978921226 	 0.04630134222864239
1.7100219978921225 	 0.046047867938611965
1.7110219978921224 	 0.045793493882452276
1.7120219978921223 	 0.045538309454050054
1.7130219978921222 	 0.04528240181677311
1.714021997892122 	 0.04502585793362097
1.715021997892122 	 0.04476876456778108
1.7160219978921218 	 0.04451120599747623
1.7170219978921217 	 0.04425325775302201
1.7180219978921216 	 0.043994993190653545
1.7190219978921215 	 0.04373648549847483
1.7200219978921214 	 0.043477807696921764
1.7210219978921213 	 0.043219030520785455
1.7220219978921212 	 0.04296021661451355
1.723021997892121 	 0.0427014266248663
1.724021997892121 	 0.04244272106001291
1.7250219978921209 	 0.04218416028991011
1.7260219978921207 	 0.041925802597540175
1.7270219978921206 	 0.04166769883803405
1.7280219978921205 	 0.041409898044332163
1.7290219978921204 	 0.041152449137655256
1.7300219978921203 	 0.04089540092780715
1.7310219978921202 	 0.040638800396647724
1.73202199789212 	 0.040382687993722605
1.73302199789212 	 0.040127102573739734
1.7340219978921199 	 0.03987208290314074
1.7350219978921197 	 0.03961766766033829
1.7360219978921196 	 0.03936389395939025
1.7370219978921195 	 0.039110793303954235
1.7380219978921194 	 0.038858395833720964
1.7390219978921193 	 0.0386067316201174
1.7400219978921192 	 0.038355830666488316
1.741021997892119 	 0.03810572164313907
1.742021997892119 	 0.03785642842059211
1.7430219978921189 	 0.037607973707940084
1.7440219978921188 	 0.03736038016299723
1.7450219978921186 	 0.03711367039243462
1.7460219978921185 	 0.036867865932645544
1.7470219978921184 	 0.036622984456710236
1.7480219978921183 	 0.0363790427056341
1.7490219978921182 	 0.03613605738273699
1.750021997892118 	 0.03589404515375145
1.751021997892118 	 0.035653021805976695
1.7520219978921179 	 0.03541299994387384
1.7530219978921178 	 0.03517399140743993
1.7540219978921177 	 0.034936008010104394
1.7550219978921175 	 0.03469906153879736
1.7560219978921174 	 0.03446316310074313
1.7570219978921173 	 0.034228321333301476
1.7580219978921172 	 0.03399454428262446
1.759021997892117 	 0.03376183997687072
1.760021997892117 	 0.033530216426250925
1.7610219978921169 	 0.03329968110191429
1.7620219978921168 	 0.03307023950780996
1.7630219978921167 	 0.032841896679390865
1.7640219978921166 	 0.03261465764089265
1.7650219978921164 	 0.03238852740536155
1.7660219978921163 	 0.03216351061297102
1.7670219978921162 	 0.031939610539811904
1.7680219978921161 	 0.031716830138059024
1.769021997892116 	 0.03149517235334191
1.770021997892116 	 0.03127464012475979
1.7710219978921158 	 0.031055236070657907
1.7720219978921157 	 0.03083696162749483
1.7730219978921156 	 0.030619817953478602
1.7740219978921155 	 0.030403806204274672
1.7750219978921153 	 0.030188927533011237
1.7760219978921152 	 0.02997518291365013
1.7770219978921151 	 0.02976257265693683
1.778021997892115 	 0.029551096918329616
1.779021997892115 	 0.029340755852971946
1.7800219978921148 	 0.02913154961569185
1.7810219978921147 	 0.028923478217364292
1.7820219978921146 	 0.028716541131280814
1.7830219978921145 	 0.028510737706183755
1.7840219978921144 	 0.028306067292282914
1.7850219978921142 	 0.028102529241250524
1.7860219978921141 	 0.027900122828944746
1.787021997892114 	 0.027698847043644538
1.788021997892114 	 0.02749870080824181
1.7890219978921138 	 0.027299683048029176
1.7900219978921137 	 0.027101792690692933
1.7910219978921136 	 0.026905028628165472
1.7920219978921135 	 0.026709389612095555
1.7930219978921134 	 0.02651487436351429
1.7940219978921133 	 0.02632148160628961
1.7950219978921131 	 0.026129210067118405
1.796021997892113 	 0.025938058475057684
1.797021997892113 	 0.02574802556025348
1.7980219978921128 	 0.02555911005525839
1.7990219978921127 	 0.025371310695428244
1.8000219978921126 	 0.025184626218914468
1.8010219978921125 	 0.02499905539281434
1.8020219978921124 	 0.024814597084848768
1.8030219978921123 	 0.024631250188138994
1.8040219978921122 	 0.024449013598250326
1.805021997892112 	 0.02426788621318594
1.806021997892112 	 0.024087866986777152
1.8070219978921118 	 0.023908955075010972
1.8080219978921117 	 0.023731149682484767
1.8090219978921116 	 0.02355445001555418
1.8100219978921115 	 0.02337885528232902
1.8110219978921114 	 0.02320436476788479
1.8120219978921113 	 0.023030978040388828
1.8130219978921112 	 0.022858694734818583
1.814021997892111 	 0.022687514486969457
1.815021997892111 	 0.022517436933453497
1.8160219978921108 	 0.022348461804503554
1.8170219978921107 	 0.02218058917830869
1.8180219978921106 	 0.022013819214158434
1.8190219978921105 	 0.021848152071021722
1.8200219978921104 	 0.021683587907548773
1.8210219978921103 	 0.021520126997460334
1.8220219978921102 	 0.02135777004577315
1.82302199789211 	 0.02119651785701844
1.82402199789211 	 0.021036371234013192
1.8250219978921098 	 0.02087733097786599
1.8260219978921097 	 0.020719398011586412
1.8270219978921096 	 0.02056257371883328
1.8280219978921095 	 0.0204068595885139
1.8290219978921094 	 0.020252257106351024
1.8300219978921093 	 0.02009876775489295
1.8310219978921092 	 0.019946393160350302
1.832021997892109 	 0.019795135494994818
1.833021997892109 	 0.01964499705498988
1.8340219978921088 	 0.01949598013158806
1.8350219978921087 	 0.01934808701114588
1.8360219978921086 	 0.019201320127118192
1.8370219978921085 	 0.01905568247658523
1.8380219978921084 	 0.018911177183274255
1.8390219978921083 	 0.01876780736424129
1.8400219978921082 	 0.01862557612989076
1.841021997892108 	 0.0184844867484836
1.842021997892108 	 0.018344543096952666
1.8430219978921079 	 0.018205749187964814
1.8440219978921077 	 0.018068109025633692
1.8450219978921076 	 0.017931626605544423
1.8460219978921075 	 0.01779630608490057
1.8470219978921074 	 0.01766215224878647
1.8480219978921073 	 0.01752917002103841
1.8490219978921072 	 0.01739736431502036
1.850021997892107 	 0.017266740033653652
1.851021997892107 	 0.017137302240800453
1.8520219978921069 	 0.017009056630907658
1.8530219978921068 	 0.016882009036345822
1.8540219978921066 	 0.016756165277109977
1.8550219978921065 	 0.01663153116085432
1.8560219978921064 	 0.01650811265130634
1.8570219978921063 	 0.016385916329766347
1.8580219978921062 	 0.016264948911006154
1.859021997892106 	 0.016145217095584544
1.860021997892106 	 0.016026727569886594
1.8610219978921059 	 0.015909487164904496
1.8620219978921058 	 0.015793503291328986
1.8630219978921057 	 0.015678783483167757
1.8640219978921055 	 0.01556533525852134
1.8650219978921054 	 0.015453166119626726
1.8660219978921053 	 0.01534228369398267
1.8670219978921052 	 0.01523269612104829
1.868021997892105 	 0.015124411646643968
1.869021997892105 	 0.015017438499224463
1.8700219978921049 	 0.014911784889926002
1.8710219978921048 	 0.014807459128409289
1.8720219978921047 	 0.014704469940263643
1.8730219978921046 	 0.01460282613411562
1.8740219978921044 	 0.014502536500088902
1.8750219978921043 	 0.014403609809853772
1.8760219978921042 	 0.01430605489631295
1.877021997892104 	 0.01420988087190727
1.878021997892104 	 0.014115096899695404
1.879021997892104 	 0.01402171212353894
1.8800219978921038 	 0.013929735668153207
1.8810219978921037 	 0.013839176673453161
1.8820219978921036 	 0.013750044388596078
1.8830219978921034 	 0.01366234807342715
1.8840219978921033 	 0.013576096968443054
1.8850219978921032 	 0.013491300294842428
1.8860219978921031 	 0.013407967230729735
1.887021997892103 	 0.013326106845809836
1.888021997892103 	 0.013245728170000146
1.8890219978921028 	 0.0131668402144006
1.8900219978921027 	 0.013089451971341962
1.8910219978921026 	 0.013013572323225083
1.8920219978921025 	 0.012939209792593104
1.8930219978921023 	 0.012866372804417003
1.8940219978921022 	 0.012795069766158946
1.8950219978921021 	 0.012725309067816297
1.896021997892102 	 0.012657098913231173
1.897021997892102 	 0.012590446857682921
1.8980219978921018 	 0.012525360293062351
1.8990219978921017 	 0.01246184659594194
1.9000219978921016 	 0.012399913127613047
1.9010219978921015 	 0.012339566977997636
1.9020219978921014 	 0.012280814263717415
1.9030219978921012 	 0.012223660864517124
1.9040219978921011 	 0.012168112647993813
1.905021997892101 	 0.012114175469624877
1.906021997892101 	 0.012061854825327125
1.9070219978921008 	 0.012011154899166656
1.9080219978921007 	 0.011962079562388204
1.9090219978921006 	 0.011914632678267737
1.9100219978921005 	 0.011868818102128682
1.9110219978921004 	 0.0118246392403683
1.9120219978921003 	 0.011782097841835861
1.9130219978921001 	 0.011741195265722766
1.9140219978921 	 0.011701932868445807
1.9150219978921 	 0.011664312003648956
1.9160219978920998 	 0.011628333489661183
1.9170219978920997 	 0.011593996149928523
1.9180219978920996 	 0.011561298344105053
1.9190219978920995 	 0.01153023843523867
1.9200219978920994 	 0.011500814789756113
1.9210219978920993 	 0.011473025164152426
1.9220219978920992 	 0.011446865024079786
1.923021997892099 	 0.011422329307576458
1.924021997892099 	 0.011399412963075577
1.9250219978920988 	 0.011378110949371594
1.9260219978920987 	 0.011358417554511797
1.9270219978920986 	 0.011340324529092997
1.9280219978920985 	 0.011323823044327743
1.9290219978920984 	 0.011308904289493688
1.9300219978920983 	 0.011295559471879957
1.9310219978920982 	 0.011283779089675794
1.932021997892098 	 0.01127355093921133
1.933021997892098 	 0.011264862205192983
1.9340219978920978 	 0.011257700098470613
1.9350219978920977 	 0.011252051855963117
1.9360219978920976 	 0.011247903993522048
1.9370219978920975 	 0.011245240258316561
1.9380219978920974 	 0.011244043776548139
1.9390219978920973 	 0.011244297708744733
1.9400219978920972 	 0.011245985249665774
1.941021997892097 	 0.011249088891573335
1.942021997892097 	 0.011253588405170444
1.9430219978920968 	 0.01125946295730243
1.9440219978920967 	 0.011266691757080923
1.9450219978920966 	 0.011275254055769377
1.9460219978920965 	 0.011285128452509398
1.9470219978920964 	 0.011296290991647313
1.9480219978920963 	 0.011308717158291367
1.9490219978920962 	 0.011322382487153723
1.950021997892096 	 0.011337262562418363
1.951021997892096 	 0.011353332399562136
1.9520219978920959 	 0.011370564751266861
1.9530219978920957 	 0.01138893188413026
1.9540219978920956 	 0.011408406120719467
1.9550219978920955 	 0.011428959839424163
1.9560219978920954 	 0.011450564958060289
1.9570219978920953 	 0.011473191518770983
1.9580219978920952 	 0.011496809172053831
1.959021997892095 	 0.011521387629496517
1.960021997892095 	 0.011546896663618716
1.9610219978920949 	 0.011573305723748359
1.9620219978920947 	 0.011600582883474797
1.9630219978920946 	 0.011628695944354528
1.9640219978920945 	 0.011657612772588843
1.9650219978920944 	 0.011687301298858603
1.9660219978920943 	 0.011717729276815638
1.9670219978920942 	 0.011748863621431299
1.968021997892094 	 0.011780671102667006
1.969021997892094 	 0.011813118557029137
1.9700219978920939 	 0.01184617288740094
1.9710219978920938 	 0.011879800975011168
1.9720219978920936 	 0.011913969438444744
1.9730219978920935 	 0.011948644886072486
1.9740219978920934 	 0.011983793992963121
1.9750219978920933 	 0.01201938350071681
1.9760219978920932 	 0.012055380284821568
1.977021997892093 	 0.012091751539557983
1.978021997892093 	 0.012128464583717611
1.9790219978920929 	 0.012165486801204892
1.9800219978920928 	 0.012202785640876452
1.9810219978920927 	 0.012240328821937119
1.9820219978920925 	 0.012278084897184962
1.9830219978920924 	 0.012316022661912734
1.9840219978920923 	 0.01235411097342672
1.9850219978920922 	 0.012392318750895578
1.986021997892092 	 0.01243061531644211
1.987021997892092 	 0.012468971330301086
1.9880219978920919 	 0.012507357809660195
1.9890219978920918 	 0.012545745829159398
1.9900219978920917 	 0.012584106520752328
1.9910219978920916 	 0.01262241150214041
1.9920219978920914 	 0.012660634051308252
1.9930219978920913 	 0.012698747874327345
1.9940219978920912 	 0.012736726729259695
1.9950219978920911 	 0.012774544426034082
1.996021997892091 	 0.012812175350263744
1.997021997892091 	 0.012849595899197675
1.9980219978920908 	 0.012886782975381372
1.9990219978920907 	 0.012923713526915279
