0.0010219978922 	 0
0.0020219978922 	 0.0
0.0030219978922 	 0.0
0.0040219978922 	 0.0
0.0050219978922 	 0.0
0.0060219978922 	 0.0
0.0070219978922 	 0.0
0.0080219978922 	 0.0
0.009021997892200002 	 0.0
0.010021997892200003 	 0.0
0.011021997892200004 	 0.0
0.012021997892200004 	 0.0
0.013021997892200005 	 0.0
0.014021997892200006 	 0.0
0.015021997892200007 	 0.0
0.016021997892200008 	 0.0
0.01702199789220001 	 0.0
0.01802199789220001 	 0.0
0.01902199789220001 	 0.0
0.02002199789220001 	 0.0
0.021021997892200012 	 0.0
0.022021997892200013 	 0.0
0.023021997892200014 	 0.0
0.024021997892200015 	 0.0
0.025021997892200016 	 0.0
0.026021997892200017 	 0.0
0.027021997892200018 	 0.0
0.02802199789220002 	 0.0
0.02902199789220002 	 0.0
0.03002199789220002 	 0.0
0.03102199789220002 	 0.0
0.03202199789220002 	 0.0
0.03302199789220002 	 0.0
0.03402199789220002 	 0.0
0.03502199789220002 	 0.0
0.03602199789220002 	 0.0
0.03702199789220002 	 0.0
0.038021997892200024 	 0.0
0.039021997892200025 	 0.0
0.040021997892200026 	 0.0
0.04102199789220003 	 0.0
0.04202199789220003 	 0.0
0.04302199789220003 	 0.0
0.04402199789220003 	 0.0
0.04502199789220003 	 0.0
0.04602199789220003 	 0.0
0.04702199789220003 	 0.0
0.04802199789220003 	 0.0
0.049021997892200034 	 0.0
0.050021997892200035 	 0.0
0.051021997892200036 	 0.0
0.052021997892200036 	 0.0
0.05302199789220004 	 0.0
0.05402199789220004 	 0.0
0.05502199789220004 	 0.0
0.05602199789220004 	 0.0
0.05702199789220004 	 0.0
0.05802199789220004 	 0.0
0.05902199789220004 	 0.0
0.060021997892200044 	 0.0
0.061021997892200044 	 0.0
0.062021997892200045 	 0.0
0.06302199789220005 	 0.0
0.06402199789220005 	 0.0
0.06502199789220005 	 0.0
0.06602199789220005 	 0.0
0.06702199789220005 	 0.0
0.06802199789220005 	 0.0
0.06902199789220005 	 0.0
0.07002199789220005 	 0.0
0.07102199789220005 	 0.0
0.07202199789220005 	 0.0
0.07302199789220006 	 0.0
0.07402199789220006 	 0.0
0.07502199789220006 	 0.0
0.07602199789220006 	 0.0
0.07702199789220006 	 0.0
0.07802199789220006 	 0.0
0.07902199789220006 	 0.0
0.08002199789220006 	 0.0
0.08102199789220006 	 0.0
0.08202199789220006 	 0.0
0.08302199789220006 	 0.0
0.08402199789220006 	 0.0
0.08502199789220007 	 0.0
0.08602199789220007 	 0.0
0.08702199789220007 	 0.0
0.08802199789220007 	 0.0
0.08902199789220007 	 0.0
0.09002199789220007 	 0.0
0.09102199789220007 	 0.0
0.09202199789220007 	 0.0
0.09302199789220007 	 0.0
0.09402199789220007 	 0.0
0.09502199789220007 	 0.0
0.09602199789220008 	 0.0
0.09702199789220008 	 0.0
0.09802199789220008 	 0.0
0.09902199789220008 	 0.0
0.10002199789220008 	 0.0
0.10102199789220008 	 0.0
0.10202199789220008 	 0.0
0.10302199789220008 	 0.0
0.10402199789220008 	 0.0
0.10502199789220008 	 0.0
0.10602199789220008 	 0.0
0.10702199789220009 	 0.0
0.10802199789220009 	 0.0
0.10902199789220009 	 0.0
0.11002199789220009 	 0.0
0.11102199789220009 	 0.0
0.11202199789220009 	 0.0
0.11302199789220009 	 0.0
0.11402199789220009 	 0.0
0.11502199789220009 	 0.0
0.1160219978922001 	 0.0
0.1170219978922001 	 0.0
0.1180219978922001 	 0.0
0.1190219978922001 	 0.0
0.1200219978922001 	 0.0
0.1210219978922001 	 0.0
0.1220219978922001 	 0.0
0.1230219978922001 	 0.0
0.1240219978922001 	 0.0
0.1250219978922001 	 0.0
0.1260219978922001 	 0.0
0.1270219978922001 	 0.0
0.1280219978922001 	 0.0
0.1290219978922001 	 0.0
0.1300219978922001 	 0.0
0.1310219978922001 	 0.0
0.1320219978922001 	 0.0
0.1330219978922001 	 0.0
0.1340219978922001 	 0.0
0.1350219978922001 	 0.0
0.1360219978922001 	 0.0
0.1370219978922001 	 0.0
0.1380219978922001 	 0.0
0.1390219978922001 	 0.0
0.1400219978922001 	 0.0
0.1410219978922001 	 0.0
0.1420219978922001 	 0.0
0.1430219978922001 	 0.0
0.1440219978922001 	 0.0
0.1450219978922001 	 0.0
0.1460219978922001 	 0.0
0.1470219978922001 	 0.0
0.1480219978922001 	 0.0
0.1490219978922001 	 0.0
0.1500219978922001 	 0.0
0.1510219978922001 	 0.0
0.1520219978922001 	 0.0
0.1530219978922001 	 0.0
0.1540219978922001 	 0.0
0.15502199789220011 	 0.0
0.15602199789220011 	 0.0
0.15702199789220012 	 0.0
0.15802199789220012 	 0.0
0.15902199789220012 	 0.0
0.16002199789220012 	 0.0
0.16102199789220012 	 0.0
0.16202199789220012 	 0.0
0.16302199789220012 	 0.0
0.16402199789220012 	 0.0
0.16502199789220012 	 0.0
0.16602199789220012 	 0.0
0.16702199789220012 	 0.0
0.16802199789220013 	 0.0
0.16902199789220013 	 0.0
0.17002199789220013 	 0.0
0.17102199789220013 	 0.0
0.17202199789220013 	 0.0
0.17302199789220013 	 0.0
0.17402199789220013 	 0.0
0.17502199789220013 	 0.0
0.17602199789220013 	 0.0
0.17702199789220013 	 0.0
0.17802199789220013 	 0.0
0.17902199789220014 	 0.0
0.18002199789220014 	 0.0
0.18102199789220014 	 0.0
0.18202199789220014 	 0.0
0.18302199789220014 	 0.0
0.18402199789220014 	 0.0
0.18502199789220014 	 0.0
0.18602199789220014 	 0.0
0.18702199789220014 	 0.0
0.18802199789220014 	 0.0
0.18902199789220014 	 0.0
0.19002199789220015 	 0.0
0.19102199789220015 	 0.0
0.19202199789220015 	 0.0
0.19302199789220015 	 0.0
0.19402199789220015 	 0.0
0.19502199789220015 	 0.0
0.19602199789220015 	 0.0
0.19702199789220015 	 0.0
0.19802199789220015 	 0.0
0.19902199789220015 	 0.0
0.20002199789220015 	 0.0
0.20102199789220015 	 0.0
0.20202199789220016 	 0.0
0.20302199789220016 	 0.0
0.20402199789220016 	 0.0
0.20502199789220016 	 0.0
0.20602199789220016 	 0.0
0.20702199789220016 	 0.0
0.20802199789220016 	 0.0
0.20902199789220016 	 0.0
0.21002199789220016 	 0.0
0.21102199789220016 	 0.0
0.21202199789220016 	 0.0
0.21302199789220017 	 0.0
0.21402199789220017 	 0.0
0.21502199789220017 	 0.0
0.21602199789220017 	 0.0
0.21702199789220017 	 0.0
0.21802199789220017 	 0.0
0.21902199789220017 	 0.0
0.22002199789220017 	 0.0
0.22102199789220017 	 0.0
0.22202199789220017 	 0.0
0.22302199789220017 	 0.0
0.22402199789220018 	 0.0
0.22502199789220018 	 0.0
0.22602199789220018 	 0.0
0.22702199789220018 	 0.0
0.22802199789220018 	 0.0
0.22902199789220018 	 0.0
0.23002199789220018 	 0.0
0.23102199789220018 	 0.0
0.23202199789220018 	 0.0
0.23302199789220018 	 0.0
0.23402199789220018 	 0.0
0.23502199789220019 	 0.0
0.23602199789220019 	 0.0
0.2370219978922002 	 0.0
0.2380219978922002 	 0.0
0.2390219978922002 	 0.0
0.2400219978922002 	 0.0
0.2410219978922002 	 0.0
0.2420219978922002 	 0.0
0.2430219978922002 	 0.0
0.2440219978922002 	 0.0
0.2450219978922002 	 0.0
0.2460219978922002 	 0.0
0.2470219978922002 	 0.0
0.2480219978922002 	 0.0
0.2490219978922002 	 0.0
0.2500219978922002 	 0.0
0.2510219978922002 	 0.0
0.2520219978922002 	 0.0
0.2530219978922002 	 0.0
0.2540219978922002 	 0.0
0.2550219978922002 	 0.0
0.2560219978922002 	 0.0
0.2570219978922002 	 0.0
0.2580219978922002 	 0.0
0.2590219978922002 	 0.0
0.2600219978922002 	 0.0
0.2610219978922002 	 0.0
0.2620219978922002 	 0.0
0.2630219978922002 	 0.0
0.2640219978922002 	 0.0
0.2650219978922002 	 0.0
0.2660219978922002 	 0.0
0.2670219978922002 	 0.0
0.2680219978922002 	 0.0
0.2690219978922002 	 0.0
0.2700219978922002 	 0.0
0.2710219978922002 	 0.0
0.2720219978922002 	 0.0
0.2730219978922002 	 0.0
0.2740219978922002 	 0.0
0.2750219978922002 	 0.0
0.2760219978922002 	 0.0
0.2770219978922002 	 0.0
0.2780219978922002 	 0.0
0.2790219978922002 	 0.0
0.2800219978922002 	 0.0
0.2810219978922002 	 0.0
0.2820219978922002 	 0.0
0.2830219978922002 	 0.0
0.28402199789220023 	 0.0
0.28502199789220023 	 0.0
0.28602199789220023 	 0.0
0.28702199789220023 	 0.0
0.28802199789220023 	 0.0
0.28902199789220023 	 0.0
0.29002199789220023 	 0.0
0.29102199789220023 	 0.0
0.29202199789220024 	 0.0
0.29302199789220024 	 0.0
0.29402199789220024 	 0.0
0.29502199789220024 	 0.0
0.29602199789220024 	 0.0
0.29702199789220024 	 0.0
0.29802199789220024 	 0.0
0.29902199789220024 	 0.0
0.30002199789220024 	 0.0
0.30102199789220024 	 0.0
0.30202199789220024 	 0.0
0.30302199789220025 	 0.0
0.30402199789220025 	 0.0
0.30502199789220025 	 0.0
0.30602199789220025 	 0.0
0.30702199789220025 	 0.0
0.30802199789220025 	 0.0
0.30902199789220025 	 0.0
0.31002199789220025 	 0.0
0.31102199789220025 	 0.0
0.31202199789220025 	 0.0
0.31302199789220025 	 0.0
0.31402199789220026 	 0.0
0.31502199789220026 	 0.0
0.31602199789220026 	 0.0
0.31702199789220026 	 0.0
0.31802199789220026 	 0.0
0.31902199789220026 	 0.0
0.32002199789220026 	 0.0
0.32102199789220026 	 0.0
0.32202199789220026 	 0.0
0.32302199789220026 	 0.0
0.32402199789220026 	 0.0
0.32502199789220027 	 0.0
0.32602199789220027 	 0.0
0.32702199789220027 	 0.0
0.32802199789220027 	 0.0
0.32902199789220027 	 0.0
0.33002199789220027 	 0.0
0.33102199789220027 	 0.0
0.33202199789220027 	 0.0
0.33302199789220027 	 0.0
0.3340219978922003 	 0.0
0.3350219978922003 	 0.0
0.3360219978922003 	 0.0
0.3370219978922003 	 0.0
0.3380219978922003 	 0.0
0.3390219978922003 	 0.0
0.3400219978922003 	 0.0
0.3410219978922003 	 0.0
0.3420219978922003 	 0.0
0.3430219978922003 	 0.0
0.3440219978922003 	 0.0
0.3450219978922003 	 0.0
0.3460219978922003 	 0.0
0.3470219978922003 	 0.0
0.3480219978922003 	 0.0
0.3490219978922003 	 0.0
0.3500219978922003 	 0.0
0.3510219978922003 	 0.0
0.3520219978922003 	 0.0
0.3530219978922003 	 0.0
0.3540219978922003 	 0.0
0.3550219978922003 	 0.0
0.3560219978922003 	 0.0
0.3570219978922003 	 0.0
0.3580219978922003 	 0.0
0.3590219978922003 	 0.0
0.3600219978922003 	 0.0
0.3610219978922003 	 0.0
0.3620219978922003 	 0.0
0.3630219978922003 	 0.0
0.3640219978922003 	 0.0
0.3650219978922003 	 0.0
0.3660219978922003 	 0.0
0.3670219978922003 	 0.0
0.3680219978922003 	 0.0
0.3690219978922003 	 0.0
0.3700219978922003 	 0.0
0.3710219978922003 	 0.0
0.3720219978922003 	 0.0
0.3730219978922003 	 0.0
0.3740219978922003 	 0.0
0.3750219978922003 	 0.0
0.3760219978922003 	 0.0
0.3770219978922003 	 0.0
0.3780219978922003 	 0.0
0.3790219978922003 	 0.0
0.3800219978922003 	 0.0
0.3810219978922003 	 0.0
0.3820219978922003 	 0.0
0.3830219978922003 	 0.0
0.3840219978922003 	 0.0
0.3850219978922003 	 0.0
0.3860219978922003 	 0.0
0.3870219978922003 	 0.0
0.3880219978922003 	 0.0
0.3890219978922003 	 0.0
0.3900219978922003 	 0.0
0.3910219978922003 	 0.0
0.3920219978922003 	 0.0
0.3930219978922003 	 0.0
0.3940219978922003 	 0.0
0.3950219978922003 	 0.0
0.39602199789220033 	 0.0
0.39702199789220033 	 0.0
0.39802199789220033 	 0.0
0.39902199789220033 	 0.0
0.40002199789220033 	 0.0
0.40102199789220033 	 0.0
0.40202199789220033 	 0.0
0.40302199789220033 	 0.0
0.40402199789220034 	 0.0
0.40502199789220034 	 0.0
0.40602199789220034 	 0.0
0.40702199789220034 	 0.0
0.40802199789220034 	 0.0
0.40902199789220034 	 0.0
0.41002199789220034 	 0.0
0.41102199789220034 	 0.0
0.41202199789220034 	 0.0
0.41302199789220034 	 0.0
0.41402199789220034 	 0.0
0.41502199789220034 	 0.0
0.41602199789220035 	 0.0
0.41702199789220035 	 0.0
0.41802199789220035 	 0.0
0.41902199789220035 	 0.0
0.42002199789220035 	 0.0
0.42102199789220035 	 0.0
0.42202199789220035 	 0.0
0.42302199789220035 	 0.0
0.42402199789220035 	 0.0
0.42502199789220035 	 0.0
0.42602199789220035 	 0.0
0.42702199789220036 	 0.0
0.42802199789220036 	 0.0
0.42902199789220036 	 0.0
0.43002199789220036 	 0.0
0.43102199789220036 	 0.0
0.43202199789220036 	 0.0
0.43302199789220036 	 0.0
0.43402199789220036 	 0.0
0.43502199789220036 	 0.0
0.43602199789220036 	 0.0
0.43702199789220036 	 0.0
0.43802199789220037 	 0.0
0.43902199789220037 	 0.0
0.44002199789220037 	 0.0
0.44102199789220037 	 0.0
0.44202199789220037 	 0.0
0.44302199789220037 	 0.0
0.44402199789220037 	 0.0
0.44502199789220037 	 0.0
0.4460219978922004 	 0.0
0.4470219978922004 	 0.0
0.4480219978922004 	 0.0
0.4490219978922004 	 0.0
0.4500219978922004 	 0.0
0.4510219978922004 	 0.0
0.4520219978922004 	 0.0
0.4530219978922004 	 0.0
0.4540219978922004 	 0.0
0.4550219978922004 	 0.0
0.4560219978922004 	 0.0
0.4570219978922004 	 0.0
0.4580219978922004 	 0.0
0.4590219978922004 	 0.0
0.4600219978922004 	 0.0
0.4610219978922004 	 0.0
0.4620219978922004 	 0.0
0.4630219978922004 	 0.0
0.4640219978922004 	 0.0
0.4650219978922004 	 0.0
0.4660219978922004 	 0.0
0.4670219978922004 	 0.0
0.4680219978922004 	 0.0
0.4690219978922004 	 0.0
0.4700219978922004 	 0.0
0.4710219978922004 	 0.0
0.4720219978922004 	 0.0
0.4730219978922004 	 0.0
0.4740219978922004 	 0.0
0.4750219978922004 	 0.0
0.4760219978922004 	 0.0
0.4770219978922004 	 0.0
0.4780219978922004 	 0.0
0.4790219978922004 	 0.0
0.4800219978922004 	 0.0
0.4810219978922004 	 0.0
0.4820219978922004 	 0.0
0.4830219978922004 	 0.0
0.4840219978922004 	 0.0
0.4850219978922004 	 0.0
0.4860219978922004 	 0.0
0.4870219978922004 	 0.0
0.4880219978922004 	 0.0
0.4890219978922004 	 0.0
0.4900219978922004 	 0.0
0.4910219978922004 	 0.0
0.4920219978922004 	 0.0
0.4930219978922004 	 0.0
0.4940219978922004 	 0.0
0.4950219978922004 	 0.0
0.4960219978922004 	 0.0
0.4970219978922004 	 0.0
0.4980219978922004 	 0.0
0.4990219978922004 	 0.0
0.5000219978922004 	 0.0
0.5010219978922004 	 0.0
0.5020219978922004 	 0.0
0.5030219978922004 	 0.0
0.5040219978922004 	 0.0
0.5050219978922004 	 0.0
0.5060219978922004 	 0.0
0.5070219978922004 	 0.0
0.5080219978922004 	 0.0
0.5090219978922004 	 0.0
0.5100219978922004 	 0.0
0.5110219978922004 	 0.0
0.5120219978922004 	 0.0
0.5130219978922004 	 0.0
0.5140219978922004 	 0.0
0.5150219978922004 	 0.0
0.5160219978922004 	 0.0
0.5170219978922004 	 0.0
0.5180219978922004 	 0.0
0.5190219978922004 	 0.0
0.5200219978922004 	 0.0
0.5210219978922004 	 0.0
0.5220219978922004 	 0.0
0.5230219978922004 	 0.0
0.5240219978922004 	 0.0
0.5250219978922004 	 0.0
0.5260219978922004 	 0.0
0.5270219978922004 	 0.0
0.5280219978922004 	 0.0
0.5290219978922004 	 0.0
0.5300219978922004 	 0.0
0.5310219978922004 	 0.0
0.5320219978922004 	 0.0
0.5330219978922004 	 0.0
0.5340219978922004 	 0.0
0.5350219978922004 	 0.0
0.5360219978922004 	 0.0
0.5370219978922004 	 0.0
0.5380219978922004 	 0.0
0.5390219978922004 	 0.0
0.5400219978922004 	 0.0
0.5410219978922004 	 0.0
0.5420219978922004 	 0.0
0.5430219978922004 	 0.0
0.5440219978922004 	 0.0
0.5450219978922004 	 0.0
0.5460219978922004 	 0.0
0.5470219978922004 	 0.0
0.5480219978922004 	 0.0
0.5490219978922004 	 0.0
0.5500219978922004 	 0.0
0.5510219978922004 	 0.0
0.5520219978922004 	 0.0
0.5530219978922004 	 0.0
0.5540219978922004 	 0.0
0.5550219978922004 	 0.0
0.5560219978922004 	 0.0
0.5570219978922004 	 0.0
0.5580219978922004 	 0.0
0.5590219978922004 	 0.0
0.5600219978922004 	 0.0
0.5610219978922004 	 0.0
0.5620219978922004 	 0.0
0.5630219978922004 	 0.0
0.5640219978922004 	 0.0
0.5650219978922004 	 0.0
0.5660219978922004 	 0.0
0.5670219978922004 	 0.0
0.5680219978922004 	 0.0
0.5690219978922004 	 0.0
0.5700219978922004 	 0.0
0.5710219978922004 	 0.0
0.5720219978922004 	 0.0
0.5730219978922004 	 0.0
0.5740219978922004 	 0.0
0.5750219978922004 	 0.0
0.5760219978922004 	 0.0
0.5770219978922004 	 0.0
0.5780219978922004 	 0.0
0.5790219978922004 	 0.0
0.5800219978922004 	 0.0
0.5810219978922004 	 0.0
0.5820219978922004 	 0.0
0.5830219978922004 	 0.0
0.5840219978922004 	 0.0
0.5850219978922004 	 0.0
0.5860219978922004 	 0.0
0.5870219978922004 	 0.0
0.5880219978922004 	 0.0
0.5890219978922004 	 0.0
0.5900219978922004 	 0.0
0.5910219978922004 	 0.0
0.5920219978922004 	 0.0
0.5930219978922004 	 0.0
0.5940219978922004 	 0.0
0.5950219978922004 	 0.0
0.5960219978922005 	 0.0
0.5970219978922005 	 0.0
0.5980219978922005 	 0.0
0.5990219978922005 	 0.0
0.6000219978922005 	 0.0
0.6010219978922005 	 0.0
0.6020219978922005 	 0.0
0.6030219978922005 	 0.0
0.6040219978922005 	 0.0
0.6050219978922005 	 0.0
0.6060219978922005 	 0.0
0.6070219978922005 	 0.0
0.6080219978922005 	 0.0
0.6090219978922005 	 0.0
0.6100219978922005 	 0.0
0.6110219978922005 	 0.0
0.6120219978922005 	 0.0
0.6130219978922005 	 0.0
0.6140219978922005 	 0.0
0.6150219978922005 	 0.0
0.6160219978922005 	 0.0
0.6170219978922005 	 0.0
0.6180219978922005 	 0.0
0.6190219978922005 	 0.0
0.6200219978922005 	 0.0
0.6210219978922005 	 0.0
0.6220219978922005 	 0.0
0.6230219978922005 	 0.0
0.6240219978922005 	 0.0
0.6250219978922005 	 0.0
0.6260219978922005 	 0.0
0.6270219978922005 	 0.0
0.6280219978922005 	 0.0
0.6290219978922005 	 0.0
0.6300219978922005 	 0.0
0.6310219978922005 	 0.0
0.6320219978922005 	 0.0
0.6330219978922005 	 0.0
0.6340219978922005 	 0.0
0.6350219978922005 	 0.0
0.6360219978922005 	 0.0
0.6370219978922005 	 0.0
0.6380219978922005 	 0.0
0.6390219978922005 	 0.0
0.6400219978922005 	 0.0
0.6410219978922005 	 0.0
0.6420219978922005 	 0.0
0.6430219978922005 	 0.0
0.6440219978922005 	 0.0
0.6450219978922005 	 0.0
0.6460219978922005 	 0.0
0.6470219978922005 	 0.0
0.6480219978922005 	 0.0
0.6490219978922005 	 0.0
0.6500219978922005 	 0.0
0.6510219978922005 	 0.0
0.6520219978922005 	 0.0
0.6530219978922005 	 0.0
0.6540219978922005 	 0.0
0.6550219978922005 	 0.0
0.6560219978922005 	 0.0
0.6570219978922005 	 0.0
0.6580219978922005 	 0.0
0.6590219978922005 	 0.0
0.6600219978922005 	 0.0
0.6610219978922005 	 0.0
0.6620219978922005 	 0.0
0.6630219978922005 	 0.0
0.6640219978922005 	 0.0
0.6650219978922005 	 0.0
0.6660219978922005 	 0.0
0.6670219978922005 	 0.0
0.6680219978922005 	 0.0
0.6690219978922005 	 0.0
0.6700219978922005 	 0.0
0.6710219978922005 	 0.0
0.6720219978922005 	 0.0
0.6730219978922005 	 0.0
0.6740219978922005 	 0.0
0.6750219978922005 	 0.0
0.6760219978922005 	 0.0
0.6770219978922005 	 0.0
0.6780219978922005 	 0.0
0.6790219978922005 	 0.0
0.6800219978922005 	 0.0
0.6810219978922005 	 0.0
0.6820219978922005 	 0.0
0.6830219978922005 	 0.0
0.6840219978922005 	 0.0
0.6850219978922005 	 0.0
0.6860219978922005 	 0.0
0.6870219978922005 	 0.0
0.6880219978922005 	 0.0
0.6890219978922005 	 0.0
0.6900219978922005 	 0.0
0.6910219978922005 	 0.0
0.6920219978922005 	 0.0
0.6930219978922005 	 0.0
0.6940219978922005 	 0.0
0.6950219978922005 	 0.0
0.6960219978922005 	 0.0
0.6970219978922005 	 0.0
0.6980219978922005 	 0.0
0.6990219978922005 	 0.0
0.7000219978922005 	 0.0
0.7010219978922005 	 0.0
0.7020219978922005 	 0.0
0.7030219978922005 	 0.0
0.7040219978922005 	 0.0
0.7050219978922005 	 0.0
0.7060219978922005 	 0.0
0.7070219978922005 	 0.0
0.7080219978922005 	 0.0
0.7090219978922006 	 0.0
0.7100219978922006 	 0.0
0.7110219978922006 	 0.0
0.7120219978922006 	 0.0
0.7130219978922006 	 0.0
0.7140219978922006 	 0.0
0.7150219978922006 	 0.0
0.7160219978922006 	 0.0
0.7170219978922006 	 0.0
0.7180219978922006 	 0.0
0.7190219978922006 	 0.0
0.7200219978922006 	 0.0
0.7210219978922006 	 0.0
0.7220219978922006 	 0.0
0.7230219978922006 	 0.0
0.7240219978922006 	 0.0
0.7250219978922006 	 0.0
0.7260219978922006 	 0.0
0.7270219978922006 	 0.0
0.7280219978922006 	 0.0
0.7290219978922006 	 0.0
0.7300219978922006 	 0.0
0.7310219978922006 	 0.0
0.7320219978922006 	 0.0
0.7330219978922006 	 0.0
0.7340219978922006 	 0.0
0.7350219978922006 	 0.0
0.7360219978922006 	 0.0
0.7370219978922006 	 0.0
0.7380219978922006 	 0.0
0.7390219978922006 	 0.0
0.7400219978922006 	 0.0
0.7410219978922006 	 0.0
0.7420219978922006 	 0.0
0.7430219978922006 	 0.0
0.7440219978922006 	 0.0
0.7450219978922006 	 0.0
0.7460219978922006 	 0.0
0.7470219978922006 	 0.0
0.7480219978922006 	 0.0
0.7490219978922006 	 0.0
0.7500219978922006 	 0.0
0.7510219978922006 	 0.0
0.7520219978922006 	 0.0
0.7530219978922006 	 0.0
0.7540219978922006 	 0.0
0.7550219978922006 	 0.0
0.7560219978922006 	 0.0
0.7570219978922006 	 0.0
0.7580219978922006 	 0.0
0.7590219978922006 	 0.0
0.7600219978922006 	 0.0
0.7610219978922006 	 0.0
0.7620219978922006 	 0.0
0.7630219978922006 	 0.0
0.7640219978922006 	 0.0
0.7650219978922006 	 0.0
0.7660219978922006 	 0.0
0.7670219978922006 	 0.0
0.7680219978922006 	 0.0
0.7690219978922006 	 0.0
0.7700219978922006 	 0.0
0.7710219978922006 	 0.0
0.7720219978922006 	 0.0
0.7730219978922006 	 0.0
0.7740219978922006 	 0.0
0.7750219978922006 	 0.0
0.7760219978922006 	 0.0
0.7770219978922006 	 0.0
0.7780219978922006 	 0.0
0.7790219978922006 	 0.0
0.7800219978922006 	 0.0
0.7810219978922006 	 0.0
0.7820219978922006 	 0.0
0.7830219978922006 	 0.0
0.7840219978922006 	 0.0
0.7850219978922006 	 0.0
0.7860219978922006 	 0.0
0.7870219978922006 	 0.0
0.7880219978922006 	 0.0
0.7890219978922006 	 0.0
0.7900219978922006 	 0.0
0.7910219978922006 	 0.0
0.7920219978922006 	 0.0
0.7930219978922006 	 0.0
0.7940219978922006 	 0.0
0.7950219978922006 	 0.0
0.7960219978922006 	 0.0
0.7970219978922006 	 0.0
0.7980219978922006 	 0.0
0.7990219978922006 	 0.0
0.8000219978922006 	 0.0
0.8010219978922006 	 0.0
0.8020219978922006 	 0.0
0.8030219978922006 	 0.0
0.8040219978922006 	 0.0
0.8050219978922006 	 0.0
0.8060219978922006 	 0.0
0.8070219978922006 	 0.0
0.8080219978922006 	 0.0
0.8090219978922006 	 0.0
0.8100219978922006 	 0.0
0.8110219978922006 	 0.0
0.8120219978922006 	 0.0
0.8130219978922006 	 0.0
0.8140219978922006 	 0.0
0.8150219978922006 	 0.0
0.8160219978922006 	 0.0
0.8170219978922006 	 0.0
0.8180219978922006 	 0.0
0.8190219978922006 	 0.0
0.8200219978922006 	 0.0
0.8210219978922007 	 0.0
0.8220219978922007 	 0.0
0.8230219978922007 	 0.0
0.8240219978922007 	 0.0
0.8250219978922007 	 0.0
0.8260219978922007 	 0.0
0.8270219978922007 	 3.0412867067872297e-21
0.8280219978922007 	 2.3773392641602026e-14
0.8290219978922007 	 3.6814978519860464e-13
0.8300219978922007 	 1.8428526443940745e-12
0.8310219978922007 	 5.7898656566820435e-12
0.8320219978922007 	 1.4091791171462968e-11
0.8330219978922007 	 2.9157510412299345e-11
0.8340219978922007 	 5.394396614962648e-11
0.8350219978922007 	 9.193129793991719e-11
0.8360219978922007 	 1.4713443605134668e-10
0.8370219978922007 	 2.2411208102665119e-10
0.8380219978922007 	 3.2793796837668923e-10
0.8390219978922007 	 4.642324378994636e-10
0.8400219978922007 	 6.391245048057882e-10
0.8410219978922007 	 8.592870190205188e-10
0.8420219978922007 	 1.1318951228224748e-09
0.8430219978922007 	 1.464663201626076e-09
0.8440219978922007 	 1.865801415583709e-09
0.8450219978922007 	 2.344047403547596e-09
0.8460219978922007 	 2.90865082544693e-09
0.8470219978922007 	 3.5693474275913843e-09
0.8480219978922007 	 4.336400281907278e-09
0.8490219978922007 	 5.22054613959492e-09
0.8500219978922007 	 6.232182549168318e-09
0.8510219978922007 	 7.384591216450934e-09
0.8520219978922007 	 8.689263210715204e-09
0.8530219978922007 	 1.0158903434073526e-08
0.8540219978922007 	 1.1806696131441587e-08
0.8550219978922007 	 1.3646275495740454e-08
0.8560219978922007 	 1.5691766896661105e-08
0.8570219978922007 	 1.7957761989252033e-08
0.8580219978922007 	 2.0459288073569907e-08
0.8590219978922007 	 2.3211860116405258e-08
0.8600219978922007 	 2.6231414630182042e-08
0.8610219978922007 	 2.9534357481098597e-08
0.8620219978922007 	 3.313753092285574e-08
0.8630219978922007 	 3.7058225541660446e-08
0.8640219978922007 	 4.131414063436864e-08
0.8650219978922007 	 4.592343188024017e-08
0.8660219978922007 	 5.090468304625243e-08
0.8670219978922007 	 5.627687434000891e-08
0.8680219978922007 	 6.205943104255855e-08
0.8690219978922007 	 6.827219490887037e-08
0.8700219978922007 	 7.493539282944679e-08
0.8710219978922007 	 8.206968599946443e-08
0.8720219978922007 	 8.969614133794867e-08
0.8730219978922007 	 9.783620067552999e-08
0.8740219978922007 	 1.0651173013124748e-07
0.8750219978922007 	 1.1574498272082323e-07
0.8760219978922007 	 1.2555861362540182e-07
0.8770219978922007 	 1.3597563874531486e-07
0.8780219978922007 	 1.470194886796031e-07
0.8790219978922007 	 1.5871397875581618e-07
0.8800219978922007 	 1.7108327775986947e-07
0.8810219978922007 	 1.84151961348973e-07
0.8820219978922007 	 1.9794497342854906e-07
0.8830219978922007 	 2.1248764319277056e-07
0.8840219978922007 	 2.2780564334820076e-07
0.8850219978922007 	 2.4392504707410254e-07
0.8860219978922007 	 2.6087228793848997e-07
0.8870219978922007 	 2.7867417841856187e-07
0.8880219978922007 	 2.973578670594866e-07
0.8890219978922007 	 3.1695089839579374e-07
0.8900219978922007 	 3.374811717406993e-07
0.8910219978922007 	 3.589769486620011e-07
0.8920219978922007 	 3.8146676897849777e-07
0.8930219978922007 	 4.04979537262706e-07
0.8940219978922007 	 4.2954448807489523e-07
0.8950219978922007 	 4.5519120448365657e-07
0.8960219978922007 	 4.819495713768889e-07
0.8970219978922007 	 5.09849837415924e-07
0.8980219978922007 	 5.389225695857436e-07
0.8990219978922007 	 5.69198672104773e-07
0.9000219978922007 	 6.007093388409747e-07
0.9010219978922007 	 6.334861163677002e-07
0.9020219978922007 	 6.675608575225599e-07
0.9030219978922007 	 7.029657404946951e-07
0.9040219978922007 	 7.397332204580371e-07
0.9050219978922007 	 7.778960933009106e-07
0.9060219978922007 	 8.174874482954233e-07
0.9070219978922007 	 8.585406871453056e-07
0.9080219978922007 	 9.010894748980906e-07
0.9090219978922007 	 9.451678039410626e-07
0.9100219978922007 	 9.908099458301453e-07
0.9110219978922007 	 1.0380504514189895e-06
0.9120219978922007 	 1.0869241248906932e-06
0.9130219978922007 	 1.1374660349384784e-06
0.9140219978922007 	 1.1897115130774306e-06
0.9150219978922007 	 1.243696148046894e-06
0.9160219978922007 	 1.2994557822293445e-06
0.9170219978922007 	 1.3570265060354705e-06
0.9180219978922007 	 1.4164430091326402e-06
0.9190219978922007 	 1.4777354655024172e-06
0.9200219978922007 	 1.540943251894881e-06
0.9210219978922007 	 1.6061040724145624e-06
0.9220219978922007 	 1.6732553355991676e-06
0.9230219978922007 	 1.7424344893647892e-06
0.9240219978922007 	 1.8136791004276308e-06
0.9250219978922007 	 1.8870268806077012e-06
0.9260219978922007 	 1.962515694745486e-06
0.9270219978922007 	 2.0401835606139655e-06
0.9280219978922007 	 2.1200686446836263e-06
0.9290219978922007 	 2.20220925540393e-06
0.9300219978922007 	 2.2866438347930454e-06
0.9310219978922007 	 2.373411170819977e-06
0.9320219978922007 	 2.462551062564917e-06
0.9330219978922007 	 2.5541037886649285e-06
0.9340219978922008 	 2.6481099274926566e-06
0.9350219978922008 	 2.7446103569198297e-06
0.9360219978922008 	 2.8436462534185174e-06
0.9370219978922008 	 2.9452590904417967e-06
0.9380219978922008 	 3.049490633935682e-06
0.9390219978922008 	 3.1563828962095455e-06
0.9400219978922008 	 3.265978126309286e-06
0.9410219978922008 	 3.378318855677721e-06
0.9420219978922008 	 3.4934479396572538e-06
0.9430219978922008 	 3.6114085108665723e-06
0.9440219978922008 	 3.732243956583332e-06
0.9450219978922008 	 3.855997907226573e-06
0.9460219978922008 	 3.98271422284736e-06
0.9470219978922008 	 4.11243697738308e-06
0.9480219978922008 	 4.2452104404006095e-06
0.9490219978922008 	 4.381079056039896e-06
0.9500219978922008 	 4.520087418763819e-06
0.9510219978922008 	 4.662279844788179e-06
0.9520219978922008 	 4.807699143223479e-06
0.9530219978922008 	 4.956387559512483e-06
0.9540219978922008 	 5.108387048985913e-06
0.9550219978922008 	 5.263739214585834e-06
0.9560219978922008 	 5.4224854749410864e-06
0.9570219978922008 	 5.584667693195743e-06
0.9580219978922008 	 5.75032750807731e-06
0.9590219978922008 	 5.9195059787526075e-06
0.9600219978922008 	 6.092243270162528e-06
0.9610219978922008 	 6.268578804323353e-06
0.9620219978922008 	 6.448550890821843e-06
0.9630219978922008 	 6.6321970581903545e-06
0.9640219978922008 	 6.819553885092046e-06
0.9650219978922008 	 7.010656923799639e-06
0.9660219978922008 	 7.205540254715725e-06
0.9670219978922008 	 7.404236255147479e-06
0.9680219978922008 	 7.606775349320908e-06
0.9690219978922008 	 7.81318572471279e-06
0.9700219978922008 	 8.023493009593452e-06
0.9710219978922008 	 8.237719647432267e-06
0.9720219978922008 	 8.455883717464469e-06
0.9730219978922008 	 8.677999107801019e-06
0.9740219978922008 	 8.904075175592097e-06
0.9750219978922008 	 9.134116110467179e-06
0.9760219978922008 	 9.368120202279849e-06
0.9770219978922008 	 9.606078996370152e-06
0.9780219978922008 	 9.847976316183503e-06
0.9790219978922008 	 1.009378712912335e-05
0.9800219978922008 	 1.0343476226357442e-05
0.9810219978922008 	 1.0597000913574116e-05
0.9820219978922008 	 1.0854321567300274e-05
0.9830219978922008 	 1.111538307796585e-05
0.9840219978922008 	 1.1379996026175443e-05
0.9850219978922008 	 1.1648056024691225e-05
0.9860219978922008 	 1.1919577747833621e-05
0.9870219978922008 	 1.2194362751953093e-05
0.9880219978922008 	 1.2471340838137024e-05
0.9890219978922008 	 1.274909915918186e-05
0.9900219978922008 	 1.30275902712925e-05
0.9910219978922008 	 1.3306242900419138e-05
0.9920219978922008 	 1.3584266941450888e-05
0.9930219978922008 	 1.3860670935346902e-05
0.9940219978922008 	 1.4134236959491499e-05
0.9950219978922008 	 1.440347616174732e-05
0.9960219978922008 	 1.4661754642933504e-05
0.9970219978922008 	 1.4903487862982667e-05
0.9980219978922008 	 1.5127006895418296e-05
0.9990219978922008 	 1.5328197639340992e-05
1.0000219978922007 	 1.550166126780997e-05
1.0010219978922006 	 1.564071693849165e-05
1.0020219978922005 	 1.5737109301961113e-05
1.0030219978922004 	 1.578058387982205e-05
1.0040219978922003 	 1.5758601792761162e-05
1.0050219978922001 	 1.565609994938468e-05
1.0060219978922 	 1.5454666049344667e-05
1.0070219978922 	 1.513266744567025e-05
1.0080219978921998 	 1.4665513911216421e-05
1.0090219978921997 	 1.402656345471931e-05
1.0100219978921996 	 1.3189405712823124e-05
1.0110219978921995 	 1.2132485971837979e-05
1.0120219978921994 	 1.0846024854356333e-05
1.0130219978921993 	 9.342743069587237e-06
1.0140219978921992 	 7.67125638021838e-06
1.015021997892199 	 5.927495753948872e-06
1.016021997892199 	 4.25712564067339e-06
1.0170219978921988 	 2.8396475254293375e-06
1.0180219978921987 	 1.8528938500553996e-06
1.0190219978921986 	 1.4256901462127643e-06
1.0200219978921985 	 1.603537811779987e-06
1.0210219978921984 	 2.3462061167745716e-06
1.0220219978921983 	 3.548372592724809e-06
1.0230219978921982 	 5.0774838131888355e-06
1.024021997892198 	 6.804500967528821e-06
1.025021997892198 	 8.624203077956617e-06
1.0260219978921978 	 1.0460276434718577e-05
1.0270219978921977 	 1.2263276477421311e-05
1.0280219978921976 	 1.4004757409852054e-05
1.0290219978921975 	 1.5670980789097084e-05
1.0300219978921974 	 1.725801449774979e-05
1.0310219978921973 	 1.8767260160563856e-05
1.0320219978921972 	 2.0203185296721207e-05
1.033021997892197 	 2.15723812769379e-05
1.034021997892197 	 2.2882084209370704e-05
1.0350219978921968 	 2.413942786969544e-05
1.0360219978921967 	 2.5351199053438854e-05
1.0370219978921966 	 2.6523742426650783e-05
1.0380219978921965 	 2.7662849690476274e-05
1.0390219978921964 	 2.8773746148152027e-05
1.0400219978921963 	 2.9861117425639593e-05
1.0410219978921962 	 3.09291167301179e-05
1.042021997892196 	 3.1981273913817515e-05
1.043021997892196 	 3.30206508657437e-05
1.0440219978921959 	 3.404992854671761e-05
1.0450219978921957 	 3.507145337938338e-05
1.0460219978921956 	 3.6087278641684875e-05
1.0470219978921955 	 3.7099236779266257e-05
1.0480219978921954 	 3.81090791616633e-05
1.0490219978921953 	 3.9118416330839955e-05
1.0500219978921952 	 4.0128711986567725e-05
1.051021997892195 	 4.1141291269878636e-05
1.052021997892195 	 4.215732297838874e-05
1.0530219978921949 	 4.31778641538036e-05
1.0540219978921948 	 4.42038829576447e-05
1.0550219978921946 	 4.5236270006783694e-05
1.0560219978921945 	 4.627584818725638e-05
1.0570219978921944 	 4.732338088754983e-05
1.0580219978921943 	 4.8379578577467205e-05
1.0590219978921942 	 4.9445105949210036e-05
1.060021997892194 	 5.05205877600699e-05
1.061021997892194 	 5.160661110990588e-05
1.0620219978921939 	 5.270372171000712e-05
1.0630219978921938 	 5.3812431116179146e-05
1.0640219978921936 	 5.493323797130351e-05
1.0650219978921935 	 5.606662699310736e-05
1.0660219978921934 	 5.721305459421359e-05
1.0670219978921933 	 5.837291673522441e-05
1.0680219978921932 	 5.9546583308113585e-05
1.069021997892193 	 6.073440616467741e-05
1.070021997892193 	 6.193672133844866e-05
1.0710219978921929 	 6.315387027004693e-05
1.0720219978921928 	 6.438625862387696e-05
1.0730219978921927 	 6.563430547060029e-05
1.0740219978921925 	 6.689842764881619e-05
1.0750219978921924 	 6.817904078081232e-05
1.0760219978921923 	 6.947656020590613e-05
1.0770219978921922 	 7.079140184318345e-05
1.078021997892192 	 7.21239829884285e-05
1.079021997892192 	 7.347472305879027e-05
1.0800219978921919 	 7.484404428704182e-05
1.0810219978921918 	 7.623233462278346e-05
1.0820219978921917 	 7.763983946548146e-05
1.0830219978921916 	 7.906676153566343e-05
1.0840219978921914 	 8.051329294030317e-05
1.0850219978921913 	 8.197961528408564e-05
1.0860219978921912 	 8.3465899757198e-05
1.0870219978921911 	 8.497239977036538e-05
1.088021997892191 	 8.649971203080485e-05
1.089021997892191 	 8.804842318592504e-05
1.0900219978921908 	 8.961902912772027e-05
1.0910219978921907 	 9.121200179650485e-05
1.0920219978921906 	 9.282770310318037e-05
1.0930219978921905 	 9.446646886468805e-05
1.0940219978921903 	 9.612863569853541e-05
1.0950219978921902 	 9.781454116734177e-05
1.0960219978921901 	 9.952452392797676e-05
1.09702199789219 	 0.0001012589238637796
1.09802199789219 	 0.00010301808220776926
1.0990219978921898 	 0.00010480234266565662
1.1000219978921897 	 0.00010661204013316429
1.1010219978921896 	 0.00010844753278258464
1.1020219978921895 	 0.00011030927163160754
1.1030219978921894 	 0.00011219774535037107
1.1040219978921892 	 0.00011411345960476815
1.1050219978921891 	 0.00011605693140670171
1.106021997892189 	 0.00011802868914737616
1.107021997892189 	 0.0001200292088496516
1.1080219978921888 	 0.00012205873089568436
1.1090219978921887 	 0.00012411743096693028
1.1100219978921886 	 0.0001262054741885482
1.1110219978921885 	 0.00012832310506440895
1.1120219978921884 	 0.00013047090589295547
1.1130219978921883 	 0.00013264955318584466
1.1140219978921881 	 0.00013485966631256486
1.115021997892188 	 0.00013710180628195086
1.116021997892188 	 0.0001393765432247438
1.1170219978921878 	 0.00014168445947079078
1.1180219978921877 	 0.0001440261498681012
1.1190219978921876 	 0.00014640222209772526
1.1200219978921875 	 0.0001488132969908863
1.1210219978921874 	 0.00015125994630371935
1.1220219978921873 	 0.00015374251443247392
1.1230219978921872 	 0.00015626128672940944
1.124021997892187 	 0.00015881654171892042
1.125021997892187 	 0.0001614085506095611
1.1260219978921868 	 0.000164037579076967
1.1270219978921867 	 0.00016670387877304005
1.1280219978921866 	 0.0001694078970811066
1.1290219978921865 	 0.00017215083358317854
1.1300219978921864 	 0.00017493411240456755
1.1310219978921863 	 0.00017775903552906902
1.1320219978921862 	 0.0001806262710075744
1.133021997892186 	 0.00018353633700154775
1.134021997892186 	 0.00018648975431185118
1.1350219978921858 	 0.00018948452865652472
1.1360219978921857 	 0.00019252629695273383
1.1370219978921856 	 0.0001956129924819802
1.1380219978921855 	 0.00019874514927062378
1.1390219978921854 	 0.0002019233855744283
1.1400219978921853 	 0.0002051484049888659
1.1410219978921852 	 0.0002084208975209189
1.142021997892185 	 0.0002117414566083389
1.143021997892185 	 0.00021511065553777512
1.1440219978921848 	 0.00021852912191955095
1.1450219978921847 	 0.00022199768283751928
1.1460219978921846 	 0.0002255172281337688
1.1470219978921845 	 0.00022908866740766035
1.1480219978921844 	 0.00023271293049961016
1.1490219978921843 	 0.00023639097095827817
1.1500219978921842 	 0.00024012375456832613
1.151021997892184 	 0.00024391224979602966
1.152021997892184 	 0.00024775733711921425
1.1530219978921838 	 0.00025165988786203676
1.1540219978921837 	 0.00025562078779265703
1.1550219978921836 	 0.0002596409328115301
1.1560219978921835 	 0.0002637212313096979
1.1570219978921834 	 0.00026786261817599916
1.1580219978921833 	 0.00027206604042953803
1.1590219978921832 	 0.00027633246017377133
1.160021997892183 	 0.0002806628553377175
1.161021997892183 	 0.00028505819182484944
1.1620219978921829 	 0.0002895193435232096
1.1630219978921827 	 0.00029404717539069754
1.1640219978921826 	 0.00029864269527676406
1.1650219978921825 	 0.0003033070768348215
1.1660219978921824 	 0.00030804160463341354
1.1670219978921823 	 0.0003128476122037531
1.1680219978921822 	 0.0003177264685007916
1.169021997892182 	 0.0003226795626020984
1.170021997892182 	 0.0003277083284466764
1.1710219978921819 	 0.00033281415862604715
1.1720219978921818 	 0.0003379982066956049
1.1730219978921816 	 0.0003432615797177586
1.1740219978921815 	 0.00034860539878518704
1.1750219978921814 	 0.000354030799079189
1.1760219978921813 	 0.00035953893003623207
1.1770219978921812 	 0.0003651309555738952
1.178021997892181 	 0.0003708080305397356
1.179021997892181 	 0.000376571369344657
1.1800219978921809 	 0.0003824221827088033
1.1810219978921808 	 0.0003883618483002658
1.1820219978921807 	 0.0003943923256732003
1.1830219978921805 	 0.00040051579082671363
1.1840219978921804 	 0.000406734517746978
1.1850219978921803 	 0.0004130508214099202
1.1860219978921802 	 0.00041946706861823184
1.18702199789218 	 0.00042598527962030335
1.18802199789218 	 0.0004326059179356254
1.1890219978921799 	 0.00043932980537327856
1.1900219978921798 	 0.000446158495790952
1.1910219978921797 	 0.00045309360800511577
1.1920219978921796 	 0.000460136834000049
1.1930219978921794 	 0.00046728990594092906
1.1940219978921793 	 0.00047455458557920597
1.1950219978921792 	 0.0004819326647253618
1.1960219978921791 	 0.000489425965789668
1.197021997892179 	 0.0004970363423461195
1.198021997892179 	 0.0005047656797433968
1.1990219978921788 	 0.0005126158956750682
1.2000219978921787 	 0.0005205889408169541
1.2010219978921786 	 0.000528686985723654
1.2020219978921785 	 0.0005369129054810546
1.2030219978921783 	 0.0005452698379601835
1.2040219978921782 	 0.00055376100579577
1.2050219978921781 	 0.0005623895240352313
1.206021997892178 	 0.0005711578296003742
1.207021997892178 	 0.0005800682259172639
1.2080219978921778 	 0.00058912305550277
1.2090219978921777 	 0.0005983247006081036
1.2100219978921776 	 0.000607675583900414
1.2110219978921775 	 0.0006171782453377643
1.2120219978921773 	 0.0006268355599179124
1.2130219978921772 	 0.0006366505146007235
1.2140219978921771 	 0.0006466257629321965
1.215021997892177 	 0.0006567635892766547
1.216021997892177 	 0.0006670663129945595
1.2170219978921768 	 0.0006775362706202689
1.2180219978921767 	 0.0006881758239803905
1.2190219978921766 	 0.0006989873602816648
1.2200219978921765 	 0.0007099732921494508
1.2210219978921764 	 0.0007211364841819316
1.2220219978921762 	 0.0007324814679280114
1.2230219978921761 	 0.0007440132946462852
1.224021997892176 	 0.000755737174813878
1.225021997892176 	 0.0007676584824732637
1.2260219978921758 	 0.0007797821738005626
1.2270219978921757 	 0.000792111132779318
1.2280219978921756 	 0.000804647712182136
1.2290219978921755 	 0.000817394293523542
1.2300219978921754 	 0.0008303532452745046
1.2310219978921753 	 0.000843527287187189
1.2320219978921751 	 0.000856920502185414
1.233021997892175 	 0.0008705373795159312
1.234021997892175 	 0.0008843825124277211
1.2350219978921748 	 0.0008984606001075868
1.2360219978921747 	 0.0009127764499516501
1.2370219978921746 	 0.0009273349798504325
1.2380219978921745 	 0.0009421411881317687
1.2390219978921744 	 0.000957199207352184
1.2400219978921743 	 0.0009725123689174293
1.2410219978921742 	 0.0009880841985104097
1.242021997892174 	 0.0010039191043272081
1.243021997892174 	 0.001020021770339128
1.2440219978921738 	 0.0010363969632852968
1.2450219978921737 	 0.0010530495331881992
1.2460219978921736 	 0.0010699844142607318
1.2470219978921735 	 0.001087207037396323
1.2480219978921734 	 0.0011047245185141384
1.2490219978921733 	 0.0011225444960840613
1.2500219978921732 	 0.001140674870217886
1.251021997892173 	 0.0011591232715073925
1.252021997892173 	 0.0011778957117070735
1.2530219978921728 	 0.0011969978823103181
1.2540219978921727 	 0.0012164355628834797
1.2550219978921726 	 0.0012362146205936596
1.2560219978921725 	 0.001256341010297734
1.2570219978921724 	 0.0012768207744396568
1.2580219978921723 	 0.001297660060024644
1.2590219978921722 	 0.0013188650509001977
1.260021997892172 	 0.0013404420678921666
1.261021997892172 	 0.0013623961320822196
1.2620219978921718 	 0.0013847270754391056
1.2630219978921717 	 0.0014074335542283835
1.2640219978921716 	 0.0014305209451830163
1.2650219978921715 	 0.0014540014171171107
1.2660219978921714 	 0.0014778878082648567
1.2670219978921713 	 0.0015021925271760026
1.2680219978921712 	 0.0015269249891646278
1.269021997892171 	 0.001552094093741454
1.270021997892171 	 0.0015777088956565569
1.2710219978921709 	 0.001603778318565758
1.2720219978921707 	 0.0016303102819995015
1.2730219978921706 	 0.001657312529515559
1.2740219978921705 	 0.001684792884818971
1.2750219978921704 	 0.0017127592480664106
1.2760219978921703 	 0.0017412196159165994
1.2770219978921702 	 0.0017701819866738243
1.27802199789217 	 0.0017996544931697393
1.27902199789217 	 0.0018296453091297816
1.2800219978921699 	 0.0018601626675691756
1.2810219978921698 	 0.001891214704750384
1.2820219978921696 	 0.0019228090238329113
1.2830219978921695 	 0.0019549531009857408
1.2840219978921694 	 0.00198765443089126
1.2850219978921693 	 0.0020209204142746236
1.2860219978921692 	 0.002054758505484949
1.287021997892169 	 0.002089179141358258
1.288021997892169 	 0.002124203807048716
1.2890219978921689 	 0.002159844300162892
1.2900219978921688 	 0.0021960999826653965
1.2910219978921686 	 0.0022329715758804608
1.2920219978921685 	 0.00227046849059351
1.2930219978921684 	 0.002308602251718775
1.2940219978921683 	 0.0023473846255714125
1.2950219978921682 	 0.0023868274999608047
1.296021997892168 	 0.002426942911278549
1.297021997892168 	 0.002467743042176379
1.2980219978921679 	 0.002509240220310116
1.2990219978921678 	 0.0025514469152163495
1.3000219978921677 	 0.0025943757609191574
1.3010219978921675 	 0.00263803770326842
1.3020219978921674 	 0.0026824372429161613
1.3030219978921673 	 0.002727576950989518
1.3040219978921672 	 0.002773458957774341
1.305021997892167 	 0.002820084931114559
1.306021997892167 	 0.0028674584280690115
1.3070219978921669 	 0.002915591642690555
1.3080219978921668 	 0.002964499061487466
1.3090219978921667 	 0.0030141952886384884
1.3100219978921666 	 0.0030646952797558275
1.3110219978921664 	 0.0031160118491571215
1.3120219978921663 	 0.0031681490274403394
1.3130219978921662 	 0.003221108634178958
1.3140219978921661 	 0.0032748979578464442
1.315021997892166 	 0.0033295298130286873
1.316021997892166 	 0.0033850173599606014
1.3170219978921658 	 0.003441373935484675
1.3180219978921657 	 0.0034986128748602215
1.3190219978921656 	 0.0035567477845813403
1.3200219978921655 	 0.003615792366001017
1.3210219978921653 	 0.003675757019208361
1.3220219978921652 	 0.0037366390264161175
1.3230219978921651 	 0.003798431795316609
1.324021997892165 	 0.003861127774321409
1.325021997892165 	 0.003924718427847964
1.3260219978921648 	 0.003989194262326509
1.3270219978921647 	 0.004054544589373568
1.3280219978921646 	 0.0041207693652915885
1.3290219978921645 	 0.004187911851592618
1.3300219978921644 	 0.004256027563857377
1.3310219978921642 	 0.004325162156598624
1.3320219978921641 	 0.004395317845143089
1.333021997892164 	 0.004466487741671756
1.334021997892164 	 0.00453866348138852
1.3350219978921638 	 0.0046118355913313544
1.3360219978921637 	 0.004685993530708059
1.3370219978921636 	 0.004761125744265375
1.3380219978921635 	 0.004837220148162667
1.3390219978921634 	 0.004914279491822598
1.3400219978921633 	 0.004992321222922757
1.3410219978921631 	 0.0050713611976286556
1.342021997892163 	 0.005151405456051564
1.343021997892163 	 0.005232457476090293
1.3440219978921628 	 0.005314520504527301
1.3450219978921627 	 0.0053975975657196825
1.3460219978921626 	 0.00548169145623226
1.3470219978921625 	 0.005566805318706756
1.3480219978921624 	 0.005652944319852392
1.3490219978921623 	 0.0057401140662733515
1.3500219978921622 	 0.005828320105062831
1.351021997892162 	 0.005917568141591636
1.352021997892162 	 0.006007864717062287
1.3530219978921618 	 0.006099216262350845
1.3540219978921617 	 0.0061916294353784734
1.3550219978921616 	 0.006285110824988491
1.3560219978921615 	 0.006379667024158662
1.3570219978921614 	 0.006475304610427445
1.3580219978921613 	 0.006572030171208638
1.3590219978921612 	 0.006669850314330548
1.360021997892161 	 0.006768771671031511
1.361021997892161 	 0.006868766077219457
1.3620219978921608 	 0.006969671796720276
1.3630219978921607 	 0.007071454571511277
1.3640219978921606 	 0.0071743519757654335
1.3650219978921605 	 0.007278363919825839
1.3660219978921604 	 0.007383473542892284
1.3670219978921603 	 0.007489662898730422
1.3680219978921602 	 0.007596912979748464
1.36902199789216 	 0.007705203714674267
1.37002199789216 	 0.007814513954232764
1.3710219978921598 	 0.007924826134197004
1.3720219978921597 	 0.00803613948112027
1.3730219978921596 	 0.00814845721458695
1.3740219978921595 	 0.008261782596243055
1.3750219978921594 	 0.00837611894859374
1.3760219978921593 	 0.008491469639451618
1.3770219978921592 	 0.008607838035463165
1.378021997892159 	 0.008725227547450207
1.379021997892159 	 0.008843641643919119
1.3800219978921588 	 0.008963083849808484
1.3810219978921587 	 0.009083555728623927
1.3820219978921586 	 0.009205051168223432
1.3830219978921585 	 0.009327561836599687
1.3840219978921584 	 0.009451078939714773
1.3850219978921583 	 0.009575593218888801
1.3860219978921582 	 0.009701094953404958
1.387021997892158 	 0.009827573984396872
1.388021997892158 	 0.009955018795421471
1.3890219978921579 	 0.01008339923106156
1.3900219978921577 	 0.010212666584863112
1.3910219978921576 	 0.010342781331759103
1.3920219978921575 	 0.010473747297108671
1.3930219978921574 	 0.010605579027813391
1.3940219978921573 	 0.010738291564495324
1.3950219978921572 	 0.010871900421302764
1.396021997892157 	 0.01100641646875827
1.397021997892157 	 0.011141831555375984
1.3980219978921569 	 0.011278132449143673
1.3990219978921568 	 0.011415305177466174
1.4000219978921566 	 0.011552698964945336
1.4010219978921565 	 0.01169158186897661
1.4020219978921564 	 0.011831289942560988
1.4030219978921563 	 0.011971806120433397
1.4040219978921562 	 0.012113112437243936
1.405021997892156 	 0.012255189993967911
1.406021997892156 	 0.012398018965902537
1.4070219978921559 	 0.012541578672144883
1.4080219978921558 	 0.012685847480748979
1.4090219978921557 	 0.01283080277834935
1.4100219978921555 	 0.012976420973317141
1.4110219978921554 	 0.013122673980972412
1.4120219978921553 	 0.013269519354414094
1.4130219978921552 	 0.013416910616066882
1.414021997892155 	 0.013564810993981912
1.415021997892155 	 0.013713193283636065
1.4160219978921549 	 0.013862029976943122
1.4170219978921548 	 0.014011292920051554
1.4180219978921547 	 0.014160953352225983
1.4190219978921546 	 0.014310981957580212
1.4200219978921544 	 0.014461348922786435
1.4210219978921543 	 0.01461202401325591
1.4220219978921542 	 0.01476297671092466
1.4230219978921541 	 0.014914176293858935
1.424021997892154 	 0.015065591793451807
1.425021997892154 	 0.015217192016957638
1.4260219978921538 	 0.015368945563980546
1.4270219978921537 	 0.015520820794220645
1.4280219978921536 	 0.015672785925539407
1.4290219978921535 	 0.015824809079933798
1.4300219978921533 	 0.01597685830343859
1.4310219978921532 	 0.016128901638196438
1.4320219978921531 	 0.01628090732588833
1.433021997892153 	 0.016432843735800735
1.434021997892153 	 0.01658467923671641
1.4350219978921528 	 0.016736382164667538
1.4360219978921527 	 0.0168879207966901
1.4370219978921526 	 0.01703926328029426
1.4380219978921525 	 0.017190378309969476
1.4390219978921523 	 0.017341232356700483
1.4400219978921522 	 0.017491787337943963
1.4410219978921521 	 0.017642004747982287
1.442021997892152 	 0.01779184589847649
1.443021997892152 	 0.017941271750519103
1.4440219978921518 	 0.01809024376235004
1.4450219978921517 	 0.01823872246277051
1.4460219978921516 	 0.018386668378548604
1.4470219978921515 	 0.018534041782602605
1.4480219978921514 	 0.01868080272303146
1.4490219978921512 	 0.018826911039040536
1.4500219978921511 	 0.018972326370941553
1.451021997892151 	 0.01911700909706543
1.452021997892151 	 0.01926092294614828
1.4530219978921508 	 0.0194040324913618
1.4540219978921507 	 0.019546302293183597
1.4550219978921506 	 0.019687696893523832
1.4560219978921505 	 0.019828180824493516
1.4570219978921504 	 0.019967716334841876
1.4580219978921503 	 0.02010625712332097
1.4590219978921501 	 0.02024375474982811
1.46002199789215 	 0.020380160638782157
1.46102199789215 	 0.020515426099551853
1.4620219978921498 	 0.020649502346949875
1.4630219978921497 	 0.02078234143127584
1.4640219978921496 	 0.02091391224687821
1.4650219978921495 	 0.02104419992936763
1.4660219978921494 	 0.021173190804255865
1.4670219978921493 	 0.021300871772551275
1.4680219978921492 	 0.021427230328754467
1.469021997892149 	 0.021552254573179674
1.470021997892149 	 0.021675933222272875
1.4710219978921488 	 0.021798248455862573
1.4720219978921487 	 0.02191915610587596
1.4730219978921486 	 0.022038605974335105
1.4740219978921485 	 0.022156548068520465
1.4750219978921484 	 0.02227293262918353
1.4760219978921483 	 0.02238771016539311
1.4770219978921482 	 0.022500831477691594
1.478021997892148 	 0.022612247719240402
1.479021997892148 	 0.02272191044603046
1.4800219978921478 	 0.022829771650792675
1.4810219978921477 	 0.02293578380424662
1.4820219978921476 	 0.023039899863853033
1.4830219978921475 	 0.02314209474116272
1.4840219978921474 	 0.02324242628234838
1.4850219978921473 	 0.023340971916259168
1.4860219978921472 	 0.023437810865592847
1.487021997892147 	 0.02353302370805946
1.488021997892147 	 0.023626686999762805
1.4890219978921468 	 0.023718765970662005
1.4900219978921467 	 0.023809119868961753
1.4910219978921466 	 0.023897521667618764
1.4920219978921465 	 0.02398354929827204
1.4930219978921464 	 0.02406713124029132
1.4940219978921463 	 0.024148296166240254
1.4950219978921462 	 0.024227074115186674
1.496021997892146 	 0.024303496414563096
1.497021997892146 	 0.024377595540241534
1.4980219978921459 	 0.02444940517745484
1.4990219978921457 	 0.02451896021231216
1.5000219978921456 	 0.024586296693125696
1.5010219978921455 	 0.02465145178623252
1.5020219978921454 	 0.024714463736143912
1.5030219978921453 	 0.024775371889023456
1.5040219978921452 	 0.024834216620645624
1.505021997892145 	 0.0248910392955253
1.506021997892145 	 0.024945870469021435
1.5070219978921449 	 0.02499869759058588
1.5080219978921447 	 0.025049465746546783
1.5090219978921446 	 0.025097997521711598
1.5100219978921445 	 0.025144087718300356
1.5110219978921444 	 0.025187599923062298
1.5120219978921443 	 0.025228651711555614
1.5130219978921442 	 0.025267416387715687
1.514021997892144 	 0.025303977494093275
1.515021997892144 	 0.02533833401196462
1.5160219978921439 	 0.025370482551166352
1.5170219978921438 	 0.02540042065425516
1.5180219978921436 	 0.02542814683236546
1.5190219978921435 	 0.025453660572501965
1.5200219978921434 	 0.02547696233170341
1.5210219978921433 	 0.02549805330270253
1.5220219978921432 	 0.025516935225286832
1.523021997892143 	 0.025533611451764113
1.524021997892143 	 0.025548086332332336
1.5250219978921429 	 0.025560365130472332
1.5260219978921428 	 0.025570452582352843
1.5270219978921427 	 0.02557835484948861
1.5280219978921425 	 0.025584079595593726
1.5290219978921424 	 0.025587636338924736
1.5300219978921423 	 0.025589033900694905
1.5310219978921422 	 0.025588285223014408
1.532021997892142 	 0.025585414362848193
1.533021997892142 	 0.025580448539629277
1.5340219978921419 	 0.02557341565944404
1.5350219978921418 	 0.025564344251121553
1.5360219978921417 	 0.02555326344781175
1.5370219978921416 	 0.02554020297320721
1.5380219978921414 	 0.025525192776196214
1.5390219978921413 	 0.02550825673035421
1.5400219978921412 	 0.025489413058261107
1.5410219978921411 	 0.02546868034658468
1.542021997892141 	 0.025446077853633255
1.543021997892141 	 0.025421625561510577
1.5440219978921408 	 0.025395344014353404
1.5450219978921407 	 0.025367254257396103
1.5460219978921406 	 0.025337377836261443
1.5470219978921405 	 0.025305744148426845
1.5480219978921403 	 0.025272410235912885
1.5490219978921402 	 0.0252374394575128
1.5500219978921401 	 0.02520085995109713
1.55102199789214 	 0.025162598919861487
1.55202199789214 	 0.02512266522003382
1.5530219978921398 	 0.02508109418369075
1.5540219978921397 	 0.025037921330121022
1.5550219978921396 	 0.02499318229460771
1.5560219978921395 	 0.024946912844059508
1.5570219978921394 	 0.024899148965355996
1.5580219978921392 	 0.024849926722341546
1.5590219978921391 	 0.024799282196226295
1.560021997892139 	 0.02474725146831379
1.561021997892139 	 0.024693870663141774
1.5620219978921388 	 0.024639176147387996
1.5630219978921387 	 0.024583203198307913
1.5640219978921386 	 0.02452596060898483
1.5650219978921385 	 0.024467432683845495
1.5660219978921384 	 0.024407603713776187
1.5670219978921383 	 0.024346459197329383
1.5680219978921381 	 0.024283921520454253
1.569021997892138 	 0.024219925073422195
1.570021997892138 	 0.024154506213802933
1.5710219978921378 	 0.024087686533908546
1.5720219978921377 	 0.024019553102006725
1.5730219978921376 	 0.023950207140627455
1.5740219978921375 	 0.023879748622039967
1.5750219978921374 	 0.023808277059542644
1.5760219978921373 	 0.023735892283145422
1.5770219978921372 	 0.023662695395029926
1.578021997892137 	 0.023588789084969225
1.579021997892137 	 0.023514278249378462
1.5800219978921368 	 0.023439270771963592
1.5810219978921367 	 0.023363878369658496
1.5820219978921366 	 0.023288217478403782
1.5830219978921365 	 0.02321240975910796
1.5840219978921364 	 0.02313658226791909
1.5850219978921363 	 0.023060867111686444
1.5860219978921362 	 0.022985400368533925
1.587021997892136 	 0.022910320035584544
1.588021997892136 	 0.022835685042924558
1.5890219978921358 	 0.0227605409290796
1.5900219978921357 	 0.022684613759656688
1.5910219978921356 	 0.022608060741204333
1.5920219978921355 	 0.0225310046921212
1.5930219978921354 	 0.02245353364269784
1.5940219978921353 	 0.022375702851411598
1.5950219978921352 	 0.02229753716677348
1.596021997892135 	 0.022219040600532054
1.597021997892135 	 0.022140207415144
1.5980219978921348 	 0.022061033677653597
1.5990219978921347 	 0.021981527421199132
1.6000219978921346 	 0.021901715723011132
1.6010219978921345 	 0.02182162597556957
1.6020219978921344 	 0.02174122610712532
1.6030219978921343 	 0.02166048633408804
1.6040219978921342 	 0.02157939467654741
1.605021997892134 	 0.021497952423033026
1.606021997892134 	 0.021416169870778743
1.6070219978921338 	 0.021334062805260883
1.6080219978921337 	 0.021251649544069412
1.6090219978921336 	 0.021168948871027653
1.6100219978921335 	 0.021085978682551694
1.6110219978921334 	 0.02100277132027783
1.6120219978921333 	 0.020919416676405712
1.6130219978921332 	 0.02083601315339783
1.614021997892133 	 0.020752629251050477
1.615021997892133 	 0.020669305962294514
1.6160219978921329 	 0.020586080755053658
1.6170219978921327 	 0.020502988754072367
1.6180219978921326 	 0.02042006305268654
1.6190219978921325 	 0.02033733496098988
1.6200219978921324 	 0.020254834245063295
1.6210219978921323 	 0.02017258930946397
1.6220219978921322 	 0.020090627174810992
1.623021997892132 	 0.020008973465441834
1.624021997892132 	 0.019927652930298898
1.6250219978921319 	 0.019846689690452092
1.6260219978921318 	 0.019766107298121192
1.6270219978921316 	 0.019685928675118418
1.6280219978921315 	 0.01960617641567275
1.6290219978921314 	 0.019526872942985243
1.6300219978921313 	 0.019448040600233044
1.6310219978921312 	 0.019369683183590843
1.632021997892131 	 0.019291735756890638
1.633021997892131 	 0.019214118884083316
1.6340219978921309 	 0.019136782950291423
1.6350219978921308 	 0.019059782692944473
1.6360219978921307 	 0.01898319628902647
1.6370219978921305 	 0.018907100743717726
1.6380219978921304 	 0.018831571133582182
1.6390219978921303 	 0.0187566582235801
1.6400219978921302 	 0.018682390464982164
1.64102199789213 	 0.01860879580609523
1.64202199789213 	 0.01853590218113766
1.6430219978921299 	 0.01846373763514958
1.6440219978921298 	 0.018392330718914236
1.6450219978921297 	 0.01832171057935234
1.6460219978921296 	 0.01825190684217743
1.6470219978921294 	 0.01818294926463688
1.6480219978921293 	 0.018114868093236747
1.6490219978921292 	 0.018047694153286227
1.650021997892129 	 0.017981458821007747
1.651021997892129 	 0.01791618851720023
1.652021997892129 	 0.017851889758369387
1.6530219978921288 	 0.017788564995459052
1.6540219978921287 	 0.017726217552674815
1.6550219978921286 	 0.01766485160694701
1.6560219978921285 	 0.017604471988042925
1.6570219978921283 	 0.01754508378476665
1.6580219978921282 	 0.017486692591089942
1.6590219978921281 	 0.01742930450852293
1.660021997892128 	 0.017372926062583102
1.661021997892128 	 0.01731758729833957
1.6620219978921278 	 0.01726340456215545
1.6630219978921277 	 0.017210509804521167
1.6640219978921276 	 0.01715897211425818
1.6650219978921275 	 0.017108802327757033
1.6660219978921273 	 0.01706000898853879
1.6670219978921272 	 0.017012600355557947
1.6680219978921271 	 0.016966584569864215
1.669021997892127 	 0.016921969675958038
1.670021997892127 	 0.016878763584108503
1.6710219978921268 	 0.0168369771283086
1.6720219978921267 	 0.01679663246199971
1.6730219978921266 	 0.016757754115702152
1.6740219978921265 	 0.016720366247148455
1.6750219978921264 	 0.016684492650173875
1.6760219978921262 	 0.01665015675281252
1.6770219978921261 	 0.01661738156979213
1.678021997892126 	 0.01658618982816885
1.679021997892126 	 0.016556604038018456
1.6800219978921258 	 0.016528646535709304
1.6810219978921257 	 0.01650233952771213
1.6820219978921256 	 0.016477705145138195
1.6830219978921255 	 0.016454765627434566
1.6840219978921254 	 0.01643354327409449
1.6850219978921253 	 0.01641406045862952
1.6860219978921251 	 0.016396339676091557
1.687021997892125 	 0.016380403593821233
1.688021997892125 	 0.016366275759313945
1.6890219978921248 	 0.016353994261257714
1.6900219978921247 	 0.01634361088756835
1.6910219978921246 	 0.01633517267124708
1.6920219978921245 	 0.0163287065139229
1.6930219978921244 	 0.016324234985997003
1.6940219978921243 	 0.016321780936126185
1.6950219978921242 	 0.016321367401900405
1.696021997892124 	 0.016323017574759086
1.697021997892124 	 0.01632675479587549
1.6980219978921238 	 0.016332602384491704
1.6990219978921237 	 0.016340583501926312
1.7000219978921236 	 0.01635072102034522
1.7010219978921235 	 0.016345722526065403
1.7020219978921234 	 0.016341518470415078
1.7030219978921233 	 0.016339408529652367
1.7040219978921232 	 0.016339419106933272
1.705021997892123 	 0.01634157472767223
1.706021997892123 	 0.016345897784988777
1.7070219978921228 	 0.016352408267595837
1.7080219978921227 	 0.016361123469943107
1.7090219978921226 	 0.01637205768458823
1.7100219978921225 	 0.016385221876954098
1.7110219978921224 	 0.016400623342848166
1.7120219978921223 	 0.016418265349365822
1.7130219978921222 	 0.016438146760082817
1.714021997892122 	 0.016460261645756664
1.715021997892122 	 0.016484598882108358
1.7160219978921218 	 0.016511141736641387
1.7170219978921217 	 0.016539867446875994
1.7180219978921216 	 0.016570746792827905
1.7190219978921215 	 0.01660374366704403
1.7200219978921214 	 0.01663881464601171
1.7210219978921213 	 0.01667590856728467
1.7220219978921212 	 0.016714966117203644
1.723021997892121 	 0.016755919434626076
1.724021997892121 	 0.016798691736607425
1.7250219978921209 	 0.016843196972478252
1.7260219978921207 	 0.01688933951322674
1.7270219978921206 	 0.016937013883504024
1.7280219978921205 	 0.016986104543902855
1.7290219978921204 	 0.017036485731398994
1.7300219978921203 	 0.017088021365967033
1.7310219978921202 	 0.017140565031367547
1.73202199789212 	 0.01719396003793043
1.73302199789212 	 0.017248039574808992
1.7340219978921199 	 0.01730262695863462
1.7350219978921197 	 0.017357535984748474
1.7360219978921196 	 0.0174125713862134
1.7370219978921195 	 0.017467529404614452
1.7380219978921194 	 0.017522198475239267
1.7390219978921193 	 0.017576360027600883
1.7400219978921192 	 0.01762978940044429
1.741021997892119 	 0.017682256868387793
1.742021997892119 	 0.0177335287752284
1.7430219978921189 	 0.017783368766730583
1.7440219978921188 	 0.017831539113470917
1.7450219978921186 	 0.017877802112086488
1.7460219978921185 	 0.01792192155113734
1.7470219978921184 	 0.01796366422580766
1.7480219978921183 	 0.018002801483907486
1.7490219978921182 	 0.018039110784159675
1.750021997892118 	 0.01807237724662879
1.751021997892118 	 0.018102395174420485
1.7520219978921179 	 0.01812896952549696
1.7530219978921178 	 0.0181519173136412
1.7540219978921177 	 0.018171068918279635
1.7550219978921175 	 0.018186269284031678
1.7560219978921174 	 0.01819737899248052
1.7570219978921173 	 0.018204275190712802
1.7580219978921172 	 0.018206852363606526
1.759021997892117 	 0.01820502293958817
1.760021997892117 	 0.018198717722557056
1.7610219978921169 	 0.01818788614579917
1.7620219978921168 	 0.018172496346898114
1.7630219978921167 	 0.01815253506580251
1.7640219978921166 	 0.01812800737124382
1.7650219978921164 	 0.01809893622353139
1.7660219978921163 	 0.018065361884313222
1.7670219978921162 	 0.018027341186120573
1.7680219978921161 	 0.017984946676367474
1.769021997892116 	 0.017938265651919867
1.770021997892116 	 0.01788739910137011
1.7710219978921158 	 0.017832460572747958
1.7720219978921157 	 0.017773574984583027
1.7730219978921156 	 0.01771087739803139
1.7740219978921155 	 0.017644511767224258
1.7750219978921153 	 0.017574629684134563
1.7760219978921152 	 0.01750138913313456
1.7770219978921151 	 0.01742495326908776
1.778021997892115 	 0.017345489231333125
1.779021997892115 	 0.017263167004330626
1.7800219978921148 	 0.017178158334094744
1.7810219978921147 	 0.01709063570788958
1.7820219978921146 	 0.01700077140303732
1.7830219978921145 	 0.016908736609133678
1.7840219978921144 	 0.01681470062649845
1.7850219978921142 	 0.016718830142336646
1.7860219978921141 	 0.01662128858486326
1.787021997892114 	 0.016522235773195712
1.788021997892114 	 0.01642182654836748
1.7890219978921138 	 0.016320211667753135
1.7900219978921137 	 0.01621753657635908
1.7910219978921136 	 0.016113941341368114
1.7920219978921135 	 0.016009560428724534
1.7930219978921134 	 0.01590452253704879
1.7940219978921133 	 0.01579895048431479
1.7950219978921131 	 0.015692961142646008
1.796021997892113 	 0.015586665416590059
1.797021997892113 	 0.01548016826030348
1.7980219978921128 	 0.01537356872920685
1.7990219978921127 	 0.015266960061844
1.8000219978921126 	 0.015160429787889214
1.8010219978921125 	 0.015054059858481385
1.8020219978921124 	 0.014947926795319227
1.8030219978921123 	 0.014842101855215895
1.8040219978921122 	 0.014736651207082233
1.805021997892112 	 0.014631636118578121
1.806021997892112 	 0.0145271131499366
1.8070219978921118 	 0.014423134352724016
1.8080219978921117 	 0.014319747471546644
1.8090219978921116 	 0.014216996146949072
1.8100219978921115 	 0.014114920117971086
1.8110219978921114 	 0.014013555423035697
1.8120219978921113 	 0.013912934598031567
1.8130219978921112 	 0.013813086870629033
1.814021997892111 	 0.013714038350027755
1.815021997892111 	 0.013615812211479833
1.8160219978921108 	 0.01351842887506186
1.8170219978921107 	 0.013421906178285828
1.8180219978921106 	 0.013326259542242853
1.8190219978921105 	 0.013231502131063923
1.8200219978921104 	 0.013137645004562283
1.8210219978921103 	 0.013044697263991389
1.8220219978921102 	 0.012952666190911562
1.82302199789211 	 0.012861557379210143
1.82402199789211 	 0.012771374860362603
1.8250219978921098 	 0.012682121222057927
1.8260219978921097 	 0.012593797720341677
1.8270219978921096 	 0.01250640438545362
1.8280219978921095 	 0.012419940121555952
1.8290219978921094 	 0.012334402800562536
1.8300219978921093 	 0.01224978935029054
1.8310219978921092 	 0.012166095837162811
1.832021997892109 	 0.01208331754369398
1.833021997892109 	 0.01200144904099542
1.8340219978921088 	 0.011920484256533699
1.8350219978921087 	 0.011840416537375427
1.8360219978921086 	 0.0117612387091482
1.8370219978921085 	 0.011682943130942617
1.8380219978921084 	 0.01160552174637467
1.8390219978921083 	 0.011528966131021544
1.8400219978921082 	 0.01145326753643727
1.841021997892108 	 0.011378416930946543
1.842021997892108 	 0.011304405037408106
1.8430219978921079 	 0.011231222368130461
1.8440219978921077 	 0.011158859257115265
1.8450219978921076 	 0.011087305889795278
1.8460219978921075 	 0.011016552330425792
1.8470219978921074 	 0.010946588547280728
1.8480219978921073 	 0.010877404435796717
1.8490219978921072 	 0.0108089898398006
1.850021997892107 	 0.010741334570949073
1.851021997892107 	 0.01067442842650112
1.8520219978921069 	 0.010608261205537912
1.8530219978921068 	 0.01054282272373756
1.8540219978921066 	 0.010478102826805903
1.8550219978921065 	 0.010414091402658716
1.8560219978921064 	 0.01035077839244437
1.8570219978921063 	 0.010288153800490986
1.8580219978921062 	 0.010226207703256465
1.859021997892106 	 0.01016493025735492
1.860021997892106 	 0.010104311706728465
1.8610219978921059 	 0.010044342389028462
1.8620219978921058 	 0.00998501274126654
1.8630219978921057 	 0.00992631330479138
1.8640219978921055 	 0.009868234729643521
1.8650219978921054 	 0.009810767778337275
1.8660219978921053 	 0.009753903458503008
1.8670219978921052 	 0.009697632507590592
1.868021997892105 	 0.009641946173067366
1.869021997892105 	 0.009586835695227239
1.8700219978921049 	 0.00953229243863756
1.8710219978921048 	 0.009478307893334842
1.8720219978921047 	 0.009424873675706477
1.8730219978921046 	 0.009371981529085837
1.8740219978921044 	 0.00931962332408607
1.8750219978921043 	 0.009267791058695917
1.8760219978921042 	 0.009216476858159604
1.877021997892104 	 0.00916567297466061
1.878021997892104 	 0.009115371786828209
1.879021997892104 	 0.009065565799083953
1.8800219978921038 	 0.009016247640843996
1.8810219978921037 	 0.008967410065592017
1.8820219978921036 	 0.008919045949836427
1.8830219978921034 	 0.00887114829196423
1.8840219978921033 	 0.008823710211003328
1.8850219978921032 	 0.008776724945303741
1.8860219978921031 	 0.008730185851147688
1.887021997892103 	 0.008684086401297504
1.888021997892103 	 0.00863842018348974
1.8890219978921028 	 0.008593180898882984
1.8900219978921027 	 0.008548362360466546
1.8910219978921026 	 0.00850395849143631
1.8920219978921025 	 0.00845996332354367
1.8930219978921023 	 0.008416370995422926
1.8940219978921022 	 0.008373175750902054
1.8950219978921021 	 0.008330371937301333
1.896021997892102 	 0.008287954003723915
1.897021997892102 	 0.008245916499342108
1.8980219978921018 	 0.008204254071682517
1.8990219978921017 	 0.008162961464913543
1.9000219978921016 	 0.008122033518137547
1.9010219978921015 	 0.008081465163690493
1.9020219978921014 	 0.008041251425451128
1.9030219978921012 	 0.008001387417161939
1.9040219978921011 	 0.007961868340763454
1.905021997892101 	 0.007922689484743662
1.906021997892101 	 0.00788384622250401
1.9070219978921008 	 0.007845334010743108
1.9080219978921007 	 0.007807148387859438
1.9090219978921006 	 0.00776928497237385
1.9100219978921005 	 0.0077317394613729785
1.9110219978921004 	 0.0076945076289739265
1.9120219978921003 	 0.007657585324811316
1.9130219978921001 	 0.007620968472546742
1.9140219978921 	 0.007584653068401522
1.9150219978921 	 0.007548635179712703
1.9160219978920998 	 0.007512910943512921
1.9170219978920997 	 0.007477476565134091
1.9180219978920996 	 0.00744232831683525
1.9190219978920995 	 0.00740746253645452
1.9200219978920994 	 0.007372875626085217
1.9210219978920993 	 0.007338564050776297
1.9220219978920992 	 0.007304524337256782
1.923021997892099 	 0.00727075307268434
1.924021997892099 	 0.007237246903417723
1.9250219978920988 	 0.00720400262953645
1.9260219978920987 	 0.007171016820531192
1.9270219978920986 	 0.007138286389196965
1.9280219978920985 	 0.007105808206893862
1.9290219978920984 	 0.007073579198397764
1.9300219978920983 	 0.007041596340812189
1.9310219978920982 	 0.007009856662502375
1.932021997892098 	 0.006978357242051492
1.933021997892098 	 0.006947095207238504
1.9340219978920978 	 0.006916067734037483
1.9350219978920977 	 0.0068852720456379505
1.9360219978920976 	 0.006854705411485999
1.9370219978920975 	 0.006824365146345798
1.9380219978920974 	 0.006794248609381183
1.9390219978920973 	 0.006764353203256892
1.9400219978920972 	 0.006734676373259205
1.941021997892097 	 0.006705215606435604
1.942021997892097 	 0.006675968430753046
1.9430219978920968 	 0.006646932414274573
1.9440219978920967 	 0.006618105164353825
1.9450219978920966 	 0.006589484326847218
1.9460219978920965 	 0.006561067585343302
1.9470219978920964 	 0.006532852660409077
1.9480219978920963 	 0.0065048373088528524
1.9490219978920962 	 0.006477019323003302
1.950021997892096 	 0.006449396530004413
1.951021997892096 	 0.00642196679112601
1.9520219978920959 	 0.0063947280010894685
1.9530219978920957 	 0.006367678087408297
1.9540219978920956 	 0.006340815009743334
1.9550219978920955 	 0.006314136759272221
1.9560219978920954 	 0.006287641358072691
1.9570219978920953 	 0.006261326858519658
1.9580219978920952 	 0.006235191342695529
1.959021997892095 	 0.006209232921813578
1.960021997892095 	 0.006183449735654088
1.9610219978920949 	 0.00615783995201291
1.9620219978920947 	 0.006132401766162249
1.9630219978920946 	 0.006107133400323286
1.9640219978920945 	 0.006082033103150494
1.9650219978920944 	 0.006057099149227276
1.9660219978920943 	 0.0060323298385727
1.9670219978920942 	 0.0060077234961591385
1.968021997892094 	 0.005983278471440418
1.969021997892094 	 0.005958993137890413
1.9700219978920939 	 0.00593486589255166
1.9710219978920938 	 0.005910895155593948
1.9720219978920936 	 0.00588707936988248
1.9730219978920935 	 0.005863417000555477
1.9740219978920934 	 0.005839906534611014
1.9750219978920933 	 0.005816546480502834
1.9760219978920932 	 0.005793335367744903
1.977021997892093 	 0.005770271823414685
1.978021997892093 	 0.005747354264085999
1.9790219978920929 	 0.005724581357185363
1.9800219978920928 	 0.005701951712682069
1.9810219978920927 	 0.005679463959753227
1.9820219978920925 	 0.005657116746436916
1.9830219978920924 	 0.005634908739292681
1.9840219978920923 	 0.0056128386230693845
1.9850219978920922 	 0.00559090510038008
1.986021997892092 	 0.005569106891383833
1.987021997892092 	 0.005547442733474336
1.9880219978920919 	 0.005525911380975078
1.9890219978920918 	 0.005504511604840983
1.9900219978920917 	 0.005483242192366369
1.9910219978920916 	 0.005462101946899032
1.9920219978920914 	 0.005441089687560334
1.9930219978920913 	 0.005420204248971181
1.9940219978920912 	 0.00539944448098371
1.9950219978920911 	 0.005378809248418602
1.996021997892091 	 0.0053582974308078
1.997021997892091 	 0.0053379079221426325
1.9980219978920908 	 0.0053176396306271224
1.9990219978920907 	 0.0052974914784363804
