0.0010219978922 	 0
0.0020219978922 	 0.0
0.0030219978922 	 0.0
0.0040219978922 	 0.0
0.0050219978922 	 0.0
0.0060219978922 	 0.0
0.0070219978922 	 0.0
0.0080219978922 	 0.0
0.009021997892200002 	 0.0
0.010021997892200003 	 0.0
0.011021997892200004 	 0.0
0.012021997892200004 	 0.0
0.013021997892200005 	 0.0
0.014021997892200006 	 0.0
0.015021997892200007 	 0.0
0.016021997892200008 	 0.0
0.01702199789220001 	 0.0
0.01802199789220001 	 0.0
0.01902199789220001 	 0.0
0.02002199789220001 	 0.0
0.021021997892200012 	 0.0
0.022021997892200013 	 0.0
0.023021997892200014 	 0.0
0.024021997892200015 	 0.0
0.025021997892200016 	 0.0
0.026021997892200017 	 0.0
0.027021997892200018 	 0.0
0.02802199789220002 	 0.0
0.02902199789220002 	 0.0
0.03002199789220002 	 0.0
0.03102199789220002 	 0.0
0.03202199789220002 	 0.0
0.03302199789220002 	 0.0
0.03402199789220002 	 0.0
0.03502199789220002 	 0.0
0.03602199789220002 	 0.0
0.03702199789220002 	 0.0
0.038021997892200024 	 0.0
0.039021997892200025 	 0.0
0.040021997892200026 	 0.0
0.04102199789220003 	 0.0
0.04202199789220003 	 0.0
0.04302199789220003 	 0.0
0.04402199789220003 	 0.0
0.04502199789220003 	 0.0
0.04602199789220003 	 0.0
0.04702199789220003 	 0.0
0.04802199789220003 	 0.0
0.049021997892200034 	 0.0
0.050021997892200035 	 0.0
0.051021997892200036 	 0.0
0.052021997892200036 	 0.0
0.05302199789220004 	 0.0
0.05402199789220004 	 0.0
0.05502199789220004 	 0.0
0.05602199789220004 	 0.0
0.05702199789220004 	 0.0
0.05802199789220004 	 0.0
0.05902199789220004 	 0.0
0.060021997892200044 	 0.0
0.061021997892200044 	 0.0
0.062021997892200045 	 0.0
0.06302199789220005 	 0.0
0.06402199789220005 	 0.0
0.06502199789220005 	 0.0
0.06602199789220005 	 0.0
0.06702199789220005 	 0.0
0.06802199789220005 	 0.0
0.06902199789220005 	 0.0
0.07002199789220005 	 0.0
0.07102199789220005 	 0.0
0.07202199789220005 	 0.0
0.07302199789220006 	 0.0
0.07402199789220006 	 0.0
0.07502199789220006 	 0.0
0.07602199789220006 	 0.0
0.07702199789220006 	 0.0
0.07802199789220006 	 0.0
0.07902199789220006 	 0.0
0.08002199789220006 	 0.0
0.08102199789220006 	 0.0
0.08202199789220006 	 0.0
0.08302199789220006 	 0.0
0.08402199789220006 	 0.0
0.08502199789220007 	 0.0
0.08602199789220007 	 0.0
0.08702199789220007 	 0.0
0.08802199789220007 	 0.0
0.08902199789220007 	 0.0
0.09002199789220007 	 0.0
0.09102199789220007 	 0.0
0.09202199789220007 	 0.0
0.09302199789220007 	 0.0
0.09402199789220007 	 0.0
0.09502199789220007 	 0.0
0.09602199789220008 	 0.0
0.09702199789220008 	 0.0
0.09802199789220008 	 0.0
0.09902199789220008 	 0.0
0.10002199789220008 	 0.0
0.10102199789220008 	 0.0
0.10202199789220008 	 0.0
0.10302199789220008 	 0.0
0.10402199789220008 	 0.0
0.10502199789220008 	 0.0
0.10602199789220008 	 0.0
0.10702199789220009 	 0.0
0.10802199789220009 	 0.0
0.10902199789220009 	 0.0
0.11002199789220009 	 0.0
0.11102199789220009 	 0.0
0.11202199789220009 	 0.0
0.11302199789220009 	 0.0
0.11402199789220009 	 0.0
0.11502199789220009 	 0.0
0.1160219978922001 	 0.0
0.1170219978922001 	 0.0
0.1180219978922001 	 0.0
0.1190219978922001 	 0.0
0.1200219978922001 	 0.0
0.1210219978922001 	 0.0
0.1220219978922001 	 0.0
0.1230219978922001 	 0.0
0.1240219978922001 	 0.0
0.1250219978922001 	 0.0
0.1260219978922001 	 0.0
0.1270219978922001 	 0.0
0.1280219978922001 	 0.0
0.1290219978922001 	 0.0
0.1300219978922001 	 0.0
0.1310219978922001 	 0.0
0.1320219978922001 	 0.0
0.1330219978922001 	 0.0
0.1340219978922001 	 0.0
0.1350219978922001 	 0.0
0.1360219978922001 	 0.0
0.1370219978922001 	 0.0
0.1380219978922001 	 0.0
0.1390219978922001 	 0.0
0.1400219978922001 	 0.0
0.1410219978922001 	 0.0
0.1420219978922001 	 0.0
0.1430219978922001 	 0.0
0.1440219978922001 	 0.0
0.1450219978922001 	 0.0
0.1460219978922001 	 0.0
0.1470219978922001 	 0.0
0.1480219978922001 	 0.0
0.1490219978922001 	 0.0
0.1500219978922001 	 0.0
0.1510219978922001 	 0.0
0.1520219978922001 	 0.0
0.1530219978922001 	 0.0
0.1540219978922001 	 0.0
0.15502199789220011 	 0.0
0.15602199789220011 	 0.0
0.15702199789220012 	 0.0
0.15802199789220012 	 0.0
0.15902199789220012 	 0.0
0.16002199789220012 	 0.0
0.16102199789220012 	 0.0
0.16202199789220012 	 0.0
0.16302199789220012 	 0.0
0.16402199789220012 	 0.0
0.16502199789220012 	 0.0
0.16602199789220012 	 0.0
0.16702199789220012 	 0.0
0.16802199789220013 	 0.0
0.16902199789220013 	 0.0
0.17002199789220013 	 0.0
0.17102199789220013 	 0.0
0.17202199789220013 	 0.0
0.17302199789220013 	 0.0
0.17402199789220013 	 0.0
0.17502199789220013 	 0.0
0.17602199789220013 	 0.0
0.17702199789220013 	 0.0
0.17802199789220013 	 0.0
0.17902199789220014 	 0.0
0.18002199789220014 	 0.0
0.18102199789220014 	 0.0
0.18202199789220014 	 0.0
0.18302199789220014 	 0.0
0.18402199789220014 	 0.0
0.18502199789220014 	 0.0
0.18602199789220014 	 0.0
0.18702199789220014 	 0.0
0.18802199789220014 	 0.0
0.18902199789220014 	 0.0
0.19002199789220015 	 0.0
0.19102199789220015 	 0.0
0.19202199789220015 	 0.0
0.19302199789220015 	 0.0
0.19402199789220015 	 0.0
0.19502199789220015 	 0.0
0.19602199789220015 	 0.0
0.19702199789220015 	 0.0
0.19802199789220015 	 0.0
0.19902199789220015 	 0.0
0.20002199789220015 	 0.0
0.20102199789220015 	 0.0
0.20202199789220016 	 0.0
0.20302199789220016 	 0.0
0.20402199789220016 	 0.0
0.20502199789220016 	 0.0
0.20602199789220016 	 0.0
0.20702199789220016 	 0.0
0.20802199789220016 	 0.0
0.20902199789220016 	 0.0
0.21002199789220016 	 0.0
0.21102199789220016 	 0.0
0.21202199789220016 	 0.0
0.21302199789220017 	 0.0
0.21402199789220017 	 0.0
0.21502199789220017 	 0.0
0.21602199789220017 	 0.0
0.21702199789220017 	 0.0
0.21802199789220017 	 0.0
0.21902199789220017 	 0.0
0.22002199789220017 	 0.0
0.22102199789220017 	 0.0
0.22202199789220017 	 0.0
0.22302199789220017 	 0.0
0.22402199789220018 	 0.0
0.22502199789220018 	 0.0
0.22602199789220018 	 0.0
0.22702199789220018 	 0.0
0.22802199789220018 	 0.0
0.22902199789220018 	 0.0
0.23002199789220018 	 0.0
0.23102199789220018 	 0.0
0.23202199789220018 	 0.0
0.23302199789220018 	 0.0
0.23402199789220018 	 0.0
0.23502199789220019 	 0.0
0.23602199789220019 	 0.0
0.2370219978922002 	 0.0
0.2380219978922002 	 0.0
0.2390219978922002 	 0.0
0.2400219978922002 	 0.0
0.2410219978922002 	 0.0
0.2420219978922002 	 0.0
0.2430219978922002 	 0.0
0.2440219978922002 	 0.0
0.2450219978922002 	 0.0
0.2460219978922002 	 0.0
0.2470219978922002 	 0.0
0.2480219978922002 	 0.0
0.2490219978922002 	 0.0
0.2500219978922002 	 0.0
0.2510219978922002 	 0.0
0.2520219978922002 	 0.0
0.2530219978922002 	 0.0
0.2540219978922002 	 0.0
0.2550219978922002 	 0.0
0.2560219978922002 	 0.0
0.2570219978922002 	 0.0
0.2580219978922002 	 0.0
0.2590219978922002 	 0.0
0.2600219978922002 	 0.0
0.2610219978922002 	 0.0
0.2620219978922002 	 0.0
0.2630219978922002 	 0.0
0.2640219978922002 	 0.0
0.2650219978922002 	 0.0
0.2660219978922002 	 0.0
0.2670219978922002 	 0.0
0.2680219978922002 	 0.0
0.2690219978922002 	 0.0
0.2700219978922002 	 0.0
0.2710219978922002 	 0.0
0.2720219978922002 	 0.0
0.2730219978922002 	 0.0
0.2740219978922002 	 0.0
0.2750219978922002 	 0.0
0.2760219978922002 	 0.0
0.2770219978922002 	 0.0
0.2780219978922002 	 0.0
0.2790219978922002 	 0.0
0.2800219978922002 	 0.0
0.2810219978922002 	 0.0
0.2820219978922002 	 0.0
0.2830219978922002 	 0.0
0.28402199789220023 	 0.0
0.28502199789220023 	 0.0
0.28602199789220023 	 0.0
0.28702199789220023 	 0.0
0.28802199789220023 	 0.0
0.28902199789220023 	 0.0
0.29002199789220023 	 0.0
0.29102199789220023 	 0.0
0.29202199789220024 	 0.0
0.29302199789220024 	 0.0
0.29402199789220024 	 0.0
0.29502199789220024 	 0.0
0.29602199789220024 	 0.0
0.29702199789220024 	 0.0
0.29802199789220024 	 0.0
0.29902199789220024 	 0.0
0.30002199789220024 	 0.0
0.30102199789220024 	 0.0
0.30202199789220024 	 0.0
0.30302199789220025 	 0.0
0.30402199789220025 	 0.0
0.30502199789220025 	 0.0
0.30602199789220025 	 0.0
0.30702199789220025 	 0.0
0.30802199789220025 	 0.0
0.30902199789220025 	 0.0
0.31002199789220025 	 0.0
0.31102199789220025 	 0.0
0.31202199789220025 	 0.0
0.31302199789220025 	 0.0
0.31402199789220026 	 0.0
0.31502199789220026 	 0.0
0.31602199789220026 	 0.0
0.31702199789220026 	 0.0
0.31802199789220026 	 0.0
0.31902199789220026 	 0.0
0.32002199789220026 	 0.0
0.32102199789220026 	 0.0
0.32202199789220026 	 0.0
0.32302199789220026 	 0.0
0.32402199789220026 	 0.0
0.32502199789220027 	 0.0
0.32602199789220027 	 0.0
0.32702199789220027 	 0.0
0.32802199789220027 	 0.0
0.32902199789220027 	 0.0
0.33002199789220027 	 0.0
0.33102199789220027 	 0.0
0.33202199789220027 	 0.0
0.33302199789220027 	 0.0
0.3340219978922003 	 0.0
0.3350219978922003 	 0.0
0.3360219978922003 	 0.0
0.3370219978922003 	 0.0
0.3380219978922003 	 0.0
0.3390219978922003 	 0.0
0.3400219978922003 	 0.0
0.3410219978922003 	 0.0
0.3420219978922003 	 0.0
0.3430219978922003 	 0.0
0.3440219978922003 	 0.0
0.3450219978922003 	 0.0
0.3460219978922003 	 0.0
0.3470219978922003 	 0.0
0.3480219978922003 	 0.0
0.3490219978922003 	 0.0
0.3500219978922003 	 0.0
0.3510219978922003 	 0.0
0.3520219978922003 	 0.0
0.3530219978922003 	 0.0
0.3540219978922003 	 0.0
0.3550219978922003 	 0.0
0.3560219978922003 	 0.0
0.3570219978922003 	 0.0
0.3580219978922003 	 0.0
0.3590219978922003 	 0.0
0.3600219978922003 	 0.0
0.3610219978922003 	 0.0
0.3620219978922003 	 0.0
0.3630219978922003 	 0.0
0.3640219978922003 	 0.0
0.3650219978922003 	 0.0
0.3660219978922003 	 0.0
0.3670219978922003 	 0.0
0.3680219978922003 	 0.0
0.3690219978922003 	 0.0
0.3700219978922003 	 0.0
0.3710219978922003 	 0.0
0.3720219978922003 	 0.0
0.3730219978922003 	 0.0
0.3740219978922003 	 0.0
0.3750219978922003 	 0.0
0.3760219978922003 	 0.0
0.3770219978922003 	 0.0
0.3780219978922003 	 0.0
0.3790219978922003 	 0.0
0.3800219978922003 	 0.0
0.3810219978922003 	 0.0
0.3820219978922003 	 0.0
0.3830219978922003 	 0.0
0.3840219978922003 	 0.0
0.3850219978922003 	 0.0
0.3860219978922003 	 0.0
0.3870219978922003 	 0.0
0.3880219978922003 	 0.0
0.3890219978922003 	 0.0
0.3900219978922003 	 0.0
0.3910219978922003 	 0.0
0.3920219978922003 	 0.0
0.3930219978922003 	 0.0
0.3940219978922003 	 0.0
0.3950219978922003 	 0.0
0.39602199789220033 	 0.0
0.39702199789220033 	 0.0
0.39802199789220033 	 0.0
0.39902199789220033 	 0.0
0.40002199789220033 	 0.0
0.40102199789220033 	 0.0
0.40202199789220033 	 0.0
0.40302199789220033 	 0.0
0.40402199789220034 	 0.0
0.40502199789220034 	 0.0
0.40602199789220034 	 0.0
0.40702199789220034 	 0.0
0.40802199789220034 	 0.0
0.40902199789220034 	 0.0
0.41002199789220034 	 0.0
0.41102199789220034 	 0.0
0.41202199789220034 	 0.0
0.41302199789220034 	 0.0
0.41402199789220034 	 0.0
0.41502199789220034 	 0.0
0.41602199789220035 	 0.0
0.41702199789220035 	 0.0
0.41802199789220035 	 0.0
0.41902199789220035 	 0.0
0.42002199789220035 	 0.0
0.42102199789220035 	 0.0
0.42202199789220035 	 0.0
0.42302199789220035 	 0.0
0.42402199789220035 	 0.0
0.42502199789220035 	 0.0
0.42602199789220035 	 0.0
0.42702199789220036 	 0.0
0.42802199789220036 	 0.0
0.42902199789220036 	 0.0
0.43002199789220036 	 0.0
0.43102199789220036 	 0.0
0.43202199789220036 	 0.0
0.43302199789220036 	 0.0
0.43402199789220036 	 0.0
0.43502199789220036 	 0.0
0.43602199789220036 	 0.0
0.43702199789220036 	 0.0
0.43802199789220037 	 0.0
0.43902199789220037 	 0.0
0.44002199789220037 	 0.0
0.44102199789220037 	 0.0
0.44202199789220037 	 0.0
0.44302199789220037 	 0.0
0.44402199789220037 	 0.0
0.44502199789220037 	 0.0
0.4460219978922004 	 0.0
0.4470219978922004 	 0.0
0.4480219978922004 	 0.0
0.4490219978922004 	 0.0
0.4500219978922004 	 0.0
0.4510219978922004 	 0.0
0.4520219978922004 	 0.0
0.4530219978922004 	 0.0
0.4540219978922004 	 0.0
0.4550219978922004 	 0.0
0.4560219978922004 	 0.0
0.4570219978922004 	 0.0
0.4580219978922004 	 0.0
0.4590219978922004 	 0.0
0.4600219978922004 	 0.0
0.4610219978922004 	 0.0
0.4620219978922004 	 0.0
0.4630219978922004 	 0.0
0.4640219978922004 	 0.0
0.4650219978922004 	 0.0
0.4660219978922004 	 0.0
0.4670219978922004 	 0.0
0.4680219978922004 	 0.0
0.4690219978922004 	 0.0
0.4700219978922004 	 0.0
0.4710219978922004 	 0.0
0.4720219978922004 	 0.0
0.4730219978922004 	 0.0
0.4740219978922004 	 0.0
0.4750219978922004 	 0.0
0.4760219978922004 	 0.0
0.4770219978922004 	 0.0
0.4780219978922004 	 0.0
0.4790219978922004 	 0.0
0.4800219978922004 	 0.0
0.4810219978922004 	 0.0
0.4820219978922004 	 0.0
0.4830219978922004 	 0.0
0.4840219978922004 	 0.0
0.4850219978922004 	 0.0
0.4860219978922004 	 0.0
0.4870219978922004 	 0.0
0.4880219978922004 	 0.0
0.4890219978922004 	 0.0
0.4900219978922004 	 0.0
0.4910219978922004 	 0.0
0.4920219978922004 	 0.0
0.4930219978922004 	 0.0
0.4940219978922004 	 0.0
0.4950219978922004 	 0.0
0.4960219978922004 	 0.0
0.4970219978922004 	 0.0
0.4980219978922004 	 0.0
0.4990219978922004 	 0.0
0.5000219978922004 	 0.0
0.5010219978922004 	 0.0
0.5020219978922004 	 0.0
0.5030219978922004 	 0.0
0.5040219978922004 	 0.0
0.5050219978922004 	 0.0
0.5060219978922004 	 0.0
0.5070219978922004 	 0.0
0.5080219978922004 	 0.0
0.5090219978922004 	 0.0
0.5100219978922004 	 0.0
0.5110219978922004 	 0.0
0.5120219978922004 	 0.0
0.5130219978922004 	 0.0
0.5140219978922004 	 0.0
0.5150219978922004 	 0.0
0.5160219978922004 	 0.0
0.5170219978922004 	 0.0
0.5180219978922004 	 0.0
0.5190219978922004 	 0.0
0.5200219978922004 	 0.0
0.5210219978922004 	 0.0
0.5220219978922004 	 0.0
0.5230219978922004 	 0.0
0.5240219978922004 	 0.0
0.5250219978922004 	 0.0
0.5260219978922004 	 0.0
0.5270219978922004 	 0.0
0.5280219978922004 	 0.0
0.5290219978922004 	 0.0
0.5300219978922004 	 0.0
0.5310219978922004 	 0.0
0.5320219978922004 	 0.0
0.5330219978922004 	 0.0
0.5340219978922004 	 0.0
0.5350219978922004 	 0.0
0.5360219978922004 	 0.0
0.5370219978922004 	 0.0
0.5380219978922004 	 0.0
0.5390219978922004 	 0.0
0.5400219978922004 	 0.0
0.5410219978922004 	 0.0
0.5420219978922004 	 0.0
0.5430219978922004 	 0.0
0.5440219978922004 	 0.0
0.5450219978922004 	 0.0
0.5460219978922004 	 0.0
0.5470219978922004 	 0.0
0.5480219978922004 	 0.0
0.5490219978922004 	 0.0
0.5500219978922004 	 0.0
0.5510219978922004 	 0.0
0.5520219978922004 	 0.0
0.5530219978922004 	 0.0
0.5540219978922004 	 0.0
0.5550219978922004 	 0.0
0.5560219978922004 	 0.0
0.5570219978922004 	 0.0
0.5580219978922004 	 0.0
0.5590219978922004 	 0.0
0.5600219978922004 	 0.0
0.5610219978922004 	 0.0
0.5620219978922004 	 0.0
0.5630219978922004 	 0.0
0.5640219978922004 	 0.0
0.5650219978922004 	 0.0
0.5660219978922004 	 0.0
0.5670219978922004 	 0.0
0.5680219978922004 	 0.0
0.5690219978922004 	 0.0
0.5700219978922004 	 0.0
0.5710219978922004 	 0.0
0.5720219978922004 	 0.0
0.5730219978922004 	 0.0
0.5740219978922004 	 0.0
0.5750219978922004 	 0.0
0.5760219978922004 	 0.0
0.5770219978922004 	 0.0
0.5780219978922004 	 0.0
0.5790219978922004 	 0.0
0.5800219978922004 	 0.0
0.5810219978922004 	 0.0
0.5820219978922004 	 0.0
0.5830219978922004 	 0.0
0.5840219978922004 	 0.0
0.5850219978922004 	 0.0
0.5860219978922004 	 0.0
0.5870219978922004 	 0.0
0.5880219978922004 	 0.0
0.5890219978922004 	 0.0
0.5900219978922004 	 0.0
0.5910219978922004 	 0.0
0.5920219978922004 	 0.0
0.5930219978922004 	 0.0
0.5940219978922004 	 0.0
0.5950219978922004 	 0.0
0.5960219978922005 	 0.0
0.5970219978922005 	 0.0
0.5980219978922005 	 0.0
0.5990219978922005 	 0.0
0.6000219978922005 	 0.0
0.6010219978922005 	 0.0
0.6020219978922005 	 0.0
0.6030219978922005 	 0.0
0.6040219978922005 	 0.0
0.6050219978922005 	 0.0
0.6060219978922005 	 0.0
0.6070219978922005 	 0.0
0.6080219978922005 	 0.0
0.6090219978922005 	 0.0
0.6100219978922005 	 0.0
0.6110219978922005 	 0.0
0.6120219978922005 	 0.0
0.6130219978922005 	 0.0
0.6140219978922005 	 0.0
0.6150219978922005 	 0.0
0.6160219978922005 	 0.0
0.6170219978922005 	 0.0
0.6180219978922005 	 0.0
0.6190219978922005 	 0.0
0.6200219978922005 	 0.0
0.6210219978922005 	 0.0
0.6220219978922005 	 0.0
0.6230219978922005 	 0.0
0.6240219978922005 	 0.0
0.6250219978922005 	 0.0
0.6260219978922005 	 0.0
0.6270219978922005 	 0.0
0.6280219978922005 	 0.0
0.6290219978922005 	 0.0
0.6300219978922005 	 0.0
0.6310219978922005 	 0.0
0.6320219978922005 	 0.0
0.6330219978922005 	 0.0
0.6340219978922005 	 0.0
0.6350219978922005 	 0.0
0.6360219978922005 	 0.0
0.6370219978922005 	 0.0
0.6380219978922005 	 0.0
0.6390219978922005 	 0.0
0.6400219978922005 	 0.0
0.6410219978922005 	 0.0
0.6420219978922005 	 0.0
0.6430219978922005 	 0.0
0.6440219978922005 	 0.0
0.6450219978922005 	 0.0
0.6460219978922005 	 0.0
0.6470219978922005 	 0.0
0.6480219978922005 	 0.0
0.6490219978922005 	 0.0
0.6500219978922005 	 0.0
0.6510219978922005 	 0.0
0.6520219978922005 	 0.0
0.6530219978922005 	 0.0
0.6540219978922005 	 0.0
0.6550219978922005 	 0.0
0.6560219978922005 	 0.0
0.6570219978922005 	 0.0
0.6580219978922005 	 0.0
0.6590219978922005 	 0.0
0.6600219978922005 	 0.0
0.6610219978922005 	 0.0
0.6620219978922005 	 0.0
0.6630219978922005 	 0.0
0.6640219978922005 	 0.0
0.6650219978922005 	 0.0
0.6660219978922005 	 0.0
0.6670219978922005 	 0.0
0.6680219978922005 	 0.0
0.6690219978922005 	 0.0
0.6700219978922005 	 0.0
0.6710219978922005 	 0.0
0.6720219978922005 	 0.0
0.6730219978922005 	 0.0
0.6740219978922005 	 0.0
0.6750219978922005 	 0.0
0.6760219978922005 	 0.0
0.6770219978922005 	 0.0
0.6780219978922005 	 0.0
0.6790219978922005 	 0.0
0.6800219978922005 	 0.0
0.6810219978922005 	 0.0
0.6820219978922005 	 0.0
0.6830219978922005 	 0.0
0.6840219978922005 	 0.0
0.6850219978922005 	 0.0
0.6860219978922005 	 0.0
0.6870219978922005 	 0.0
0.6880219978922005 	 0.0
0.6890219978922005 	 0.0
0.6900219978922005 	 0.0
0.6910219978922005 	 0.0
0.6920219978922005 	 0.0
0.6930219978922005 	 0.0
0.6940219978922005 	 0.0
0.6950219978922005 	 0.0
0.6960219978922005 	 0.0
0.6970219978922005 	 0.0
0.6980219978922005 	 0.0
0.6990219978922005 	 0.0
0.7000219978922005 	 0.0
0.7010219978922005 	 0.0
0.7020219978922005 	 0.0
0.7030219978922005 	 0.0
0.7040219978922005 	 0.0
0.7050219978922005 	 0.0
0.7060219978922005 	 0.0
0.7070219978922005 	 0.0
0.7080219978922005 	 0.0
0.7090219978922006 	 0.0
0.7100219978922006 	 0.0
0.7110219978922006 	 0.0
0.7120219978922006 	 0.0
0.7130219978922006 	 0.0
0.7140219978922006 	 0.0
0.7150219978922006 	 0.0
0.7160219978922006 	 0.0
0.7170219978922006 	 0.0
0.7180219978922006 	 0.0
0.7190219978922006 	 0.0
0.7200219978922006 	 0.0
0.7210219978922006 	 0.0
0.7220219978922006 	 0.0
0.7230219978922006 	 0.0
0.7240219978922006 	 0.0
0.7250219978922006 	 0.0
0.7260219978922006 	 0.0
0.7270219978922006 	 0.0
0.7280219978922006 	 0.0
0.7290219978922006 	 0.0
0.7300219978922006 	 0.0
0.7310219978922006 	 0.0
0.7320219978922006 	 0.0
0.7330219978922006 	 0.0
0.7340219978922006 	 0.0
0.7350219978922006 	 0.0
0.7360219978922006 	 0.0
0.7370219978922006 	 0.0
0.7380219978922006 	 0.0
0.7390219978922006 	 0.0
0.7400219978922006 	 0.0
0.7410219978922006 	 0.0
0.7420219978922006 	 0.0
0.7430219978922006 	 0.0
0.7440219978922006 	 0.0
0.7450219978922006 	 0.0
0.7460219978922006 	 0.0
0.7470219978922006 	 0.0
0.7480219978922006 	 0.0
0.7490219978922006 	 0.0
0.7500219978922006 	 0.0
0.7510219978922006 	 0.0
0.7520219978922006 	 0.0
0.7530219978922006 	 0.0
0.7540219978922006 	 0.0
0.7550219978922006 	 0.0
0.7560219978922006 	 0.0
0.7570219978922006 	 0.0
0.7580219978922006 	 0.0
0.7590219978922006 	 0.0
0.7600219978922006 	 0.0
0.7610219978922006 	 0.0
0.7620219978922006 	 0.0
0.7630219978922006 	 0.0
0.7640219978922006 	 0.0
0.7650219978922006 	 0.0
0.7660219978922006 	 0.0
0.7670219978922006 	 0.0
0.7680219978922006 	 0.0
0.7690219978922006 	 0.0
0.7700219978922006 	 0.0
0.7710219978922006 	 0.0
0.7720219978922006 	 0.0
0.7730219978922006 	 0.0
0.7740219978922006 	 0.0
0.7750219978922006 	 0.0
0.7760219978922006 	 0.0
0.7770219978922006 	 0.0
0.7780219978922006 	 0.0
0.7790219978922006 	 0.0
0.7800219978922006 	 0.0
0.7810219978922006 	 0.0
0.7820219978922006 	 0.0
0.7830219978922006 	 0.0
0.7840219978922006 	 0.0
0.7850219978922006 	 0.0
0.7860219978922006 	 0.0
0.7870219978922006 	 0.0
0.7880219978922006 	 0.0
0.7890219978922006 	 0.0
0.7900219978922006 	 0.0
0.7910219978922006 	 0.0
0.7920219978922006 	 0.0
0.7930219978922006 	 0.0
0.7940219978922006 	 0.0
0.7950219978922006 	 0.0
0.7960219978922006 	 0.0
0.7970219978922006 	 0.0
0.7980219978922006 	 0.0
0.7990219978922006 	 0.0
0.8000219978922006 	 0.0
0.8010219978922006 	 0.0
0.8020219978922006 	 0.0
0.8030219978922006 	 0.0
0.8040219978922006 	 0.0
0.8050219978922006 	 0.0
0.8060219978922006 	 0.0
0.8070219978922006 	 0.0
0.8080219978922006 	 0.0
0.8090219978922006 	 0.0
0.8100219978922006 	 0.0
0.8110219978922006 	 0.0
0.8120219978922006 	 0.0
0.8130219978922006 	 0.0
0.8140219978922006 	 0.0
0.8150219978922006 	 0.0
0.8160219978922006 	 0.0
0.8170219978922006 	 0.0
0.8180219978922006 	 0.0
0.8190219978922006 	 0.0
0.8200219978922006 	 0.0
0.8210219978922007 	 0.0
0.8220219978922007 	 0.0
0.8230219978922007 	 0.0
0.8240219978922007 	 0.0
0.8250219978922007 	 0.0
0.8260219978922007 	 0.0
0.8270219978922007 	 0.0
0.8280219978922007 	 0.0
0.8290219978922007 	 0.0
0.8300219978922007 	 0.0
0.8310219978922007 	 0.0
0.8320219978922007 	 0.0
0.8330219978922007 	 0.0
0.8340219978922007 	 0.0
0.8350219978922007 	 0.0
0.8360219978922007 	 0.0
0.8370219978922007 	 0.0
0.8380219978922007 	 0.0
0.8390219978922007 	 0.0
0.8400219978922007 	 0.0
0.8410219978922007 	 0.0
0.8420219978922007 	 0.0
0.8430219978922007 	 0.0
0.8440219978922007 	 0.0
0.8450219978922007 	 0.0
0.8460219978922007 	 0.0
0.8470219978922007 	 0.0
0.8480219978922007 	 0.0
0.8490219978922007 	 0.0
0.8500219978922007 	 0.0
0.8510219978922007 	 0.0
0.8520219978922007 	 0.0
0.8530219978922007 	 0.0
0.8540219978922007 	 0.0
0.8550219978922007 	 0.0
0.8560219978922007 	 0.0
0.8570219978922007 	 0.0
0.8580219978922007 	 0.0
0.8590219978922007 	 0.0
0.8600219978922007 	 0.0
0.8610219978922007 	 0.0
0.8620219978922007 	 0.0
0.8630219978922007 	 0.0
0.8640219978922007 	 0.0
0.8650219978922007 	 0.0
0.8660219978922007 	 0.0
0.8670219978922007 	 0.0
0.8680219978922007 	 0.0
0.8690219978922007 	 0.0
0.8700219978922007 	 0.0
0.8710219978922007 	 0.0
0.8720219978922007 	 0.0
0.8730219978922007 	 0.0
0.8740219978922007 	 0.0
0.8750219978922007 	 0.0
0.8760219978922007 	 0.0
0.8770219978922007 	 0.0
0.8780219978922007 	 0.0
0.8790219978922007 	 0.0
0.8800219978922007 	 0.0
0.8810219978922007 	 0.0
0.8820219978922007 	 0.0
0.8830219978922007 	 0.0
0.8840219978922007 	 0.0
0.8850219978922007 	 0.0
0.8860219978922007 	 0.0
0.8870219978922007 	 0.0
0.8880219978922007 	 0.0
0.8890219978922007 	 0.0
0.8900219978922007 	 0.0
0.8910219978922007 	 0.0
0.8920219978922007 	 0.0
0.8930219978922007 	 0.0
0.8940219978922007 	 0.0
0.8950219978922007 	 0.0
0.8960219978922007 	 0.0
0.8970219978922007 	 0.0
0.8980219978922007 	 0.0
0.8990219978922007 	 0.0
0.9000219978922007 	 0.0
0.9010219978922007 	 0.0
0.9020219978922007 	 0.0
0.9030219978922007 	 0.0
0.9040219978922007 	 0.0
0.9050219978922007 	 0.0
0.9060219978922007 	 0.0
0.9070219978922007 	 0.0
0.9080219978922007 	 0.0
0.9090219978922007 	 0.0
0.9100219978922007 	 0.0
0.9110219978922007 	 0.0
0.9120219978922007 	 0.0
0.9130219978922007 	 0.0
0.9140219978922007 	 0.0
0.9150219978922007 	 0.0
0.9160219978922007 	 0.0
0.9170219978922007 	 0.0
0.9180219978922007 	 0.0
0.9190219978922007 	 0.0
0.9200219978922007 	 0.0
0.9210219978922007 	 0.0
0.9220219978922007 	 0.0
0.9230219978922007 	 0.0
0.9240219978922007 	 0.0
0.9250219978922007 	 0.0
0.9260219978922007 	 0.0
0.9270219978922007 	 0.0
0.9280219978922007 	 0.0
0.9290219978922007 	 0.0
0.9300219978922007 	 0.0
0.9310219978922007 	 0.0
0.9320219978922007 	 0.0
0.9330219978922007 	 0.0
0.9340219978922008 	 0.0
0.9350219978922008 	 0.0
0.9360219978922008 	 0.0
0.9370219978922008 	 0.0
0.9380219978922008 	 0.0
0.9390219978922008 	 0.0
0.9400219978922008 	 0.0
0.9410219978922008 	 0.0
0.9420219978922008 	 0.0
0.9430219978922008 	 0.0
0.9440219978922008 	 0.0
0.9450219978922008 	 0.0
0.9460219978922008 	 0.0
0.9470219978922008 	 0.0
0.9480219978922008 	 0.0
0.9490219978922008 	 0.0
0.9500219978922008 	 0.0
0.9510219978922008 	 0.0
0.9520219978922008 	 0.0
0.9530219978922008 	 0.0
0.9540219978922008 	 0.0
0.9550219978922008 	 0.0
0.9560219978922008 	 0.0
0.9570219978922008 	 0.0
0.9580219978922008 	 0.0
0.9590219978922008 	 0.0
0.9600219978922008 	 0.0
0.9610219978922008 	 0.0
0.9620219978922008 	 0.0
0.9630219978922008 	 0.0
0.9640219978922008 	 0.0
0.9650219978922008 	 0.0
0.9660219978922008 	 0.0
0.9670219978922008 	 0.0
0.9680219978922008 	 0.0
0.9690219978922008 	 0.0
0.9700219978922008 	 0.0
0.9710219978922008 	 0.0
0.9720219978922008 	 0.0
0.9730219978922008 	 0.0
0.9740219978922008 	 0.0
0.9750219978922008 	 0.0
0.9760219978922008 	 0.0
0.9770219978922008 	 0.0
0.9780219978922008 	 0.0
0.9790219978922008 	 0.0
0.9800219978922008 	 0.0
0.9810219978922008 	 0.0
0.9820219978922008 	 0.0
0.9830219978922008 	 0.0
0.9840219978922008 	 0.0
0.9850219978922008 	 0.0
0.9860219978922008 	 0.0
0.9870219978922008 	 0.0
0.9880219978922008 	 0.0
0.9890219978922008 	 0.0
0.9900219978922008 	 0.0
0.9910219978922008 	 0.0
0.9920219978922008 	 0.0
0.9930219978922008 	 0.0
0.9940219978922008 	 0.0
0.9950219978922008 	 0.0
0.9960219978922008 	 0.0
0.9970219978922008 	 0.0
0.9980219978922008 	 0.0
0.9990219978922008 	 0.0
1.0000219978922007 	 0.0
1.0010219978922006 	 0.0
1.0020219978922005 	 0.0
1.0030219978922004 	 0.0
1.0040219978922003 	 0.0
1.0050219978922001 	 0.0
1.0060219978922 	 0.0
1.0070219978922 	 0.0
1.0080219978921998 	 0.0
1.0090219978921997 	 0.0
1.0100219978921996 	 0.0
1.0110219978921995 	 0.0
1.0120219978921994 	 0.0
1.0130219978921993 	 0.0
1.0140219978921992 	 0.0
1.015021997892199 	 0.0
1.016021997892199 	 0.0
1.0170219978921988 	 0.0
1.0180219978921987 	 0.0
1.0190219978921986 	 0.0
1.0200219978921985 	 0.0
1.0210219978921984 	 0.0
1.0220219978921983 	 0.0
1.0230219978921982 	 0.0
1.024021997892198 	 0.0
1.025021997892198 	 0.0
1.0260219978921978 	 0.0
1.0270219978921977 	 0.0
1.0280219978921976 	 0.0
1.0290219978921975 	 0.0
1.0300219978921974 	 0.0
1.0310219978921973 	 0.0
1.0320219978921972 	 0.0
1.033021997892197 	 0.0
1.034021997892197 	 0.0
1.0350219978921968 	 0.0
1.0360219978921967 	 0.0
1.0370219978921966 	 0.0
1.0380219978921965 	 0.0
1.0390219978921964 	 0.0
1.0400219978921963 	 0.0
1.0410219978921962 	 0.0
1.042021997892196 	 0.0
1.043021997892196 	 0.0
1.0440219978921959 	 0.0
1.0450219978921957 	 0.0
1.0460219978921956 	 0.0
1.0470219978921955 	 0.0
1.0480219978921954 	 0.0
1.0490219978921953 	 0.0
1.0500219978921952 	 0.0
1.051021997892195 	 0.0
1.052021997892195 	 0.0
1.0530219978921949 	 0.0
1.0540219978921948 	 0.0
1.0550219978921946 	 0.0
1.0560219978921945 	 0.0
1.0570219978921944 	 0.0
1.0580219978921943 	 0.0
1.0590219978921942 	 0.0
1.060021997892194 	 0.0
1.061021997892194 	 0.0
1.0620219978921939 	 0.0
1.0630219978921938 	 0.0
1.0640219978921936 	 0.0
1.0650219978921935 	 0.0
1.0660219978921934 	 0.0
1.0670219978921933 	 0.0
1.0680219978921932 	 0.0
1.069021997892193 	 0.0
1.070021997892193 	 0.0
1.0710219978921929 	 0.0
1.0720219978921928 	 0.0
1.0730219978921927 	 0.0
1.0740219978921925 	 0.0
1.0750219978921924 	 0.0
1.0760219978921923 	 0.0
1.0770219978921922 	 0.0
1.078021997892192 	 0.0
1.079021997892192 	 0.0
1.0800219978921919 	 0.0
1.0810219978921918 	 0.0
1.0820219978921917 	 0.0
1.0830219978921916 	 0.0
1.0840219978921914 	 0.0
1.0850219978921913 	 0.0
1.0860219978921912 	 0.0
1.0870219978921911 	 0.0
1.088021997892191 	 0.0
1.089021997892191 	 0.0
1.0900219978921908 	 0.0
1.0910219978921907 	 0.0
1.0920219978921906 	 0.0
1.0930219978921905 	 0.0
1.0940219978921903 	 0.0
1.0950219978921902 	 0.0
1.0960219978921901 	 0.0
1.09702199789219 	 0.0
1.09802199789219 	 0.0
1.0990219978921898 	 0.0
1.1000219978921897 	 0.0
1.1010219978921896 	 0.0
1.1020219978921895 	 0.0
1.1030219978921894 	 0.0
1.1040219978921892 	 0.0
1.1050219978921891 	 0.0
1.106021997892189 	 0.0
1.107021997892189 	 0.0
1.1080219978921888 	 0.0
1.1090219978921887 	 0.0
1.1100219978921886 	 0.0
1.1110219978921885 	 0.0
1.1120219978921884 	 0.0
1.1130219978921883 	 0.0
1.1140219978921881 	 0.0
1.115021997892188 	 0.0
1.116021997892188 	 0.0
1.1170219978921878 	 0.0
1.1180219978921877 	 0.0
1.1190219978921876 	 0.0
1.1200219978921875 	 0.0
1.1210219978921874 	 0.0
1.1220219978921873 	 0.0
1.1230219978921872 	 0.0
1.124021997892187 	 0.0
1.125021997892187 	 0.0
1.1260219978921868 	 0.0
1.1270219978921867 	 0.0
1.1280219978921866 	 0.0
1.1290219978921865 	 0.0
1.1300219978921864 	 0.0
1.1310219978921863 	 0.0
1.1320219978921862 	 0.0
1.133021997892186 	 0.0
1.134021997892186 	 0.0
1.1350219978921858 	 0.0
1.1360219978921857 	 0.0
1.1370219978921856 	 0.0
1.1380219978921855 	 0.0
1.1390219978921854 	 0.0
1.1400219978921853 	 0.0
1.1410219978921852 	 0.0
1.142021997892185 	 0.0
1.143021997892185 	 0.0
1.1440219978921848 	 0.0
1.1450219978921847 	 0.0
1.1460219978921846 	 0.0
1.1470219978921845 	 0.0
1.1480219978921844 	 0.0
1.1490219978921843 	 0.0
1.1500219978921842 	 0.0
1.151021997892184 	 0.0
1.152021997892184 	 0.0
1.1530219978921838 	 0.0
1.1540219978921837 	 0.0
1.1550219978921836 	 0.0
1.1560219978921835 	 0.0
1.1570219978921834 	 0.0
1.1580219978921833 	 0.0
1.1590219978921832 	 0.0
1.160021997892183 	 0.0
1.161021997892183 	 0.0
1.1620219978921829 	 0.0
1.1630219978921827 	 0.0
1.1640219978921826 	 0.0
1.1650219978921825 	 0.0
1.1660219978921824 	 0.0
1.1670219978921823 	 0.0
1.1680219978921822 	 0.0
1.169021997892182 	 0.0
1.170021997892182 	 0.0
1.1710219978921819 	 0.0
1.1720219978921818 	 0.0
1.1730219978921816 	 0.0
1.1740219978921815 	 0.0
1.1750219978921814 	 0.0
1.1760219978921813 	 0.0
1.1770219978921812 	 0.0
1.178021997892181 	 0.0
1.179021997892181 	 0.0
1.1800219978921809 	 0.0
1.1810219978921808 	 0.0
1.1820219978921807 	 0.0
1.1830219978921805 	 0.0
1.1840219978921804 	 0.0
1.1850219978921803 	 0.0
1.1860219978921802 	 0.0
1.18702199789218 	 0.0
1.18802199789218 	 0.0
1.1890219978921799 	 0.0
1.1900219978921798 	 0.0
1.1910219978921797 	 0.0
1.1920219978921796 	 0.0
1.1930219978921794 	 0.0
1.1940219978921793 	 0.0
1.1950219978921792 	 0.0
1.1960219978921791 	 0.0
1.197021997892179 	 0.0
1.198021997892179 	 0.0
1.1990219978921788 	 0.0
1.2000219978921787 	 0.0
1.2010219978921786 	 0.0
1.2020219978921785 	 0.0
1.2030219978921783 	 0.0
1.2040219978921782 	 0.0
1.2050219978921781 	 0.0
1.206021997892178 	 0.0
1.207021997892178 	 0.0
1.2080219978921778 	 0.0
1.2090219978921777 	 0.0
1.2100219978921776 	 0.0
1.2110219978921775 	 0.0
1.2120219978921773 	 0.0
1.2130219978921772 	 0.0
1.2140219978921771 	 0.0
1.215021997892177 	 0.0
1.216021997892177 	 0.0
1.2170219978921768 	 0.0
1.2180219978921767 	 0.0
1.2190219978921766 	 0.0
1.2200219978921765 	 0.0
1.2210219978921764 	 0.0
1.2220219978921762 	 0.0
1.2230219978921761 	 0.0
1.224021997892176 	 0.0
1.225021997892176 	 0.0
1.2260219978921758 	 0.0
1.2270219978921757 	 0.0
1.2280219978921756 	 0.0
1.2290219978921755 	 0.0
1.2300219978921754 	 0.0
1.2310219978921753 	 0.0
1.2320219978921751 	 0.0
1.233021997892175 	 0.0
1.234021997892175 	 0.0
1.2350219978921748 	 0.0
1.2360219978921747 	 0.0
1.2370219978921746 	 0.0
1.2380219978921745 	 0.0
1.2390219978921744 	 0.0
1.2400219978921743 	 0.0
1.2410219978921742 	 0.0
1.242021997892174 	 0.0
1.243021997892174 	 0.0
1.2440219978921738 	 0.0
1.2450219978921737 	 0.0
1.2460219978921736 	 0.0
1.2470219978921735 	 0.0
1.2480219978921734 	 0.0
1.2490219978921733 	 0.0
1.2500219978921732 	 0.0
1.251021997892173 	 0.0
1.252021997892173 	 0.0
1.2530219978921728 	 0.0
1.2540219978921727 	 0.0
1.2550219978921726 	 0.0
1.2560219978921725 	 0.0
1.2570219978921724 	 0.0
1.2580219978921723 	 0.0
1.2590219978921722 	 0.0
1.260021997892172 	 0.0
1.261021997892172 	 0.0
1.2620219978921718 	 0.0
1.2630219978921717 	 0.0
1.2640219978921716 	 0.0
1.2650219978921715 	 0.0
1.2660219978921714 	 0.0
1.2670219978921713 	 0.0
1.2680219978921712 	 0.0
1.269021997892171 	 0.0
1.270021997892171 	 0.0
1.2710219978921709 	 0.0
1.2720219978921707 	 0.0
1.2730219978921706 	 0.0
1.2740219978921705 	 0.0
1.2750219978921704 	 0.0
1.2760219978921703 	 0.0
1.2770219978921702 	 0.0
1.27802199789217 	 0.0
1.27902199789217 	 0.0
1.2800219978921699 	 0.0
1.2810219978921698 	 0.0
1.2820219978921696 	 0.0
1.2830219978921695 	 0.0
1.2840219978921694 	 0.0
1.2850219978921693 	 0.0
1.2860219978921692 	 0.0
1.287021997892169 	 0.0
1.288021997892169 	 0.0
1.2890219978921689 	 0.0
1.2900219978921688 	 5.856666822164414e-10
1.2910219978921686 	 4.1106105203922805e-09
1.2920219978921685 	 1.0847380624326313e-08
1.2930219978921684 	 2.082232193656851e-08
1.2940219978921683 	 3.406544143060129e-08
1.2950219978921682 	 5.060308416516372e-08
1.296021997892168 	 7.046449523700379e-08
1.297021997892168 	 9.367922868206655e-08
1.2980219978921679 	 1.2027593871520622e-07
1.2990219978921678 	 1.502843293406141e-07
1.3000219978921677 	 1.8373383307867954e-07
1.3010219978921675 	 2.2065645770884355e-07
1.3020219978921674 	 2.6108183122626635e-07
1.3030219978921673 	 3.050401616997319e-07
1.3040219978921672 	 3.5256152608668583e-07
1.305021997892167 	 4.036757878213373e-07
1.306021997892167 	 4.5841289380270057e-07
1.3070219978921669 	 5.16804198201745e-07
1.3080219978921668 	 5.788819761415087e-07
1.3090219978921667 	 6.446800017980584e-07
1.3100219978921666 	 7.142305656016147e-07
1.3110219978921664 	 7.875685549175283e-07
1.3120219978921663 	 8.647263925965779e-07
1.3130219978921662 	 9.45735867065729e-07
1.3140219978921661 	 1.0306310946796133e-06
1.315021997892166 	 1.1194459821303393e-06
1.316021997892166 	 1.2122177283613467e-06
1.3170219978921658 	 1.308983651950316e-06
1.3180219978921657 	 1.4097828349142387e-06
1.3190219978921656 	 1.5146530088144712e-06
1.3200219978921655 	 1.6236354009406797e-06
1.3210219978921653 	 1.7367699552263583e-06
1.3220219978921652 	 1.8540917011055295e-06
1.3230219978921651 	 1.9756308763056103e-06
1.324021997892165 	 2.101418806301142e-06
1.325021997892165 	 2.23148537595035e-06
1.3260219978921648 	 2.3658565300829844e-06
1.3270219978921647 	 2.504559753426681e-06
1.3280219978921646 	 2.6476248742436123e-06
1.3290219978921645 	 2.7951130836616393e-06
1.3300219978921644 	 2.9470983535512245e-06
1.3310219978921642 	 3.1036507652227236e-06
1.3320219978921641 	 3.264815337870983e-06
1.333021997892164 	 3.430630470104779e-06
1.334021997892164 	 3.601130464631473e-06
1.3350219978921638 	 3.776351382436418e-06
1.3360219978921637 	 3.956324382505643e-06
1.3370219978921636 	 4.14108225880884e-06
1.3380219978921635 	 4.33065329718636e-06
1.3390219978921634 	 4.525080986987658e-06
1.3400219978921633 	 4.724423456576499e-06
1.3410219978921631 	 4.928737068855344e-06
1.342021997892163 	 5.138073883968139e-06
1.343021997892163 	 5.352481175039942e-06
1.3440219978921628 	 5.572010330810859e-06
1.3450219978921627 	 5.796710105731974e-06
1.3460219978921626 	 6.0266334468380625e-06
1.3470219978921625 	 6.261831311611297e-06
1.3480219978921624 	 6.5023615696934096e-06
1.3490219978921623 	 6.748280538141444e-06
1.3500219978921622 	 6.9996494222924404e-06
1.351021997892162 	 7.2565276625438245e-06
1.352021997892162 	 7.518980737215243e-06
1.3530219978921618 	 7.787072498860075e-06
1.3540219978921617 	 8.060872088576855e-06
1.3550219978921616 	 8.340446963091125e-06
1.3560219978921615 	 8.625870005472635e-06
1.3570219978921614 	 8.91721246820315e-06
1.3580219978921613 	 9.214551156198268e-06
1.3590219978921612 	 9.517961385303906e-06
1.360021997892161 	 9.827524166755142e-06
1.361021997892161 	 1.0143267712371844e-05
1.3620219978921608 	 1.0465022009931737e-05
1.3630219978921607 	 1.0792793646148923e-05
1.3640219978921606 	 1.1127012728030576e-05
1.3650219978921605 	 1.1467756533276936e-05
1.3660219978921604 	 1.1815080877095978e-05
1.3670219978921603 	 1.2169036419408257e-05
1.3680219978921602 	 1.2529675831024737e-05
1.36902199789216 	 1.289704654119039e-05
1.37002199789216 	 1.3271197852168784e-05
1.3710219978921598 	 1.3652182630756044e-05
1.3720219978921597 	 1.4040083526251097e-05
1.3730219978921596 	 1.4434995266005958e-05
1.3740219978921595 	 1.4837011620277535e-05
1.3750219978921594 	 1.5246232922772591e-05
1.3760219978921593 	 1.5662758715192395e-05
1.3770219978921592 	 1.6086695146895675e-05
1.378021997892159 	 1.6518147734791712e-05
1.379021997892159 	 1.69572288740609e-05
1.3800219978921588 	 1.7404051463362988e-05
1.3810219978921587 	 1.7858727740932282e-05
1.3820219978921586 	 1.8321360664955342e-05
1.3830219978921585 	 1.879204741047488e-05
1.3840219978921584 	 1.927089035359081e-05
1.3850219978921583 	 1.9757989525740878e-05
1.3860219978921582 	 2.0253450222874513e-05
1.387021997892158 	 2.0757376486824505e-05
1.388021997892158 	 2.1269871959837843e-05
1.3890219978921579 	 2.1791005429042895e-05
1.3900219978921577 	 2.2320802049058075e-05
1.3910219978921576 	 2.285931017721731e-05
1.3920219978921575 	 2.34066712227216e-05
1.3930219978921574 	 2.3963059068918492e-05
1.3940219978921573 	 2.452865141467711e-05
1.3950219978921572 	 2.5103632742724515e-05
1.396021997892157 	 2.5688185568441996e-05
1.397021997892157 	 2.628244917669417e-05
1.3980219978921569 	 2.6886558467325163e-05
1.3990219978921568 	 2.750064702971162e-05
1.4000219978921566 	 2.812330165749292e-05
1.4010219978921565 	 2.87577709055632e-05
1.4020219978921564 	 2.9402631813272698e-05
1.4030219978921563 	 3.0058027311679257e-05
1.4040219978921562 	 3.0724098672647126e-05
1.405021997892156 	 3.140098837053688e-05
1.406021997892156 	 3.208884321349703e-05
1.4070219978921559 	 3.278780738829928e-05
1.4080219978921558 	 3.349803035711928e-05
1.4090219978921557 	 3.4219659672938154e-05
1.4100219978921555 	 3.495284397437877e-05
1.4110219978921554 	 3.569772657476135e-05
1.4120219978921553 	 3.6454410613076174e-05
1.4130219978921552 	 3.7222994154202114e-05
1.414021997892155 	 3.800360099494812e-05
1.415021997892155 	 3.8796384729362794e-05
1.4160219978921549 	 3.9601505176548226e-05
1.4170219978921548 	 4.041912010088237e-05
1.4180219978921547 	 4.1249393746977634e-05
1.4190219978921546 	 4.209248969230651e-05
1.4200219978921544 	 4.2948574145137896e-05
1.4210219978921543 	 4.381781946674504e-05
1.4220219978921542 	 4.470039823742455e-05
1.4230219978921541 	 4.559648671764402e-05
1.424021997892154 	 4.65062681049207e-05
1.425021997892154 	 4.7429925068224546e-05
1.4260219978921538 	 4.8367648547196524e-05
1.4270219978921537 	 4.931963015575565e-05
1.4280219978921536 	 5.028606576189826e-05
1.4290219978921535 	 5.1267159074879593e-05
1.4300219978921533 	 5.226311519240916e-05
1.4310219978921532 	 5.3274144181493606e-05
1.4320219978921531 	 5.4300465269957915e-05
1.433021997892153 	 5.5342298891203074e-05
1.434021997892153 	 5.6399875316441074e-05
1.4350219978921528 	 5.747342683639919e-05
1.4360219978921527 	 5.856319106256985e-05
1.4370219978921526 	 5.966941422605192e-05
1.4380219978921525 	 6.079234683313481e-05
1.4390219978921523 	 6.193223731546066e-05
1.4400219978921522 	 6.308932684253834e-05
1.4410219978921521 	 6.426385554902491e-05
1.442021997892152 	 6.545607262345844e-05
1.443021997892152 	 6.66662285441964e-05
1.4440219978921518 	 6.789457811665416e-05
1.4450219978921517 	 6.91413840407647e-05
1.4460219978921516 	 7.04069098058374e-05
1.4470219978921515 	 7.16914230794564e-05
1.4480219978921514 	 7.299519941871822e-05
1.4490219978921512 	 7.431851517759198e-05
1.4500219978921511 	 7.566165103367561e-05
1.451021997892151 	 7.702489940755162e-05
1.452021997892151 	 7.840856800370864e-05
1.4530219978921508 	 7.981297378215889e-05
1.4540219978921507 	 8.12384433265235e-05
1.4550219978921506 	 8.268530422779627e-05
1.4560219978921505 	 8.415389493265067e-05
1.4570219978921504 	 8.564454642477131e-05
1.4580219978921503 	 8.715755815145753e-05
1.4590219978921501 	 8.869322788424081e-05
1.46002199789215 	 9.025185251720951e-05
1.46102199789215 	 9.183373295084155e-05
1.4620219978921498 	 9.343917277857797e-05
1.4630219978921497 	 9.506848235815113e-05
1.4640219978921496 	 9.672205288242388e-05
1.4650219978921495 	 9.840035768249851e-05
1.4660219978921494 	 0.00010010388523149812
1.4670219978921493 	 0.00010183313659798263
1.4680219978921492 	 0.00010358862577129603
1.469021997892149 	 0.00010537087997000148
1.470021997892149 	 0.00010718043994988646
1.4710219978921488 	 0.00010901782449714413
1.4720219978921487 	 0.00011088342842256525
1.4730219978921486 	 0.00011277761884956562
1.4740219978921485 	 0.00011470076544577836
1.4750219978921484 	 0.00011665324029900275
1.4760219978921483 	 0.00011863541781879977
1.4770219978921482 	 0.00012064767456821228
1.478021997892148 	 0.00012269038928991465
1.479021997892148 	 0.0001247639428751638
1.4800219978921478 	 0.00012686871824134057
1.4810219978921477 	 0.00012900510024377383
1.4820219978921476 	 0.00013117347539866865
1.4830219978921475 	 0.00013337435702984076
1.4840219978921474 	 0.00013560874129168868
1.4850219978921473 	 0.00013787777329911453
1.4860219978921472 	 0.00014018264178911847
1.487021997892147 	 0.0001425245800072464
1.488021997892147 	 0.00014490483444524826
1.4890219978921468 	 0.00014732399802924587
1.4900219978921467 	 0.00014978200064485998
1.4910219978921466 	 0.0001522781912992474
1.4920219978921465 	 0.00015481059830011466
1.4930219978921464 	 0.0001573794112026893
1.4940219978921463 	 0.00015998546594582602
1.4950219978921462 	 0.00016262962396951228
1.496021997892146 	 0.00016531277255441704
1.497021997892146 	 0.00016803582473443995
1.4980219978921459 	 0.0001707997205758714
1.4990219978921457 	 0.0001736054280392421
1.5000219978921456 	 0.00017645394366261552
1.5010219978921455 	 0.0001793462932267148
1.5020219978921454 	 0.00018228353247097035
1.5030219978921453 	 0.0001852667483049741
1.5040219978921452 	 0.00018829705935749077
1.505021997892145 	 0.00019137561676903334
1.506021997892145 	 0.00019450351333778643
1.5070219978921449 	 0.00019768152278518096
1.5080219978921447 	 0.00020091007892482541
1.5090219978921446 	 0.00020418861023622267
1.5100219978921445 	 0.0002075162309561715
1.5110219978921444 	 0.00021089253984222112
1.5120219978921443 	 0.00021431922728695117
1.5130219978921442 	 0.00021779852073136854
1.514021997892144 	 0.0002213319497824523
1.515021997892144 	 0.00022492033793132334
1.5160219978921439 	 0.00022856448862665883
1.5170219978921438 	 0.00023226521327105975
1.5180219978921436 	 0.00023602333148153273
1.5190219978921435 	 0.00023983967111187307
1.5200219978921434 	 0.00024371506815854256
1.5210219978921433 	 0.0002476503644457885
1.5220219978921432 	 0.00025164640555546905
1.523021997892143 	 0.00025570405113743423
1.524021997892143 	 0.00025982416911336223
1.5250219978921429 	 0.0002640076348056018
1.5260219978921428 	 0.0002682553157666582
1.5270219978921427 	 0.0002725680913435257
1.5280219978921425 	 0.0002769468575127952
1.5290219978921424 	 0.00028139251657292175
1.5300219978921423 	 0.00028590597126629063
1.5310219978921422 	 0.00029048816350809214
1.532021997892142 	 0.000295140161564902
1.533021997892142 	 0.0002998630764418229
1.5340219978921419 	 0.00030465803501667513
1.5350219978921418 	 0.00030952617965056826
1.5360219978921417 	 0.00031446866830655196
1.5370219978921416 	 0.00031948667472584893
1.5380219978921414 	 0.00032458138413835535
1.5390219978921413 	 0.0003297539118066075
1.5400219978921412 	 0.00033500530180370245
1.5410219978921411 	 0.00034033660064000627
1.542021997892141 	 0.00034574886103187427
1.543021997892141 	 0.00035124314255166285
1.5440219978921408 	 0.0003568205093541895
1.5450219978921407 	 0.0003624820291259327
1.5460219978921406 	 0.00036822877282348377
1.5470219978921405 	 0.0003740619230878576
1.5480219978921403 	 0.0003799830809128982
1.5490219978921402 	 0.0003859939747315554
1.5500219978921401 	 0.0003920958234170455
1.55102199789214 	 0.0003982882499292383
1.55202199789214 	 0.0004045720821597358
1.5530219978921398 	 0.00041094855724463993
1.5540219978921397 	 0.0004174189193774245
1.5550219978921396 	 0.00042398441848599155
1.5560219978921395 	 0.0004306463102826077
1.5570219978921394 	 0.00043740585761490946
1.5580219978921392 	 0.0004442643278423204
1.5590219978921391 	 0.0004512229914633612
1.560021997892139 	 0.00045828311482792617
1.561021997892139 	 0.0004654459867094653
1.5620219978921388 	 0.00047271288261322087
1.5630219978921387 	 0.0004800850647065503
1.5640219978921386 	 0.00048756326814422443
1.5650219978921385 	 0.0004951476935527092
1.5660219978921384 	 0.0005028384641329305
1.5670219978921383 	 0.0005106356469050384
1.5680219978921381 	 0.0005185378770666491
1.569021997892138 	 0.0005265438643749316
1.570021997892138 	 0.0005346543985933919
1.5710219978921378 	 0.0005428699149276776
1.5720219978921377 	 0.0005511923039581752
1.5730219978921376 	 0.0005596238471271712
1.5740219978921375 	 0.0005681668834078199
1.5750219978921374 	 0.000576823830041539
1.5760219978921373 	 0.0005855972049932949
1.5770219978921372 	 0.0005944896561230947
1.578021997892137 	 0.0006035039768208007
1.579021997892137 	 0.0006126431307668787
1.5800219978921368 	 0.0006219102831345028
1.5810219978921367 	 0.000631308836309202
1.5820219978921366 	 0.0006408424698153033
1.5830219978921365 	 0.0006505151730101684
1.5840219978921364 	 0.0006603312706275219
1.5850219978921363 	 0.000670295434850506
1.5860219978921362 	 0.0006804126755257772
1.587021997892136 	 0.000690688298487207
1.588021997892136 	 0.000701125434356642
1.5890219978921358 	 0.0007116956100490408
1.5900219978921357 	 0.0007223897749598802
1.5910219978921356 	 0.0007332121054932013
1.5920219978921355 	 0.0007441658826193132
1.5930219978921354 	 0.0007552533953541857
1.5940219978921353 	 0.0007664758705159232
1.5950219978921352 	 0.0007778335158623789
1.596021997892135 	 0.0007893257242638811
1.597021997892135 	 0.0008009514143926051
1.5980219978921348 	 0.0008127094193255991
1.5990219978921347 	 0.0008245988679417875
1.6000219978921346 	 0.0008366194905769665
1.6010219978921345 	 0.0008487709525181041
1.6020219978921344 	 0.0008610504853678397
1.6030219978921343 	 0.0008734551608753728
1.6040219978921342 	 0.0008859825272146454
1.605021997892134 	 0.0008986304767316828
1.606021997892134 	 0.0009113971079959025
1.6070219978921338 	 0.0009242806026465208
1.6080219978921337 	 0.0009372791123210263
1.6090219978921336 	 0.0009503906725642256
1.6100219978921335 	 0.0009636131260320493
1.6110219978921334 	 0.0009769448843620426
1.6120219978921333 	 0.000990386943495687
1.6130219978921332 	 0.0010039408162437883
1.614021997892133 	 0.001017606677466003
1.615021997892133 	 0.0010313833616959949
1.6160219978921329 	 0.001045269464101774
1.6170219978921327 	 0.0010592633864722502
1.6180219978921326 	 0.0010733633433465087
1.6190219978921325 	 0.0010875673661616403
1.6200219978921324 	 0.0011018733080682072
1.6210219978921323 	 0.0011162788467807517
1.6220219978921322 	 0.0011307814768167104
1.623021997892132 	 0.0011453785021088923
1.624021997892132 	 0.0011600670595205236
1.6250219978921319 	 0.001174844129190303
1.6260219978921318 	 0.0011897065350501528
1.6270219978921316 	 0.0012046509384150011
1.6280219978921315 	 0.001219673853979869
1.6290219978921314 	 0.001234771658545698
1.6300219978921313 	 0.0012499405966771846
1.6310219978921312 	 0.0012651755749778317
1.632021997892131 	 0.0012804667342517133
1.633021997892131 	 0.0012958027400719946
1.6340219978921309 	 0.0013111737348846502
1.6350219978921308 	 0.0013265766800341337
1.6360219978921307 	 0.0013420102027483336
1.6370219978921305 	 0.0013574729643743206
1.6380219978921304 	 0.0013729636067776978
1.6390219978921303 	 0.0013884790925337111
1.6400219978921302 	 0.0014040147258488815
1.64102199789213 	 0.0014195656957572416
1.64202199789213 	 0.0014351271154090426
1.6430219978921299 	 0.0014506940362630132
1.6440219978921298 	 0.0014662614848448968
1.6450219978921297 	 0.0014818244777918478
1.6460219978921296 	 0.001497378020670652
1.6470219978921294 	 0.001512917087012771
1.6480219978921293 	 0.0015284366545285878
1.6490219978921292 	 0.0015439317209851378
1.650021997892129 	 0.001559397310611248
1.651021997892129 	 0.0015748279988038625
1.652021997892129 	 0.001590216556787845
1.6530219978921288 	 0.0016055552692300311
1.6540219978921287 	 0.0016208363672645919
1.6550219978921286 	 0.0016360520374279128
1.6560219978921285 	 0.0016511944139139746
1.6570219978921283 	 0.001666255551263208
1.6580219978921282 	 0.0016812274560420986
1.6590219978921281 	 0.0016961020724004215
1.660021997892128 	 0.0017108713809606863
1.661021997892128 	 0.001725529564188953
1.6620219978921278 	 0.0017400795744804578
1.6630219978921277 	 0.0017545264046899434
1.6640219978921276 	 0.0017688690880619015
1.6650219978921275 	 0.0017831008189499791
1.6660219978921273 	 0.0017972145205987686
1.6670219978921272 	 0.001811203051239242
1.6680219978921271 	 0.001825059225802823
1.669021997892127 	 0.0018387758230735591
1.670021997892127 	 0.0018523455866193241
1.6710219978921268 	 0.0018657615686490218
1.6720219978921267 	 0.001879018090518274
1.6730219978921266 	 0.001892109797532763
1.6740219978921265 	 0.001905031361770001
1.6750219978921264 	 0.0019177774847215956
1.6760219978921262 	 0.0019303428987697384
1.6770219978921261 	 0.001942722363397286
1.678021997892126 	 0.0019549106816597684
1.679021997892126 	 0.0019669027110322547
1.6800219978921258 	 0.001978693371583125
1.6810219978921257 	 0.001990277654707663
1.6820219978921256 	 0.0020016506337104055
1.6830219978921255 	 0.002012807490837081
1.6840219978921254 	 0.0020237435170752036
1.6850219978921253 	 0.002034454119880476
1.6860219978921251 	 0.0020449348356891884
1.687021997892125 	 0.0020551813436636766
1.688021997892125 	 0.00206518956325895
1.6890219978921248 	 0.002074957398948448
1.6900219978921247 	 0.0020844846901455693
1.6910219978921246 	 0.002093770895102586
1.6920219978921245 	 0.0021028130989897654
1.6930219978921244 	 0.0021116080048518052
1.6940219978921243 	 0.0021201525328107262
1.6950219978921242 	 0.0021284438240750563
1.696021997892124 	 0.0021364792531700524
1.697021997892124 	 0.002144256445641024
1.6980219978921238 	 0.0021517732752609924
1.6990219978921237 	 0.0021590278672135857
1.7000219978921236 	 0.0021660186034158004
1.7010219978921235 	 0.002170444998142149
1.7020219978921234 	 0.0021744083942457685
1.7030219978921233 	 0.002178079204416926
1.7040219978921232 	 0.0021814596185223277
1.705021997892123 	 0.0021845520521568754
1.706021997892123 	 0.002187359138698282
1.7070219978921228 	 0.002189883689606737
1.7080219978921227 	 0.002192128811779945
1.7090219978921226 	 0.0021940977101995523
1.7100219978921225 	 0.0021957938047640685
1.7110219978921224 	 0.002197220689847952
1.7120219978921223 	 0.002198382125152397
1.7130219978921222 	 0.002199282026467405
1.714021997892122 	 0.0021999244563753848
1.715021997892122 	 0.0022003136149255547
1.7160219978921218 	 0.0022004538303073847
1.7170219978921217 	 0.0022003495495502164
1.7180219978921216 	 0.002200005329274889
1.7190219978921215 	 0.0021994258265220393
1.7200219978921214 	 0.0021986157896802462
1.7210219978921213 	 0.002197580049535886
1.7220219978921212 	 0.002196323510465138
1.723021997892121 	 0.0021948511417870602
1.724021997892121 	 0.0021931679692952233
1.7250219978921209 	 0.002191279066983896
1.7260219978921207 	 0.0021891895489833204
1.7270219978921206 	 0.0021869045617171137
1.7280219978921205 	 0.0021844292762934255
1.7290219978921204 	 0.002181768881140026
1.7300219978921203 	 0.0021789285748921496
1.7310219978921202 	 0.002175913559540553
1.73202199789212 	 0.0021727290338459104
1.73302199789212 	 0.0021693801870245394
1.7340219978921199 	 0.0021658721927090433
1.7350219978921197 	 0.0021622102031865252
1.7360219978921196 	 0.0021583993439158087
1.7370219978921195 	 0.00215444470832407
1.7380219978921194 	 0.0021503513528824546
1.7390219978921193 	 0.0021461242924591417
1.7400219978921192 	 0.002141768495947663
1.741021997892119 	 0.002137288882167422
1.742021997892119 	 0.0021326903160326332
1.7430219978921189 	 0.002127977604985286
1.7440219978921188 	 0.0021231554956871405
1.7450219978921186 	 0.002118228670965198
1.7460219978921185 	 0.002113201747004675
1.7470219978921184 	 0.0021080792707830085
1.7480219978921183 	 0.0021028657177381478
1.7490219978921182 	 0.0020975654896639995
1.750021997892118 	 0.0020921829128256802
1.751021997892118 	 0.002086722236286963
1.7520219978921179 	 0.0020811876304422205
1.7530219978921178 	 0.002075583185744915
1.7540219978921177 	 0.0020699128818697588
1.7550219978921175 	 0.0020641807058893796
1.7560219978921174 	 0.002058390472838178
1.7570219978921173 	 0.0020525459443424625
1.7580219978921172 	 0.002046650798398466
1.759021997892117 	 0.0020407086291120645
1.760021997892117 	 0.0020347229465792114
1.7610219978921169 	 0.0020286971768993475
1.7620219978921168 	 0.0020226346623141993
1.7630219978921167 	 0.0020165386614644995
1.7640219978921166 	 0.0020104123497573724
1.7650219978921164 	 0.0020042588198372394
1.7660219978921163 	 0.00199808108215338
1.7670219978921162 	 0.001991882065617363
1.7680219978921161 	 0.0019856646183438963
1.769021997892116 	 0.001979431508468748
1.770021997892116 	 0.0019731854250377035
1.7710219978921158 	 0.001966928978960668
1.7720219978921157 	 0.0019606647040252907
1.7730219978921156 	 0.001954395057964717
1.7740219978921155 	 0.0019481224235742684
1.7750219978921153 	 0.0019418491098721145
1.7760219978921152 	 0.0019355773532992167
1.7770219978921151 	 0.0019293093189540022
1.778021997892115 	 0.001923047101857541
1.779021997892115 	 0.0019167927282450886
1.7800219978921148 	 0.0019105481568802143
1.7810219978921147 	 0.0019043152803878084
1.7820219978921146 	 0.0018980959266025634
1.7830219978921145 	 0.0018918918599296528
1.7840219978921144 	 0.0018857047827145845
1.7850219978921142 	 0.0018795363366193496
1.7860219978921141 	 0.001873388104002177
1.787021997892114 	 0.0018672616092983998
1.788021997892114 	 0.00186115832040007
1.7890219978921138 	 0.0018550796500321769
1.7900219978921137 	 0.001849026957123415
1.7910219978921136 	 0.0018430015481696322
1.7920219978921135 	 0.0018370046785882756
1.7930219978921134 	 0.0018310375540621603
1.7940219978921133 	 0.0018251013318711907
1.7950219978921131 	 0.0018191971222106225
1.796021997892113 	 0.0018133259894947279
1.797021997892113 	 0.0018074889536446599
1.7980219978921128 	 0.001801686991359629
1.7990219978921127 	 0.0017959210373704258
1.8000219978921126 	 0.0017901919856745132
1.8010219978921125 	 0.0017845006650885939
1.8020219978921124 	 0.0017788479431597715
1.8030219978921123 	 0.0017732345731764753
1.8040219978921122 	 0.0017676612981622516
1.805021997892112 	 0.0017621288262845267
1.806021997892112 	 0.0017566378319671247
1.8070219978921118 	 0.0017511889569810412
1.8080219978921117 	 0.0017457828115132854
1.8090219978921116 	 0.0017404199752136002
1.8100219978921115 	 0.0017351009982190162
1.8110219978921114 	 0.0017298264021561518
1.8120219978921113 	 0.0017245966811212483
1.8130219978921112 	 0.0017194123026380056
1.814021997892111 	 0.0017142737085932439
1.815021997892111 	 0.0017091813161505388
1.8160219978921108 	 0.0017041355186419316
1.8170219978921107 	 0.0016991366864378954
1.8180219978921106 	 0.001694185167795751
1.8190219978921105 	 0.0016892812896867279
1.8200219978921104 	 0.0016844253586019398
1.8210219978921103 	 0.0016796176613374956
1.8220219978921102 	 0.001674858465759033
1.82302199789211 	 0.0016701480215459879
1.82402199789211 	 0.0016654865609158508
1.8250219978921098 	 0.0016608742993287874
1.8260219978921097 	 0.001656311436172896
1.8270219978921096 	 0.0016517981554304622
1.8280219978921095 	 0.0016473346263255685
1.8290219978921094 	 0.0016429210039533718
1.8300219978921093 	 0.0016385574298914396
1.8310219978921092 	 0.0016342440327934825
1.832021997892109 	 0.0016299809289658615
1.833021997892109 	 0.001625768222927219
1.8340219978921088 	 0.0016216060079516168
1.8350219978921087 	 0.0016174943665955436
1.8360219978921086 	 0.0016134333712091529
1.8370219978921085 	 0.001609423084432108
1.8380219978921084 	 0.0016054635596744074
1.8390219978921083 	 0.0016015548415825138
1.8400219978921082 	 0.001597696966491218
1.841021997892108 	 0.0015938899628615195
1.842021997892108 	 0.0015901338517049508
1.8430219978921079 	 0.0015864286469946278
1.8440219978921077 	 0.001582774356063438
1.8450219978921076 	 0.0015791709799896697
1.8460219978921075 	 0.0015756185139704174
1.8470219978921074 	 0.0015721169250796573
1.8480219978921073 	 0.0015686662430643662
1.8490219978921072 	 0.0015652664249651107
1.850021997892107 	 0.001561917445955798
1.851021997892107 	 0.0015586192770245743
1.8520219978921069 	 0.001555371885280815
1.8530219978921068 	 0.0015521752342521015
1.8540219978921066 	 0.001549029284171518
1.8550219978921065 	 0.0015459339922555336
1.8560219978921064 	 0.0015428893129727705
1.8570219978921063 	 0.0015398951983039107
1.8580219978921062 	 0.0015369515979930365
1.859021997892106 	 0.0015340584597906418
1.860021997892106 	 0.0015312157296886071
1.8610219978921059 	 0.0015284233521473537
1.8620219978921058 	 0.0015256812703154435
1.8630219978921057 	 0.0015229894262418658
1.8640219978921055 	 0.0015203477610812222
1.8650219978921054 	 0.0015177562152920774
1.8660219978921053 	 0.0015152147288286526
1.8670219978921052 	 0.0015127232413261102
1.868021997892105 	 0.0015102816922796208
1.869021997892105 	 0.0015078900212174432
1.8700219978921049 	 0.0015055481678681716
1.8710219978921048 	 0.0015032560723223932
1.8720219978921047 	 0.0015010136751889103
1.8730219978921046 	 0.0014988209177457237
1.8740219978921044 	 0.0014966777420859585
1.8750219978921043 	 0.00149458409125888
1.8760219978921042 	 0.0014925399094062083
1.877021997892104 	 0.001490545141893857
1.878021997892104 	 0.0014885997354392672
1.879021997892104 	 0.0014867036382344978
1.8800219978921038 	 0.0014848568000651995
1.8810219978921037 	 0.0014830591724256388
1.8820219978921036 	 0.0014813107086298913
1.8830219978921034 	 0.0014796113639193537
1.8840219978921033 	 0.0014779610955666866
1.8850219978921032 	 0.0014763598629763356
1.8860219978921031 	 0.0014748076277817305
1.887021997892103 	 0.0014733043539392992
1.888021997892103 	 0.001471850007819391
1.8890219978921028 	 0.001470444558294233
1.8900219978921027 	 0.0014690879768230144
1.8910219978921026 	 0.001467780237534211
1.8920219978921025 	 0.0014665213173052382
1.8930219978921023 	 0.0014653111958395305
1.8940219978921022 	 0.001464149834678921
1.8950219978921021 	 0.0014630372615246218
1.896021997892102 	 0.001461973443933376
1.897021997892102 	 0.0014609583736351016
1.8980219978921018 	 0.0014599920455355688
1.8990219978921017 	 0.0014590744577798254
1.9000219978921016 	 0.001458205611813591
1.9010219978921015 	 0.001457385512442725
1.9020219978921014 	 0.0014566141678908002
1.9030219978921012 	 0.0014558915898548722
1.9040219978921011 	 0.0014552177935594761
1.905021997892101 	 0.0014545927978089155
1.906021997892101 	 0.0014540166250379108
1.9070219978921008 	 0.001453489301360632
1.9080219978921007 	 0.0014530108566181755
1.9090219978921006 	 0.001452581324424531
1.9100219978921005 	 0.0014522007422110715
1.9110219978921004 	 0.0014518691512696031
1.9120219978921003 	 0.0014515865967940273
1.9130219978921001 	 0.0014513531279206238
1.9140219978921 	 0.0014511687977670055
1.9150219978921 	 0.0014510336634697525
1.9160219978920998 	 0.0014509477862207703
1.9170219978920997 	 0.001450911231302382
1.9180219978920996 	 0.0014509240681211666
1.9190219978920995 	 0.001450986370240587
1.9200219978920994 	 0.001451098215412384
1.9210219978920993 	 0.001451259685606789
1.9220219978920992 	 0.0014514708670415137
1.923021997892099 	 0.001451731850209585
1.924021997892099 	 0.001452042729905963
1.9250219978920988 	 0.0014524036052530002
1.9260219978920987 	 0.0014528145797246868
1.9270219978920986 	 0.0014532757611697312
1.9280219978920985 	 0.0014537872618334174
1.9290219978920984 	 0.0014543491983782615
1.9300219978920983 	 0.0014549616919034456
1.9310219978920982 	 0.001455624867962995
1.932021997892098 	 0.0014563388565827242
1.933021997892098 	 0.001457103792275855
1.9340219978920978 	 0.0014579198140573747
1.9350219978920977 	 0.001458787065457015
1.9360219978920976 	 0.0014597056945308859
1.9370219978920975 	 0.0014606758538716973
1.9380219978920974 	 0.0014616977006175346
1.9390219978920973 	 0.00146277139645915
1.9400219978920972 	 0.0014638971076457283
1.941021997892097 	 0.0014650749839041303
1.942021997892097 	 0.0014663052427475519
1.9430219978920968 	 0.0014675880430669063
1.9440219978920967 	 0.0014689235693703254
1.9450219978920966 	 0.0014703120107283983
1.9460219978920965 	 0.0014717535607695884
1.9470219978920964 	 0.0014732484176737093
1.9480219978920963 	 0.001474796784163367
1.9490219978920962 	 0.001476398867493309
1.950021997892096 	 0.001478054879437557
1.951021997892096 	 0.0014797650362742747
1.9520219978920959 	 0.0014815295587682572
1.9530219978920957 	 0.0014833486721509287
1.9540219978920956 	 0.001485222606097774
1.9550219978920955 	 0.0014871515947030825
1.9560219978920954 	 0.0014891358764518648
1.9570219978920953 	 0.0014911756941888667
1.9580219978920952 	 0.001493271295084517
1.959021997892095 	 0.0014954229305976987
1.960021997892095 	 0.0014976308564351886
1.9610219978920949 	 0.0014998953325076408
1.9620219978920947 	 0.0015022166228819435
1.9630219978920946 	 0.0015045949957298115
1.9640219978920945 	 0.001507030723272415
1.9650219978920944 	 0.0015095240817209377
1.9660219978920943 	 0.0015120753512128048
1.9670219978920942 	 0.0015146848157434588
1.968021997892094 	 0.0015173527630934604
1.969021997892094 	 0.0015200794847507156
1.9700219978920939 	 0.0015228652758276218
1.9710219978920938 	 0.0015257104349729119
1.9720219978920936 	 0.0015286152642779748
1.9730219978920935 	 0.0015315800691774063
1.9740219978920934 	 0.0015346051583435536
1.9750219978920933 	 0.0015376908435747899
1.9760219978920932 	 0.0015408374396772562
1.977021997892093 	 0.0015440452643398085
1.978021997892093 	 0.0015473146380018637
1.9790219978920929 	 0.001550645883713846
1.9800219978920928 	 0.0015540393269899634
1.9810219978920927 	 0.0015574952956529417
1.9820219978920925 	 0.001561014119670436
1.9830219978920924 	 0.0015645961309827291
1.9840219978920923 	 0.00156824166332141
1.9850219978920922 	 0.0015719510520186273
1.986021997892092 	 0.0015757246338065527
1.987021997892092 	 0.0015795627466066667
1.9880219978920919 	 0.0015834657065121782
1.9890219978920918 	 0.0015874338986665824
1.9900219978920917 	 0.0015914676404637956
1.9910219978920916 	 0.001595567272257078
1.9920219978920914 	 0.0015997331343678874
1.9930219978920913 	 0.0016039655668050022
1.9940219978920912 	 0.0016082649089703062
1.9950219978920911 	 0.0016126314993507337
1.996021997892091 	 0.0016170656751958359
1.997021997892091 	 0.00162156777218043
1.9980219978920908 	 0.001626138124051775
1.9990219978920907 	 0.0016307770622606944
