0.0010219978922 	 0
0.0020219978922 	 0.0
0.0030219978922 	 0.0
0.0040219978922 	 0.0
0.0050219978922 	 0.0
0.0060219978922 	 0.0
0.0070219978922 	 0.0
0.0080219978922 	 0.0
0.009021997892200002 	 0.0
0.010021997892200003 	 0.0
0.011021997892200004 	 0.0
0.012021997892200004 	 0.0
0.013021997892200005 	 0.0
0.014021997892200006 	 0.0
0.015021997892200007 	 0.0
0.016021997892200008 	 0.0
0.01702199789220001 	 0.0
0.01802199789220001 	 0.0
0.01902199789220001 	 0.0
0.02002199789220001 	 0.0
0.021021997892200012 	 0.0
0.022021997892200013 	 0.0
0.023021997892200014 	 0.0
0.024021997892200015 	 0.0
0.025021997892200016 	 0.0
0.026021997892200017 	 0.0
0.027021997892200018 	 0.0
0.02802199789220002 	 0.0
0.02902199789220002 	 0.0
0.03002199789220002 	 0.0
0.03102199789220002 	 0.0
0.03202199789220002 	 0.0
0.03302199789220002 	 0.0
0.03402199789220002 	 0.0
0.03502199789220002 	 0.0
0.03602199789220002 	 0.0
0.03702199789220002 	 0.0
0.038021997892200024 	 0.0
0.039021997892200025 	 0.0
0.040021997892200026 	 0.0
0.04102199789220003 	 0.0
0.04202199789220003 	 0.0
0.04302199789220003 	 0.0
0.04402199789220003 	 0.0
0.04502199789220003 	 0.0
0.04602199789220003 	 0.0
0.04702199789220003 	 0.0
0.04802199789220003 	 0.0
0.049021997892200034 	 0.0
0.050021997892200035 	 0.0
0.051021997892200036 	 0.0
0.052021997892200036 	 0.0
0.05302199789220004 	 0.0
0.05402199789220004 	 0.0
0.05502199789220004 	 0.0
0.05602199789220004 	 0.0
0.05702199789220004 	 0.0
0.05802199789220004 	 0.0
0.05902199789220004 	 0.0
0.060021997892200044 	 0.0
0.061021997892200044 	 0.0
0.062021997892200045 	 0.0
0.06302199789220005 	 0.0
0.06402199789220005 	 0.0
0.06502199789220005 	 0.0
0.06602199789220005 	 0.0
0.06702199789220005 	 0.0
0.06802199789220005 	 0.0
0.06902199789220005 	 0.0
0.07002199789220005 	 0.0
0.07102199789220005 	 0.0
0.07202199789220005 	 0.0
0.07302199789220006 	 0.0
0.07402199789220006 	 0.0
0.07502199789220006 	 0.0
0.07602199789220006 	 0.0
0.07702199789220006 	 0.0
0.07802199789220006 	 0.0
0.07902199789220006 	 0.0
0.08002199789220006 	 0.0
0.08102199789220006 	 0.0
0.08202199789220006 	 0.0
0.08302199789220006 	 0.0
0.08402199789220006 	 0.0
0.08502199789220007 	 0.0
0.08602199789220007 	 0.0
0.08702199789220007 	 0.0
0.08802199789220007 	 0.0
0.08902199789220007 	 0.0
0.09002199789220007 	 0.0
0.09102199789220007 	 0.0
0.09202199789220007 	 0.0
0.09302199789220007 	 0.0
0.09402199789220007 	 0.0
0.09502199789220007 	 0.0
0.09602199789220008 	 0.0
0.09702199789220008 	 0.0
0.09802199789220008 	 0.0
0.09902199789220008 	 0.0
0.10002199789220008 	 0.0
0.10102199789220008 	 0.0
0.10202199789220008 	 0.0
0.10302199789220008 	 0.0
0.10402199789220008 	 0.0
0.10502199789220008 	 0.0
0.10602199789220008 	 0.0
0.10702199789220009 	 0.0
0.10802199789220009 	 0.0
0.10902199789220009 	 0.0
0.11002199789220009 	 0.0
0.11102199789220009 	 0.0
0.11202199789220009 	 0.0
0.11302199789220009 	 0.0
0.11402199789220009 	 0.0
0.11502199789220009 	 0.0
0.1160219978922001 	 0.0
0.1170219978922001 	 0.0
0.1180219978922001 	 0.0
0.1190219978922001 	 0.0
0.1200219978922001 	 0.0
0.1210219978922001 	 0.0
0.1220219978922001 	 0.0
0.1230219978922001 	 0.0
0.1240219978922001 	 0.0
0.1250219978922001 	 0.0
0.1260219978922001 	 0.0
0.1270219978922001 	 0.0
0.1280219978922001 	 0.0
0.1290219978922001 	 0.0
0.1300219978922001 	 0.0
0.1310219978922001 	 0.0
0.1320219978922001 	 0.0
0.1330219978922001 	 0.0
0.1340219978922001 	 0.0
0.1350219978922001 	 0.0
0.1360219978922001 	 0.0
0.1370219978922001 	 0.0
0.1380219978922001 	 0.0
0.1390219978922001 	 0.0
0.1400219978922001 	 0.0
0.1410219978922001 	 0.0
0.1420219978922001 	 0.0
0.1430219978922001 	 0.0
0.1440219978922001 	 0.0
0.1450219978922001 	 0.0
0.1460219978922001 	 0.0
0.1470219978922001 	 0.0
0.1480219978922001 	 0.0
0.1490219978922001 	 0.0
0.1500219978922001 	 0.0
0.1510219978922001 	 0.0
0.1520219978922001 	 0.0
0.1530219978922001 	 0.0
0.1540219978922001 	 0.0
0.15502199789220011 	 0.0
0.15602199789220011 	 0.0
0.15702199789220012 	 0.0
0.15802199789220012 	 0.0
0.15902199789220012 	 0.0
0.16002199789220012 	 0.0
0.16102199789220012 	 0.0
0.16202199789220012 	 0.0
0.16302199789220012 	 0.0
0.16402199789220012 	 0.0
0.16502199789220012 	 0.0
0.16602199789220012 	 0.0
0.16702199789220012 	 0.0
0.16802199789220013 	 0.0
0.16902199789220013 	 0.0
0.17002199789220013 	 0.0
0.17102199789220013 	 0.0
0.17202199789220013 	 0.0
0.17302199789220013 	 0.0
0.17402199789220013 	 0.0
0.17502199789220013 	 0.0
0.17602199789220013 	 0.0
0.17702199789220013 	 0.0
0.17802199789220013 	 0.0
0.17902199789220014 	 0.0
0.18002199789220014 	 0.0
0.18102199789220014 	 0.0
0.18202199789220014 	 0.0
0.18302199789220014 	 0.0
0.18402199789220014 	 0.0
0.18502199789220014 	 0.0
0.18602199789220014 	 0.0
0.18702199789220014 	 0.0
0.18802199789220014 	 0.0
0.18902199789220014 	 0.0
0.19002199789220015 	 0.0
0.19102199789220015 	 0.0
0.19202199789220015 	 0.0
0.19302199789220015 	 0.0
0.19402199789220015 	 0.0
0.19502199789220015 	 0.0
0.19602199789220015 	 0.0
0.19702199789220015 	 0.0
0.19802199789220015 	 0.0
0.19902199789220015 	 0.0
0.20002199789220015 	 0.0
0.20102199789220015 	 0.0
0.20202199789220016 	 0.0
0.20302199789220016 	 0.0
0.20402199789220016 	 0.0
0.20502199789220016 	 0.0
0.20602199789220016 	 0.0
0.20702199789220016 	 0.0
0.20802199789220016 	 0.0
0.20902199789220016 	 0.0
0.21002199789220016 	 0.0
0.21102199789220016 	 0.0
0.21202199789220016 	 0.0
0.21302199789220017 	 0.0
0.21402199789220017 	 0.0
0.21502199789220017 	 0.0
0.21602199789220017 	 0.0
0.21702199789220017 	 0.0
0.21802199789220017 	 0.0
0.21902199789220017 	 0.0
0.22002199789220017 	 0.0
0.22102199789220017 	 0.0
0.22202199789220017 	 0.0
0.22302199789220017 	 0.0
0.22402199789220018 	 0.0
0.22502199789220018 	 0.0
0.22602199789220018 	 0.0
0.22702199789220018 	 0.0
0.22802199789220018 	 0.0
0.22902199789220018 	 0.0
0.23002199789220018 	 0.0
0.23102199789220018 	 0.0
0.23202199789220018 	 0.0
0.23302199789220018 	 0.0
0.23402199789220018 	 0.0
0.23502199789220019 	 0.0
0.23602199789220019 	 0.0
0.2370219978922002 	 0.0
0.2380219978922002 	 0.0
0.2390219978922002 	 0.0
0.2400219978922002 	 0.0
0.2410219978922002 	 0.0
0.2420219978922002 	 0.0
0.2430219978922002 	 0.0
0.2440219978922002 	 0.0
0.2450219978922002 	 0.0
0.2460219978922002 	 0.0
0.2470219978922002 	 0.0
0.2480219978922002 	 0.0
0.2490219978922002 	 0.0
0.2500219978922002 	 0.0
0.2510219978922002 	 0.0
0.2520219978922002 	 0.0
0.2530219978922002 	 0.0
0.2540219978922002 	 0.0
0.2550219978922002 	 0.0
0.2560219978922002 	 0.0
0.2570219978922002 	 0.0
0.2580219978922002 	 0.0
0.2590219978922002 	 0.0
0.2600219978922002 	 0.0
0.2610219978922002 	 0.0
0.2620219978922002 	 0.0
0.2630219978922002 	 0.0
0.2640219978922002 	 0.0
0.2650219978922002 	 0.0
0.2660219978922002 	 0.0
0.2670219978922002 	 0.0
0.2680219978922002 	 0.0
0.2690219978922002 	 0.0
0.2700219978922002 	 0.0
0.2710219978922002 	 0.0
0.2720219978922002 	 0.0
0.2730219978922002 	 0.0
0.2740219978922002 	 0.0
0.2750219978922002 	 0.0
0.2760219978922002 	 0.0
0.2770219978922002 	 0.0
0.2780219978922002 	 0.0
0.2790219978922002 	 0.0
0.2800219978922002 	 0.0
0.2810219978922002 	 0.0
0.2820219978922002 	 0.0
0.2830219978922002 	 0.0
0.28402199789220023 	 0.0
0.28502199789220023 	 0.0
0.28602199789220023 	 0.0
0.28702199789220023 	 0.0
0.28802199789220023 	 0.0
0.28902199789220023 	 0.0
0.29002199789220023 	 0.0
0.29102199789220023 	 0.0
0.29202199789220024 	 0.0
0.29302199789220024 	 0.0
0.29402199789220024 	 0.0
0.29502199789220024 	 0.0
0.29602199789220024 	 0.0
0.29702199789220024 	 0.0
0.29802199789220024 	 0.0
0.29902199789220024 	 0.0
0.30002199789220024 	 0.0
0.30102199789220024 	 0.0
0.30202199789220024 	 0.0
0.30302199789220025 	 0.0
0.30402199789220025 	 0.0
0.30502199789220025 	 0.0
0.30602199789220025 	 0.0
0.30702199789220025 	 0.0
0.30802199789220025 	 0.0
0.30902199789220025 	 0.0
0.31002199789220025 	 0.0
0.31102199789220025 	 0.0
0.31202199789220025 	 0.0
0.31302199789220025 	 0.0
0.31402199789220026 	 0.0
0.31502199789220026 	 0.0
0.31602199789220026 	 0.0
0.31702199789220026 	 0.0
0.31802199789220026 	 0.0
0.31902199789220026 	 0.0
0.32002199789220026 	 0.0
0.32102199789220026 	 0.0
0.32202199789220026 	 0.0
0.32302199789220026 	 0.0
0.32402199789220026 	 0.0
0.32502199789220027 	 0.0
0.32602199789220027 	 0.0
0.32702199789220027 	 0.0
0.32802199789220027 	 0.0
0.32902199789220027 	 0.0
0.33002199789220027 	 0.0
0.33102199789220027 	 0.0
0.33202199789220027 	 0.0
0.33302199789220027 	 0.0
0.3340219978922003 	 0.0
0.3350219978922003 	 0.0
0.3360219978922003 	 0.0
0.3370219978922003 	 0.0
0.3380219978922003 	 0.0
0.3390219978922003 	 0.0
0.3400219978922003 	 0.0
0.3410219978922003 	 0.0
0.3420219978922003 	 0.0
0.3430219978922003 	 0.0
0.3440219978922003 	 0.0
0.3450219978922003 	 0.0
0.3460219978922003 	 0.0
0.3470219978922003 	 0.0
0.3480219978922003 	 0.0
0.3490219978922003 	 0.0
0.3500219978922003 	 0.0
0.3510219978922003 	 0.0
0.3520219978922003 	 0.0
0.3530219978922003 	 0.0
0.3540219978922003 	 0.0
0.3550219978922003 	 0.0
0.3560219978922003 	 0.0
0.3570219978922003 	 0.0
0.3580219978922003 	 0.0
0.3590219978922003 	 0.0
0.3600219978922003 	 0.0
0.3610219978922003 	 0.0
0.3620219978922003 	 0.0
0.3630219978922003 	 0.0
0.3640219978922003 	 0.0
0.3650219978922003 	 0.0
0.3660219978922003 	 0.0
0.3670219978922003 	 0.0
0.3680219978922003 	 0.0
0.3690219978922003 	 0.0
0.3700219978922003 	 0.0
0.3710219978922003 	 0.0
0.3720219978922003 	 0.0
0.3730219978922003 	 0.0
0.3740219978922003 	 0.0
0.3750219978922003 	 0.0
0.3760219978922003 	 0.0
0.3770219978922003 	 0.0
0.3780219978922003 	 0.0
0.3790219978922003 	 0.0
0.3800219978922003 	 0.0
0.3810219978922003 	 0.0
0.3820219978922003 	 0.0
0.3830219978922003 	 0.0
0.3840219978922003 	 0.0
0.3850219978922003 	 0.0
0.3860219978922003 	 0.0
0.3870219978922003 	 0.0
0.3880219978922003 	 0.0
0.3890219978922003 	 0.0
0.3900219978922003 	 0.0
0.3910219978922003 	 0.0
0.3920219978922003 	 0.0
0.3930219978922003 	 0.0
0.3940219978922003 	 0.0
0.3950219978922003 	 0.0
0.39602199789220033 	 0.0
0.39702199789220033 	 0.0
0.39802199789220033 	 0.0
0.39902199789220033 	 0.0
0.40002199789220033 	 0.0
0.40102199789220033 	 0.0
0.40202199789220033 	 0.0
0.40302199789220033 	 0.0
0.40402199789220034 	 0.0
0.40502199789220034 	 0.0
0.40602199789220034 	 0.0
0.40702199789220034 	 0.0
0.40802199789220034 	 0.0
0.40902199789220034 	 0.0
0.41002199789220034 	 0.0
0.41102199789220034 	 0.0
0.41202199789220034 	 0.0
0.41302199789220034 	 0.0
0.41402199789220034 	 0.0
0.41502199789220034 	 0.0
0.41602199789220035 	 0.0
0.41702199789220035 	 0.0
0.41802199789220035 	 0.0
0.41902199789220035 	 0.0
0.42002199789220035 	 0.0
0.42102199789220035 	 0.0
0.42202199789220035 	 0.0
0.42302199789220035 	 0.0
0.42402199789220035 	 0.0
0.42502199789220035 	 0.0
0.42602199789220035 	 0.0
0.42702199789220036 	 0.0
0.42802199789220036 	 0.0
0.42902199789220036 	 0.0
0.43002199789220036 	 0.0
0.43102199789220036 	 0.0
0.43202199789220036 	 0.0
0.43302199789220036 	 0.0
0.43402199789220036 	 0.0
0.43502199789220036 	 0.0
0.43602199789220036 	 0.0
0.43702199789220036 	 0.0
0.43802199789220037 	 0.0
0.43902199789220037 	 0.0
0.44002199789220037 	 0.0
0.44102199789220037 	 0.0
0.44202199789220037 	 0.0
0.44302199789220037 	 0.0
0.44402199789220037 	 0.0
0.44502199789220037 	 0.0
0.4460219978922004 	 0.0
0.4470219978922004 	 0.0
0.4480219978922004 	 0.0
0.4490219978922004 	 0.0
0.4500219978922004 	 0.0
0.4510219978922004 	 0.0
0.4520219978922004 	 0.0
0.4530219978922004 	 0.0
0.4540219978922004 	 0.0
0.4550219978922004 	 0.0
0.4560219978922004 	 0.0
0.4570219978922004 	 0.0
0.4580219978922004 	 0.0
0.4590219978922004 	 0.0
0.4600219978922004 	 0.0
0.4610219978922004 	 0.0
0.4620219978922004 	 0.0
0.4630219978922004 	 0.0
0.4640219978922004 	 0.0
0.4650219978922004 	 0.0
0.4660219978922004 	 0.0
0.4670219978922004 	 0.0
0.4680219978922004 	 0.0
0.4690219978922004 	 0.0
0.4700219978922004 	 0.0
0.4710219978922004 	 0.0
0.4720219978922004 	 0.0
0.4730219978922004 	 0.0
0.4740219978922004 	 0.0
0.4750219978922004 	 0.0
0.4760219978922004 	 0.0
0.4770219978922004 	 0.0
0.4780219978922004 	 0.0
0.4790219978922004 	 0.0
0.4800219978922004 	 0.0
0.4810219978922004 	 0.0
0.4820219978922004 	 0.0
0.4830219978922004 	 0.0
0.4840219978922004 	 0.0
0.4850219978922004 	 0.0
0.4860219978922004 	 0.0
0.4870219978922004 	 0.0
0.4880219978922004 	 0.0
0.4890219978922004 	 0.0
0.4900219978922004 	 0.0
0.4910219978922004 	 0.0
0.4920219978922004 	 0.0
0.4930219978922004 	 0.0
0.4940219978922004 	 0.0
0.4950219978922004 	 0.0
0.4960219978922004 	 0.0
0.4970219978922004 	 0.0
0.4980219978922004 	 0.0
0.4990219978922004 	 0.0
0.5000219978922004 	 0.0
0.5010219978922004 	 0.0
0.5020219978922004 	 0.0
0.5030219978922004 	 0.0
0.5040219978922004 	 0.0
0.5050219978922004 	 0.0
0.5060219978922004 	 0.0
0.5070219978922004 	 0.0
0.5080219978922004 	 0.0
0.5090219978922004 	 0.0
0.5100219978922004 	 0.0
0.5110219978922004 	 0.0
0.5120219978922004 	 0.0
0.5130219978922004 	 0.0
0.5140219978922004 	 0.0
0.5150219978922004 	 0.0
0.5160219978922004 	 0.0
0.5170219978922004 	 0.0
0.5180219978922004 	 0.0
0.5190219978922004 	 0.0
0.5200219978922004 	 0.0
0.5210219978922004 	 0.0
0.5220219978922004 	 0.0
0.5230219978922004 	 0.0
0.5240219978922004 	 0.0
0.5250219978922004 	 0.0
0.5260219978922004 	 0.0
0.5270219978922004 	 0.0
0.5280219978922004 	 0.0
0.5290219978922004 	 0.0
0.5300219978922004 	 0.0
0.5310219978922004 	 0.0
0.5320219978922004 	 0.0
0.5330219978922004 	 0.0
0.5340219978922004 	 0.0
0.5350219978922004 	 0.0
0.5360219978922004 	 0.0
0.5370219978922004 	 0.0
0.5380219978922004 	 0.0
0.5390219978922004 	 0.0
0.5400219978922004 	 0.0
0.5410219978922004 	 0.0
0.5420219978922004 	 0.0
0.5430219978922004 	 0.0
0.5440219978922004 	 0.0
0.5450219978922004 	 0.0
0.5460219978922004 	 0.0
0.5470219978922004 	 0.0
0.5480219978922004 	 0.0
0.5490219978922004 	 0.0
0.5500219978922004 	 0.0
0.5510219978922004 	 0.0
0.5520219978922004 	 0.0
0.5530219978922004 	 0.0
0.5540219978922004 	 0.0
0.5550219978922004 	 0.0
0.5560219978922004 	 0.0
0.5570219978922004 	 0.0
0.5580219978922004 	 0.0
0.5590219978922004 	 0.0
0.5600219978922004 	 0.0
0.5610219978922004 	 0.0
0.5620219978922004 	 0.0
0.5630219978922004 	 0.0
0.5640219978922004 	 0.0
0.5650219978922004 	 0.0
0.5660219978922004 	 0.0
0.5670219978922004 	 0.0
0.5680219978922004 	 0.0
0.5690219978922004 	 0.0
0.5700219978922004 	 0.0
0.5710219978922004 	 0.0
0.5720219978922004 	 0.0
0.5730219978922004 	 0.0
0.5740219978922004 	 0.0
0.5750219978922004 	 0.0
0.5760219978922004 	 0.0
0.5770219978922004 	 0.0
0.5780219978922004 	 0.0
0.5790219978922004 	 0.0
0.5800219978922004 	 0.0
0.5810219978922004 	 0.0
0.5820219978922004 	 0.0
0.5830219978922004 	 0.0
0.5840219978922004 	 0.0
0.5850219978922004 	 0.0
0.5860219978922004 	 0.0
0.5870219978922004 	 0.0
0.5880219978922004 	 0.0
0.5890219978922004 	 0.0
0.5900219978922004 	 0.0
0.5910219978922004 	 0.0
0.5920219978922004 	 0.0
0.5930219978922004 	 0.0
0.5940219978922004 	 0.0
0.5950219978922004 	 0.0
0.5960219978922005 	 0.0
0.5970219978922005 	 0.0
0.5980219978922005 	 0.0
0.5990219978922005 	 0.0
0.6000219978922005 	 0.0
0.6010219978922005 	 0.0
0.6020219978922005 	 0.0
0.6030219978922005 	 0.0
0.6040219978922005 	 0.0
0.6050219978922005 	 0.0
0.6060219978922005 	 0.0
0.6070219978922005 	 0.0
0.6080219978922005 	 0.0
0.6090219978922005 	 0.0
0.6100219978922005 	 0.0
0.6110219978922005 	 0.0
0.6120219978922005 	 0.0
0.6130219978922005 	 0.0
0.6140219978922005 	 0.0
0.6150219978922005 	 0.0
0.6160219978922005 	 0.0
0.6170219978922005 	 0.0
0.6180219978922005 	 0.0
0.6190219978922005 	 0.0
0.6200219978922005 	 0.0
0.6210219978922005 	 0.0
0.6220219978922005 	 0.0
0.6230219978922005 	 0.0
0.6240219978922005 	 0.0
0.6250219978922005 	 0.0
0.6260219978922005 	 0.0
0.6270219978922005 	 0.0
0.6280219978922005 	 0.0
0.6290219978922005 	 0.0
0.6300219978922005 	 0.0
0.6310219978922005 	 0.0
0.6320219978922005 	 0.0
0.6330219978922005 	 0.0
0.6340219978922005 	 0.0
0.6350219978922005 	 0.0
0.6360219978922005 	 0.0
0.6370219978922005 	 0.0
0.6380219978922005 	 0.0
0.6390219978922005 	 0.0
0.6400219978922005 	 0.0
0.6410219978922005 	 0.0
0.6420219978922005 	 0.0
0.6430219978922005 	 0.0
0.6440219978922005 	 0.0
0.6450219978922005 	 0.0
0.6460219978922005 	 0.0
0.6470219978922005 	 0.0
0.6480219978922005 	 0.0
0.6490219978922005 	 0.0
0.6500219978922005 	 0.0
0.6510219978922005 	 0.0
0.6520219978922005 	 0.0
0.6530219978922005 	 0.0
0.6540219978922005 	 0.0
0.6550219978922005 	 0.0
0.6560219978922005 	 0.0
0.6570219978922005 	 0.0
0.6580219978922005 	 0.0
0.6590219978922005 	 0.0
0.6600219978922005 	 0.0
0.6610219978922005 	 0.0
0.6620219978922005 	 0.0
0.6630219978922005 	 0.0
0.6640219978922005 	 0.0
0.6650219978922005 	 0.0
0.6660219978922005 	 0.0
0.6670219978922005 	 0.0
0.6680219978922005 	 0.0
0.6690219978922005 	 0.0
0.6700219978922005 	 0.0
0.6710219978922005 	 0.0
0.6720219978922005 	 0.0
0.6730219978922005 	 0.0
0.6740219978922005 	 0.0
0.6750219978922005 	 0.0
0.6760219978922005 	 0.0
0.6770219978922005 	 0.0
0.6780219978922005 	 0.0
0.6790219978922005 	 0.0
0.6800219978922005 	 0.0
0.6810219978922005 	 0.0
0.6820219978922005 	 0.0
0.6830219978922005 	 0.0
0.6840219978922005 	 0.0
0.6850219978922005 	 0.0
0.6860219978922005 	 0.0
0.6870219978922005 	 0.0
0.6880219978922005 	 0.0
0.6890219978922005 	 0.0
0.6900219978922005 	 0.0
0.6910219978922005 	 0.0
0.6920219978922005 	 0.0
0.6930219978922005 	 0.0
0.6940219978922005 	 0.0
0.6950219978922005 	 0.0
0.6960219978922005 	 0.0
0.6970219978922005 	 0.0
0.6980219978922005 	 0.0
0.6990219978922005 	 0.0
0.7000219978922005 	 0.0
0.7010219978922005 	 0.0
0.7020219978922005 	 0.0
0.7030219978922005 	 0.0
0.7040219978922005 	 0.0
0.7050219978922005 	 0.0
0.7060219978922005 	 0.0
0.7070219978922005 	 0.0
0.7080219978922005 	 0.0
0.7090219978922006 	 0.0
0.7100219978922006 	 0.0
0.7110219978922006 	 0.0
0.7120219978922006 	 0.0
0.7130219978922006 	 0.0
0.7140219978922006 	 0.0
0.7150219978922006 	 0.0
0.7160219978922006 	 0.0
0.7170219978922006 	 0.0
0.7180219978922006 	 0.0
0.7190219978922006 	 0.0
0.7200219978922006 	 0.0
0.7210219978922006 	 0.0
0.7220219978922006 	 0.0
0.7230219978922006 	 0.0
0.7240219978922006 	 0.0
0.7250219978922006 	 0.0
0.7260219978922006 	 0.0
0.7270219978922006 	 0.0
0.7280219978922006 	 0.0
0.7290219978922006 	 0.0
0.7300219978922006 	 0.0
0.7310219978922006 	 0.0
0.7320219978922006 	 0.0
0.7330219978922006 	 0.0
0.7340219978922006 	 0.0
0.7350219978922006 	 0.0
0.7360219978922006 	 0.0
0.7370219978922006 	 0.0
0.7380219978922006 	 0.0
0.7390219978922006 	 0.0
0.7400219978922006 	 0.0
0.7410219978922006 	 0.0
0.7420219978922006 	 0.0
0.7430219978922006 	 0.0
0.7440219978922006 	 0.0
0.7450219978922006 	 0.0
0.7460219978922006 	 0.0
0.7470219978922006 	 0.0
0.7480219978922006 	 0.0
0.7490219978922006 	 0.0
0.7500219978922006 	 0.0
0.7510219978922006 	 0.0
0.7520219978922006 	 0.0
0.7530219978922006 	 0.0
0.7540219978922006 	 0.0
0.7550219978922006 	 0.0
0.7560219978922006 	 0.0
0.7570219978922006 	 0.0
0.7580219978922006 	 0.0
0.7590219978922006 	 0.0
0.7600219978922006 	 0.0
0.7610219978922006 	 0.0
0.7620219978922006 	 0.0
0.7630219978922006 	 0.0
0.7640219978922006 	 0.0
0.7650219978922006 	 0.0
0.7660219978922006 	 0.0
0.7670219978922006 	 0.0
0.7680219978922006 	 0.0
0.7690219978922006 	 0.0
0.7700219978922006 	 0.0
0.7710219978922006 	 0.0
0.7720219978922006 	 0.0
0.7730219978922006 	 0.0
0.7740219978922006 	 0.0
0.7750219978922006 	 0.0
0.7760219978922006 	 0.0
0.7770219978922006 	 0.0
0.7780219978922006 	 0.0
0.7790219978922006 	 0.0
0.7800219978922006 	 0.0
0.7810219978922006 	 0.0
0.7820219978922006 	 0.0
0.7830219978922006 	 0.0
0.7840219978922006 	 0.0
0.7850219978922006 	 0.0
0.7860219978922006 	 0.0
0.7870219978922006 	 0.0
0.7880219978922006 	 0.0
0.7890219978922006 	 0.0
0.7900219978922006 	 0.0
0.7910219978922006 	 0.0
0.7920219978922006 	 0.0
0.7930219978922006 	 0.0
0.7940219978922006 	 0.0
0.7950219978922006 	 0.0
0.7960219978922006 	 0.0
0.7970219978922006 	 0.0
0.7980219978922006 	 0.0
0.7990219978922006 	 0.0
0.8000219978922006 	 0.0
0.8010219978922006 	 0.0
0.8020219978922006 	 0.0
0.8030219978922006 	 0.0
0.8040219978922006 	 0.0
0.8050219978922006 	 0.0
0.8060219978922006 	 0.0
0.8070219978922006 	 0.0
0.8080219978922006 	 0.0
0.8090219978922006 	 0.0
0.8100219978922006 	 0.0
0.8110219978922006 	 0.0
0.8120219978922006 	 0.0
0.8130219978922006 	 0.0
0.8140219978922006 	 0.0
0.8150219978922006 	 0.0
0.8160219978922006 	 0.0
0.8170219978922006 	 0.0
0.8180219978922006 	 0.0
0.8190219978922006 	 0.0
0.8200219978922006 	 0.0
0.8210219978922007 	 0.0
0.8220219978922007 	 0.0
0.8230219978922007 	 0.0
0.8240219978922007 	 0.0
0.8250219978922007 	 0.0
0.8260219978922007 	 0.0
0.8270219978922007 	 0.0
0.8280219978922007 	 0.0
0.8290219978922007 	 0.0
0.8300219978922007 	 0.0
0.8310219978922007 	 0.0
0.8320219978922007 	 0.0
0.8330219978922007 	 0.0
0.8340219978922007 	 0.0
0.8350219978922007 	 0.0
0.8360219978922007 	 0.0
0.8370219978922007 	 0.0
0.8380219978922007 	 0.0
0.8390219978922007 	 0.0
0.8400219978922007 	 0.0
0.8410219978922007 	 0.0
0.8420219978922007 	 0.0
0.8430219978922007 	 0.0
0.8440219978922007 	 0.0
0.8450219978922007 	 0.0
0.8460219978922007 	 0.0
0.8470219978922007 	 0.0
0.8480219978922007 	 0.0
0.8490219978922007 	 0.0
0.8500219978922007 	 0.00013658993907095116
0.8510219978922007 	 0.0001372618396520388
0.8520219978922007 	 0.00013835881835005503
0.8530219978922007 	 0.00013987018376616342
0.8540219978922007 	 0.00014178475017343693
0.8550219978922007 	 0.00014409083972431554
0.8560219978922007 	 0.00014677628524273857
0.8570219978922007 	 0.00014982843358284854
0.8580219978922007 	 0.00015323414953468116
0.8590219978922007 	 0.00015697982025607415
0.8600219978922007 	 0.000161051360209208
0.8610219978922007 	 0.00016543421657940006
0.8620219978922007 	 0.00017011337515336833
0.8630219978922007 	 0.00017507336662853047
0.8640219978922007 	 0.0001802982732315924
0.8650219978922007 	 0.00018577173582214624
0.8660219978922007 	 0.00019147696146504822
0.8670219978922007 	 0.00019739673125776972
0.8680219978922007 	 0.00020351340847445912
0.8690219978922007 	 0.00020980894700809233
0.8700219978922007 	 0.00021626490008847289
0.8710219978922007 	 0.00022286242925429695
0.8720219978922007 	 0.00022958231355798628
0.8730219978922007 	 0.00023640495898243958
0.8740219978922007 	 0.0002433104080494676
0.8750219978922007 	 0.00025027834960019243
0.8760219978922007 	 0.0002572881287282992
0.8770219978922007 	 0.00026431875684765203
0.8780219978922007 	 0.00027134892187637773
0.8790219978922007 	 0.00027835699852021996
0.8800219978922007 	 0.00028532105863854633
0.8810219978922007 	 0.000292218881683271
0.8820219978922007 	 0.0002990279652013545
0.8830219978922007 	 0.0003057255353402004
0.8840219978922007 	 0.0003122885573863346
0.8850219978922007 	 0.000318693746318719
0.8860219978922007 	 0.0003249175773590025
0.8870219978922007 	 0.00033093629650666996
0.8880219978922007 	 0.0003367259310434353
0.8890219978922007 	 0.0003422622999159938
0.8900219978922007 	 0.0003475210245008293
0.8910219978922007 	 0.0003525121014338835
0.8920219978922007 	 0.0003573756152395619
0.8930219978922007 	 0.0003622839751230529
0.8940219978922007 	 0.00036741173653365145
0.8950219978922007 	 0.0003729355176281617
0.8960219978922007 	 0.00037903391509335767
0.8970219978922007 	 0.000385887419381093
0.8980219978922007 	 0.00039367832940633696
0.8990219978922007 	 0.00040259066675463
0.9000219978922007 	 0.00041281008944228854
0.9010219978922007 	 0.0004245238052691587
0.9020219978922007 	 0.00043792048480064343
0.9030219978922007 	 0.00045319017401224734
0.9040219978922007 	 0.0004705242066272007
0.9050219978922007 	 0.000490115116173684
0.9060219978922007 	 0.0005121565477863094
0.9070219978922007 	 0.0005368431697723388
0.9080219978922007 	 0.0005643705849607174
0.9090219978922007 	 0.0005949352418486211
0.9100219978922007 	 0.0006287343456248358
0.9110219978922007 	 0.0006659725512285021
0.9120219978922007 	 0.0007068805943474689
0.9130219978922007 	 0.0007516959147196579
0.9140219978922007 	 0.000800656625665855
0.9150219978922007 	 0.0008540014034607872
0.9160219978922007 	 0.0009119693777450445
0.9170219978922007 	 0.0009748000203222516
0.9180219978922007 	 0.0010427318240392822
0.9190219978922007 	 0.0011159996863591617
0.9200219978922007 	 0.0011948449405151298
0.9210219978922007 	 0.0012795074704584893
0.9220219978922007 	 0.0013702265512265796
0.9230219978922007 	 0.0014672409737170717
0.9240219978922007 	 0.0015707889894994581
0.9250219978922007 	 0.0016811082185495916
0.9260219978922007 	 0.001798435544001325
0.9270219978922007 	 0.0019230070010331593
0.9280219978922007 	 0.0020550576624806228
0.9290219978922007 	 0.0021948215222489472
0.9300219978922007 	 0.0023425313760659706
0.9310219978922007 	 0.002498325359919831
0.9320219978922007 	 0.0026619900273320827
0.9330219978922007 	 0.0028332270865172714
0.9340219978922008 	 0.0030117352270735034
0.9350219978922008 	 0.003197210291190099
0.9360219978922008 	 0.0033893454406903763
0.9370219978922008 	 0.003587831319782152
0.9380219978922008 	 0.0037923562108032978
0.9390219978922008 	 0.004002606133414406
0.9400219978922008 	 0.004218264981507284
0.9410219978922008 	 0.004439014729383134
0.9420219978922008 	 0.00466453563646769
0.9430219978922008 	 0.004894506335199817
0.9440219978922008 	 0.005128603943553172
0.9450219978922008 	 0.005366504188428068
0.9460219978922008 	 0.0056078815234208755
0.9470219978922008 	 0.005852409240795643
0.9480219978922008 	 0.006099759577469969
0.9490219978922008 	 0.006349603814845862
0.9500219978922008 	 0.006601612373082852
0.9510219978922008 	 0.0068555425509571125
0.9520219978922008 	 0.007111479091680548
0.9530219978922008 	 0.007369582575908299
0.9540219978922008 	 0.007630012445067415
0.9550219978922008 	 0.00789292684515791
0.9560219978922008 	 0.008158439118305955
0.9570219978922008 	 0.008426498788459713
0.9580219978922008 	 0.008697015962307047
0.9590219978922008 	 0.00896989914060865
0.9600219978922008 	 0.009245054787725424
0.9610219978922008 	 0.009522387494094856
0.9620219978922008 	 0.00980179993834498
0.9630219978922008 	 0.01008319276158312
0.9640219978922008 	 0.010366464839540911
0.9650219978922008 	 0.010651513128347959
0.9660219978922008 	 0.010938232069464055
0.9670219978922008 	 0.011226513329232345
0.9680219978922008 	 0.011516245520669767
0.9690219978922008 	 0.01180731388658851
0.9700219978922008 	 0.012099599938500844
0.9710219978922008 	 0.012392994097144585
0.9720219978922008 	 0.012687430891237438
0.9730219978922008 	 0.01298285069593527
0.9740219978922008 	 0.013279187596630137
0.9750219978922008 	 0.01357636863013073
0.9760219978922008 	 0.013874312914367762
0.9770219978922008 	 0.014172930647152557
0.9780219978922008 	 0.014472121950628072
0.9790219978922008 	 0.01477177553354589
0.9800219978922008 	 0.01507176713711657
0.9810219978922008 	 0.015371921173708456
0.9820219978922008 	 0.01567190966745502
0.9830219978922008 	 0.015971349006316922
0.9840219978922008 	 0.0162696684406404
0.9850219978922008 	 0.016566427357291042
0.9860219978922008 	 0.01686136079545573
0.9870219978922008 	 0.017153907903168165
0.9880219978922008 	 0.017442299566572936
0.9890219978922008 	 0.017724331009901225
0.9900219978922008 	 0.017999739059130923
0.9910219978922008 	 0.018267737199571386
0.9920219978922008 	 0.018527959178439454
0.9930219978922008 	 0.018779951224420104
0.9940219978922008 	 0.019022981053116606
0.9950219978922008 	 0.01925598516645922
0.9960219978922008 	 0.01947110358336777
0.9970219978922008 	 0.019662071003101265
0.9980219978922008 	 0.019827912506095287
0.9990219978922008 	 0.019964477617408494
1.0000219978922007 	 0.020066029049321334
1.0010219978922006 	 0.020120118523908062
1.0020219978922005 	 0.020111024834124993
1.0030219978922004 	 0.020026158067201802
1.0040219978922003 	 0.019850613031509312
1.0050219978922001 	 0.01956703383588145
1.0060219978922 	 0.019156269537113343
1.0070219978922 	 0.01860135800786235
1.0080219978921998 	 0.01788280808170249
1.0090219978921997 	 0.016977912428162264
1.0100219978921996 	 0.01586277287390619
1.0110219978921995 	 0.014497702476965232
1.0120219978921994 	 0.012866432771306053
1.0130219978921993 	 0.010996257488166156
1.0140219978921992 	 0.008954897921456706
1.015021997892199 	 0.006861519434890541
1.016021997892199 	 0.004886943349036854
1.0170219978921988 	 0.003233366617560309
1.0180219978921987 	 0.0020929184806749344
1.0190219978921986 	 0.0015962690269233817
1.0200219978921985 	 0.0017810767753555627
1.0210219978921984 	 0.002592700538731437
1.0220219978921983 	 0.0038831542766226456
1.0230219978921982 	 0.005504025848258584
1.024021997892198 	 0.007317955306064677
1.025021997892198 	 0.009208418657107982
1.0260219978921978 	 0.011090360944453028
1.0270219978921977 	 0.012905523231935084
1.0280219978921976 	 0.014615725074413369
1.0290219978921975 	 0.016196282680160205
1.0300219978921974 	 0.017631226797528703
1.0310219978921973 	 0.018949439561878723
1.0320219978921972 	 0.0201879350378319
1.033021997892197 	 0.021355648840262934
1.034021997892197 	 0.02246028465359772
1.0350219978921968 	 0.023507912147367447
1.0360219978921967 	 0.024503028383902694
1.0370219978921966 	 0.025448717145450103
1.0380219978921965 	 0.026346748036026015
1.0390219978921964 	 0.027197730953439275
1.0400219978921963 	 0.028001275217202474
1.0410219978921962 	 0.028757698640751266
1.042021997892196 	 0.029472571620525315
1.043021997892196 	 0.030152575613441746
1.0440219978921959 	 0.030804181789468806
1.0450219978921957 	 0.03143365768756165
1.0460219978921956 	 0.03204707740974608
1.0470219978921955 	 0.032649336688294166
1.0480219978921954 	 0.03324138158962059
1.0490219978921953 	 0.03382301539766225
1.0500219978921952 	 0.03439380255394722
1.051021997892195 	 0.034953423862953456
1.052021997892195 	 0.035502592121898637
1.0530219978921949 	 0.03604217676432506
1.0540219978921948 	 0.03657294243115981
1.0550219978921946 	 0.03709556218670007
1.0560219978921945 	 0.03761062890635868
1.0570219978921944 	 0.03811866488313841
1.0580219978921943 	 0.03862012968799647
1.0590219978921942 	 0.03911542813263832
1.060021997892194 	 0.039604916857740494
1.061021997892194 	 0.04008893080870346
1.0620219978921939 	 0.04056784527124443
1.0630219978921938 	 0.041042017659956465
1.0640219978921936 	 0.04151178477440297
1.0650219978921935 	 0.04197746254489205
1.0660219978921934 	 0.042439489699749776
1.0670219978921933 	 0.04289883180336015
1.0680219978921932 	 0.04335656373733009
1.069021997892193 	 0.04381374254027546
1.070021997892193 	 0.044271408223697975
1.0710219978921929 	 0.04473029668485676
1.0720219978921928 	 0.04519005101747174
1.0730219978921927 	 0.045650049286575164
1.0740219978921925 	 0.04610965874668755
1.0750219978921924 	 0.046568237562531575
1.0760219978921923 	 0.04702513633563054
1.0770219978921922 	 0.04747969945986212
1.078021997892192 	 0.04793126632224871
1.079021997892192 	 0.04837917236948193
1.0800219978921919 	 0.048822750055895967
1.0810219978921918 	 0.04926176929210087
1.0820219978921917 	 0.04969764153137951
1.0830219978921916 	 0.050132153478011
1.0840219978921914 	 0.0505670806281977
1.0850219978921913 	 0.05100418674562375
1.0860219978921912 	 0.051445223316373405
1.0870219978921911 	 0.051891229510642733
1.088021997892191 	 0.052340616517346505
1.089021997892191 	 0.05279112255186484
1.0900219978921908 	 0.05324043007766784
1.0910219978921907 	 0.053686727100952694
1.0920219978921906 	 0.0541300775575106
1.0930219978921905 	 0.054570980279223455
1.0940219978921903 	 0.05500992995686318
1.0950219978921902 	 0.05544741711670067
1.0960219978921901 	 0.055883928104850614
1.09702199789219 	 0.056319945066026014
1.09802199789219 	 0.056755945920630636
1.0990219978921898 	 0.0571924041721607
1.1000219978921897 	 0.05762978555731662
1.1010219978921896 	 0.05806834235625876
1.1020219978921895 	 0.05850755410584473
1.1030219978921894 	 0.05894672669124057
1.1040219978921892 	 0.05938517315893227
1.1050219978921891 	 0.059822210688981164
1.106021997892189 	 0.060257160623388414
1.107021997892189 	 0.06068977596709802
1.1080219978921888 	 0.06112140818677651
1.1090219978921887 	 0.061553770899616514
1.1100219978921886 	 0.06198856369145461
1.1110219978921885 	 0.062427027018417215
1.1120219978921884 	 0.06286872863439129
1.1130219978921883 	 0.06331285043345111
1.1140219978921881 	 0.06375854464341923
1.115021997892188 	 0.06420493492770107
1.116021997892188 	 0.06465114931257127
1.1170219978921878 	 0.06509632168056693
1.1180219978921877 	 0.06553959191065578
1.1190219978921876 	 0.0659801059933738
1.1200219978921875 	 0.06641701613034297
1.1210219978921874 	 0.06684999776598456
1.1220219978921873 	 0.06728066081881505
1.1230219978921872 	 0.06771105408022857
1.124021997892187 	 0.06814320988553092
1.125021997892187 	 0.06857914378134769
1.1260219978921868 	 0.06902085422857716
1.1270219978921867 	 0.06947032225037283
1.1280219978921866 	 0.06992814483236096
1.1290219978921865 	 0.07038980730785324
1.1300219978921864 	 0.07084964025633943
1.1310219978921863 	 0.07130319753651711
1.1320219978921862 	 0.07175046207865061
1.133021997892186 	 0.07219244283271903
1.134021997892186 	 0.07263014029672943
1.1350219978921858 	 0.07306357571881957
1.1360219978921857 	 0.07349571281216401
1.1370219978921856 	 0.07392651594994741
1.1380219978921855 	 0.07435695284704857
1.1390219978921854 	 0.07478801288564847
1.1400219978921853 	 0.07522070595496363
1.1410219978921852 	 0.07565575821629333
1.142021997892185 	 0.07609285420909545
1.143021997892185 	 0.07653143757888191
1.1440219978921848 	 0.07697102230738012
1.1450219978921847 	 0.07741137855465485
1.1460219978921846 	 0.07785233792532181
1.1470219978921845 	 0.0782937340257376
1.1480219978921844 	 0.07873540248440544
1.1490219978921843 	 0.07917718095787261
1.1500219978921842 	 0.07961890913491884
1.151021997892184 	 0.0800604391679112
1.152021997892184 	 0.080501663772292
1.1530219978921838 	 0.08094248557556534
1.1540219978921837 	 0.0813828077165741
1.1550219978921836 	 0.081822532407511
1.1560219978921835 	 0.08226156166293812
1.1570219978921834 	 0.08269980158197122
1.1580219978921833 	 0.08313715769663645
1.1590219978921832 	 0.08357353583713273
1.160021997892183 	 0.08400884228382972
1.161021997892183 	 0.0844431697714018
1.1620219978921829 	 0.08487730467943015
1.1630219978921827 	 0.0853121900528798
1.1640219978921826 	 0.08574879839259676
1.1650219978921825 	 0.08618778393832947
1.1660219978921824 	 0.08662850402412439
1.1670219978921823 	 0.08707002017098019
1.1680219978921822 	 0.08751140273358811
1.169021997892182 	 0.08795173091888836
1.170021997892182 	 0.08839009280272943
1.1710219978921819 	 0.08882584699299685
1.1720219978921818 	 0.08925933583847381
1.1730219978921816 	 0.08969112648258044
1.1740219978921815 	 0.09012178031028023
1.1750219978921814 	 0.09055185292487998
1.1760219978921813 	 0.09098189414802484
1.1770219978921812 	 0.0914124480287732
1.178021997892181 	 0.09184404695686273
1.179021997892181 	 0.09227722873577464
1.1800219978921809 	 0.09271252058996264
1.1810219978921808 	 0.09315013648817859
1.1820219978921807 	 0.09358913591173608
1.1830219978921805 	 0.09402832689249001
1.1840219978921804 	 0.09446653876623633
1.1850219978921803 	 0.09490260701123793
1.1860219978921802 	 0.0953353803642373
1.18702199789218 	 0.09576406363139148
1.18802199789218 	 0.09618915777350528
1.1890219978921799 	 0.0966116245591242
1.1900219978921798 	 0.09703257631527373
1.1910219978921797 	 0.09745299346858534
1.1920219978921796 	 0.09787337046707675
1.1930219978921794 	 0.0982940856351948
1.1940219978921793 	 0.09871551339454683
1.1950219978921792 	 0.09913802424445396
1.1960219978921791 	 0.09956198475422408
1.197021997892179 	 0.0999877575572041
1.198021997892179 	 0.10041570135116734
1.1990219978921788 	 0.10084617088722747
1.2000219978921787 	 0.10127951696485588
1.2010219978921786 	 0.10171569613552255
1.2020219978921785 	 0.10215320771554362
1.2030219978921783 	 0.10259022709799226
1.2040219978921782 	 0.10302494953209752
1.2050219978921781 	 0.10345593753939694
1.206021997892178 	 0.10388306718222072
1.207021997892178 	 0.1043065185717698
1.2080219978921778 	 0.10472646962761839
1.2090219978921777 	 0.10514309609722906
1.2100219978921776 	 0.10555657158055115
1.2110219978921775 	 0.1059671899997688
1.2120219978921773 	 0.10637569987607468
1.2130219978921772 	 0.10678294687787748
1.2140219978921771 	 0.10718970160673286
1.215021997892177 	 0.10759666287868418
1.216021997892177 	 0.10800451883215398
1.2170219978921768 	 0.10841394945065952
1.2180219978921767 	 0.10882562656658079
1.2190219978921766 	 0.10924021386554399
1.2200219978921765 	 0.1096583668665565
1.2210219978921764 	 0.11008020480409678
1.2220219978921762 	 0.11050387303729509
1.2230219978921761 	 0.11092707775166047
1.224021997892176 	 0.11134755127906508
1.225021997892176 	 0.11176305192319529
1.2260219978921758 	 0.11217204249856698
1.2270219978921757 	 0.11257553801710926
1.2280219978921756 	 0.11297513333618628
1.2290219978921755 	 0.11337240504346709
1.2300219978921754 	 0.11376891161047699
1.2310219978921753 	 0.11416590563731097
1.2320219978921751 	 0.11456355058654301
1.233021997892175 	 0.11496175792592629
1.234021997892175 	 0.11536044077496557
1.2350219978921748 	 0.11575951385432655
1.2360219978921747 	 0.11615889347530067
1.2370219978921746 	 0.11655849752553184
1.2380219978921745 	 0.1169582399093444
1.2390219978921744 	 0.11735792055711272
1.2400219978921743 	 0.11775723132125904
1.2410219978921742 	 0.1181560645691366
1.242021997892174 	 0.11855507444342056
1.243021997892174 	 0.11895508628556024
1.2440219978921738 	 0.11935691689163841
1.2450219978921737 	 0.11976137446209172
1.2460219978921736 	 0.12016925859377618
1.2470219978921735 	 0.12058066069734319
1.2480219978921734 	 0.12099305873265032
1.2490219978921733 	 0.1214033487451771
1.2500219978921732 	 0.12180846118372064
1.251021997892173 	 0.12220612647142379
1.252021997892173 	 0.12259696047874125
1.2530219978921728 	 0.12298224075668471
1.2540219978921727 	 0.1233632316131398
1.2550219978921726 	 0.12374118415330751
1.2560219978921725 	 0.12411733637898864
1.2570219978921724 	 0.12449291326820472
1.2580219978921723 	 0.1248691268594247
1.2590219978921722 	 0.1252471763311152
1.260021997892172 	 0.12562824804526468
1.261021997892172 	 0.12601319034518982
1.2620219978921718 	 0.12640162429840196
1.2630219978921717 	 0.12679291271413326
1.2640219978921716 	 0.1271870435166981
1.2650219978921715 	 0.1275845962919919
1.2660219978921714 	 0.1279861735234024
1.2670219978921713 	 0.12839178913162774
1.2680219978921712 	 0.12879926376763953
1.269021997892171 	 0.1292059290759673
1.270021997892171 	 0.12960914544188662
1.2710219978921709 	 0.13000691927288902
1.2720219978921707 	 0.13039958462845397
1.2730219978921706 	 0.1307880105038421
1.2740219978921705 	 0.13117305655384237
1.2750219978921704 	 0.1315555730787896
1.2760219978921703 	 0.1319364010776365
1.2770219978921702 	 0.13231637230043508
1.27802199789217 	 0.13269630929582185
1.27902199789217 	 0.1330770254717971
1.2800219978921699 	 0.13345932512867606
1.2810219978921698 	 0.13384372634804945
1.2820219978921696 	 0.1342297058279201
1.2830219978921695 	 0.13461650313007978
1.2840219978921694 	 0.13500336451794734
1.2850219978921693 	 0.1353895428809519
1.2860219978921692 	 0.13577429772784658
1.287021997892169 	 0.13615742417241966
1.288021997892169 	 0.1365406580787066
1.2890219978921689 	 0.13692535289372093
1.2900219978921688 	 0.13731206049029498
1.2910219978921686 	 0.13770112993772393
1.2920219978921685 	 0.13809231100728364
1.2930219978921684 	 0.1384852191488479
1.2940219978921683 	 0.13887947539941983
1.2950219978921682 	 0.1392747063226722
1.296021997892168 	 0.1396705439789782
1.297021997892168 	 0.14006662587274396
1.2980219978921679 	 0.14046259495504876
1.2990219978921678 	 0.14085809951325648
1.3000219978921677 	 0.1412527925906566
1.3010219978921675 	 0.14164648717166944
1.3020219978921674 	 0.14203957344233473
1.3030219978921673 	 0.14243256810456087
1.3040219978921672 	 0.1428259781037091
1.305021997892167 	 0.14322030064966718
1.306021997892167 	 0.14361603594188493
1.3070219978921669 	 0.14401372427188905
1.3080219978921668 	 0.14441391343200563
1.3090219978921667 	 0.14481714813258809
1.3100219978921666 	 0.14522396998612264
1.3110219978921664 	 0.14563462278759612
1.3120219978921663 	 0.14604824737595123
1.3130219978921662 	 0.14646374660285383
1.3140219978921661 	 0.14688029939854477
1.315021997892166 	 0.14729734591676258
1.316021997892166 	 0.14771434465025446
1.3170219978921658 	 0.1481307624195061
1.3180219978921657 	 0.14854607440995415
1.3190219978921656 	 0.1489597640765129
1.3200219978921655 	 0.14937132308188117
1.3210219978921653 	 0.14978065538085808
1.3220219978921652 	 0.15018917472940202
1.3230219978921651 	 0.15059862548434183
1.324021997892165 	 0.15101072620958542
1.325021997892165 	 0.15142716983298665
1.3260219978921648 	 0.1518496235323615
1.3270219978921647 	 0.15227972846148102
1.3280219978921646 	 0.15271799329936636
1.3290219978921645 	 0.153160792044109
1.3300219978921644 	 0.15360359460193784
1.3310219978921642 	 0.15404285373224308
1.3320219978921641 	 0.15447852295711312
1.333021997892164 	 0.15491143009891645
1.334021997892164 	 0.15534236963982748
1.3350219978921638 	 0.15577211750059752
1.3360219978921637 	 0.15620143367643058
1.3370219978921636 	 0.15663106294046278
1.3380219978921635 	 0.15706175969408162
1.3390219978921634 	 0.15749476744387028
1.3400219978921633 	 0.15793179054077264
1.3410219978921631 	 0.15837412868739276
1.342021997892163 	 0.158821544014015
1.343021997892163 	 0.15927344440342656
1.3440219978921628 	 0.15972924423863127
1.3450219978921627 	 0.16018836471565517
1.3460219978921626 	 0.16065023371600554
1.3470219978921625 	 0.1611142033544845
1.3480219978921624 	 0.1615793271818951
1.3490219978921623 	 0.16204459950637143
1.3500219978921622 	 0.16250902779598303
1.351021997892162 	 0.16297189003794973
1.352021997892162 	 0.16343343511333108
1.3530219978921618 	 0.16389413363693078
1.3540219978921617 	 0.1643544523135179
1.3550219978921616 	 0.16481485443555735
1.3560219978921615 	 0.16527579971171122
1.3570219978921614 	 0.1657377437545405
1.3580219978921613 	 0.1662011387529474
1.3590219978921612 	 0.16666643374124504
1.360021997892161 	 0.1671340746762742
1.361021997892161 	 0.16760366169441426
1.3620219978921608 	 0.16807163562987804
1.3630219978921607 	 0.16853754243687796
1.3640219978921606 	 0.16900690707342034
1.3650219978921605 	 0.1694793577582749
1.3660219978921604 	 0.16995414770430872
1.3670219978921603 	 0.17043053375456577
1.3680219978921602 	 0.1709077772855934
1.36902199789216 	 0.17138514446984207
1.37002199789216 	 0.17186190626329584
1.3710219978921598 	 0.17233746361259428
1.3720219978921597 	 0.17281169004958322
1.3730219978921596 	 0.17328457042941914
1.3740219978921595 	 0.17375609228547137
1.3750219978921594 	 0.17422624616836568
1.3760219978921593 	 0.17469502525581174
1.3770219978921592 	 0.17516242435789853
1.378021997892159 	 0.17562844083467455
1.379021997892159 	 0.17609307482094533
1.3800219978921588 	 0.17655632914633596
1.3810219978921587 	 0.17701828396034386
1.3820219978921586 	 0.17747929902651222
1.3830219978921585 	 0.17793979448342107
1.3840219978921584 	 0.17840018559835552
1.3850219978921583 	 0.17886088293143965
1.3860219978921582 	 0.17932229258765084
1.387021997892158 	 0.17978481684385592
1.388021997892158 	 0.1802488376581979
1.3890219978921579 	 0.180714407948445
1.3900219978921577 	 0.18118126974132226
1.3910219978921576 	 0.1816489760787107
1.3920219978921575 	 0.1821164386374229
1.3930219978921574 	 0.1825824333612054
1.3940219978921573 	 0.18304575259547756
1.3950219978921572 	 0.18350520455568825
1.396021997892157 	 0.18395987143779874
1.397021997892157 	 0.1844098119573733
1.3980219978921569 	 0.1848553067339584
1.3990219978921568 	 0.185296629597998
1.4000219978921566 	 0.18572382244538288
1.4010219978921565 	 0.18615787663753203
1.4020219978921564 	 0.18658853328583616
1.4030219978921563 	 0.18701604042493372
1.4040219978921562 	 0.18744063841013314
1.405021997892156 	 0.18786255976532246
1.406021997892156 	 0.18828202966978516
1.4070219978921559 	 0.18869926734115966
1.4080219978921558 	 0.18911448488962643
1.4090219978921557 	 0.18952788718306454
1.4100219978921555 	 0.1899396722051598
1.4110219978921554 	 0.19034989745512032
1.4120219978921553 	 0.19075811471462817
1.4130219978921552 	 0.1911637665042193
1.414021997892155 	 0.19156645484568605
1.415021997892155 	 0.1919659324824541
1.4160219978921549 	 0.1923619594522904
1.4170219978921548 	 0.19275429813851913
1.4180219978921547 	 0.1931427137641142
1.4190219978921546 	 0.19352697502583294
1.4200219978921544 	 0.1939068547675237
1.4210219978921543 	 0.194282130856046
1.4220219978921542 	 0.194652587816312
1.4230219978921541 	 0.19501801761474294
1.424021997892154 	 0.19537821880665854
1.425021997892154 	 0.19573299655572376
1.4260219978921538 	 0.1960821625652726
1.4270219978921537 	 0.19642553438600008
1.4280219978921536 	 0.19676293638286285
1.4290219978921535 	 0.1970941999971136
1.4300219978921533 	 0.19741916366439266
1.4310219978921532 	 0.1977377471353063
1.4320219978921531 	 0.19805015462244527
1.433021997892153 	 0.1983566594801912
1.434021997892153 	 0.1986575373209851
1.4350219978921528 	 0.19895306532983845
1.4360219978921527 	 0.19924352167446271
1.4370219978921526 	 0.19952918441694545
1.4380219978921525 	 0.19981028779856738
1.4390219978921523 	 0.2000868498115123
1.4400219978921522 	 0.20035879513688182
1.4410219978921521 	 0.20062604890805968
1.442021997892152 	 0.20088853922773073
1.443021997892152 	 0.20114619766269545
1.4440219978921518 	 0.20139895775745392
1.4450219978921517 	 0.2016467547630092
1.4460219978921516 	 0.20188952511913075
1.4470219978921515 	 0.202127206034611
1.4480219978921514 	 0.20235973554991404
1.4490219978921512 	 0.20258705244835723
1.4500219978921511 	 0.20280909610003592
1.451021997892151 	 0.20302584286412614
1.452021997892151 	 0.20323740589080252
1.4530219978921508 	 0.20344392992789848
1.4540219978921507 	 0.2036455583281097
1.4550219978921506 	 0.20384243275287742
1.4560219978921505 	 0.20403469303400848
1.4570219978921504 	 0.2042224536937525
1.4580219978921503 	 0.20440574071181702
1.4590219978921501 	 0.20458455864451996
1.46002199789215 	 0.20475891104618868
1.46102199789215 	 0.20492880035628394
1.4620219978921498 	 0.205094227784339
1.4630219978921497 	 0.2052552021754921
1.4640219978921496 	 0.20541189667363288
1.4650219978921495 	 0.2055646379971783
1.4660219978921494 	 0.20571375580498827
1.4670219978921493 	 0.20585957649231656
1.4680219978921492 	 0.20600242327144974
1.469021997892149 	 0.20614261620180413
1.470021997892149 	 0.20628047220559154
1.4710219978921488 	 0.2064161469257998
1.4720219978921487 	 0.20654920333673663
1.4730219978921486 	 0.20667907009561745
1.4740219978921485 	 0.20680518028747427
1.4750219978921484 	 0.20692697126442125
1.4760219978921483 	 0.20704388455493172
1.4770219978921482 	 0.20715536567273124
1.478021997892148 	 0.2072608642843457
1.479021997892148 	 0.20735983427837348
1.4800219978921478 	 0.20745173369151304
1.4810219978921477 	 0.2075360247102037
1.4820219978921476 	 0.20761217338729754
1.4830219978921475 	 0.20767984470091863
1.4840219978921474 	 0.20773943235662914
1.4850219978921473 	 0.20779149654553433
1.4860219978921472 	 0.20783659220453082
1.487021997892147 	 0.20787526813971668
1.488021997892147 	 0.2079080200003868
1.4890219978921468 	 0.207934350723125
1.4900219978921467 	 0.20795283575106646
1.4910219978921466 	 0.20796474415412913
1.4920219978921465 	 0.20797889143407805
1.4930219978921464 	 0.20799666921516397
1.4940219978921463 	 0.20801718687884466
1.4950219978921462 	 0.2080395610778049
1.496021997892146 	 0.20806291549999953
1.497021997892146 	 0.20808638006525554
1.4980219978921459 	 0.20810909180061268
1.4990219978921457 	 0.20813019506688785
1.5000219978921456 	 0.20814884148235732
1.5010219978921455 	 0.20816418975811984
1.5020219978921454 	 0.2081754055297375
1.5030219978921453 	 0.20818166168118263
1.5040219978921452 	 0.20818213782157377
1.505021997892145 	 0.2081760199934893
1.506021997892145 	 0.20816287262953168
1.5070219978921449 	 0.20814365410814847
1.5080219978921447 	 0.208119364863596
1.5090219978921446 	 0.2080899729310075
1.5100219978921445 	 0.20805520790770293
1.5110219978921444 	 0.20801511575047224
1.5120219978921443 	 0.20797091316708854
1.5130219978921442 	 0.20792404365745834
1.514021997892144 	 0.2078751941935263
1.515021997892144 	 0.2078243450859136
1.5160219978921439 	 0.20777144904295747
1.5170219978921438 	 0.20771645844879028
1.5180219978921436 	 0.20765932570437198
1.5190219978921435 	 0.20760000334088577
1.5200219978921434 	 0.20753844403353358
1.5210219978921433 	 0.20747459876403196
1.5220219978921432 	 0.20740841537414278
1.523021997892143 	 0.20733984731703706
1.524021997892143 	 0.20726884873431042
1.5250219978921429 	 0.2071953738673151
1.5260219978921428 	 0.20711936549525403
1.5270219978921427 	 0.2070407708938806
1.5280219978921425 	 0.20695954529499574
1.5290219978921424 	 0.20687564387404045
1.5300219978921423 	 0.20678901770337965
1.5310219978921422 	 0.20669959620734046
1.532021997892142 	 0.20660722188959219
1.533021997892142 	 0.20651171827513543
1.5340219978921419 	 0.20641291026974828
1.5350219978921418 	 0.20631062385753357
1.5360219978921417 	 0.2062046861657278
1.5370219978921416 	 0.20609492556640865
1.5380219978921414 	 0.20598116894035776
1.5390219978921413 	 0.2058631910389562
1.5400219978921412 	 0.2057407180790485
1.5410219978921411 	 0.2056134764348467
1.542021997892141 	 0.20548119527553463
1.543021997892141 	 0.205343607145713
1.5440219978921408 	 0.20520044682134808
1.5450219978921407 	 0.20505145098097177
1.5460219978921406 	 0.20489635836483228
1.5470219978921405 	 0.20473496941817454
1.5480219978921403 	 0.20456730681950686
1.5490219978921402 	 0.20439344354290678
1.5500219978921401 	 0.2042145573593841
1.55102199789214 	 0.20403482181818627
1.55202199789214 	 0.20385511505976747
1.5530219978921398 	 0.20367532122642423
1.5540219978921397 	 0.2034953252114782
1.5550219978921396 	 0.20331501229217747
1.5560219978921395 	 0.20313426846260865
1.5570219978921394 	 0.20295298135580406
1.5580219978921392 	 0.2027710392786573
1.5590219978921391 	 0.20258833091684053
1.560021997892139 	 0.20240474537805359
1.561021997892139 	 0.20222017272424908
1.5620219978921388 	 0.20203450577910761
1.5630219978921387 	 0.2018476293779731
1.5640219978921386 	 0.20165921166878104
1.5650219978921385 	 0.201468719127034
1.5660219978921384 	 0.20127561693507076
1.5670219978921383 	 0.20107937902630166
1.5680219978921381 	 0.20087895606709663
1.569021997892138 	 0.20067339359544178
1.570021997892138 	 0.20046257923365887
1.5710219978921378 	 0.20024629713134198
1.5720219978921377 	 0.20002494410158417
1.5730219978921376 	 0.199799054712774
1.5740219978921375 	 0.1995691582075234
1.5750219978921374 	 0.19933578538261815
1.5760219978921373 	 0.19909947539227943
1.5770219978921372 	 0.19886078411997676
1.578021997892137 	 0.19862028724064928
1.579021997892137 	 0.1983785858662967
1.5800219978921368 	 0.1981363136109525
1.5810219978921367 	 0.1978941442810905
1.5820219978921366 	 0.19765279998651372
1.5830219978921365 	 0.19741305611065915
1.5840219978921364 	 0.197175743472458
1.5850219978921363 	 0.1969417461088561
1.5860219978921362 	 0.19671199272848544
1.587021997892136 	 0.19648743969846852
1.588021997892136 	 0.19626837537339323
1.5890219978921358 	 0.1960463651855995
1.5900219978921357 	 0.19581877872520437
1.5910219978921356 	 0.19558676016831364
1.5920219978921355 	 0.19535141058956287
1.5930219978921354 	 0.1951135961393368
1.5940219978921353 	 0.19487389495386312
1.5950219978921352 	 0.1946326302097513
1.596021997892135 	 0.19438994065190565
1.597021997892135 	 0.1941458783698628
1.5980219978921348 	 0.19390050937206305
1.5990219978921347 	 0.19365400328033283
1.6000219978921346 	 0.19340669706177085
1.6010219978921345 	 0.1931588586631635
1.6020219978921344 	 0.1929099582413877
1.6030219978921343 	 0.19265942066168548
1.6040219978921342 	 0.19240682778361964
1.605021997892134 	 0.19215187978028084
1.606021997892134 	 0.1918943583838156
1.6070219978921338 	 0.1916340962422688
1.6080219978921337 	 0.19137095090848533
1.6090219978921336 	 0.1911047864775407
1.6100219978921335 	 0.19083546139232765
1.6110219978921334 	 0.19056297245060425
1.6120219978921333 	 0.19028786219947333
1.6130219978921332 	 0.1900107639717177
1.614021997892133 	 0.18973204735807675
1.615021997892133 	 0.1894518367358028
1.6160219978921329 	 0.18917022843740666
1.6170219978921327 	 0.18888730120187472
1.6180219978921326 	 0.1886031187452821
1.6190219978921325 	 0.188317731777221
1.6200219978921324 	 0.18803117996100746
1.6210219978921323 	 0.1877434933720408
1.6220219978921322 	 0.1874546920631122
1.623021997892132 	 0.18716478571417616
1.624021997892132 	 0.18687377827465446
1.6250219978921319 	 0.18658167010367782
1.6260219978921318 	 0.18628845836310934
1.6270219978921316 	 0.1859941362740903
1.6280219978921315 	 0.1856986958107398
1.6290219978921314 	 0.18540212904213765
1.6300219978921313 	 0.18510442886922793
1.6310219978921312 	 0.18480566950955757
1.632021997892131 	 0.1845062265087088
1.633021997892131 	 0.1842065477355025
1.6340219978921309 	 0.18390706680093963
1.6350219978921308 	 0.18360814452493673
1.6360219978921307 	 0.18331012250814135
1.6370219978921305 	 0.18301333811562975
1.6380219978921304 	 0.1827181168679391
1.6390219978921303 	 0.18242455436238506
1.6400219978921302 	 0.18213253275702196
1.64102199789213 	 0.18184193113818964
1.64202199789213 	 0.18155263005244654
1.6430219978921299 	 0.1812645125221538
1.6440219978921298 	 0.18097746772417783
1.6450219978921297 	 0.18069139170710194
1.6460219978921296 	 0.18040618605452496
1.6470219978921294 	 0.18012175424201568
1.6480219978921293 	 0.1798380049344526
1.6490219978921292 	 0.17955485264851492
1.650021997892129 	 0.17927221724223766
1.651021997892129 	 0.17899005598101564
1.652021997892129 	 0.17870845204972938
1.6530219978921288 	 0.1784275195150633
1.6540219978921287 	 0.17814737573840914
1.6550219978921286 	 0.1778681411365663
1.6560219978921285 	 0.1775899371240408
1.6570219978921283 	 0.17731288206729467
1.6580219978921282 	 0.1770370936705018
1.6590219978921281 	 0.17676268891316554
1.660021997892128 	 0.17648978311206862
1.661021997892128 	 0.17621867892609033
1.6620219978921278 	 0.17595038232806604
1.6630219978921277 	 0.17568601977064027
1.6640219978921276 	 0.17542607683889308
1.6650219978921275 	 0.1751704399419363
1.6660219978921273 	 0.1749189653326406
1.6670219978921272 	 0.17467149934413984
1.6680219978921271 	 0.17442787988420938
1.669021997892127 	 0.1741879364622761
1.670021997892127 	 0.17395148962582516
1.6710219978921268 	 0.1737183828389384
1.6720219978921267 	 0.17348857056517247
1.6730219978921266 	 0.17326202487546555
1.6740219978921265 	 0.1730387064994847
1.6750219978921264 	 0.17281856472589446
1.6760219978921262 	 0.17260153721830324
1.6770219978921261 	 0.17238754938863057
1.678021997892126 	 0.17217651560023625
1.679021997892126 	 0.17196833984385151
1.6800219978921258 	 0.17176291617248482
1.6810219978921257 	 0.1715601291882662
1.6820219978921256 	 0.17135985469103995
1.6830219978921255 	 0.17116196172474482
1.6840219978921254 	 0.17096631226973028
1.6850219978921253 	 0.17077276164286478
1.6860219978921251 	 0.17058115931270465
1.687021997892125 	 0.17039134981902646
1.688021997892125 	 0.17020318060134929
1.6890219978921248 	 0.17001664455448942
1.6900219978921247 	 0.16983187156786878
1.6910219978921246 	 0.16964893357598354
1.6920219978921245 	 0.16946767615565475
1.6930219978921244 	 0.1692878937596639
1.6940219978921243 	 0.16910938169067521
1.6950219978921242 	 0.16893193631483588
1.696021997892124 	 0.16875535596083974
1.697021997892124 	 0.16857944226600965
1.6980219978921238 	 0.1684039999243136
1.6990219978921237 	 0.16822883695046822
1.7000219978921236 	 0.16805376514556714
1.7010219978921235 	 0.16770095672247073
1.7020219978921234 	 0.16733419865948868
1.7030219978921233 	 0.16696671445013836
1.7040219978921232 	 0.1665986885119257
1.705021997892123 	 0.1662303044067557
1.706021997892123 	 0.16586174484466737
1.7070219978921228 	 0.16549319168755247
1.7080219978921227 	 0.16512482595285566
1.7090219978921226 	 0.16475682781725776
1.7100219978921225 	 0.16438937661983996
1.7110219978921224 	 0.16402260056937354
1.7120219978921223 	 0.16365643915035313
1.7130219978921222 	 0.16329078814850154
1.714021997892122 	 0.1629255438297069
1.715021997892122 	 0.1625606029379395
1.7160219978921218 	 0.16219586269317657
1.7170219978921217 	 0.16183122078933773
1.7180219978921216 	 0.16146657539222933
1.7190219978921215 	 0.1611018251374996
1.7200219978921214 	 0.16073686912860108
1.7210219978921213 	 0.1603716069347647
1.7220219978921212 	 0.16000593858898207
1.723021997892121 	 0.15963976458599732
1.724021997892121 	 0.15927298588030822
1.7250219978921209 	 0.15890550388417662
1.7260219978921207 	 0.1585372204656482
1.7270219978921206 	 0.15816803794658085
1.7280219978921205 	 0.1577978591006829
1.7290219978921204 	 0.15742658715155994
1.7300219978921203 	 0.15705412577144645
1.7310219978921202 	 0.1566804467735528
1.73202199789212 	 0.15630577531087894
1.73302199789212 	 0.1559303946998112
1.7340219978921199 	 0.15555458696368024
1.7350219978921197 	 0.1551786328383121
1.7360219978921196 	 0.15480281177755414
1.7370219978921195 	 0.15442740195877544
1.7380219978921194 	 0.1540526802883424
1.7390219978921193 	 0.15367892240706857
1.7400219978921192 	 0.1533064026956399
1.741021997892119 	 0.15293539428001512
1.742021997892119 	 0.1525661690368017
1.7430219978921189 	 0.1521989975986061
1.7440219978921188 	 0.15183414935936138
1.7450219978921186 	 0.15147189247962844
1.7460219978921185 	 0.1511124938918748
1.7470219978921184 	 0.15075621930572783
1.7480219978921183 	 0.15040333321320518
1.7490219978921182 	 0.15005409889392046
1.750021997892118 	 0.14970877841393132
1.751021997892118 	 0.14936699819722207
1.7520219978921179 	 0.14902601326376458
1.7530219978921178 	 0.1486831602968123
1.7540219978921177 	 0.14833812203920244
1.7550219978921175 	 0.14799112828611616
1.7560219978921174 	 0.14764240780228569
1.7570219978921173 	 0.1472921883263552
1.7580219978921172 	 0.14694069657522207
1.759021997892117 	 0.1465881582483584
1.760021997892117 	 0.1462347980321133
1.7610219978921169 	 0.14588083960399537
1.7620219978921168 	 0.1455265056369358
1.7630219978921167 	 0.14517201780353248
1.7640219978921166 	 0.1448175967802749
1.7650219978921164 	 0.1444634622517497
1.7660219978921163 	 0.1441098329148277
1.7670219978921162 	 0.1437569264828314
1.7680219978921161 	 0.14340495968968456
1.769021997892116 	 0.14305414829404206
1.770021997892116 	 0.14270470708285693
1.7710219978921158 	 0.14235679525939468
1.7720219978921157 	 0.1420103670155275
1.7730219978921156 	 0.14166532898534023
1.7740219978921155 	 0.1413215882151639
1.7750219978921153 	 0.1409790521618519
1.7760219978921152 	 0.14063762869106367
1.7770219978921151 	 0.14029722607555617
1.778021997892115 	 0.1399577529934834
1.779021997892115 	 0.1396191185267024
1.7800219978921148 	 0.13928123215908828
1.7810219978921147 	 0.13894400377485552
1.7820219978921146 	 0.13860734365688784
1.7830219978921145 	 0.13827116248507437
1.7840219978921144 	 0.1379353713346543
1.7850219978921142 	 0.13759988167456846
1.7860219978921141 	 0.13726460536581808
1.787021997892114 	 0.13692945465983103
1.788021997892114 	 0.13659434219683556
1.7890219978921138 	 0.1362591810042409
1.7900219978921137 	 0.13592388449591747
1.7910219978921136 	 0.13558845582463344
1.7920219978921135 	 0.1352532323653272
1.7930219978921134 	 0.13491862813426703
1.7940219978921133 	 0.13458505531420764
1.7950219978921131 	 0.13425284727721506
1.796021997892113 	 0.13392204794987536
1.797021997892113 	 0.1335926337410288
1.7980219978921128 	 0.13326458115855142
1.7990219978921127 	 0.13293786680895212
1.8000219978921126 	 0.13261246739697052
1.8010219978921125 	 0.13228835972517758
1.8020219978921124 	 0.13196552069357684
1.8030219978921123 	 0.13164392729920846
1.8040219978921122 	 0.1313235566357544
1.805021997892112 	 0.13100438589314567
1.806021997892112 	 0.13068639235717078
1.8070219978921118 	 0.13036955340908649
1.8080219978921117 	 0.13005384652523
1.8090219978921116 	 0.1297392492766328
1.8100219978921115 	 0.12942573932880666
1.8110219978921114 	 0.12911331152276706
1.8120219978921113 	 0.12880202461332543
1.8130219978921112 	 0.12849195203114352
1.814021997892111 	 0.12818316688145442
1.815021997892111 	 0.12787574194540482
1.8160219978921108 	 0.12756974968139145
1.8170219978921107 	 0.12726526222639117
1.8180219978921106 	 0.1269623513972862
1.8190219978921105 	 0.1266610886921824
1.8200219978921104 	 0.12636154529172233
1.8210219978921103 	 0.12606379205931714
1.8220219978921102 	 0.125767791797035
1.82302199789211 	 0.1254731044250461
1.82402199789211 	 0.12517919755251602
1.8250219978921098 	 0.12488554109985778
1.8260219978921097 	 0.1245916072893019
1.8270219978921096 	 0.12429687063550725
1.8280219978921095 	 0.12400080793621343
1.8290219978921094 	 0.12370289826293282
1.8300219978921093 	 0.12340262295393992
1.8310219978921092 	 0.1230996915314339
1.832021997892109 	 0.12279465990003513
1.833021997892109 	 0.12248827913410311
1.8340219978921088 	 0.12218129706418714
1.8350219978921087 	 0.12187445829019468
1.8360219978921086 	 0.12156850419450335
1.8370219978921085 	 0.12126417295501563
1.8380219978921084 	 0.12096219955815718
1.8390219978921083 	 0.12066331581181856
1.8400219978921082 	 0.12036825035824146
1.841021997892108 	 0.1200777286868485
1.842021997892108 	 0.11979247314701803
1.8430219978921079 	 0.11951320296080337
1.8440219978921077 	 0.11924063423559711
1.8450219978921076 	 0.11897547997674107
1.8460219978921075 	 0.11871845010008088
1.8470219978921074 	 0.1184702514444675
1.8480219978921073 	 0.11823158778420395
1.8490219978921072 	 0.1180031598414384
1.850021997892107 	 0.11778566525740977
1.851021997892107 	 0.11757568236554188
1.8520219978921069 	 0.11735853267542118
1.8530219978921068 	 0.11713143624305891
1.8540219978921066 	 0.11689523352374064
1.8550219978921065 	 0.1166507614097809
1.8560219978921064 	 0.11639885324478913
1.8570219978921063 	 0.11614033883787502
1.8580219978921062 	 0.11587604447779246
1.859021997892106 	 0.11560679294702338
1.860021997892106 	 0.11533340353580124
1.8610219978921059 	 0.11505669205607431
1.8620219978921058 	 0.11477747085540989
1.8630219978921057 	 0.11449654883083815
1.8640219978921055 	 0.11421473144263794
1.8650219978921054 	 0.11393282072806275
1.8660219978921053 	 0.11365161531500897
1.8670219978921052 	 0.11337191043562503
1.868021997892105 	 0.11309449793986331
1.869021997892105 	 0.11282016630897355
1.8700219978921049 	 0.11254970066714252
1.8710219978921048 	 0.11228370280527494
1.8720219978921047 	 0.11202209865237399
1.8730219978921046 	 0.11176465703187785
1.8740219978921044 	 0.11151114773189025
1.8750219978921043 	 0.11126134150136376
1.8760219978921042 	 0.11101501004630061
1.877021997892104 	 0.11077192602596826
1.878021997892104 	 0.11053186304913173
1.879021997892104 	 0.1102945956703018
1.8800219978921038 	 0.1100598993859988
1.8810219978921037 	 0.10982755063103254
1.8820219978921036 	 0.10959732677479778
1.8830219978921034 	 0.10936900611758506
1.8840219978921033 	 0.10914236788690788
1.8850219978921032 	 0.10891719223384452
1.8860219978921031 	 0.10869326022939571
1.887021997892103 	 0.10847035386085783
1.888021997892103 	 0.10824825602821112
1.8890219978921028 	 0.10802675054052271
1.8900219978921027 	 0.10780562211282133
1.8910219978921026 	 0.10758470196587819
1.8920219978921025 	 0.10736399262026766
1.8930219978921023 	 0.10714353646725294
1.8940219978921022 	 0.10692337571970512
1.8950219978921021 	 0.10670355241280613
1.896021997892102 	 0.10648410840474863
1.897021997892102 	 0.10626508537743233
1.8980219978921018 	 0.1060465248371583
1.8990219978921017 	 0.10582846811531967
1.9000219978921016 	 0.10561095636908963
1.9010219978921015 	 0.10539403058210695
1.9020219978921014 	 0.10517773156515764
1.9030219978921012 	 0.10496209995685502
1.9040219978921011 	 0.10474717622431587
1.905021997892101 	 0.10453300066383436
1.906021997892101 	 0.10431961340155287
1.9070219978921008 	 0.1041070543941302
1.9080219978921007 	 0.10389536342940686
1.9090219978921006 	 0.10368458012706758
1.9100219978921005 	 0.10347474393936235
1.9110219978921004 	 0.10326590028892695
1.9120219978921003 	 0.10305811736485018
1.9130219978921001 	 0.10285146843732709
1.9140219978921 	 0.10264602646920142
1.9150219978921 	 0.10244186411716613
1.9160219978920998 	 0.10223905373295987
1.9170219978920997 	 0.10203766736455733
1.9180219978920996 	 0.10183777675735543
1.9190219978920995 	 0.10163945335535433
1.9200219978920994 	 0.10144276830233315
1.9210219978920993 	 0.10124779244302183
1.9220219978920992 	 0.10105459632426671
1.923021997892099 	 0.10086325019619262
1.924021997892099 	 0.1006738240133591
1.9250219978920988 	 0.10048638743591257
1.9260219978920987 	 0.10030100983073328
1.9270219978920986 	 0.10011776027257761
1.9280219978920985 	 0.09993670754521573
1.9290219978920984 	 0.09975792014256447
1.9300219978920983 	 0.09958146626871914
1.9310219978920982 	 0.09940730402453159
1.932021997892098 	 0.09923498087305418
1.933021997892098 	 0.09906395008760722
1.9340219978920978 	 0.09889366718030142
1.9350219978920977 	 0.09872358989454919
1.9360219978920976 	 0.09855329128638478
1.9370219978920975 	 0.09838276921776092
1.9380219978920974 	 0.09821212046651598
1.9390219978920973 	 0.09804144141488984
1.9400219978920972 	 0.09787082805104329
1.941021997892097 	 0.09770037597057092
1.942021997892097 	 0.09753018037800806
1.9430219978920968 	 0.09736033608833145
1.9440219978920967 	 0.09719093752845352
1.9450219978920966 	 0.09702207873871109
1.9460219978920965 	 0.09685385337434739
1.9470219978920964 	 0.09668635470698839
1.9480219978920963 	 0.09651967562611301
1.9490219978920962 	 0.09635390864051725
1.950021997892096 	 0.09618914587965276
1.951021997892096 	 0.09602546712375722
1.9520219978920959 	 0.0958629070417338
1.9530219978920957 	 0.09570148968811565
1.9540219978920956 	 0.0955412390162381
1.9550219978920955 	 0.09538217887862921
1.9560219978920954 	 0.09522433302739784
1.9570219978920953 	 0.09506772511462128
1.9580219978920952 	 0.0949123786927303
1.959021997892095 	 0.09475831721489326
1.960021997892095 	 0.09460556403539845
1.9610219978920949 	 0.09445414241003461
1.9620219978920947 	 0.09430407549647049
1.9630219978920946 	 0.09415538635463219
1.9640219978920945 	 0.09400809794707946
1.9650219978920944 	 0.09386223313938023
1.9660219978920943 	 0.09371781470048365
1.9670219978920942 	 0.09357486530309164
1.968021997892094 	 0.09343340752402891
1.969021997892094 	 0.09329346384461147
1.9700219978920939 	 0.0931550566508867
1.9710219978920938 	 0.09301819552128911
1.9720219978920936 	 0.09288284243336738
1.9730219978920935 	 0.09274894839430235
1.9740219978920934 	 0.09261646460379368
1.9750219978920933 	 0.09248534245333848
1.9760219978920932 	 0.09235553352551328
1.977021997892093 	 0.09222698959325898
1.978021997892093 	 0.09209966261916847
1.9790219978920929 	 0.09197350475477704
1.9800219978920928 	 0.09184846833985572
1.9810219978920927 	 0.0917245059017077
1.9820219978920925 	 0.09160157015446722
1.9830219978920924 	 0.09147961399840131
1.9840219978920923 	 0.0913585905192145
1.9850219978920922 	 0.09123845298735622
1.986021997892092 	 0.09111915485733091
1.987021997892092 	 0.09100064976701103
1.9880219978920919 	 0.09088289153695259
1.9890219978920918 	 0.09076583416971369
1.9900219978920917 	 0.09064943184935442
1.9910219978920916 	 0.09053365685749447
1.9920219978920914 	 0.09041854861065787
1.9930219978920913 	 0.09030416203700344
1.9940219978920912 	 0.09019055184397222
1.9950219978920911 	 0.090077772519115
1.996021997892091 	 0.08996587833091596
1.997021997892091 	 0.08985492332961353
1.9980219978920908 	 0.08974496134801738
1.9990219978920907 	 0.08963604600232289
