0.001 4317463576550.921
0.0010232929922807535 3847943462776.948
0.0010471285480508996 3429478447278.4478
0.001071519305237606 3056488461668.171
0.0010964781961431851 2723994140732.771
0.001122018454301963 2427566572253.539
0.0011481536214968829 2163269854009.449
0.001174897554939529 1927606463027.9736
0.001202264434617413 1717467457266.7466
0.0012302687708123812 1530087887147.5134
0.0012589254117941675 1363007242904.9087
0.0012882495516931337 1214034548058.6575
0.0013182567385564075 1081217634683.053
0.0013489628825916532 962816128066.0223
0.0013803842646028853 857277692454.6139
0.001412537544622754 763217128337.0647
0.001445439770745928 679397955713.0468
0.0014791083881682072 604716161965.4945
0.0015135612484362087 538185834590.8794
0.0015488166189124811 478926436885.2131
0.001584893192461114 426151518242.9659
0.0016218100973589297 379158679995.79877
0.0016595869074375613 337320642942.87244
0.0016982436524617442 300077284280.75903
0.0017378008287493763 266928529954.49918
0.0017782794100389228 237428003953.60678
0.0018197008586099826 211177349175.44492
0.0018620871366628676 187821145545.08954
0.0019054607179632482 167042360443.30334
0.0019498445997580456 148558274436.6541
0.001995262314968879 132116832067.4842
0.0020417379446695297 117493373249.00856
0.0020892961308540386 104487705790.47044
0.0021379620895022326 92921483887.32811
0.002187761623949552 82635861164.86479
0.00223872113856834 73489390152.05644
0.0022908676527677724 65356142960.37717
0.0023442288153199225 58124030509.302925
0.00239883291901949 51693299925.201675
0.002454708915685031 45975191782.24235
0.0025118864315095794 40890740684.97632
0.0025703957827688645 36369704338.47786
0.0026302679918953813 32349607735.12185
0.0026915348039269166 28774890425.28259
0.002754228703338166 25596146047.853344
0.002818382931264455 22769444388.583683
0.0028840315031266055 20255727221.257427
0.002951209226666387 18020270078.63901
0.003019951720402016 16032202905.806679
0.003090295432513592 14264083275.872618
0.0031622776601683794 12691516504.350256
0.003235936569296281 11292817590.03423
0.003311311214825911 10048710443.147406
0.0033884415613920273 8942060341.06639
0.0034673685045253167 7957635983.119178
0.0035481338923357532 7081897903.280531
0.003630780547701014 6302810347.220455
0.003715352290971728 5609674031.886726
0.0038018939632056127 4992977485.097491
0.003890451449942805 4444264912.656702
0.003981071705534973 3956018764.1768465
0.004073802778041126 3521555368.7358465
0.004168693834703355 3134932190.104374
0.004265795188015926 2790865410.7320013
0.004365158322401661 2484656695.9438725
0.0044668359215096305 2212128116.6616664
0.004570881896148752 1969564322.029768
0.004677351412871981 1753661154.0572853
0.004786300923226385 1561479986.084047
0.004897788193684461 1390407146.7246284
0.005011872336272725 1238117861.9936159
0.005128613839913648 1102544211.5197108
0.005248074602497723 981846650.9641513
0.005370317963702527 874388702.7344301
0.005495408738576248 778714461.5071952
0.005623413251903491 693528600.5548985
0.005754399373371567 617678599.952856
0.00588843655355589 550138948.9125342
0.0060255958607435805 489997102.17619246
0.006165950018614822 436440995.00356776
0.00630957344480193 388747943.1269841
0.006456542290346556 346274773.4531907
0.006606934480075964 308449048.52100796
0.006760829753919818 274761263.02588373
0.006918309709189363 244757904.31138012
0.00707945784384138 218035280.79504862
0.007244359600749898 194234033.01249963
0.007413102413009177 173034251.4801263
0.007585775750291836 154151134.0284017
0.00776247116628692 137331122.76326293
0.007943282347242814 122348467.4791059
0.008128305161640995 109002168.26729357
0.008317637711026709 97113255.32268697
0.008511380382023767 86522368.62157258
0.008709635899560805 77087604.29357064
0.008912509381337459 68682598.19600984
0.009120108393559097 61194820.473905705
0.009332543007969905 54524057.798054114
0.009549925860214359 48581062.55886745
0.009772372209558112 43286350.59065743
0.01 38569131.04239964
0.010232929922807542 34366353.825186335
0.010471285480508996 30621861.678980954
0.010715193052376065 27285635.334476244
0.01096478196143185 24313121.519852754
0.011220184543019636 21664634.694786407
0.01148153621496883 19304824.40095301
0.011748975549395297 17202201.013523757
0.012022644346174132 15328713.47418055
0.012302687708123818 13659373.294048445
0.012589254117941675 12171919.74445301
0.012882495516931342 10846521.713278895
0.013182567385564075 9665512.20266778
0.01348962882591654 8613151.8867272
0.013803842646028852 7675418.541931674
0.014125375446227547 6839819.51341226
0.014454397707459272 6095224.692170124
0.014791083881682071 5431717.755699494
0.01513561248436208 4840463.6713728355
0.01548816618912481 4313590.681609371
0.015848931924611134 3844085.185326724
0.0162181009735893 3425698.104136568
0.016595869074375606 3052861.47656643
0.016982436524617443 2720614.1613844545
0.017378008287493755 2424535.653750418
0.01778279410038923 2160687.127085679
0.018197008586099836 1925558.9107325769
0.018620871366628676 1716023.6999812787
0.019054607179632473 1529294.872054464
0.019498445997580455 1362889.3502026072
0.0199526231496888 1214594.5191048551
0.020417379446695295 1082438.7491195612
0.020892961308540396 964665.1353203317
0.021379620895022326 859708.1003425483
0.02187761623949553 766172.5484342708
0.0223872113856834 682815.2922724576
0.022908676527677734 608528.5045318295
0.023442288153199226 542324.973289803
0.02398832919019491 483324.96448209573
0.02454708915685031 430744.51611490693
0.025118864315095808 383885.00808037777
0.025703957827688632 342123.8684698959
0.026302679918953815 304906.2924640037
0.026915348039269153 271737.86340230354
0.02754228703338166 242177.97768346095
0.028183829312644536 215833.98587605736
0.028840315031266057 192355.9719795184
0.029512092266663854 171432.10128897024
0.03019951720402016 152784.47490276868
0.030902954325135904 136165.43566827933
0.03162277660168379 121354.27638078097
0.03235936569296283 108154.3064127316
0.03311311214825911 96390.23772785433
0.033884415613920256 85905.85549050095
0.034673685045253165 76561.94227246635
0.03548133892335755 68234.42823755865
0.03630780547701014 60812.7426939381
0.03715352290971726 54198.345085743545
0.038018939632056124 48303.415884655726
0.03890451449942807 43049.68997070176
0.039810717055349734 38367.41698822064
0.04073802778041128 34194.43485278814
0.04168693834703355 30475.34409060557
0.04265795188015928 27160.772033470083
0.04365158322401661 24206.717087865432
0.04466835921509633 21573.964361881397
0.04570881896148752 19227.564882789375
0.046773514128719815 17136.371483822884
0.047863009232263824 15272.625192306086
0.04897788193684462 13611.586622783983
0.05011872336272722 12131.207477177593
0.05128613839913648 10811.837787190896
0.05248074602497726 9635.965009331778
0.05370317963702527 8587.981506303797
0.054954087385762455 7653.977325818321
0.05623413251903491 6821.555524087352
0.057543993733715694 6079.66758086298
0.0588843655355589 5418.466719876378
0.06025595860743578 4829.177186450324
0.06165950018614822 4303.977746079919
0.06309573444801933 3835.897856717184
0.06456542290346556 3418.7251358698013
0.06606934480075961 3046.922893671613
0.06760829753919818 2715.556636798483
0.06918309709189366 2420.2285672656135
0.0707945784384138 2157.01920633594
0.07244359600749903 1922.435368405579
0.07413102413009177 1713.3637940697872
0.0758577575029184 1527.0298267323324
0.07762471166286919 1360.960584101879
0.07943282347242818 1212.952135610918
0.08128305161640995 1081.0402499895008
0.08317637711026708 963.4743246342564
0.08511380382023763 858.6941506630812
0.08709635899560805 765.3092051986936
0.08912509381337455 682.0801959802997
0.09120108393559097 607.9026133078212
0.0933254300796991 541.7920709746036
0.09549925860214359 482.87124159647647
0.09772372209558107 430.3582129128784
0.1 383.55611050072355
0.10232929922807547 341.8438491543179
0.10471285480508996 304.6678901682571
0.10715193052376071 271.53489511380326
0.1096478196143185 242.0051786002251
0.1122018454301963 215.68687311880183
0.1148153621496883 192.2307285198113
0.11748975549395291 171.3254770970377
0.12022644346174131 152.6937027622471
0.1230268770812381 136.08815948331147
0.12589254117941676 121.28849012296662
0.12882495516931336 108.09830212994379
0.13182567385564073 96.34256127075128
0.13489628825916533 85.86526881181398
0.13803842646028852 70.19574049208184
0.1412537544622754 50.97380186274619
0.1445439770745928 35.749856237449855
0.1479108388168207 25.29408205974236
0.15135612484362088 18.331319758674855
0.1548816618912481 13.644983917779403
0.15848931924611143 10.413543887162088
0.16218100973589297 8.1242987034834
0.16595869074375613 6.459968865131619
0.16982436524617442 5.221156982344967
0.17378008287493762 4.2795789976871905
0.1778279410038923 3.5505881546676616
0.18197008586099844 2.9769356307573775
0.18620871366628675 2.518997260844554
0.19054607179632482 2.1487587391142857
0.19498445997580455 1.846026650359362
0.19952623149688808 1.59598667443743
0.20417379446695297 1.3875956143713215
0.20892961308540386 1.2125009159251858
0.21379620895022325 1.0643008918804449
0.21877616239495518 0.9380289642201166
0.223872113856834 0.8297887688600986
0.22908676527677724 0.7364928506902056
0.23442288153199228 0.655671945930749
0.239883291901949 0.585334147598546
0.2454708915685031 0.5238597623860501
0.25118864315095796 0.4699219739968777
0.25703957827688645 0.42242637648314285
0.26302679918953814 0.38046445486808805
0.26915348039269166 0.343277479889575
0.2754228703338166 0.3102282535069486
0.2818382931264455 0.28077882629547785
0.28840315031266056 0.2544727961781111
0.2951209226666387 0.2309211499106343
0.3019951720402016 0.20979086489495227
0.30902954325135923 0.19079567704824274
0.31622776601683794 0.17368855986749182
0.32359365692962844 0.1582555639827994
0.3311311214825911 0.14431074491828708
0.33884415613920277 0.131691966272982
0.34673685045253166 0.12025741098640257
0.3548133892335757 0.10988266831294469
0.3630780547701014 0.10045829119091985
0.3715352290971724 0.0918877397685751
0.38018939632056126 0.08408564336043614
0.3890451449942805 0.07697632611388161
0.3981071705534973 0.07049255196647707
0.4073802778041126 0.06457445267382987
0.41686938347033553 0.059168609246099436
0.42657951880159256 0.05422726240177644
0.4365158322401661 0.04970763190178367
0.44668359215096304 0.04557132807605559
0.4570881896148752 0.04178384166247562
0.4677351412871981 0.0383141003727858
0.47863009232263853 0.03513408248267619
0.48977881936844614 0.03221847929345291
0.5011872336272725 0.029544399593642922
0.5128613839913648 0.02709111031102543
0.5248074602497729 0.02483980842912778
0.5370317963702527 0.02277341997957671
0.5495408738576248 0.020876195588894534
0.5623413251903491 0.019120514676878465
0.5754399373371573 0.017492219126721997
0.588843655355589 0.015986847002818414
0.6025595860743581 0.014598851817806803
0.6165950018614822 0.013321977639776932
0.6309573444801936 0.01214956089699281
0.6456542290346556 0.01107476679139927
0.6606934480075958 0.010090769420803999
0.6760829753919819 0.00919088481768359
0.6918309709189363 0.00836866555656872
0.707945784384138 0.0076179646679706715
0.7244359600749899 0.006932975535505391
0.7413102413009177 0.0063082533796456645
0.7585775750291835 0.0057387229262206565
0.776247116628692 0.00521962866092864
0.7943282347242814 0.004732294421689053
0.8128305161640995 0.004270451729865887
0.8317637711026709 0.0038412517027933708
0.8511380382023768 0.003448057802959747
0.8709635899560805 0.003091495024141242
0.8912509381337459 0.002770424335333757
0.9120108393559097 0.0024826743221697234
0.9332543007969915 0.002225553513431912
0.9549925860214359 0.001996188421516489
0.9772372209558111 0.0017911488457919651
1.0 0.0016072727685870712
1.0232929922807548 0.0014534118439824132
1.0471285480508996 0.0012734757733461896
1.071519305237607 0.0011197312090732564
1.096478196143185 0.000986630802344081
1.1220184543019642 0.0008706268476986813
1.1481536214968828 0.0007718920187470427
1.1748975549395304 0.0006849899762243311
1.2022644346174132 0.0006082006919637476
1.2302687708123812 0.0005402556873608123
1.2589254117941675 0.0004800745397484951
1.2882495516931336 0.0004245996496809983
1.3182567385564075 0.00037746825646303375
1.3489628825916533 0.00033565105205118917
1.3803842646028852 0.0002985309906130323
1.412537544622754 0.0002655660456689887
1.4454397707459279 0.0002362818355308486
1.4791083881682072 0.00021025865276419424
1.5135612484362087 0.0001871276251064517
1.5488166189124812 0.00016656186388387746
1.584893192461114 0.0001482732937916675
1.6218100973589298 0.00013200660793125928
1.6595869074375613 0.00011753574409457016
1.6982436524617444 0.00010466042311291134
1.7378008287493762 9.320309621412203e-05
1.7782794100389228 8.30062808770168e-05
1.8197008586099843 7.393015558923426e-05
1.8620871366628675 6.58506560087279e-05
1.9054607179632483 5.865742956956096e-05
1.9498445997580456 5.225218412966802e-05
1.9952623149688808 4.6547209702764485e-05
2.0417379446695296 4.146452339496917e-05
2.089296130854041 3.6929288268272295e-05
2.1379620895022327 3.288321550131025e-05
2.1877616239495516 2.927121899720409e-05
2.23872113856834 2.6044853899517318e-05
2.2908676527677723 2.316164944302451e-05
2.344228815319923 2.0584285887150994e-05
2.39883291901949 1.827999044535509e-05
2.454708915685031 1.6217818519608528e-05
2.5118864315095797 1.4375048300057905e-05
2.570395782768865 1.272870842650175e-05
2.6302679918953813 1.1258807292479371e-05
2.691534803926917 9.947583424474874e-06
2.7542287033381663 8.779145355567569e-06
2.818382931264455 7.739215965571655e-06
2.8840315031266055 6.814905251203019e-06
2.951209226666387 5.994540572352356e-06
3.019951720402016 5.267524549991446e-06
3.090295432513592 4.624204934203007e-06
3.1622776601683795 4.055762475853081e-06
3.2359365692962845 3.554184631810865e-06
3.311311214825911 3.112213212422807e-06
3.3884415613920273 2.723268169329044e-06
3.4673685045253166 2.3810733759876616e-06
3.548133892335757 2.0800241566730583e-06
3.630780547701014 1.8153175466967324e-06
3.715352290971728 1.5827340552168731e-06
3.801893963205613 1.3785655442931803e-06
3.890451449942805 1.1995539792713008e-06
3.981071705534973 1.0428191527017092e-06
4.073802778041126 9.057987611657187e-07
4.168693834703355 7.86202356174307e-07
4.265795188015925 6.817125622164398e-07
4.365158322401661 5.910237829106024e-07
4.46683592150963 5.122215448847198e-07
4.570881896148752 4.438307463883711e-07
4.677351412871981 3.8453755621615884e-07
4.786300923226385 3.331760356399009e-07
4.897788193684462 2.8871545209515793e-07
5.011872336272725 2.5024799146184924e-07
5.1286138399136485 2.1697699670055912e-07
5.248074602497728 1.8820567191233515e-07
5.370317963702527 1.6332637396252805e-07
5.4954087385762485 1.4181062431177256e-07
5.623413251903491 1.2319982918898338e-07
5.754399373371572 1.0709682077077754e-07
5.88843655355589 9.315817053678218e-08
6.025595860743581 8.108730893512864e-08
6.165950018614822 7.062838718777093e-08
6.309573444801936 6.156085396104005e-08
6.456542290346556 5.369468400307381e-08
6.606934480075965 4.6866204861459424e-08
6.760829753919819 4.0934462526574446e-08
6.918309709189363 3.5778064538562876e-08
7.07945784384138 3.129244912375553e-08
7.244359600749899 2.738752625304836e-08
7.413102413009177 2.3985645091383513e-08
7.585775750291836 2.1019846073718895e-08
7.76247116628692 1.8432356891888487e-08
7.943282347242813 1.6173297421675326e-08
8.128305161640995 1.419957813236769e-08
8.317637711026709 1.247395759405567e-08
8.511380382023768 1.096421877869906e-08
8.709635899560805 9.642470209566985e-09
8.91250938133746 8.484546724219351e-09
9.120108393559097 7.469494542538322e-09
9.332543007969914 6.579107705203328e-09
9.549925860214358 5.7975523188355325e-09
9.772372209558112 5.11107946563142e-09
10.0 4.507749286574964e-09
