0.0010219978922 	 0
0.0020219978922 	 0.0
0.0030219978922 	 0.0
0.0040219978922 	 0.0
0.0050219978922 	 0.0
0.0060219978922 	 0.0
0.0070219978922 	 0.0
0.0080219978922 	 0.0
0.009021997892200002 	 0.0
0.010021997892200003 	 0.0
0.011021997892200004 	 0.0
0.012021997892200004 	 0.0
0.013021997892200005 	 0.0
0.014021997892200006 	 0.0
0.015021997892200007 	 0.0
0.016021997892200008 	 0.0
0.01702199789220001 	 0.0
0.01802199789220001 	 0.0
0.01902199789220001 	 0.0
0.02002199789220001 	 0.0
0.021021997892200012 	 0.0
0.022021997892200013 	 0.0
0.023021997892200014 	 0.0
0.024021997892200015 	 0.0
0.025021997892200016 	 0.0
0.026021997892200017 	 0.0
0.027021997892200018 	 0.0
0.02802199789220002 	 0.0
0.02902199789220002 	 0.0
0.03002199789220002 	 0.0
0.03102199789220002 	 0.0
0.03202199789220002 	 0.0
0.03302199789220002 	 0.0
0.03402199789220002 	 0.0
0.03502199789220002 	 0.0
0.03602199789220002 	 0.0
0.03702199789220002 	 0.0
0.038021997892200024 	 0.0
0.039021997892200025 	 0.0
0.040021997892200026 	 0.0
0.04102199789220003 	 0.0
0.04202199789220003 	 0.0
0.04302199789220003 	 0.0
0.04402199789220003 	 0.0
0.04502199789220003 	 0.0
0.04602199789220003 	 0.0
0.04702199789220003 	 0.0
0.04802199789220003 	 0.0
0.049021997892200034 	 0.0
0.050021997892200035 	 0.0
0.051021997892200036 	 0.0
0.052021997892200036 	 0.0
0.05302199789220004 	 0.0
0.05402199789220004 	 0.0
0.05502199789220004 	 0.0
0.05602199789220004 	 0.0
0.05702199789220004 	 0.0
0.05802199789220004 	 0.0
0.05902199789220004 	 0.0
0.060021997892200044 	 0.0
0.061021997892200044 	 0.0
0.062021997892200045 	 0.0
0.06302199789220005 	 0.0
0.06402199789220005 	 0.0
0.06502199789220005 	 0.0
0.06602199789220005 	 0.0
0.06702199789220005 	 0.0
0.06802199789220005 	 0.0
0.06902199789220005 	 0.0
0.07002199789220005 	 0.0
0.07102199789220005 	 0.0
0.07202199789220005 	 0.0
0.07302199789220006 	 0.0
0.07402199789220006 	 0.0
0.07502199789220006 	 0.0
0.07602199789220006 	 0.0
0.07702199789220006 	 0.0
0.07802199789220006 	 0.0
0.07902199789220006 	 0.0
0.08002199789220006 	 0.0
0.08102199789220006 	 0.0
0.08202199789220006 	 0.0
0.08302199789220006 	 0.0
0.08402199789220006 	 0.0
0.08502199789220007 	 0.0
0.08602199789220007 	 0.0
0.08702199789220007 	 0.0
0.08802199789220007 	 0.0
0.08902199789220007 	 0.0
0.09002199789220007 	 0.0
0.09102199789220007 	 0.0
0.09202199789220007 	 0.0
0.09302199789220007 	 0.0
0.09402199789220007 	 0.0
0.09502199789220007 	 0.0
0.09602199789220008 	 0.0
0.09702199789220008 	 0.0
0.09802199789220008 	 0.0
0.09902199789220008 	 0.0
0.10002199789220008 	 0.0
0.10102199789220008 	 0.0
0.10202199789220008 	 0.0
0.10302199789220008 	 0.0
0.10402199789220008 	 0.0
0.10502199789220008 	 0.0
0.10602199789220008 	 0.0
0.10702199789220009 	 0.0
0.10802199789220009 	 0.0
0.10902199789220009 	 0.0
0.11002199789220009 	 0.0
0.11102199789220009 	 0.0
0.11202199789220009 	 0.0
0.11302199789220009 	 0.0
0.11402199789220009 	 0.0
0.11502199789220009 	 0.0
0.1160219978922001 	 0.0
0.1170219978922001 	 0.0
0.1180219978922001 	 0.0
0.1190219978922001 	 0.0
0.1200219978922001 	 0.0
0.1210219978922001 	 0.0
0.1220219978922001 	 0.0
0.1230219978922001 	 0.0
0.1240219978922001 	 0.0
0.1250219978922001 	 0.0
0.1260219978922001 	 0.0
0.1270219978922001 	 0.0
0.1280219978922001 	 0.0
0.1290219978922001 	 0.0
0.1300219978922001 	 0.0
0.1310219978922001 	 0.0
0.1320219978922001 	 0.0
0.1330219978922001 	 0.0
0.1340219978922001 	 0.0
0.1350219978922001 	 0.0
0.1360219978922001 	 0.0
0.1370219978922001 	 0.0
0.1380219978922001 	 0.0
0.1390219978922001 	 0.0
0.1400219978922001 	 0.0
0.1410219978922001 	 0.0
0.1420219978922001 	 0.0
0.1430219978922001 	 0.0
0.1440219978922001 	 0.0
0.1450219978922001 	 0.0
0.1460219978922001 	 0.0
0.1470219978922001 	 0.0
0.1480219978922001 	 0.0
0.1490219978922001 	 0.0
0.1500219978922001 	 0.0
0.1510219978922001 	 0.0
0.1520219978922001 	 0.0
0.1530219978922001 	 0.0
0.1540219978922001 	 0.0
0.15502199789220011 	 0.0
0.15602199789220011 	 0.0
0.15702199789220012 	 0.0
0.15802199789220012 	 0.0
0.15902199789220012 	 0.0
0.16002199789220012 	 0.0
0.16102199789220012 	 0.0
0.16202199789220012 	 0.0
0.16302199789220012 	 0.0
0.16402199789220012 	 0.0
0.16502199789220012 	 0.0
0.16602199789220012 	 0.0
0.16702199789220012 	 0.0
0.16802199789220013 	 0.0
0.16902199789220013 	 0.0
0.17002199789220013 	 0.0
0.17102199789220013 	 0.0
0.17202199789220013 	 0.0
0.17302199789220013 	 0.0
0.17402199789220013 	 0.0
0.17502199789220013 	 0.0
0.17602199789220013 	 0.0
0.17702199789220013 	 0.0
0.17802199789220013 	 0.0
0.17902199789220014 	 0.0
0.18002199789220014 	 0.0
0.18102199789220014 	 0.0
0.18202199789220014 	 0.0
0.18302199789220014 	 0.0
0.18402199789220014 	 0.0
0.18502199789220014 	 0.0
0.18602199789220014 	 0.0
0.18702199789220014 	 0.0
0.18802199789220014 	 0.0
0.18902199789220014 	 0.0
0.19002199789220015 	 0.0
0.19102199789220015 	 0.0
0.19202199789220015 	 0.0
0.19302199789220015 	 0.0
0.19402199789220015 	 0.0
0.19502199789220015 	 0.0
0.19602199789220015 	 0.0
0.19702199789220015 	 0.0
0.19802199789220015 	 0.0
0.19902199789220015 	 0.0
0.20002199789220015 	 0.0
0.20102199789220015 	 0.0
0.20202199789220016 	 0.0
0.20302199789220016 	 0.0
0.20402199789220016 	 0.0
0.20502199789220016 	 0.0
0.20602199789220016 	 0.0
0.20702199789220016 	 0.0
0.20802199789220016 	 0.0
0.20902199789220016 	 0.0
0.21002199789220016 	 0.0
0.21102199789220016 	 0.0
0.21202199789220016 	 0.0
0.21302199789220017 	 0.0
0.21402199789220017 	 0.0
0.21502199789220017 	 0.0
0.21602199789220017 	 0.0
0.21702199789220017 	 0.0
0.21802199789220017 	 0.0
0.21902199789220017 	 0.0
0.22002199789220017 	 0.0
0.22102199789220017 	 0.0
0.22202199789220017 	 0.0
0.22302199789220017 	 0.0
0.22402199789220018 	 0.0
0.22502199789220018 	 0.0
0.22602199789220018 	 0.0
0.22702199789220018 	 0.0
0.22802199789220018 	 0.0
0.22902199789220018 	 0.0
0.23002199789220018 	 0.0
0.23102199789220018 	 0.0
0.23202199789220018 	 0.0
0.23302199789220018 	 0.0
0.23402199789220018 	 0.0
0.23502199789220019 	 0.0
0.23602199789220019 	 0.0
0.2370219978922002 	 0.0
0.2380219978922002 	 0.0
0.2390219978922002 	 0.0
0.2400219978922002 	 0.0
0.2410219978922002 	 0.0
0.2420219978922002 	 0.0
0.2430219978922002 	 0.0
0.2440219978922002 	 0.0
0.2450219978922002 	 0.0
0.2460219978922002 	 0.0
0.2470219978922002 	 0.0
0.2480219978922002 	 0.0
0.2490219978922002 	 0.0
0.2500219978922002 	 0.0
0.2510219978922002 	 0.0
0.2520219978922002 	 0.0
0.2530219978922002 	 0.0
0.2540219978922002 	 0.0
0.2550219978922002 	 0.0
0.2560219978922002 	 0.0
0.2570219978922002 	 0.0
0.2580219978922002 	 0.0
0.2590219978922002 	 0.0
0.2600219978922002 	 0.0
0.2610219978922002 	 0.0
0.2620219978922002 	 0.0
0.2630219978922002 	 0.0
0.2640219978922002 	 0.0
0.2650219978922002 	 0.0
0.2660219978922002 	 0.0
0.2670219978922002 	 0.0
0.2680219978922002 	 0.0
0.2690219978922002 	 0.0
0.2700219978922002 	 0.0
0.2710219978922002 	 0.0
0.2720219978922002 	 0.0
0.2730219978922002 	 0.0
0.2740219978922002 	 0.0
0.2750219978922002 	 0.0
0.2760219978922002 	 0.0
0.2770219978922002 	 0.0
0.2780219978922002 	 0.0
0.2790219978922002 	 0.0
0.2800219978922002 	 0.0
0.2810219978922002 	 0.0
0.2820219978922002 	 0.0
0.2830219978922002 	 0.0
0.28402199789220023 	 0.0
0.28502199789220023 	 0.0
0.28602199789220023 	 0.0
0.28702199789220023 	 0.0
0.28802199789220023 	 0.0
0.28902199789220023 	 0.0
0.29002199789220023 	 0.0
0.29102199789220023 	 0.0
0.29202199789220024 	 0.0
0.29302199789220024 	 0.0
0.29402199789220024 	 0.0
0.29502199789220024 	 0.0
0.29602199789220024 	 0.0
0.29702199789220024 	 0.0
0.29802199789220024 	 0.0
0.29902199789220024 	 0.0
0.30002199789220024 	 0.0
0.30102199789220024 	 0.0
0.30202199789220024 	 0.0
0.30302199789220025 	 0.0
0.30402199789220025 	 0.0
0.30502199789220025 	 0.0
0.30602199789220025 	 0.0
0.30702199789220025 	 0.0
0.30802199789220025 	 0.0
0.30902199789220025 	 0.0
0.31002199789220025 	 0.0
0.31102199789220025 	 0.0
0.31202199789220025 	 0.0
0.31302199789220025 	 0.0
0.31402199789220026 	 0.0
0.31502199789220026 	 0.0
0.31602199789220026 	 0.0
0.31702199789220026 	 0.0
0.31802199789220026 	 0.0
0.31902199789220026 	 0.0
0.32002199789220026 	 0.0
0.32102199789220026 	 0.0
0.32202199789220026 	 0.0
0.32302199789220026 	 0.0
0.32402199789220026 	 0.0
0.32502199789220027 	 0.0
0.32602199789220027 	 0.0
0.32702199789220027 	 0.0
0.32802199789220027 	 0.0
0.32902199789220027 	 0.0
0.33002199789220027 	 0.0
0.33102199789220027 	 0.0
0.33202199789220027 	 0.0
0.33302199789220027 	 0.0
0.3340219978922003 	 0.0
0.3350219978922003 	 0.0
0.3360219978922003 	 0.0
0.3370219978922003 	 0.0
0.3380219978922003 	 0.0
0.3390219978922003 	 0.0
0.3400219978922003 	 0.0
0.3410219978922003 	 0.0
0.3420219978922003 	 0.0
0.3430219978922003 	 0.0
0.3440219978922003 	 0.0
0.3450219978922003 	 0.0
0.3460219978922003 	 0.0
0.3470219978922003 	 0.0
0.3480219978922003 	 0.0
0.3490219978922003 	 0.0
0.3500219978922003 	 0.0
0.3510219978922003 	 0.0
0.3520219978922003 	 0.0
0.3530219978922003 	 0.0
0.3540219978922003 	 0.0
0.3550219978922003 	 0.0
0.3560219978922003 	 0.0
0.3570219978922003 	 0.0
0.3580219978922003 	 0.0
0.3590219978922003 	 0.0
0.3600219978922003 	 0.0
0.3610219978922003 	 0.0
0.3620219978922003 	 0.0
0.3630219978922003 	 0.0
0.3640219978922003 	 0.0
0.3650219978922003 	 0.0
0.3660219978922003 	 0.0
0.3670219978922003 	 0.0
0.3680219978922003 	 0.0
0.3690219978922003 	 0.0
0.3700219978922003 	 0.0
0.3710219978922003 	 0.0
0.3720219978922003 	 0.0
0.3730219978922003 	 0.0
0.3740219978922003 	 0.0
0.3750219978922003 	 0.0
0.3760219978922003 	 0.0
0.3770219978922003 	 0.0
0.3780219978922003 	 0.0
0.3790219978922003 	 0.0
0.3800219978922003 	 0.0
0.3810219978922003 	 0.0
0.3820219978922003 	 0.0
0.3830219978922003 	 0.0
0.3840219978922003 	 0.0
0.3850219978922003 	 0.0
0.3860219978922003 	 0.0
0.3870219978922003 	 0.0
0.3880219978922003 	 0.0
0.3890219978922003 	 0.0
0.3900219978922003 	 0.0
0.3910219978922003 	 0.0
0.3920219978922003 	 0.0
0.3930219978922003 	 0.0
0.3940219978922003 	 0.0
0.3950219978922003 	 0.0
0.39602199789220033 	 0.0
0.39702199789220033 	 0.0
0.39802199789220033 	 0.0
0.39902199789220033 	 0.0
0.40002199789220033 	 0.0
0.40102199789220033 	 0.0
0.40202199789220033 	 0.0
0.40302199789220033 	 0.0
0.40402199789220034 	 0.0
0.40502199789220034 	 0.0
0.40602199789220034 	 0.0
0.40702199789220034 	 0.0
0.40802199789220034 	 0.0
0.40902199789220034 	 0.0
0.41002199789220034 	 0.0
0.41102199789220034 	 0.0
0.41202199789220034 	 0.0
0.41302199789220034 	 0.0
0.41402199789220034 	 0.0
0.41502199789220034 	 0.0
0.41602199789220035 	 0.0
0.41702199789220035 	 0.0
0.41802199789220035 	 0.0
0.41902199789220035 	 0.0
0.42002199789220035 	 0.0
0.42102199789220035 	 0.0
0.42202199789220035 	 0.0
0.42302199789220035 	 0.0
0.42402199789220035 	 0.0
0.42502199789220035 	 0.0
0.42602199789220035 	 0.0
0.42702199789220036 	 0.0
0.42802199789220036 	 0.0
0.42902199789220036 	 0.0
0.43002199789220036 	 0.0
0.43102199789220036 	 0.0
0.43202199789220036 	 0.0
0.43302199789220036 	 0.0
0.43402199789220036 	 0.0
0.43502199789220036 	 0.0
0.43602199789220036 	 0.0
0.43702199789220036 	 0.0
0.43802199789220037 	 0.0
0.43902199789220037 	 0.0
0.44002199789220037 	 0.0
0.44102199789220037 	 0.0
0.44202199789220037 	 0.0
0.44302199789220037 	 0.0
0.44402199789220037 	 0.0
0.44502199789220037 	 0.0
0.4460219978922004 	 0.0
0.4470219978922004 	 0.0
0.4480219978922004 	 0.0
0.4490219978922004 	 0.0
0.4500219978922004 	 0.0
0.4510219978922004 	 0.0
0.4520219978922004 	 0.0
0.4530219978922004 	 0.0
0.4540219978922004 	 0.0
0.4550219978922004 	 0.0
0.4560219978922004 	 0.0
0.4570219978922004 	 0.0
0.4580219978922004 	 0.0
0.4590219978922004 	 0.0
0.4600219978922004 	 0.0
0.4610219978922004 	 0.0
0.4620219978922004 	 0.0
0.4630219978922004 	 0.0
0.4640219978922004 	 0.0
0.4650219978922004 	 0.0
0.4660219978922004 	 0.0
0.4670219978922004 	 0.0
0.4680219978922004 	 0.0
0.4690219978922004 	 0.0
0.4700219978922004 	 0.0
0.4710219978922004 	 0.0
0.4720219978922004 	 0.0
0.4730219978922004 	 0.0
0.4740219978922004 	 0.0
0.4750219978922004 	 0.0
0.4760219978922004 	 0.0
0.4770219978922004 	 0.0
0.4780219978922004 	 0.0
0.4790219978922004 	 0.0
0.4800219978922004 	 0.0
0.4810219978922004 	 0.0
0.4820219978922004 	 0.0
0.4830219978922004 	 0.0
0.4840219978922004 	 0.0
0.4850219978922004 	 0.0
0.4860219978922004 	 0.0
0.4870219978922004 	 0.0
0.4880219978922004 	 0.0
0.4890219978922004 	 0.0
0.4900219978922004 	 0.0
0.4910219978922004 	 0.0
0.4920219978922004 	 0.0
0.4930219978922004 	 0.0
0.4940219978922004 	 0.0
0.4950219978922004 	 0.0
0.4960219978922004 	 0.0
0.4970219978922004 	 0.0
0.4980219978922004 	 0.0
0.4990219978922004 	 0.0
0.5000219978922004 	 0.0
0.5010219978922004 	 0.0
0.5020219978922004 	 0.0
0.5030219978922004 	 0.0
0.5040219978922004 	 0.0
0.5050219978922004 	 0.0
0.5060219978922004 	 0.0
0.5070219978922004 	 0.0
0.5080219978922004 	 0.0
0.5090219978922004 	 0.0
0.5100219978922004 	 0.0
0.5110219978922004 	 0.0
0.5120219978922004 	 0.0
0.5130219978922004 	 0.0
0.5140219978922004 	 0.0
0.5150219978922004 	 0.0
0.5160219978922004 	 0.0
0.5170219978922004 	 0.0
0.5180219978922004 	 0.0
0.5190219978922004 	 0.0
0.5200219978922004 	 0.0
0.5210219978922004 	 0.0
0.5220219978922004 	 0.0
0.5230219978922004 	 0.0
0.5240219978922004 	 0.0
0.5250219978922004 	 0.0
0.5260219978922004 	 0.0
0.5270219978922004 	 0.0
0.5280219978922004 	 0.0
0.5290219978922004 	 0.0
0.5300219978922004 	 0.0
0.5310219978922004 	 0.0
0.5320219978922004 	 0.0
0.5330219978922004 	 0.0
0.5340219978922004 	 0.0
0.5350219978922004 	 0.0
0.5360219978922004 	 0.0
0.5370219978922004 	 0.0
0.5380219978922004 	 0.0
0.5390219978922004 	 0.0
0.5400219978922004 	 0.0
0.5410219978922004 	 0.0
0.5420219978922004 	 0.0
0.5430219978922004 	 0.0
0.5440219978922004 	 0.0
0.5450219978922004 	 0.0
0.5460219978922004 	 0.0
0.5470219978922004 	 0.0
0.5480219978922004 	 0.0
0.5490219978922004 	 0.0
0.5500219978922004 	 0.0
0.5510219978922004 	 0.0
0.5520219978922004 	 0.0
0.5530219978922004 	 0.0
0.5540219978922004 	 0.0
0.5550219978922004 	 0.0
0.5560219978922004 	 0.0
0.5570219978922004 	 0.0
0.5580219978922004 	 0.0
0.5590219978922004 	 0.0
0.5600219978922004 	 0.0
0.5610219978922004 	 0.0
0.5620219978922004 	 0.0
0.5630219978922004 	 0.0
0.5640219978922004 	 0.0
0.5650219978922004 	 0.0
0.5660219978922004 	 0.0
0.5670219978922004 	 0.0
0.5680219978922004 	 0.0
0.5690219978922004 	 0.0
0.5700219978922004 	 0.0
0.5710219978922004 	 0.0
0.5720219978922004 	 0.0
0.5730219978922004 	 0.0
0.5740219978922004 	 0.0
0.5750219978922004 	 0.0
0.5760219978922004 	 0.0
0.5770219978922004 	 0.0
0.5780219978922004 	 0.0
0.5790219978922004 	 0.0
0.5800219978922004 	 0.0
0.5810219978922004 	 0.0
0.5820219978922004 	 0.0
0.5830219978922004 	 0.0
0.5840219978922004 	 0.0
0.5850219978922004 	 0.0
0.5860219978922004 	 0.0
0.5870219978922004 	 0.0
0.5880219978922004 	 0.0
0.5890219978922004 	 0.0
0.5900219978922004 	 0.0
0.5910219978922004 	 0.0
0.5920219978922004 	 0.0
0.5930219978922004 	 0.0
0.5940219978922004 	 0.0
0.5950219978922004 	 0.0
0.5960219978922005 	 0.0
0.5970219978922005 	 0.0
0.5980219978922005 	 0.0
0.5990219978922005 	 0.0
0.6000219978922005 	 0.0
0.6010219978922005 	 0.0
0.6020219978922005 	 0.0
0.6030219978922005 	 0.0
0.6040219978922005 	 0.0
0.6050219978922005 	 0.0
0.6060219978922005 	 0.0
0.6070219978922005 	 0.0
0.6080219978922005 	 0.0
0.6090219978922005 	 0.0
0.6100219978922005 	 0.0
0.6110219978922005 	 0.0
0.6120219978922005 	 0.0
0.6130219978922005 	 0.0
0.6140219978922005 	 0.0
0.6150219978922005 	 0.0
0.6160219978922005 	 0.0
0.6170219978922005 	 0.0
0.6180219978922005 	 0.0
0.6190219978922005 	 0.0
0.6200219978922005 	 0.0
0.6210219978922005 	 0.0
0.6220219978922005 	 0.0
0.6230219978922005 	 0.0
0.6240219978922005 	 0.0
0.6250219978922005 	 0.0
0.6260219978922005 	 0.0
0.6270219978922005 	 0.0
0.6280219978922005 	 0.0
0.6290219978922005 	 0.0
0.6300219978922005 	 0.0
0.6310219978922005 	 0.0
0.6320219978922005 	 0.0
0.6330219978922005 	 0.0
0.6340219978922005 	 0.0
0.6350219978922005 	 0.0
0.6360219978922005 	 0.0
0.6370219978922005 	 0.0
0.6380219978922005 	 0.0
0.6390219978922005 	 0.0
0.6400219978922005 	 0.0
0.6410219978922005 	 0.0
0.6420219978922005 	 0.0
0.6430219978922005 	 0.0
0.6440219978922005 	 0.0
0.6450219978922005 	 0.0
0.6460219978922005 	 0.0
0.6470219978922005 	 0.0
0.6480219978922005 	 0.0
0.6490219978922005 	 0.0
0.6500219978922005 	 0.0
0.6510219978922005 	 0.0
0.6520219978922005 	 0.0
0.6530219978922005 	 0.0
0.6540219978922005 	 0.0
0.6550219978922005 	 0.0
0.6560219978922005 	 0.0
0.6570219978922005 	 0.0
0.6580219978922005 	 0.0
0.6590219978922005 	 0.0
0.6600219978922005 	 0.0
0.6610219978922005 	 0.0
0.6620219978922005 	 0.0
0.6630219978922005 	 0.0
0.6640219978922005 	 0.0
0.6650219978922005 	 0.0
0.6660219978922005 	 0.0
0.6670219978922005 	 0.0
0.6680219978922005 	 0.0
0.6690219978922005 	 0.0
0.6700219978922005 	 0.0
0.6710219978922005 	 0.0
0.6720219978922005 	 0.0
0.6730219978922005 	 0.0
0.6740219978922005 	 0.0
0.6750219978922005 	 0.0
0.6760219978922005 	 0.0
0.6770219978922005 	 0.0
0.6780219978922005 	 0.0
0.6790219978922005 	 0.0
0.6800219978922005 	 0.0
0.6810219978922005 	 0.0
0.6820219978922005 	 0.0
0.6830219978922005 	 0.0
0.6840219978922005 	 0.0
0.6850219978922005 	 0.0
0.6860219978922005 	 0.0
0.6870219978922005 	 0.0
0.6880219978922005 	 0.0
0.6890219978922005 	 0.0
0.6900219978922005 	 0.0
0.6910219978922005 	 0.0
0.6920219978922005 	 0.0
0.6930219978922005 	 0.0
0.6940219978922005 	 0.0
0.6950219978922005 	 0.0
0.6960219978922005 	 0.0
0.6970219978922005 	 0.0
0.6980219978922005 	 0.0
0.6990219978922005 	 0.0
0.7000219978922005 	 0.0
0.7010219978922005 	 0.0
0.7020219978922005 	 0.0
0.7030219978922005 	 0.0
0.7040219978922005 	 0.0
0.7050219978922005 	 0.0
0.7060219978922005 	 0.0
0.7070219978922005 	 0.0
0.7080219978922005 	 0.0
0.7090219978922006 	 0.0
0.7100219978922006 	 0.0
0.7110219978922006 	 0.0
0.7120219978922006 	 0.0
0.7130219978922006 	 0.0
0.7140219978922006 	 0.0
0.7150219978922006 	 0.0
0.7160219978922006 	 0.0
0.7170219978922006 	 0.0
0.7180219978922006 	 0.0
0.7190219978922006 	 0.0
0.7200219978922006 	 0.0
0.7210219978922006 	 0.0
0.7220219978922006 	 0.0
0.7230219978922006 	 0.0
0.7240219978922006 	 0.0
0.7250219978922006 	 0.0
0.7260219978922006 	 0.0
0.7270219978922006 	 0.0
0.7280219978922006 	 0.0
0.7290219978922006 	 0.0
0.7300219978922006 	 0.0
0.7310219978922006 	 0.0
0.7320219978922006 	 0.0
0.7330219978922006 	 0.0
0.7340219978922006 	 0.0
0.7350219978922006 	 0.0
0.7360219978922006 	 0.0
0.7370219978922006 	 0.0
0.7380219978922006 	 0.0
0.7390219978922006 	 0.0
0.7400219978922006 	 0.0
0.7410219978922006 	 0.0
0.7420219978922006 	 0.0
0.7430219978922006 	 0.0
0.7440219978922006 	 0.0
0.7450219978922006 	 0.0
0.7460219978922006 	 0.0
0.7470219978922006 	 0.0
0.7480219978922006 	 0.0
0.7490219978922006 	 0.0
0.7500219978922006 	 0.0
0.7510219978922006 	 0.0
0.7520219978922006 	 0.0
0.7530219978922006 	 0.0
0.7540219978922006 	 0.0
0.7550219978922006 	 0.0
0.7560219978922006 	 0.0
0.7570219978922006 	 0.0
0.7580219978922006 	 0.0
0.7590219978922006 	 0.0
0.7600219978922006 	 0.0
0.7610219978922006 	 0.0
0.7620219978922006 	 0.0
0.7630219978922006 	 0.0
0.7640219978922006 	 0.0
0.7650219978922006 	 0.0
0.7660219978922006 	 0.0
0.7670219978922006 	 0.0
0.7680219978922006 	 0.0
0.7690219978922006 	 0.0
0.7700219978922006 	 0.0
0.7710219978922006 	 0.0
0.7720219978922006 	 0.0
0.7730219978922006 	 0.0
0.7740219978922006 	 0.0
0.7750219978922006 	 0.0
0.7760219978922006 	 0.0
0.7770219978922006 	 0.0
0.7780219978922006 	 0.0
0.7790219978922006 	 0.0
0.7800219978922006 	 0.0
0.7810219978922006 	 0.0
0.7820219978922006 	 0.0
0.7830219978922006 	 0.0
0.7840219978922006 	 0.0
0.7850219978922006 	 0.0
0.7860219978922006 	 0.0
0.7870219978922006 	 0.0
0.7880219978922006 	 0.0
0.7890219978922006 	 0.0
0.7900219978922006 	 0.0
0.7910219978922006 	 0.0
0.7920219978922006 	 0.0
0.7930219978922006 	 0.0
0.7940219978922006 	 0.0
0.7950219978922006 	 0.0
0.7960219978922006 	 0.0
0.7970219978922006 	 0.0
0.7980219978922006 	 0.0
0.7990219978922006 	 0.0
0.8000219978922006 	 0.0
0.8010219978922006 	 0.0
0.8020219978922006 	 0.0
0.8030219978922006 	 0.0
0.8040219978922006 	 0.0
0.8050219978922006 	 0.0
0.8060219978922006 	 0.0
0.8070219978922006 	 0.0
0.8080219978922006 	 0.0
0.8090219978922006 	 0.0
0.8100219978922006 	 0.0
0.8110219978922006 	 0.0
0.8120219978922006 	 0.0
0.8130219978922006 	 0.0
0.8140219978922006 	 0.0
0.8150219978922006 	 0.0
0.8160219978922006 	 0.0
0.8170219978922006 	 0.0
0.8180219978922006 	 0.0
0.8190219978922006 	 0.0
0.8200219978922006 	 0.0
0.8210219978922007 	 0.0
0.8220219978922007 	 0.0
0.8230219978922007 	 0.0
0.8240219978922007 	 0.0
0.8250219978922007 	 0.0
0.8260219978922007 	 0.0
0.8270219978922007 	 0.0
0.8280219978922007 	 0.0
0.8290219978922007 	 0.0
0.8300219978922007 	 0.0
0.8310219978922007 	 0.0
0.8320219978922007 	 0.0
0.8330219978922007 	 0.0
0.8340219978922007 	 0.0
0.8350219978922007 	 0.0
0.8360219978922007 	 0.0
0.8370219978922007 	 0.0
0.8380219978922007 	 0.0
0.8390219978922007 	 0.0
0.8400219978922007 	 0.0
0.8410219978922007 	 0.0
0.8420219978922007 	 0.0
0.8430219978922007 	 0.0
0.8440219978922007 	 0.0
0.8450219978922007 	 0.0
0.8460219978922007 	 0.0
0.8470219978922007 	 0.0
0.8480219978922007 	 0.0
0.8490219978922007 	 0.0
0.8500219978922007 	 0.0
0.8510219978922007 	 0.0
0.8520219978922007 	 0.0
0.8530219978922007 	 0.0
0.8540219978922007 	 0.0
0.8550219978922007 	 0.0
0.8560219978922007 	 0.0
0.8570219978922007 	 0.0
0.8580219978922007 	 0.0
0.8590219978922007 	 0.0
0.8600219978922007 	 0.0
0.8610219978922007 	 0.0
0.8620219978922007 	 0.0
0.8630219978922007 	 0.0
0.8640219978922007 	 0.0
0.8650219978922007 	 0.0
0.8660219978922007 	 0.0
0.8670219978922007 	 0.0
0.8680219978922007 	 0.0
0.8690219978922007 	 0.0
0.8700219978922007 	 0.0
0.8710219978922007 	 0.0
0.8720219978922007 	 0.0
0.8730219978922007 	 0.0
0.8740219978922007 	 0.0
0.8750219978922007 	 0.0
0.8760219978922007 	 0.0
0.8770219978922007 	 0.0
0.8780219978922007 	 0.0
0.8790219978922007 	 0.0
0.8800219978922007 	 0.0
0.8810219978922007 	 0.0
0.8820219978922007 	 0.0
0.8830219978922007 	 0.0
0.8840219978922007 	 0.0
0.8850219978922007 	 0.0
0.8860219978922007 	 0.0
0.8870219978922007 	 0.0
0.8880219978922007 	 0.0
0.8890219978922007 	 0.0
0.8900219978922007 	 0.0
0.8910219978922007 	 0.0
0.8920219978922007 	 0.0
0.8930219978922007 	 0.0
0.8940219978922007 	 0.0
0.8950219978922007 	 0.0
0.8960219978922007 	 0.0
0.8970219978922007 	 0.0
0.8980219978922007 	 0.0
0.8990219978922007 	 0.0
0.9000219978922007 	 0.0
0.9010219978922007 	 0.0
0.9020219978922007 	 0.0
0.9030219978922007 	 0.0
0.9040219978922007 	 0.0
0.9050219978922007 	 0.0
0.9060219978922007 	 0.0
0.9070219978922007 	 0.0
0.9080219978922007 	 0.0
0.9090219978922007 	 0.0
0.9100219978922007 	 0.0
0.9110219978922007 	 0.0
0.9120219978922007 	 0.0
0.9130219978922007 	 0.0
0.9140219978922007 	 0.0
0.9150219978922007 	 0.0
0.9160219978922007 	 0.0
0.9170219978922007 	 0.0
0.9180219978922007 	 0.0
0.9190219978922007 	 0.0
0.9200219978922007 	 0.0
0.9210219978922007 	 0.0
0.9220219978922007 	 0.0
0.9230219978922007 	 0.0
0.9240219978922007 	 0.0
0.9250219978922007 	 0.0
0.9260219978922007 	 0.0
0.9270219978922007 	 0.0
0.9280219978922007 	 0.0
0.9290219978922007 	 0.0
0.9300219978922007 	 0.0
0.9310219978922007 	 0.0
0.9320219978922007 	 0.0
0.9330219978922007 	 0.0
0.9340219978922008 	 0.0
0.9350219978922008 	 0.0
0.9360219978922008 	 0.0
0.9370219978922008 	 0.0
0.9380219978922008 	 0.0
0.9390219978922008 	 0.0
0.9400219978922008 	 0.0
0.9410219978922008 	 0.0
0.9420219978922008 	 0.0
0.9430219978922008 	 0.0
0.9440219978922008 	 0.0
0.9450219978922008 	 0.0
0.9460219978922008 	 0.0
0.9470219978922008 	 0.0
0.9480219978922008 	 0.0
0.9490219978922008 	 0.0
0.9500219978922008 	 0.0
0.9510219978922008 	 0.0
0.9520219978922008 	 0.0
0.9530219978922008 	 0.0
0.9540219978922008 	 0.0
0.9550219978922008 	 0.0
0.9560219978922008 	 0.0
0.9570219978922008 	 0.0
0.9580219978922008 	 0.0
0.9590219978922008 	 0.0
0.9600219978922008 	 0.0
0.9610219978922008 	 0.0
0.9620219978922008 	 0.0
0.9630219978922008 	 0.0
0.9640219978922008 	 0.0
0.9650219978922008 	 0.0
0.9660219978922008 	 0.0
0.9670219978922008 	 0.0
0.9680219978922008 	 0.0
0.9690219978922008 	 0.0
0.9700219978922008 	 0.0
0.9710219978922008 	 0.0
0.9720219978922008 	 0.0
0.9730219978922008 	 0.0
0.9740219978922008 	 0.0
0.9750219978922008 	 0.0
0.9760219978922008 	 0.0
0.9770219978922008 	 0.0
0.9780219978922008 	 0.0
0.9790219978922008 	 0.0
0.9800219978922008 	 0.0
0.9810219978922008 	 0.0
0.9820219978922008 	 0.0
0.9830219978922008 	 0.0
0.9840219978922008 	 0.0
0.9850219978922008 	 0.0
0.9860219978922008 	 0.0
0.9870219978922008 	 0.0
0.9880219978922008 	 0.0
0.9890219978922008 	 0.0
0.9900219978922008 	 0.0
0.9910219978922008 	 0.0
0.9920219978922008 	 0.0
0.9930219978922008 	 0.0
0.9940219978922008 	 0.0
0.9950219978922008 	 0.0
0.9960219978922008 	 0.0014582949180122155
0.9970219978922008 	 0.005227427927605681
0.9980219978922008 	 0.01076522667799135
0.9990219978922008 	 0.0180527362778729
1.0000219978922007 	 0.027155410215291213
1.0010219978922006 	 0.03816247039248957
1.0020219978922005 	 0.05115870374268862
1.0030219978922004 	 0.06620193498963153
1.0040219978922003 	 0.08330127825540992
1.0050219978922001 	 0.10239570215728737
1.0060219978922 	 0.12333059051302453
1.0070219978922 	 0.14584164465860125
1.0080219978921998 	 0.16954680769016417
1.0090219978921997 	 0.1939504699435309
1.0100219978921996 	 0.21846415567430835
1.0110219978921995 	 0.24244641665013644
1.0120219978921994 	 0.26525057731521084
1.0130219978921993 	 0.2862817154062752
1.0140219978921992 	 0.30505334641110976
1.015021997892199 	 0.3212170617136344
1.016021997892199 	 0.33453045927041825
1.0170219978921988 	 0.3445786838158303
1.0180219978921987 	 0.34990919667505765
1.0190219978921986 	 0.34772152934172657
1.0200219978921985 	 0.34080028348720565
1.0210219978921984 	 0.33604714163275007
1.0220219978921983 	 0.33251821431658274
1.0230219978921982 	 0.3283828582129701
1.024021997892198 	 0.3231402106559053
1.025021997892198 	 0.31689893099030003
1.0260219978921978 	 0.30988154809415425
1.0270219978921977 	 0.3023144364240465
1.0280219978921976 	 0.29439107590023533
1.0290219978921975 	 0.28626845521616495
1.0300219978921974 	 0.27807158629260087
1.0310219978921973 	 0.26989427822689294
1.0320219978921972 	 0.2618067641027965
1.033021997892197 	 0.25386393516991307
1.034021997892197 	 0.24610600153743817
1.0350219978921968 	 0.23856088706689207
1.0360219978921967 	 0.23124726187602096
1.0370219978921966 	 0.22417687395556146
1.0380219978921965 	 0.21735593286711255
1.0390219978921964 	 0.21078637567517206
1.0400219978921963 	 0.20446690436493614
1.0410219978921962 	 0.1983936818415693
1.042021997892196 	 0.1925605299046823
1.043021997892196 	 0.18695989808920757
1.0440219978921959 	 0.18158341495809405
1.0450219978921957 	 0.17642220628058894
1.0460219978921956 	 0.17146713859966584
1.0470219978921955 	 0.16670910337842126
1.0480219978921954 	 0.16213942395276698
1.0490219978921953 	 0.15774966147221306
1.0500219978921952 	 0.15353159497545166
1.051021997892195 	 0.14947724058005268
1.052021997892195 	 0.1455788077491934
1.0530219978921949 	 0.14182880304528706
1.0540219978921948 	 0.13822006582315371
1.0550219978921946 	 0.1347457716223506
1.0560219978921945 	 0.1313994301185576
1.0570219978921944 	 0.12817487856692628
1.0580219978921943 	 0.1250662715193254
1.0590219978921942 	 0.12206807152758108
1.060021997892194 	 0.11917503740809728
1.061021997892194 	 0.11638220695149165
1.0620219978921939 	 0.11368487166939456
1.0630219978921938 	 0.11107857143135469
1.0640219978921936 	 0.10855910882712536
1.0650219978921935 	 0.10612252723758656
1.0660219978921934 	 0.1037650721877611
1.0670219978921933 	 0.10148314024459192
1.0680219978921932 	 0.09927331228395492
1.069021997892193 	 0.09713235543375946
1.070021997892193 	 0.09505721227281483
1.0710219978921929 	 0.0930450131425468
1.0720219978921928 	 0.09109312568154457
1.0730219978921927 	 0.0891990764088914
1.0740219978921925 	 0.08736052187321003
1.0750219978921924 	 0.08557524073761856
1.0760219978921923 	 0.08384112636345367
1.0770219978921922 	 0.082156179867699
1.078021997892192 	 0.08051850362410799
1.079021997892192 	 0.0789262951869609
1.0800219978921919 	 0.07737784160743988
1.0810219978921918 	 0.07587148382060815
1.0820219978921917 	 0.07440553227396544
1.0830219978921916 	 0.07297835532539527
1.0840219978921914 	 0.0715884019218736
1.0850219978921913 	 0.07023419713590556
1.0860219978921912 	 0.06891433797838827
1.0870219978921911 	 0.06762755015760603
1.088021997892191 	 0.06637283996195135
1.089021997892191 	 0.06514923810254182
1.0900219978921908 	 0.06395575180978368
1.0910219978921907 	 0.06279141089498043
1.0920219978921906 	 0.06165522055957446
1.0930219978921905 	 0.06054621472978578
1.0940219978921903 	 0.0594634700592297
1.0950219978921902 	 0.05840610367596282
1.0960219978921901 	 0.05737327107206423
1.09702199789219 	 0.05636416411645899
1.09802199789219 	 0.05537800917968017
1.0990219978921898 	 0.054414065253499386
1.1000219978921897 	 0.05347161961700075
1.1010219978921896 	 0.052549996962148224
1.1020219978921895 	 0.051648593263057464
1.1030219978921894 	 0.05076682996618067
1.1040219978921892 	 0.049904151570425014
1.1050219978921891 	 0.0490600250109365
1.106021997892189 	 0.048233938334763686
1.107021997892189 	 0.04742537763113676
1.1080219978921888 	 0.04663376847351503
1.1090219978921887 	 0.045858542318245765
1.1100219978921886 	 0.045099155125246954
1.1110219978921885 	 0.04435511342337033
1.1120219978921884 	 0.04362604329600043
1.1130219978921883 	 0.04291160123568687
1.1140219978921881 	 0.04221143256053666
1.115021997892188 	 0.04152517488173501
1.116021997892188 	 0.04085247785947784
1.1170219978921878 	 0.0401930033976273
1.1180219978921877 	 0.0395464250651659
1.1190219978921876 	 0.03891242754837068
1.1200219978921875 	 0.03829070613347962
1.1210219978921874 	 0.03768095238248511
1.1220219978921873 	 0.03708281681397129
1.1230219978921872 	 0.03649594941104946
1.124021997892187 	 0.03592001331457209
1.125021997892187 	 0.03535468476726511
1.1260219978921868 	 0.03479965255326806
1.1270219978921867 	 0.034254617471529754
1.1280219978921866 	 0.03371932713004313
1.1290219978921865 	 0.03319366797754738
1.1300219978921864 	 0.0326775564817789
1.1310219978921863 	 0.03217087793943101
1.1320219978921862 	 0.03167340942112724
1.133021997892186 	 0.03118490896814821
1.134021997892186 	 0.03070514272724485
1.1350219978921858 	 0.030233380980874316
1.1360219978921857 	 0.029770443198675042
1.1370219978921856 	 0.029315583654268923
1.1380219978921855 	 0.028868599422560082
1.1390219978921854 	 0.028429304865034113
1.1400219978921853 	 0.027997529958709712
1.1410219978921852 	 0.027573106700508717
1.142021997892185 	 0.027155859443056863
1.143021997892185 	 0.026745614697477837
1.1440219978921848 	 0.026342210113784337
1.1450219978921847 	 0.02594550912584214
1.1460219978921846 	 0.025555383528828017
1.1470219978921845 	 0.025171708280979758
1.1480219978921844 	 0.0247943613937356
1.1490219978921843 	 0.024423223823649053
1.1500219978921842 	 0.024058179369723934
1.151021997892184 	 0.02369911208596935
1.152021997892184 	 0.02334589955912928
1.1530219978921838 	 0.022998420220260586
1.1540219978921837 	 0.02265655576982571
1.1550219978921836 	 0.02232019079519929
1.1560219978921835 	 0.021989212871621488
1.1570219978921834 	 0.02166351350566087
1.1580219978921833 	 0.021342986840666805
1.1590219978921832 	 0.021027529784385202
1.160021997892183 	 0.020717041952568918
1.161021997892183 	 0.020411423710805093
1.1620219978921829 	 0.020110571120162766
1.1630219978921827 	 0.019814381872134617
1.1640219978921826 	 0.019522764773365776
1.1650219978921825 	 0.01923563986208812
1.1660219978921824 	 0.018952933882307378
1.1670219978921823 	 0.018674576033296513
1.1680219978921822 	 0.018400496787710427
1.169021997892182 	 0.018130627857619052
1.170021997892182 	 0.017864902163904607
1.1710219978921819 	 0.017603250288347933
1.1720219978921818 	 0.01734559120060162
1.1730219978921816 	 0.01709184294054093
1.1740219978921815 	 0.01684192582328034
1.1750219978921814 	 0.016595762394065044
1.1760219978921813 	 0.016353277269217942
1.1770219978921812 	 0.016114396846182134
1.178021997892181 	 0.01587905045276446
1.179021997892181 	 0.015647168867593316
1.1800219978921809 	 0.015418684769493455
1.1810219978921808 	 0.015193538345806062
1.1820219978921807 	 0.01497169206490396
1.1830219978921805 	 0.014753110724939913
1.1840219978921804 	 0.01453776376997263
1.1850219978921803 	 0.014325617460508347
1.1860219978921802 	 0.014116638632244511
1.18702199789218 	 0.013910780368063086
1.18802199789218 	 0.013707948423570778
1.1890219978921799 	 0.01350806377876631
1.1900219978921798 	 0.01331107142795949
1.1910219978921797 	 0.013116918958775222
1.1920219978921796 	 0.012925556535142659
1.1930219978921794 	 0.012736935772181714
1.1940219978921793 	 0.012551009423436111
1.1950219978921792 	 0.012367731359340793
1.1960219978921791 	 0.012187056535290066
1.197021997892179 	 0.012008940961106208
1.198021997892179 	 0.011833341672330066
1.1990219978921788 	 0.01166021670122967
1.2000219978921787 	 0.011489525049992544
1.2010219978921786 	 0.011321230318737548
1.2020219978921785 	 0.011155310240400812
1.2030219978921783 	 0.010991745397781603
1.2040219978921782 	 0.010830515956737062
1.2050219978921781 	 0.010671598057059473
1.206021997892178 	 0.010514954314121687
1.207021997892178 	 0.010360545041969094
1.2080219978921778 	 0.010208331524668435
1.2090219978921777 	 0.0100582759888461
1.2100219978921776 	 0.00991034157760705
1.2110219978921775 	 0.009764493476919416
1.2120219978921773 	 0.009620701900012955
1.2130219978921772 	 0.009478938237503644
1.2140219978921771 	 0.009339168672448548
1.215021997892177 	 0.009201354954625037
1.216021997892177 	 0.009065459761297485
1.2170219978921768 	 0.008931446878414663
1.2180219978921767 	 0.008799281166316524
1.2190219978921766 	 0.008668928527549774
1.2200219978921765 	 0.008540355875174595
1.2210219978921764 	 0.00841353587670041
1.2220219978921762 	 0.008288459406949732
1.2230219978921761 	 0.008165120807605727
1.224021997892176 	 0.008043513600100066
1.225021997892176 	 0.007923630526419359
1.2260219978921758 	 0.007805457947715623
1.2270219978921757 	 0.007688961139782129
1.2280219978921756 	 0.00757410171288218
1.2290219978921755 	 0.007460842677715149
1.2300219978921754 	 0.0073491483988691545
1.2310219978921753 	 0.007238987489923052
1.2320219978921751 	 0.007130340450191294
1.233021997892175 	 0.007023190563096198
1.234021997892175 	 0.006917521229683692
1.2350219978921748 	 0.0068133159702758826
1.2360219978921747 	 0.006710558426625856
1.2370219978921746 	 0.00660923236382694
1.2380219978921745 	 0.006509321374495508
1.2390219978921744 	 0.006410803105458793
1.2400219978921743 	 0.006313650118448576
1.2410219978921742 	 0.006217837076971427
1.242021997892174 	 0.00612334453439508
1.243021997892174 	 0.0060301546710803495
1.2440219978921738 	 0.005938250034882355
1.2450219978921737 	 0.005847613531423426
1.2460219978921736 	 0.005758228415979633
1.2470219978921735 	 0.005670080364406846
1.2480219978921734 	 0.00558316289063491
1.2490219978921733 	 0.005497470918726523
1.2500219978921732 	 0.005412998920186507
1.251021997892173 	 0.005329738796564953
1.252021997892173 	 0.005247674316959807
1.2530219978921728 	 0.005166787765766077
1.2540219978921727 	 0.005087061870097753
1.2550219978921726 	 0.005008479786490221
1.2560219978921725 	 0.0049310250900643
1.2570219978921724 	 0.004854681763569177
1.2580219978921723 	 0.004779434187644571
1.2590219978921722 	 0.0047052671314216235
1.260021997892172 	 0.0046321657424398185
1.261021997892172 	 0.004560111078855863
1.2620219978921718 	 0.0044890684788538695
1.2630219978921717 	 0.004419002368955169
1.2640219978921716 	 0.004349900037025092
1.2650219978921715 	 0.004281768539687458
1.2660219978921714 	 0.00421461465810655
1.2670219978921713 	 0.004148441789093158
1.2680219978921712 	 0.004083243857529777
1.269021997892171 	 0.004019012650379186
1.270021997892171 	 0.003955739963234099
1.2710219978921709 	 0.0038934168792628234
1.2720219978921707 	 0.0038320318836784903
1.2730219978921706 	 0.0037715731243425296
1.2740219978921705 	 0.003712029058878416
1.2750219978921704 	 0.0036533884459259156
1.2760219978921703 	 0.0035956403381965938
1.2770219978921702 	 0.003538774075787022
1.27802199789217 	 0.003482779280185469
1.27902199789217 	 0.003427645848792089
1.2800219978921699 	 0.0033733639490326063
1.2810219978921698 	 0.003319923752026426
1.2820219978921696 	 0.0032673147499208345
1.2830219978921695 	 0.003215526561840373
1.2840219978921694 	 0.0031645491565991065
1.2850219978921693 	 0.003114372842007671
1.2860219978921692 	 0.0030649882552025564
1.287021997892169 	 0.0030163906505978485
1.288021997892169 	 0.002968590224493649
1.2890219978921689 	 0.002921582265165307
1.2900219978921688 	 0.0028753458535895633
1.2910219978921686 	 0.0028298635752416353
1.2920219978921685 	 0.0027851299414767884
1.2930219978921684 	 0.0027411420995786
1.2940219978921683 	 0.0026978971279064162
1.2950219978921682 	 0.0026553920451189137
1.296021997892168 	 0.002613623819183445
1.297021997892168 	 0.002572589375955093
1.2980219978921679 	 0.002532285609507078
1.2990219978921678 	 0.0024927093858783935
1.3000219978921677 	 0.002453857516277591
1.3010219978921675 	 0.0024157252853416267
1.3020219978921674 	 0.0023783023627392363
1.3030219978921673 	 0.0023415776282064396
1.3040219978921672 	 0.0023055405677062176
1.305021997892167 	 0.0022701812512202326
1.306021997892167 	 0.0022354921302979312
1.3070219978921669 	 0.0022014727604390536
1.3080219978921668 	 0.0021681241623178753
1.3090219978921667 	 0.0021354471873343923
1.3100219978921666 	 0.002103442534672109
1.3110219978921664 	 0.0020721092347170617
1.3120219978921663 	 0.0020414406591357476
1.3130219978921662 	 0.002011429439496145
1.3140219978921661 	 0.001982072220837225
1.315021997892166 	 0.0019533691492558524
1.316021997892166 	 0.0019253204703830844
1.3170219978921658 	 0.0018979264050233387
1.3180219978921657 	 0.0018711871642226045
1.3190219978921656 	 0.0018451029623161388
1.3200219978921655 	 0.0018196740302810661
1.3210219978921653 	 0.00179489896909777
1.3220219978921652 	 0.001770770410832622
1.3230219978921651 	 0.0017472801106996991
1.324021997892165 	 0.0017244204301914677
1.325021997892165 	 0.0017021843132062832
1.3260219978921648 	 0.0016805652599677847
1.3270219978921647 	 0.0016595573011880195
1.3280219978921646 	 0.0016391595153004018
1.3290219978921645 	 0.0016193879479074033
1.3300219978921644 	 0.0016002617522236817
1.3310219978921642 	 0.0015817947207988914
1.3320219978921641 	 0.0015639841310029301
1.333021997892164 	 0.0015468246732045208
1.334021997892164 	 0.001530311382578535
1.3350219978921638 	 0.0015144397688998232
1.3360219978921637 	 0.0014992058187391817
1.3370219978921636 	 0.001484605977954901
1.3380219978921635 	 0.0014706373606026052
1.3390219978921634 	 0.0014573021079582805
1.3400219978921633 	 0.0014446068518964071
1.3410219978921631 	 0.0014325576314427025
1.342021997892163 	 0.0014211577280510092
1.343021997892163 	 0.0014104099355167225
1.3440219978921628 	 0.0014003172493550148
1.3450219978921627 	 0.0013908828704279914
1.3460219978921626 	 0.0013821102023530078
1.3470219978921625 	 0.0013740029890483888
1.3480219978921624 	 0.001366565701982645
1.3490219978921623 	 0.001359803112203164
1.3500219978921622 	 0.0013537201612035122
1.351021997892162 	 0.001348322006527098
1.352021997892162 	 0.001343614142727548
1.3530219978921618 	 0.0013396022427430824
1.3540219978921617 	 0.0013362921215214953
1.3550219978921616 	 0.0013336897319752203
1.3560219978921615 	 0.0013318011512058754
1.3570219978921614 	 0.0013306325598762543
1.3580219978921613 	 0.001330190232920016
1.3590219978921612 	 0.001330480521871501
1.360021997892161 	 0.001331509830960043
1.361021997892161 	 0.0013332778684477721
1.3620219978921608 	 0.0013357592068191145
1.3630219978921607 	 0.0013389538658021855
1.3640219978921606 	 0.0013429125557465665
1.3650219978921605 	 0.0013476400390950848
1.3660219978921604 	 0.0013531378706727716
1.3670219978921603 	 0.0013594073017061475
1.3680219978921602 	 0.0013664491997337077
1.36902199789216 	 0.0013742639530586454
1.37002199789216 	 0.0013828513634988238
1.3710219978921598 	 0.0013922113471508057
1.3720219978921597 	 0.001402346075207645
1.3730219978921596 	 0.0014132575499497676
1.3740219978921595 	 0.001424946785761109
1.3750219978921594 	 0.0014374136838174291
1.3760219978921593 	 0.0014506568893986663
1.3770219978921592 	 0.0014646736312602794
1.378021997892159 	 0.0014794595774428338
1.379021997892159 	 0.0014950086732345843
1.3800219978921588 	 0.0015113129672411107
1.3810219978921587 	 0.0015283620910973952
1.3820219978921586 	 0.0015461421170720627
1.3830219978921585 	 0.0015646362929642632
1.3840219978921584 	 0.0015838251398837759
1.3850219978921583 	 0.001603686255925873
1.3860219978921582 	 0.0016241941269275516
1.387021997892158 	 0.0016453199501188353
1.388021997892158 	 0.0016670313147957429
1.3890219978921579 	 0.00168928916959479
1.3900219978921577 	 0.001712047704874638
1.3910219978921576 	 0.0017352588826244953
1.3920219978921575 	 0.0017588781065120288
1.3930219978921574 	 0.0017828587816289684
1.3940219978921573 	 0.0018071506507966709
1.3950219978921572 	 0.001831699893307132
1.396021997892157 	 0.0018564484302624194
1.397021997892157 	 0.0018813317355994726
1.3980219978921569 	 0.0019062814638468512
1.3990219978921568 	 0.0019312265543487785
1.4000219978921566 	 0.0019559864059826913
1.4010219978921565 	 0.0019807024094406606
1.4020219978921564 	 0.0020051892466715123
1.4030219978921563 	 0.0020293703391801475
1.4040219978921562 	 0.0020531694083098695
1.405021997892156 	 0.002076511272214059
1.406021997892156 	 0.002099322693823076
1.4070219978921559 	 0.0021215332672458913
1.4080219978921558 	 0.0021430762813783753
1.4090219978921557 	 0.0021638895855354686
1.4100219978921555 	 0.0021839164306347563
1.4110219978921554 	 0.002203105670497619
1.4120219978921553 	 0.002221410844693405
1.4130219978921552 	 0.0022387925638999496
1.414021997892155 	 0.0022552213112330926
1.415021997892155 	 0.00227067778371893
1.4160219978921549 	 0.00228515149367411
1.4170219978921548 	 0.0022986408181470282
1.4180219978921547 	 0.002311152967678682
1.4190219978921546 	 0.0023227038104543297
1.4200219978921544 	 0.0023333175569889633
1.4210219978921543 	 0.0023430263172163055
1.4220219978921542 	 0.002351869552221317
1.4230219978921541 	 0.002359893419324509
1.424021997892154 	 0.0023671500066467614
1.425021997892154 	 0.0023736965203282746
1.4260219978921538 	 0.0023795944272751736
1.4270219978921537 	 0.0023849085636607073
1.4280219978921536 	 0.0023897062858581016
1.4290219978921535 	 0.0023940566224664294
1.4300219978921533 	 0.00239802945248358
1.4310219978921532 	 0.002401694740550638
1.4320219978921531 	 0.0024051218546301063
1.433021997892153 	 0.0024083788980929846
1.434021997892153 	 0.002411532104420767
1.4350219978921528 	 0.00241464532718716
1.4360219978921527 	 0.002417779604492741
1.4370219978921526 	 0.0024209927857486036
1.4380219978921525 	 0.0024243393609594296
1.4390219978921523 	 0.0024278698676634654
1.4400219978921522 	 0.0024316304361008284
1.4410219978921521 	 0.002435663288776299
1.442021997892152 	 0.002440006737923894
1.443021997892152 	 0.002444695208795377
1.4440219978921518 	 0.0024497592732144725
1.4450219978921517 	 0.0024552257319564114
1.4460219978921516 	 0.002461117720178693
1.4470219978921515 	 0.0024674548318344394
1.4480219978921514 	 0.002474253279259522
1.4490219978921512 	 0.0024815260592317137
1.4500219978921511 	 0.0024892831244077494
1.451021997892151 	 0.0024975316783778347
1.452021997892151 	 0.002506276683218951
1.4530219978921508 	 0.002515520711799677
1.4540219978921507 	 0.0025252640124310377
1.4550219978921506 	 0.0025355046798015996
1.4560219978921505 	 0.0025462388202266307
1.4570219978921504 	 0.002557460417268243
1.4580219978921503 	 0.002569160701922397
1.4590219978921501 	 0.002581329120289429
1.46002199789215 	 0.002593953722900247
1.46102199789215 	 0.002607021291358986
1.4620219978921498 	 0.00262051745484517
1.4630219978921497 	 0.0026344269223397133
1.4640219978921496 	 0.002648735592821465
1.4650219978921495 	 0.0026634305683265105
1.4660219978921494 	 0.0026784983554979627
1.4670219978921493 	 0.002693924871029571
1.4680219978921492 	 0.0027096955394127257
1.469021997892149 	 0.0027257953773114573
1.470021997892149 	 0.002742209069420755
1.4710219978921488 	 0.002758920142034489
1.4720219978921487 	 0.0027759085430301544
1.4730219978921486 	 0.0027931532385924726
1.4740219978921485 	 0.002810633043583432
1.4750219978921484 	 0.0028283266719284963
1.4760219978921483 	 0.002846212781519408
1.4770219978921482 	 0.002864270008675389
1.478021997892148 	 0.0028824770266498404
1.479021997892148 	 0.0029008125936898234
1.4800219978921478 	 0.0029192555942463556
1.4810219978921477 	 0.0029377850782667182
1.4820219978921476 	 0.0029563802924734875
1.4830219978921475 	 0.002975023480278144
1.4840219978921474 	 0.002993707533547265
1.4850219978921473 	 0.0030124282882275995
1.4860219978921472 	 0.0030311821568578135
1.487021997892147 	 0.0030499661388694627
1.488021997892147 	 0.0030687771805846995
1.4890219978921468 	 0.0030875984381371867
1.4900219978921467 	 0.0031063998486396973
1.4910219978921466 	 0.0031251405498508877
1.4920219978921465 	 0.003143754735687038
1.4930219978921464 	 0.003162221996624675
1.4940219978921463 	 0.003180535355114242
1.4950219978921462 	 0.003198688585707589
1.496021997892146 	 0.0032166762254868106
1.497021997892146 	 0.0032344935666913602
1.4980219978921459 	 0.00325213669843657
1.4990219978921457 	 0.003269602529000427
1.5000219978921456 	 0.0032868887984454694
1.5010219978921455 	 0.003303994087797495
1.5020219978921454 	 0.003320917825553575
1.5030219978921453 	 0.0033376603052483714
1.5040219978921452 	 0.0033542226861829586
1.505021997892145 	 0.0033706069957530347
1.506021997892145 	 0.003386814561136786
1.5070219978921449 	 0.003402841676021288
1.5080219978921447 	 0.0034186796410230124
1.5090219978921446 	 0.003434303948561916
1.5100219978921445 	 0.0034496868240338607
1.5110219978921444 	 0.003464810186272836
1.5120219978921443 	 0.003479690755979367
1.5130219978921442 	 0.003494353600583429
1.514021997892144 	 0.003508812467187275
1.515021997892144 	 0.003523070334283094
1.5160219978921439 	 0.003537130464688936
1.5170219978921438 	 0.0035509968315818314
1.5180219978921436 	 0.0035646741011092875
1.5190219978921435 	 0.0035781676083706704
1.5200219978921434 	 0.0035914833288906555
1.5210219978921433 	 0.0036046278168905157
1.5220219978921432 	 0.0036176081489075564
1.523021997892143 	 0.003630432032977879
1.524021997892143 	 0.003643107683541439
1.5250219978921429 	 0.003655643766329981
1.5260219978921428 	 0.003668049041837916
1.5270219978921427 	 0.0036803327335874244
1.5280219978921425 	 0.003692504573719889
1.5290219978921424 	 0.0037045745373299756
1.5300219978921423 	 0.003716552709431133
1.5310219978921422 	 0.00372844971959214
1.532021997892142 	 0.00374027773736556
1.533021997892142 	 0.003752049276280176
1.5340219978921419 	 0.003763776767808167
1.5350219978921418 	 0.00377547247402064
1.5360219978921417 	 0.0037871484099129627
1.5370219978921416 	 0.0037988162738039548
1.5380219978921414 	 0.0038104872778525582
1.5390219978921413 	 0.0038221711255540265
1.5400219978921412 	 0.0038338759488187944
1.5410219978921411 	 0.0038456090634573716
1.542021997892141 	 0.0038573769155935537
1.543021997892141 	 0.003869184919228948
1.5440219978921408 	 0.003881037274407099
1.5450219978921407 	 0.0038929367960307956
1.5460219978921406 	 0.0039048847515900605
1.5470219978921405 	 0.0039168818042246804
1.5480219978921403 	 0.003928930741172439
1.5490219978921402 	 0.003941033106973705
1.5500219978921401 	 0.003953182711278116
1.55102199789214 	 0.003965355325887286
1.55202199789214 	 0.0039775358638738986
1.5530219978921398 	 0.0039897098091941155
1.5540219978921397 	 0.0040018588868441065
1.5550219978921396 	 0.004013960645658837
1.5560219978921395 	 0.004025988036485653
1.5570219978921394 	 0.00403790899761441
1.5580219978921392 	 0.004049685823943778
1.5590219978921391 	 0.004061274542401573
1.560021997892139 	 0.004072624260494203
1.561021997892139 	 0.004083676496724914
1.5620219978921388 	 0.004094364531044668
1.5630219978921387 	 0.004104612287190145
1.5640219978921386 	 0.004114329395037291
1.5650219978921385 	 0.004123410535900423
1.5660219978921384 	 0.004131738439250904
1.5670219978921383 	 0.0041391833045838315
1.5680219978921381 	 0.004145560324902687
1.569021997892138 	 0.004150677156830334
1.570021997892138 	 0.004154392296793848
1.5710219978921378 	 0.004156530540829882
1.5720219978921377 	 0.004156910685833438
1.5730219978921376 	 0.004155340458683859
1.5740219978921375 	 0.004151617308631034
1.5750219978921374 	 0.004145533278190287
1.5760219978921373 	 0.004136882184309137
1.5770219978921372 	 0.004125470045797837
1.578021997892137 	 0.004111129259697812
1.579021997892137 	 0.004093738207054642
1.5800219978921368 	 0.004073247429657857
1.5810219978921367 	 0.0040497135040969716
1.5820219978921366 	 0.004023341413308087
1.5830219978921365 	 0.003994535002033806
1.5840219978921364 	 0.003963954237422581
1.5850219978921363 	 0.0039325750774682686
1.5860219978921362 	 0.003901744374719754
1.587021997892136 	 0.003873218022542989
1.588021997892136 	 0.003849153827522522
1.5890219978921358 	 0.00383192014249402
1.5900219978921357 	 0.003824248534332564
1.5910219978921356 	 0.0038290036827261773
1.5920219978921355 	 0.0038488548548919555
1.5930219978921354 	 0.00388598422288812
1.5940219978921353 	 0.0039418092936657195
1.5950219978921352 	 0.004016779002336061
1.596021997892135 	 0.004110293718314832
1.597021997892135 	 0.00422077162182562
1.5980219978921348 	 0.004345846532860689
1.5990219978921347 	 0.004482651385332785
1.6000219978921346 	 0.004628126209342589
1.6010219978921345 	 0.004779290137868768
1.6020219978921344 	 0.004933436330047124
1.6030219978921343 	 0.005088268936501938
1.6040219978921342 	 0.005241957160873416
1.605021997892134 	 0.0053931272342665985
1.606021997892134 	 0.0055408165588412
1.6070219978921338 	 0.0056844086061250045
1.6080219978921337 	 0.005823562252810226
1.6090219978921336 	 0.005958144863542107
1.6100219978921335 	 0.0060881739238374385
1.6110219978921334 	 0.006213773314557059
1.6120219978921333 	 0.006335147913836709
1.6130219978921332 	 0.0064525430261972985
1.614021997892133 	 0.0065662128112769355
1.615021997892133 	 0.006676405389133672
1.6160219978921329 	 0.006783359176729486
1.6170219978921327 	 0.006887296745074288
1.6180219978921326 	 0.006988421097718193
1.6190219978921325 	 0.0070869138000971155
1.6200219978921324 	 0.007182934392310168
1.6210219978921323 	 0.007276620642436427
1.6220219978921322 	 0.00736808922229955
1.623021997892132 	 0.00745743695483194
1.624021997892132 	 0.007544742379398951
1.6250219978921319 	 0.007630067304983813
1.6260219978921318 	 0.007713458238172873
1.6270219978921316 	 0.007794947633707251
1.6280219978921315 	 0.007874555605589905
1.6290219978921314 	 0.007952291392549085
1.6300219978921313 	 0.0080281546748448
1.6310219978921312 	 0.008102129934856052
1.632021997892131 	 0.00817416841568865
1.633021997892131 	 0.008244208304884837
1.6340219978921309 	 0.008312192299714015
1.6350219978921308 	 0.008378097546025568
1.6360219978921307 	 0.008441907304187476
1.6370219978921305 	 0.008503602245455849
1.6380219978921304 	 0.008563161200732116
1.6390219978921303 	 0.008620553057637684
1.6400219978921302 	 0.008675737738377274
1.64102199789213 	 0.008728675042849273
1.64202199789213 	 0.008779324982779281
1.6430219978921299 	 0.008827648800249712
1.6440219978921298 	 0.008873609727613372
1.6450219978921297 	 0.008917173469960923
1.6460219978921296 	 0.008958308425055022
1.6470219978921294 	 0.00899698546478574
1.6480219978921293 	 0.009033178886936787
1.6490219978921292 	 0.009066866895844338
1.650021997892129 	 0.00909803185951946
1.651021997892129 	 0.009126658040089162
1.652021997892129 	 0.009152724861313018
1.6530219978921288 	 0.009176214233740602
1.6540219978921287 	 0.009197112929267337
1.6550219978921286 	 0.00921541272396706
1.6560219978921285 	 0.009231110274813747
1.6570219978921283 	 0.009244206621238819
1.6580219978921282 	 0.009254707784064226
1.6590219978921281 	 0.009262624912574865
1.660021997892128 	 0.009267974258709042
1.661021997892128 	 0.009270787293449819
1.6620219978921278 	 0.009271138377966672
1.6630219978921277 	 0.00926911383362773
1.6640219978921276 	 0.009264776792241278
1.6650219978921275 	 0.009258168845344885
1.6660219978921273 	 0.009249334679572787
1.6670219978921272 	 0.009238322556163343
1.6680219978921271 	 0.009225184535009806
1.669021997892127 	 0.009209976418502372
1.670021997892127 	 0.009192757571260854
1.6710219978921268 	 0.009173592047213266
1.6720219978921267 	 0.009152551979969463
1.6730219978921266 	 0.009129713624345013
1.6740219978921265 	 0.009105155963371712
1.6750219978921264 	 0.009078960512610517
1.6760219978921262 	 0.009051211088524674
1.6770219978921261 	 0.009021993484632123
1.678021997892126 	 0.008991395485048634
1.679021997892126 	 0.008959506769974826
1.6800219978921258 	 0.00892641877077949
1.6810219978921257 	 0.008892224525081665
1.6820219978921256 	 0.008857018507275846
1.6830219978921255 	 0.008820896658149053
1.6840219978921254 	 0.008783956227132137
1.6850219978921253 	 0.008746295649797821
1.6860219978921251 	 0.008708014454716417
1.687021997892125 	 0.008669213177571428
1.688021997892125 	 0.008629993558194124
1.6890219978921248 	 0.008590464266654694
1.6900219978921247 	 0.008550740318429208
1.6910219978921246 	 0.008510935044972785
1.6920219978921245 	 0.008471153588234586
1.6930219978921244 	 0.008431499573427714
1.6940219978921243 	 0.008392076927339804
1.6950219978921242 	 0.008352989705856476
1.696021997892124 	 0.008314341963602874
1.697021997892124 	 0.008276237666894679
1.6980219978921238 	 0.00823878035730751
1.6990219978921237 	 0.008202072863925837
1.7000219978921236 	 0.007957857890079368
1.7010219978921235 	 0.007912139796990663
1.7020219978921234 	 0.007867251190463597
1.7030219978921233 	 0.007823301563660429
1.7040219978921232 	 0.007780396591292207
1.705021997892123 	 0.007738637605019104
1.706021997892123 	 0.007698121029071298
1.7070219978921228 	 0.007658937774551903
1.7080219978921227 	 0.007621172591706899
1.7090219978921226 	 0.007584903380474704
1.7100219978921225 	 0.007550200460877307
1.7110219978921224 	 0.007517125806295295
1.7120219978921223 	 0.007485732244388389
1.7130219978921222 	 0.007456062632376016
1.714021997892122 	 0.007428149015562432
1.715021997892122 	 0.007402011780353963
1.7160219978921218 	 0.007377658815518297
1.7170219978921217 	 0.007355084698020871
1.7180219978921216 	 0.007334269922346674
1.7190219978921215 	 0.0073151801946773065
1.7200219978921214 	 0.0072977658155063884
1.7210219978921213 	 0.007281961176096613
1.7220219978921212 	 0.0072676843954450265
1.723021997892121 	 0.007254837124953236
1.724021997892121 	 0.007243304547630764
1.7250219978921209 	 0.007232955597226028
1.7260219978921207 	 0.007223643420054872
1.7270219978921206 	 0.00721520609838299
1.7280219978921205 	 0.007207467648986705
1.7290219978921204 	 0.007200239303997223
1.7300219978921203 	 0.007193321073451939
1.7310219978921202 	 0.007186503580335552
1.73202199789212 	 0.007179570149597439
1.73302199789212 	 0.0071722991230588635
1.7340219978921199 	 0.007164466362726906
1.7350219978921197 	 0.007155847896304734
1.7360219978921196 	 0.007146222651132786
1.7370219978921195 	 0.0071353752169023305
1.7380219978921194 	 0.007123098573665625
1.7390219978921193 	 0.007109196720248051
1.7400219978921192 	 0.007093487139341748
1.741021997892119 	 0.007075803039360329
1.742021997892119 	 0.007055995319441398
1.7430219978921189 	 0.0070339342125135184
1.7440219978921188 	 0.00700951057167711
1.7450219978921186 	 0.006982636776753272
1.7460219978921185 	 0.0069532472501292126
1.7470219978921184 	 0.006921298583348659
1.7480219978921183 	 0.006886769287656824
1.7490219978921182 	 0.006849659192367654
1.750021997892118 	 0.0068099885240350475
1.751021997892118 	 0.006767796706654466
1.7520219978921179 	 0.006723140928307536
1.7530219978921178 	 0.00667609452273365
1.7540219978921177 	 0.0066267452153366945
1.7550219978921175 	 0.006575193282282249
1.7560219978921174 	 0.006521549668865527
1.7570219978921173 	 0.006465934109535027
1.7580219978921172 	 0.006408473287177614
1.759021997892117 	 0.006349299063838982
1.760021997892117 	 0.006288546809287336
1.7610219978921169 	 0.006226353848009669
1.7620219978921168 	 0.0061628580395962735
1.7630219978921167 	 0.006098196502210801
1.7640219978921166 	 0.006032504484095383
1.7650219978921164 	 0.005965914383912497
1.7660219978921163 	 0.005898554917226102
1.7670219978921162 	 0.005830550423576884
1.7680219978921161 	 0.005762020306396199
1.769021997892116 	 0.005693078596381557
1.770021997892116 	 0.005623833627868734
1.7710219978921158 	 0.0055543878171129615
1.7720219978921157 	 0.005484837531162994
1.7730219978921156 	 0.005415273036106582
1.7740219978921155 	 0.0053457785138162715
1.7750219978921153 	 0.005276432136868345
1.7760219978921152 	 0.005207306191989958
1.7770219978921151 	 0.005138467243162463
1.778021997892115 	 0.005069976326332582
1.779021997892115 	 0.005001889168524029
1.7800219978921148 	 0.004934256424975189
1.7810219978921147 	 0.004867123928734904
1.7820219978921146 	 0.0048005329479098155
1.7830219978921145 	 0.004734520446469237
1.7840219978921144 	 0.004669119345165571
1.7850219978921142 	 0.004604358779720968
1.7860219978921141 	 0.0045402643539597986
1.787021997892114 	 0.004476858386037527
1.788021997892114 	 0.004414160146327071
1.7890219978921138 	 0.004352186085881944
1.7900219978921137 	 0.004290950054700945
1.7910219978921136 	 0.004230463509281358
1.7920219978921135 	 0.004170735709165895
1.7930219978921134 	 0.004111773902370059
1.7940219978921133 	 0.00405358349972806
1.7950219978921131 	 0.003996168238313308
1.796021997892113 	 0.0039395303341867634
1.797021997892113 	 0.0038836706248004315
1.7980219978921128 	 0.0038285887014382776
1.7990219978921127 	 0.003774283032117537
1.8000219978921126 	 0.0037207510754012066
1.8010219978921125 	 0.0036679893855875653
1.8020219978921124 	 0.0036159937097515788
1.8030219978921123 	 0.0035647590771122864
1.8040219978921122 	 0.003514279881195402
1.805021997892112 	 0.003464549955250519
1.806021997892112 	 0.003415562641367847
1.8070219978921118 	 0.003367310853724693
1.8080219978921117 	 0.003319787136373121
1.8090219978921116 	 0.0032729837159607197
1.8100219978921115 	 0.003226892549757248
1.8110219978921114 	 0.0031815053693389386
1.8120219978921113 	 0.003136813720261859
1.8130219978921112 	 0.0030928089980359627
1.814021997892111 	 0.0030494824806910417
1.815021997892111 	 0.0030068253582074683
1.8160219978921108 	 0.0029648287590654395
1.8170219978921107 	 0.0029234837741489304
1.8180219978921106 	 0.002882781478224092
1.8190219978921105 	 0.0028427129491954764
1.8200219978921104 	 0.0028032692853282495
1.8210219978921103 	 0.0027644416206109327
1.8220219978921102 	 0.0027262211384193728
1.82302199789211 	 0.0026885990836300238
1.82402199789211 	 0.0026515667733198016
1.8250219978921098 	 0.002615115606177851
1.8260219978921097 	 0.0025792370707451813
1.8270219978921096 	 0.0025439227525884474
1.8280219978921095 	 0.0025091643405054796
1.8290219978921094 	 0.002474953631852416
1.8300219978921093 	 0.0024412825370739985
1.8310219978921092 	 0.0024081430835130604
1.832021997892109 	 0.002375527418567309
1.833021997892109 	 0.0023434278122572124
1.8340219978921088 	 0.0023118366592621005
1.8350219978921087 	 0.002280746480477638
1.8360219978921086 	 0.0022501499241423984
1.8370219978921085 	 0.0022200397665779717
1.8380219978921084 	 0.002190408912582522
1.8390219978921083 	 0.0021612503955143595
1.8400219978921082 	 0.002132557377099058
1.841021997892108 	 0.0021043231469903925
1.842021997892108 	 0.0020765411221131767
1.8430219978921079 	 0.002049204845812467
1.8440219978921077 	 0.0020223079868329453
1.8450219978921076 	 0.0019958443381487777
1.8460219978921075 	 0.0019698078156630814
1.8470219978921074 	 0.0019441924567942734
1.8480219978921073 	 0.0019189924189647733
1.8490219978921072 	 0.00189420197800646
1.850021997892107 	 0.0018698155264954982
1.851021997892107 	 0.001845827572028337
1.8520219978921069 	 0.001822232735449332
1.8530219978921068 	 0.0017990257490395774
1.8540219978921066 	 0.0017762014546754544
1.8550219978921065 	 0.0017537548019647795
1.8560219978921064 	 0.0017316808463675101
1.8570219978921063 	 0.0017099747473072534
1.8580219978921062 	 0.0016886317662794309
1.859021997892106 	 0.0016676472649609605
1.860021997892106 	 0.001647016703326231
1.8610219978921059 	 0.0016267356377734192
1.8620219978921058 	 0.0016067997192647692
1.8630219978921057 	 0.0015872046914841072
1.8640219978921055 	 0.0015679463890146074
1.8650219978921054 	 0.0015490207355393273
1.8660219978921053 	 0.0015304237420667856
1.8670219978921052 	 0.0015121515051836933
1.868021997892105 	 0.0014942002053365629
1.869021997892105 	 0.0014765661051437968
1.8700219978921049 	 0.0014592455477396287
1.8710219978921048 	 0.001442234955151129
1.8720219978921047 	 0.001425530826709183
1.8730219978921046 	 0.001409129737494557
1.8740219978921044 	 0.001393028336819505
1.8750219978921043 	 0.0013772233467458017
1.8760219978921042 	 0.0013617115606395728
1.877021997892104 	 0.0013464898417633465
1.878021997892104 	 0.001331555121905707
1.879021997892104 	 0.0013169044000487483
1.8800219978921038 	 0.0013025347410734888
1.8810219978921037 	 0.0012884432745033883
1.8820219978921036 	 0.0012746271932859434
1.8830219978921034 	 0.0012610837526123911
1.8840219978921033 	 0.0012478102687753958
1.8850219978921032 	 0.0012348041180646413
1.8860219978921031 	 0.0012220627357001617
1.887021997892103 	 0.0012095836148030626
1.888021997892103 	 0.0011973643054036629
1.8890219978921028 	 0.001185402413486382
1.8900219978921027 	 0.0011736956000714684
1.8910219978921026 	 0.0011622415803327815
1.8920219978921025 	 0.0011510381227516203
1.8930219978921023 	 0.0011400830483058917
1.8940219978921022 	 0.0011293742296942602
1.8950219978921021 	 0.0011189095905948198
1.896021997892102 	 0.0011086871049577037
1.897021997892102 	 0.0010987047963311326
1.8980219978921018 	 0.0010889607372202275
1.8990219978921017 	 0.0010794530484781002
1.9000219978921016 	 0.0010701798987284399
1.9010219978921015 	 0.0010611395038190223
1.9020219978921014 	 0.0010523301263053255
1.9030219978921012 	 0.0010437500749636433
1.9040219978921011 	 0.001035397704332739
1.905021997892101 	 0.0010272714142834079
1.906021997892101 	 0.0010193696496149254
1.9070219978921008 	 0.001011690899677661
1.9080219978921007 	 0.0010042336980208056
1.9090219978921006 	 0.0009969966220643247
1.9100219978921005 	 0.0009899782927941028
1.9110219978921004 	 0.0009831773744793308
1.9120219978921003 	 0.0009765925744109666
1.9130219978921001 	 0.0009702226426601534
1.9140219978921 	 0.0009640663718556383
1.9150219978921 	 0.0009581225969787744
1.9160219978920998 	 0.0009523901951750047
1.9170219978920997 	 0.0009468680855805999
1.9180219978920996 	 0.0009415552291633161
1.9190219978920995 	 0.0009364506285756257
1.9200219978920994 	 0.0009315533280192409
1.9210219978920993 	 0.0009268624131194459
1.9220219978920992 	 0.0009223770108079006
1.923021997892099 	 0.0009180962892124096
1.924021997892099 	 0.0009140194575521719
1.9250219978920988 	 0.0009101457660370837
1.9260219978920987 	 0.0009064745057694247
1.9270219978920986 	 0.0009030050086465284
1.9280219978920985 	 0.0008997366472627752
1.9290219978920984 	 0.0008966688348093449
1.9300219978920983 	 0.0008938010249701147
1.9310219978920982 	 0.0008911327118121643
1.932021997892098 	 0.0008886634296692349
1.933021997892098 	 0.0008863927530164431
1.9340219978920978 	 0.00088432029633487
1.9350219978920977 	 0.0008824457139641797
1.9360219978920976 	 0.0008807686999418231
1.9370219978920975 	 0.0008792889878272368
1.9380219978920974 	 0.0008780063505094511
1.9390219978920973 	 0.0008769205999966115
1.9400219978920972 	 0.0008760315871859303
1.941021997892097 	 0.0008753392016125551
1.942021997892097 	 0.0008748433711760258
1.9430219978920968 	 0.0008745440618429299
1.9440219978920967 	 0.0008744412773243185
1.9450219978920966 	 0.0008745350587268602
1.9460219978920965 	 0.0008748254841763362
1.9470219978920964 	 0.0008753126684123722
1.9480219978920963 	 0.0008759967623535172
1.9490219978920962 	 0.0008768779526314841
1.950021997892096 	 0.000877956461093725
1.951021997892096 	 0.0008792325442736561
1.9520219978920959 	 0.0008807064928275714
1.9530219978920957 	 0.0008823786309378793
1.9540219978920956 	 0.0008842493156819502
1.9550219978920955 	 0.0008863189363661913
1.9560219978920954 	 0.0008885879138251595
1.9570219978920953 	 0.0008910566996853031
1.9580219978920952 	 0.0008937257755933484
1.959021997892095 	 0.0008965956524094072
1.960021997892095 	 0.0008996668693647443
1.9610219978920949 	 0.0009029399931846358
1.9620219978920947 	 0.0009064156171765755
1.9630219978920946 	 0.0009100943602843076
1.9640219978920945 	 0.00091397686610834
1.9650219978920944 	 0.0009180638018935829
1.9660219978920943 	 0.0009223558574849098
1.9670219978920942 	 0.0009268537442516933
1.968021997892094 	 0.0009315581939822046
1.969021997892094 	 0.0009364699577491054
1.9700219978920939 	 0.0009415898047473157
1.9710219978920938 	 0.0009469185211055072
1.9720219978920936 	 0.0009524569086727563
1.9730219978920935 	 0.0009582057837818476
1.9740219978920934 	 0.0009641659759908882
1.9750219978920933 	 0.0009703383268048537
1.9760219978920932 	 0.0009767236883789824
1.977021997892093 	 0.0009833229222057092
1.978021997892093 	 0.0009901368977871827
1.9790219978920929 	 0.0009971664912952075
1.9800219978920928 	 0.001004412584220745
1.9810219978920927 	 0.0010118760620149176
1.9820219978920925 	 0.0010195578127236739
1.9830219978920924 	 0.001027458725618209
1.9840219978920923 	 0.001035579689823265
1.9850219978920922 	 0.0010439215929454355
1.986021997892092 	 0.0010524853197037094
1.987021997892092 	 0.0010612717505642647
1.9880219978920919 	 0.0010702817603817712
1.9890219978920918 	 0.001079516217049247
1.9900219978920917 	 0.0010889759801585455
1.9910219978920916 	 0.0010986618996736079
1.9920219978920914 	 0.0011085748146184133
1.9930219978920913 	 0.0011187155517816524
1.9940219978920912 	 0.0011290849244400063
1.9950219978920911 	 0.001139683731101905
1.996021997892091 	 0.0011505127542736238
1.997021997892091 	 0.0011615727592492965
1.9980219978920908 	 0.0011728644929266728
1.9990219978920907 	 0.001184388682650045
