0.0010219978922 	 0
0.0020219978922 	 0.0
0.0030219978922 	 0.0
0.0040219978922 	 0.0
0.0050219978922 	 0.0
0.0060219978922 	 0.0
0.0070219978922 	 0.0
0.0080219978922 	 0.0
0.009021997892200002 	 0.0
0.010021997892200003 	 0.0
0.011021997892200004 	 0.0
0.012021997892200004 	 0.0
0.013021997892200005 	 0.0
0.014021997892200006 	 0.0
0.015021997892200007 	 0.0
0.016021997892200008 	 0.0
0.01702199789220001 	 0.0
0.01802199789220001 	 0.0
0.01902199789220001 	 0.0
0.02002199789220001 	 0.0
0.021021997892200012 	 0.0
0.022021997892200013 	 0.0
0.023021997892200014 	 0.0
0.024021997892200015 	 0.0
0.025021997892200016 	 0.0
0.026021997892200017 	 0.0
0.027021997892200018 	 0.0
0.02802199789220002 	 0.0
0.02902199789220002 	 0.0
0.03002199789220002 	 0.0
0.03102199789220002 	 0.0
0.03202199789220002 	 0.0
0.03302199789220002 	 0.0
0.03402199789220002 	 0.0
0.03502199789220002 	 0.0
0.03602199789220002 	 0.0
0.03702199789220002 	 0.0
0.038021997892200024 	 0.0
0.039021997892200025 	 0.0
0.040021997892200026 	 0.0
0.04102199789220003 	 0.0
0.04202199789220003 	 0.0
0.04302199789220003 	 0.0
0.04402199789220003 	 0.0
0.04502199789220003 	 0.0
0.04602199789220003 	 0.0
0.04702199789220003 	 0.0
0.04802199789220003 	 0.0
0.049021997892200034 	 0.0
0.050021997892200035 	 0.0
0.051021997892200036 	 0.0
0.052021997892200036 	 0.0
0.05302199789220004 	 0.0
0.05402199789220004 	 0.0
0.05502199789220004 	 0.0
0.05602199789220004 	 0.0
0.05702199789220004 	 0.0
0.05802199789220004 	 0.0
0.05902199789220004 	 0.0
0.060021997892200044 	 0.0
0.061021997892200044 	 0.0
0.062021997892200045 	 0.0
0.06302199789220005 	 0.0
0.06402199789220005 	 0.0
0.06502199789220005 	 0.0
0.06602199789220005 	 0.0
0.06702199789220005 	 0.0
0.06802199789220005 	 0.0
0.06902199789220005 	 0.0
0.07002199789220005 	 0.0
0.07102199789220005 	 0.0
0.07202199789220005 	 0.0
0.07302199789220006 	 0.0
0.07402199789220006 	 0.0
0.07502199789220006 	 0.0
0.07602199789220006 	 0.0
0.07702199789220006 	 0.0
0.07802199789220006 	 0.0
0.07902199789220006 	 0.0
0.08002199789220006 	 0.0
0.08102199789220006 	 0.0
0.08202199789220006 	 0.0
0.08302199789220006 	 0.0
0.08402199789220006 	 0.0
0.08502199789220007 	 0.0
0.08602199789220007 	 0.0
0.08702199789220007 	 0.0
0.08802199789220007 	 0.0
0.08902199789220007 	 0.0
0.09002199789220007 	 0.0
0.09102199789220007 	 0.0
0.09202199789220007 	 0.0
0.09302199789220007 	 0.0
0.09402199789220007 	 0.0
0.09502199789220007 	 0.0
0.09602199789220008 	 0.0
0.09702199789220008 	 0.0
0.09802199789220008 	 0.0
0.09902199789220008 	 0.0
0.10002199789220008 	 0.0
0.10102199789220008 	 0.0
0.10202199789220008 	 0.0
0.10302199789220008 	 0.0
0.10402199789220008 	 0.0
0.10502199789220008 	 0.0
0.10602199789220008 	 0.0
0.10702199789220009 	 0.0
0.10802199789220009 	 0.0
0.10902199789220009 	 0.0
0.11002199789220009 	 0.0
0.11102199789220009 	 0.0
0.11202199789220009 	 0.0
0.11302199789220009 	 0.0
0.11402199789220009 	 0.0
0.11502199789220009 	 0.0
0.1160219978922001 	 0.0
0.1170219978922001 	 0.0
0.1180219978922001 	 0.0
0.1190219978922001 	 0.0
0.1200219978922001 	 0.0
0.1210219978922001 	 0.0
0.1220219978922001 	 0.0
0.1230219978922001 	 0.0
0.1240219978922001 	 0.0
0.1250219978922001 	 0.0
0.1260219978922001 	 0.0
0.1270219978922001 	 0.0
0.1280219978922001 	 0.0
0.1290219978922001 	 0.0
0.1300219978922001 	 0.0
0.1310219978922001 	 0.0
0.1320219978922001 	 0.0
0.1330219978922001 	 0.0
0.1340219978922001 	 0.0
0.1350219978922001 	 0.0
0.1360219978922001 	 0.0
0.1370219978922001 	 0.0
0.1380219978922001 	 0.0
0.1390219978922001 	 0.0
0.1400219978922001 	 0.0
0.1410219978922001 	 0.0
0.1420219978922001 	 0.0
0.1430219978922001 	 0.0
0.1440219978922001 	 0.0
0.1450219978922001 	 0.0
0.1460219978922001 	 0.0
0.1470219978922001 	 0.0
0.1480219978922001 	 0.0
0.1490219978922001 	 0.0
0.1500219978922001 	 0.0
0.1510219978922001 	 0.0
0.1520219978922001 	 0.0
0.1530219978922001 	 0.0
0.1540219978922001 	 0.0
0.15502199789220011 	 0.0
0.15602199789220011 	 0.0
0.15702199789220012 	 0.0
0.15802199789220012 	 0.0
0.15902199789220012 	 0.0
0.16002199789220012 	 0.0
0.16102199789220012 	 0.0
0.16202199789220012 	 0.0
0.16302199789220012 	 0.0
0.16402199789220012 	 0.0
0.16502199789220012 	 0.0
0.16602199789220012 	 0.0
0.16702199789220012 	 0.0
0.16802199789220013 	 0.0
0.16902199789220013 	 0.0
0.17002199789220013 	 0.0
0.17102199789220013 	 0.0
0.17202199789220013 	 0.0
0.17302199789220013 	 0.0
0.17402199789220013 	 0.0
0.17502199789220013 	 0.0
0.17602199789220013 	 0.0
0.17702199789220013 	 0.0
0.17802199789220013 	 0.0
0.17902199789220014 	 0.0
0.18002199789220014 	 0.0
0.18102199789220014 	 0.0
0.18202199789220014 	 0.0
0.18302199789220014 	 0.0
0.18402199789220014 	 0.0
0.18502199789220014 	 0.0
0.18602199789220014 	 0.0
0.18702199789220014 	 0.0
0.18802199789220014 	 0.0
0.18902199789220014 	 0.0
0.19002199789220015 	 0.0
0.19102199789220015 	 0.0
0.19202199789220015 	 0.0
0.19302199789220015 	 0.0
0.19402199789220015 	 0.0
0.19502199789220015 	 0.0
0.19602199789220015 	 0.0
0.19702199789220015 	 0.0
0.19802199789220015 	 0.0
0.19902199789220015 	 0.0
0.20002199789220015 	 0.0
0.20102199789220015 	 0.0
0.20202199789220016 	 0.0
0.20302199789220016 	 0.0
0.20402199789220016 	 0.0
0.20502199789220016 	 0.0
0.20602199789220016 	 0.0
0.20702199789220016 	 0.0
0.20802199789220016 	 0.0
0.20902199789220016 	 0.0
0.21002199789220016 	 0.0
0.21102199789220016 	 0.0
0.21202199789220016 	 0.0
0.21302199789220017 	 0.0
0.21402199789220017 	 0.0
0.21502199789220017 	 0.0
0.21602199789220017 	 0.0
0.21702199789220017 	 0.0
0.21802199789220017 	 0.0
0.21902199789220017 	 0.0
0.22002199789220017 	 0.0
0.22102199789220017 	 0.0
0.22202199789220017 	 0.0
0.22302199789220017 	 0.0
0.22402199789220018 	 0.0
0.22502199789220018 	 0.0
0.22602199789220018 	 0.0
0.22702199789220018 	 0.0
0.22802199789220018 	 0.0
0.22902199789220018 	 0.0
0.23002199789220018 	 0.0
0.23102199789220018 	 0.0
0.23202199789220018 	 0.0
0.23302199789220018 	 0.0
0.23402199789220018 	 0.0
0.23502199789220019 	 0.0
0.23602199789220019 	 0.0
0.2370219978922002 	 0.0
0.2380219978922002 	 0.0
0.2390219978922002 	 0.0
0.2400219978922002 	 0.0
0.2410219978922002 	 0.0
0.2420219978922002 	 0.0
0.2430219978922002 	 0.0
0.2440219978922002 	 0.0
0.2450219978922002 	 0.0
0.2460219978922002 	 0.0
0.2470219978922002 	 0.0
0.2480219978922002 	 0.0
0.2490219978922002 	 0.0
0.2500219978922002 	 0.0
0.2510219978922002 	 0.0
0.2520219978922002 	 0.0
0.2530219978922002 	 0.0
0.2540219978922002 	 0.0
0.2550219978922002 	 0.0
0.2560219978922002 	 0.0
0.2570219978922002 	 0.0
0.2580219978922002 	 0.0
0.2590219978922002 	 0.0
0.2600219978922002 	 0.0
0.2610219978922002 	 0.0
0.2620219978922002 	 0.0
0.2630219978922002 	 0.0
0.2640219978922002 	 0.0
0.2650219978922002 	 0.0
0.2660219978922002 	 0.0
0.2670219978922002 	 0.0
0.2680219978922002 	 0.0
0.2690219978922002 	 0.0
0.2700219978922002 	 0.0
0.2710219978922002 	 0.0
0.2720219978922002 	 0.0
0.2730219978922002 	 0.0
0.2740219978922002 	 0.0
0.2750219978922002 	 0.0
0.2760219978922002 	 0.0
0.2770219978922002 	 0.0
0.2780219978922002 	 0.0
0.2790219978922002 	 0.0
0.2800219978922002 	 0.0
0.2810219978922002 	 0.0
0.2820219978922002 	 0.0
0.2830219978922002 	 0.0
0.28402199789220023 	 0.0
0.28502199789220023 	 0.0
0.28602199789220023 	 0.0
0.28702199789220023 	 0.0
0.28802199789220023 	 0.0
0.28902199789220023 	 0.0
0.29002199789220023 	 0.0
0.29102199789220023 	 0.0
0.29202199789220024 	 0.0
0.29302199789220024 	 0.0
0.29402199789220024 	 0.0
0.29502199789220024 	 0.0
0.29602199789220024 	 0.0
0.29702199789220024 	 0.0
0.29802199789220024 	 0.0
0.29902199789220024 	 0.0
0.30002199789220024 	 0.0
0.30102199789220024 	 0.0
0.30202199789220024 	 0.0
0.30302199789220025 	 0.0
0.30402199789220025 	 0.0
0.30502199789220025 	 0.0
0.30602199789220025 	 0.0
0.30702199789220025 	 0.0
0.30802199789220025 	 0.0
0.30902199789220025 	 0.0
0.31002199789220025 	 0.0
0.31102199789220025 	 0.0
0.31202199789220025 	 0.0
0.31302199789220025 	 0.0
0.31402199789220026 	 0.0
0.31502199789220026 	 0.0
0.31602199789220026 	 0.0
0.31702199789220026 	 0.0
0.31802199789220026 	 0.0
0.31902199789220026 	 0.0
0.32002199789220026 	 0.0
0.32102199789220026 	 0.0
0.32202199789220026 	 0.0
0.32302199789220026 	 0.0
0.32402199789220026 	 0.0
0.32502199789220027 	 0.0
0.32602199789220027 	 0.0
0.32702199789220027 	 0.0
0.32802199789220027 	 0.0
0.32902199789220027 	 0.0
0.33002199789220027 	 0.0
0.33102199789220027 	 0.0
0.33202199789220027 	 0.0
0.33302199789220027 	 0.0
0.3340219978922003 	 0.0
0.3350219978922003 	 0.0
0.3360219978922003 	 0.0
0.3370219978922003 	 0.0
0.3380219978922003 	 0.0
0.3390219978922003 	 0.0
0.3400219978922003 	 0.0
0.3410219978922003 	 0.0
0.3420219978922003 	 0.0
0.3430219978922003 	 0.0
0.3440219978922003 	 0.0
0.3450219978922003 	 0.0
0.3460219978922003 	 0.0
0.3470219978922003 	 0.0
0.3480219978922003 	 0.0
0.3490219978922003 	 0.0
0.3500219978922003 	 0.0
0.3510219978922003 	 0.0
0.3520219978922003 	 0.0
0.3530219978922003 	 0.0
0.3540219978922003 	 0.0
0.3550219978922003 	 0.0
0.3560219978922003 	 0.0
0.3570219978922003 	 0.0
0.3580219978922003 	 0.0
0.3590219978922003 	 0.0
0.3600219978922003 	 0.0
0.3610219978922003 	 0.0
0.3620219978922003 	 0.0
0.3630219978922003 	 0.0
0.3640219978922003 	 0.0
0.3650219978922003 	 0.0
0.3660219978922003 	 0.0
0.3670219978922003 	 0.0
0.3680219978922003 	 0.0
0.3690219978922003 	 0.0
0.3700219978922003 	 0.0
0.3710219978922003 	 0.0
0.3720219978922003 	 0.0
0.3730219978922003 	 0.0
0.3740219978922003 	 0.0
0.3750219978922003 	 0.0
0.3760219978922003 	 0.0
0.3770219978922003 	 0.0
0.3780219978922003 	 0.0
0.3790219978922003 	 0.0
0.3800219978922003 	 0.0
0.3810219978922003 	 0.0
0.3820219978922003 	 0.0
0.3830219978922003 	 0.0
0.3840219978922003 	 0.0
0.3850219978922003 	 0.0
0.3860219978922003 	 0.0
0.3870219978922003 	 0.0
0.3880219978922003 	 0.0
0.3890219978922003 	 0.0
0.3900219978922003 	 0.0
0.3910219978922003 	 0.0
0.3920219978922003 	 0.0
0.3930219978922003 	 0.0
0.3940219978922003 	 0.0
0.3950219978922003 	 0.0
0.39602199789220033 	 0.0
0.39702199789220033 	 0.0
0.39802199789220033 	 0.0
0.39902199789220033 	 0.0
0.40002199789220033 	 0.0
0.40102199789220033 	 0.0
0.40202199789220033 	 0.0
0.40302199789220033 	 0.0
0.40402199789220034 	 0.0
0.40502199789220034 	 0.0
0.40602199789220034 	 0.0
0.40702199789220034 	 0.0
0.40802199789220034 	 0.0
0.40902199789220034 	 0.0
0.41002199789220034 	 0.0
0.41102199789220034 	 0.0
0.41202199789220034 	 0.0
0.41302199789220034 	 0.0
0.41402199789220034 	 0.0
0.41502199789220034 	 0.0
0.41602199789220035 	 0.0
0.41702199789220035 	 0.0
0.41802199789220035 	 0.0
0.41902199789220035 	 0.0
0.42002199789220035 	 0.0
0.42102199789220035 	 0.0
0.42202199789220035 	 0.0
0.42302199789220035 	 0.0
0.42402199789220035 	 0.0
0.42502199789220035 	 0.0
0.42602199789220035 	 0.0
0.42702199789220036 	 0.0
0.42802199789220036 	 0.0
0.42902199789220036 	 0.0
0.43002199789220036 	 0.0
0.43102199789220036 	 0.0
0.43202199789220036 	 0.0
0.43302199789220036 	 0.0
0.43402199789220036 	 0.0
0.43502199789220036 	 0.0
0.43602199789220036 	 0.0
0.43702199789220036 	 0.0
0.43802199789220037 	 0.0
0.43902199789220037 	 0.0
0.44002199789220037 	 0.0
0.44102199789220037 	 0.0
0.44202199789220037 	 0.0
0.44302199789220037 	 0.0
0.44402199789220037 	 0.0
0.44502199789220037 	 0.0
0.4460219978922004 	 0.0
0.4470219978922004 	 0.0
0.4480219978922004 	 0.0
0.4490219978922004 	 0.0
0.4500219978922004 	 0.0
0.4510219978922004 	 0.0
0.4520219978922004 	 0.0
0.4530219978922004 	 0.0
0.4540219978922004 	 0.0
0.4550219978922004 	 0.0
0.4560219978922004 	 0.0
0.4570219978922004 	 0.0
0.4580219978922004 	 0.0
0.4590219978922004 	 0.0
0.4600219978922004 	 0.0
0.4610219978922004 	 0.0
0.4620219978922004 	 0.0
0.4630219978922004 	 0.0
0.4640219978922004 	 0.0
0.4650219978922004 	 0.0
0.4660219978922004 	 0.0
0.4670219978922004 	 0.0
0.4680219978922004 	 0.0
0.4690219978922004 	 0.0
0.4700219978922004 	 0.0
0.4710219978922004 	 0.0
0.4720219978922004 	 0.0
0.4730219978922004 	 0.0
0.4740219978922004 	 0.0
0.4750219978922004 	 0.0
0.4760219978922004 	 0.0
0.4770219978922004 	 0.0
0.4780219978922004 	 0.0
0.4790219978922004 	 0.0
0.4800219978922004 	 0.0
0.4810219978922004 	 0.0
0.4820219978922004 	 0.0
0.4830219978922004 	 0.0
0.4840219978922004 	 0.0
0.4850219978922004 	 0.0
0.4860219978922004 	 0.0
0.4870219978922004 	 0.0
0.4880219978922004 	 0.0
0.4890219978922004 	 0.0
0.4900219978922004 	 0.0
0.4910219978922004 	 0.0
0.4920219978922004 	 0.0
0.4930219978922004 	 0.0
0.4940219978922004 	 0.0
0.4950219978922004 	 0.0
0.4960219978922004 	 0.0
0.4970219978922004 	 0.0
0.4980219978922004 	 0.0
0.4990219978922004 	 0.0
0.5000219978922004 	 0.0
0.5010219978922004 	 0.0
0.5020219978922004 	 0.0
0.5030219978922004 	 0.0
0.5040219978922004 	 0.0
0.5050219978922004 	 0.0
0.5060219978922004 	 0.0
0.5070219978922004 	 0.0
0.5080219978922004 	 0.0
0.5090219978922004 	 0.0
0.5100219978922004 	 0.0
0.5110219978922004 	 0.0
0.5120219978922004 	 0.0
0.5130219978922004 	 0.0
0.5140219978922004 	 0.0
0.5150219978922004 	 0.0
0.5160219978922004 	 0.0
0.5170219978922004 	 0.0
0.5180219978922004 	 0.0
0.5190219978922004 	 0.0
0.5200219978922004 	 0.0
0.5210219978922004 	 0.0
0.5220219978922004 	 0.0
0.5230219978922004 	 0.0
0.5240219978922004 	 0.0
0.5250219978922004 	 0.0
0.5260219978922004 	 0.0
0.5270219978922004 	 0.0
0.5280219978922004 	 0.0
0.5290219978922004 	 0.0
0.5300219978922004 	 0.0
0.5310219978922004 	 0.0
0.5320219978922004 	 0.0
0.5330219978922004 	 0.0
0.5340219978922004 	 0.0
0.5350219978922004 	 0.0
0.5360219978922004 	 0.0
0.5370219978922004 	 0.0
0.5380219978922004 	 0.0
0.5390219978922004 	 0.0
0.5400219978922004 	 0.0
0.5410219978922004 	 0.0
0.5420219978922004 	 0.0
0.5430219978922004 	 0.0
0.5440219978922004 	 0.0
0.5450219978922004 	 0.0
0.5460219978922004 	 0.0
0.5470219978922004 	 0.0
0.5480219978922004 	 0.0
0.5490219978922004 	 0.0
0.5500219978922004 	 0.0
0.5510219978922004 	 0.0
0.5520219978922004 	 0.0
0.5530219978922004 	 0.0
0.5540219978922004 	 0.0
0.5550219978922004 	 0.0
0.5560219978922004 	 0.0
0.5570219978922004 	 0.0
0.5580219978922004 	 0.0
0.5590219978922004 	 0.0
0.5600219978922004 	 0.0
0.5610219978922004 	 0.0
0.5620219978922004 	 0.0
0.5630219978922004 	 0.0
0.5640219978922004 	 0.0
0.5650219978922004 	 0.0
0.5660219978922004 	 0.0
0.5670219978922004 	 0.0
0.5680219978922004 	 0.0
0.5690219978922004 	 0.0
0.5700219978922004 	 0.0
0.5710219978922004 	 0.0
0.5720219978922004 	 0.0
0.5730219978922004 	 0.0
0.5740219978922004 	 0.0
0.5750219978922004 	 0.0
0.5760219978922004 	 0.0
0.5770219978922004 	 0.0
0.5780219978922004 	 0.0
0.5790219978922004 	 0.0
0.5800219978922004 	 0.0
0.5810219978922004 	 0.0
0.5820219978922004 	 0.0
0.5830219978922004 	 0.0
0.5840219978922004 	 0.0
0.5850219978922004 	 0.0
0.5860219978922004 	 0.0
0.5870219978922004 	 0.0
0.5880219978922004 	 0.0
0.5890219978922004 	 0.0
0.5900219978922004 	 0.0
0.5910219978922004 	 0.0
0.5920219978922004 	 0.0
0.5930219978922004 	 0.0
0.5940219978922004 	 0.0
0.5950219978922004 	 0.0
0.5960219978922005 	 0.0
0.5970219978922005 	 0.0
0.5980219978922005 	 0.0
0.5990219978922005 	 0.0
0.6000219978922005 	 0.0
0.6010219978922005 	 0.0
0.6020219978922005 	 0.0
0.6030219978922005 	 0.0
0.6040219978922005 	 0.0
0.6050219978922005 	 0.0
0.6060219978922005 	 0.0
0.6070219978922005 	 0.0
0.6080219978922005 	 0.0
0.6090219978922005 	 0.0
0.6100219978922005 	 0.0
0.6110219978922005 	 0.0
0.6120219978922005 	 0.0
0.6130219978922005 	 0.0
0.6140219978922005 	 0.0
0.6150219978922005 	 0.0
0.6160219978922005 	 0.0
0.6170219978922005 	 0.0
0.6180219978922005 	 0.0
0.6190219978922005 	 0.0
0.6200219978922005 	 0.0
0.6210219978922005 	 0.0
0.6220219978922005 	 0.0
0.6230219978922005 	 0.0
0.6240219978922005 	 0.0
0.6250219978922005 	 0.0
0.6260219978922005 	 0.0
0.6270219978922005 	 0.0
0.6280219978922005 	 0.0
0.6290219978922005 	 0.0
0.6300219978922005 	 0.0
0.6310219978922005 	 0.0
0.6320219978922005 	 0.0
0.6330219978922005 	 0.0
0.6340219978922005 	 0.0
0.6350219978922005 	 0.0
0.6360219978922005 	 0.0
0.6370219978922005 	 0.0
0.6380219978922005 	 0.0
0.6390219978922005 	 0.0
0.6400219978922005 	 0.0
0.6410219978922005 	 0.0
0.6420219978922005 	 0.0
0.6430219978922005 	 0.0
0.6440219978922005 	 0.0
0.6450219978922005 	 0.0
0.6460219978922005 	 0.0
0.6470219978922005 	 0.0
0.6480219978922005 	 0.0
0.6490219978922005 	 0.0
0.6500219978922005 	 0.0
0.6510219978922005 	 0.0
0.6520219978922005 	 0.0
0.6530219978922005 	 0.0
0.6540219978922005 	 0.0
0.6550219978922005 	 0.0
0.6560219978922005 	 0.0
0.6570219978922005 	 0.0
0.6580219978922005 	 0.0
0.6590219978922005 	 0.0
0.6600219978922005 	 0.0
0.6610219978922005 	 0.0
0.6620219978922005 	 0.0
0.6630219978922005 	 0.0
0.6640219978922005 	 0.0
0.6650219978922005 	 0.0
0.6660219978922005 	 0.0
0.6670219978922005 	 0.0
0.6680219978922005 	 0.0
0.6690219978922005 	 0.0
0.6700219978922005 	 0.0
0.6710219978922005 	 0.0
0.6720219978922005 	 0.0
0.6730219978922005 	 0.0
0.6740219978922005 	 0.0
0.6750219978922005 	 0.0
0.6760219978922005 	 0.0
0.6770219978922005 	 0.0
0.6780219978922005 	 0.0
0.6790219978922005 	 0.0
0.6800219978922005 	 0.0
0.6810219978922005 	 0.0
0.6820219978922005 	 0.0
0.6830219978922005 	 0.0
0.6840219978922005 	 0.0
0.6850219978922005 	 0.0
0.6860219978922005 	 0.0
0.6870219978922005 	 0.0
0.6880219978922005 	 0.0
0.6890219978922005 	 0.0
0.6900219978922005 	 0.0
0.6910219978922005 	 0.0
0.6920219978922005 	 0.0
0.6930219978922005 	 0.0
0.6940219978922005 	 0.0
0.6950219978922005 	 0.0
0.6960219978922005 	 0.0
0.6970219978922005 	 0.0
0.6980219978922005 	 0.0
0.6990219978922005 	 0.0
0.7000219978922005 	 0.0
0.7010219978922005 	 0.0
0.7020219978922005 	 0.0
0.7030219978922005 	 0.0
0.7040219978922005 	 0.0
0.7050219978922005 	 0.0
0.7060219978922005 	 0.0
0.7070219978922005 	 0.0
0.7080219978922005 	 0.0
0.7090219978922006 	 0.0
0.7100219978922006 	 0.0
0.7110219978922006 	 0.0
0.7120219978922006 	 0.0
0.7130219978922006 	 0.0
0.7140219978922006 	 0.0
0.7150219978922006 	 0.0
0.7160219978922006 	 0.0
0.7170219978922006 	 0.0
0.7180219978922006 	 0.0
0.7190219978922006 	 0.0
0.7200219978922006 	 0.0
0.7210219978922006 	 0.0
0.7220219978922006 	 0.0
0.7230219978922006 	 0.0
0.7240219978922006 	 0.0
0.7250219978922006 	 0.0
0.7260219978922006 	 0.0
0.7270219978922006 	 0.0
0.7280219978922006 	 0.0
0.7290219978922006 	 0.0
0.7300219978922006 	 0.0
0.7310219978922006 	 0.0
0.7320219978922006 	 0.0
0.7330219978922006 	 0.0
0.7340219978922006 	 0.0
0.7350219978922006 	 0.0
0.7360219978922006 	 0.0
0.7370219978922006 	 0.0
0.7380219978922006 	 0.0
0.7390219978922006 	 0.0
0.7400219978922006 	 0.0
0.7410219978922006 	 0.0
0.7420219978922006 	 0.0
0.7430219978922006 	 0.0
0.7440219978922006 	 0.0
0.7450219978922006 	 0.0
0.7460219978922006 	 0.0
0.7470219978922006 	 0.0
0.7480219978922006 	 0.0
0.7490219978922006 	 0.0
0.7500219978922006 	 0.0
0.7510219978922006 	 0.0
0.7520219978922006 	 0.0
0.7530219978922006 	 0.0
0.7540219978922006 	 0.0
0.7550219978922006 	 0.0
0.7560219978922006 	 0.0
0.7570219978922006 	 0.0
0.7580219978922006 	 0.0
0.7590219978922006 	 0.0
0.7600219978922006 	 0.0
0.7610219978922006 	 0.0
0.7620219978922006 	 0.0
0.7630219978922006 	 0.0
0.7640219978922006 	 0.0
0.7650219978922006 	 0.0
0.7660219978922006 	 0.0
0.7670219978922006 	 0.0
0.7680219978922006 	 0.0
0.7690219978922006 	 0.0
0.7700219978922006 	 0.0
0.7710219978922006 	 0.0
0.7720219978922006 	 0.0
0.7730219978922006 	 0.0
0.7740219978922006 	 0.0
0.7750219978922006 	 0.0
0.7760219978922006 	 0.0
0.7770219978922006 	 0.0
0.7780219978922006 	 0.0
0.7790219978922006 	 0.0
0.7800219978922006 	 0.0
0.7810219978922006 	 0.0
0.7820219978922006 	 0.0
0.7830219978922006 	 0.0
0.7840219978922006 	 0.0
0.7850219978922006 	 0.0
0.7860219978922006 	 0.0
0.7870219978922006 	 0.0
0.7880219978922006 	 0.0
0.7890219978922006 	 0.0
0.7900219978922006 	 0.0
0.7910219978922006 	 0.0
0.7920219978922006 	 0.0
0.7930219978922006 	 0.0
0.7940219978922006 	 0.0
0.7950219978922006 	 0.0
0.7960219978922006 	 0.0
0.7970219978922006 	 0.0
0.7980219978922006 	 0.0
0.7990219978922006 	 0.0
0.8000219978922006 	 0.0
0.8010219978922006 	 0.0
0.8020219978922006 	 0.0
0.8030219978922006 	 0.0
0.8040219978922006 	 0.0
0.8050219978922006 	 0.0
0.8060219978922006 	 0.0
0.8070219978922006 	 0.0
0.8080219978922006 	 0.0
0.8090219978922006 	 0.0
0.8100219978922006 	 0.0
0.8110219978922006 	 0.0
0.8120219978922006 	 0.0
0.8130219978922006 	 0.0
0.8140219978922006 	 0.0
0.8150219978922006 	 0.0
0.8160219978922006 	 0.0
0.8170219978922006 	 0.0
0.8180219978922006 	 0.0
0.8190219978922006 	 0.0
0.8200219978922006 	 0.0
0.8210219978922007 	 0.0
0.8220219978922007 	 0.0
0.8230219978922007 	 0.0
0.8240219978922007 	 0.0
0.8250219978922007 	 0.0
0.8260219978922007 	 0.0
0.8270219978922007 	 0.0
0.8280219978922007 	 0.0
0.8290219978922007 	 0.0
0.8300219978922007 	 0.0
0.8310219978922007 	 0.0
0.8320219978922007 	 0.0
0.8330219978922007 	 0.0
0.8340219978922007 	 0.0
0.8350219978922007 	 0.0
0.8360219978922007 	 0.0
0.8370219978922007 	 0.0
0.8380219978922007 	 0.0
0.8390219978922007 	 0.0
0.8400219978922007 	 0.0
0.8410219978922007 	 0.0
0.8420219978922007 	 0.0
0.8430219978922007 	 0.0
0.8440219978922007 	 0.0
0.8450219978922007 	 0.0
0.8460219978922007 	 0.0
0.8470219978922007 	 0.0
0.8480219978922007 	 0.0
0.8490219978922007 	 0.0
0.8500219978922007 	 0.00013777780165095187
0.8510219978922007 	 0.00013846224501876038
0.8520219978922007 	 0.00013957591940226376
0.8530219978922007 	 0.00014110810872416512
0.8540219978922007 	 0.0001430476025647262
0.8550219978922007 	 0.00014538269787768877
0.8560219978922007 	 0.00014810120130737023
0.8570219978922007 	 0.00015119043208592611
0.8580219978922007 	 0.00015463722548861596
0.8590219978922007 	 0.00015842793682394504
0.8600219978922007 	 0.00016254844593489536
0.8610219978922007 	 0.00016698416218691026
0.8620219978922007 	 0.00017172002991799472
0.8630219978922007 	 0.00017674053432069212
0.8640219978922007 	 0.00018202970763069387
0.8650219978922007 	 0.0001875711358000715
0.8660219978922007 	 0.00019334796563773483
0.8670219978922007 	 0.00019934291219831334
0.8680219978922007 	 0.00020553826648154558
0.8690219978922007 	 0.00021191590342238906
0.8700219978922007 	 0.00021845729014845049
0.8710219978922007 	 0.00022514349448182923
0.8720219978922007 	 0.00023195519366297804
0.8730219978922007 	 0.00023887268327461045
0.8740219978922007 	 0.00024587588634444744
0.8750219978922007 	 0.00025294436260596116
0.8760219978922007 	 0.00026005731789701547
0.8770219978922007 	 0.0002671936136768759
0.8780219978922007 	 0.00027433177664266305
0.8790219978922007 	 0.00028145000842702577
0.8800219978922007 	 0.00028852619535936513
0.8810219978922007 	 0.00029553791827999616
0.8820219978922007 	 0.0003024624623969583
0.8830219978922007 	 0.0003092768271226898
0.8840219978922007 	 0.00031595773592078873
0.8850219978922007 	 0.00032248164614306457
0.8860219978922007 	 0.00032882475883780316
0.8870219978922007 	 0.00033496302851608204
0.8880219978922007 	 0.0003408721728591199
0.8890219978922007 	 0.0003465276822725138
0.8900219978922007 	 0.00035190482979815434
0.8910219978922007 	 0.00035701368426135287
0.8920219978922007 	 0.0003619960862915629
0.8930219978922007 	 0.00036702671148821373
0.8940219978922007 	 0.00037228252363199625
0.8950219978922007 	 0.00037794269795504097
0.8960219978922007 	 0.0003841885440074441
0.8970219978922007 	 0.00039120342818374846
0.8980219978922007 	 0.0003991726959697377
0.8990219978922007 	 0.00040828359396678603
0.9000219978922007 	 0.0004187251917481297
0.9010219978922007 	 0.0004306883035985346
0.9020219978922007 	 0.0004443654101860812
0.9030219978922007 	 0.0004599505802122495
0.9040219978922007 	 0.0004776393920838291
0.9050219978922007 	 0.0004976288556478246
0.9060219978922007 	 0.0005201173340283403
0.9070219978922007 	 0.0005453044656018856
0.9080219978922007 	 0.0005733910861455906
0.9090219978922007 	 0.0006045791511906715
0.9100219978922007 	 0.0006390716586799913
0.9110219978922007 	 0.0006770794671424046
0.9120219978922007 	 0.0007188402638884517
0.9130219978922007 	 0.0007645989021415501
0.9140219978922007 	 0.0008146012901196304
0.9150219978922007 	 0.0008690942964844161
0.9160219978922007 	 0.0009283256575154094
0.9170219978922007 	 0.0009925438832920773
0.9180219978922007 	 0.0010619969095502925
0.9190219978922007 	 0.001136929401817925
0.9200219978922007 	 0.001217593185162058
0.9210219978922007 	 0.0013042390945905596
0.9220219978922007 	 0.0013971178705796837
0.9230219978922007 	 0.0014964803144007944
0.9240219978922007 	 0.0016025772579177804
0.9250219978922007 	 0.001715659495981177
0.9260219978922007 	 0.0018359777064315703
0.9270219978922007 	 0.001963782365141065
0.9280219978922007 	 0.0020993236588354018
0.9290219978922007 	 0.0022428513968726443
0.9300219978922007 	 0.002394614921580951
0.9310219978922007 	 0.0025547675742406363
0.9320219978922007 	 0.002723103756641423
0.9330219978922007 	 0.0028993312577227466
0.9340219978922008 	 0.00308315486143258
0.9350219978922008 	 0.0032742765162334063
0.9360219978922008 	 0.0034723955003358713
0.9370219978922008 	 0.003677208582506215
0.9380219978922008 	 0.0038884101755734574
0.9390219978922008 	 0.004105692430454103
0.9400219978922008 	 0.0043287453696104405
0.9410219978922008 	 0.004557257093402049
0.9420219978922008 	 0.004790913985145989
0.9430219978922008 	 0.005029400793069529
0.9440219978922008 	 0.005272400737855421
0.9450219978922008 	 0.00551959563133235
0.9460219978922008 	 0.005770665988865406
0.9470219978922008 	 0.006025291135159043
0.9480219978922008 	 0.006283149303175147
0.9490219978922008 	 0.006543917725611822
0.9500219978922008 	 0.006807272720162232
0.9510219978922008 	 0.007072980178873329
0.9520219978922008 	 0.007341144079971286
0.9530219978922008 	 0.007611947613489478
0.9540219978922008 	 0.007885573914039276
0.9550219978922008 	 0.008162205951033282
0.9560219978922008 	 0.008441981573827702
0.9570219978922008 	 0.00872487023567583
0.9580219978922008 	 0.009010801358589705
0.9590219978922008 	 0.009299703411306858
0.9600219978922008 	 0.009591503461335173
0.9610219978922008 	 0.009886127360568616
0.9620219978922008 	 0.010183499712278166
0.9630219978922008 	 0.010483543739315596
0.9640219978922008 	 0.010786181576379048
0.9650219978922008 	 0.011091334095984489
0.9660219978922008 	 0.01139892024574255
0.9670219978922008 	 0.011708856732648742
0.9680219978922008 	 0.012021057671355743
0.9690219978922008 	 0.01233543416968679
0.9700219978922008 	 0.012651893840300094
0.9710219978922008 	 0.012970353866605121
0.9720219978922008 	 0.013290777693632096
0.9730219978922008 	 0.013613134958955182
0.9740219978922008 	 0.013937388539403756
0.9750219978922008 	 0.014263493389243532
0.9760219978922008 	 0.014591395163260999
0.9770219978922008 	 0.014921028579620238
0.9780219978922008 	 0.01525231547275277
0.9790219978922008 	 0.015585162459015624
0.9800219978922008 	 0.01591945814901953
0.9810219978922008 	 0.016255031513197155
0.9820219978922008 	 0.016591544007160213
0.9830219978922008 	 0.01692858763881049
0.9840219978922008 	 0.017265531521990844
0.9850219978922008 	 0.017601874409188003
0.9860219978922008 	 0.017937294081964417
0.9870219978922008 	 0.018271109974155743
0.9880219978922008 	 0.018593896061662694
0.9890219978922008 	 0.01889376360312847
0.9900219978922008 	 0.0191736776227394
0.9910219978922008 	 0.019431943305380256
0.9920219978922008 	 0.019666329044922187
0.9930219978922008 	 0.0198738760416171
0.9940219978922008 	 0.020050754511909005
0.9950219978922008 	 0.020192196695954998
0.9960219978922008 	 0.020262797633375785
0.9970219978922008 	 0.020238002045380808
0.9980219978922008 	 0.020120832358397445
0.9990219978922008 	 0.019903111209660235
1.0000219978922007 	 0.0195744531420832
1.0010219978922006 	 0.01911900576423776
1.0020219978922005 	 0.01852068423480211
1.0030219978922004 	 0.017770804152306956
1.0040219978922003 	 0.01686445993140304
1.0050219978922001 	 0.01580228399955871
1.0060219978922 	 0.014592819427914131
1.0070219978922 	 0.013256483134751609
1.0080219978921998 	 0.011821630701739451
1.0090219978921997 	 0.010323206193724269
1.0100219978921996 	 0.008801676500781213
1.0110219978921995 	 0.007291503201024305
1.0120219978921994 	 0.00583757293689732
1.0130219978921993 	 0.004491988876121855
1.0140219978921992 	 0.0032996249961554703
1.015021997892199 	 0.0022949279537546577
1.016021997892199 	 0.0015001994601428874
1.0170219978921988 	 0.0009253464157400326
1.0180219978921987 	 0.0005690483242943773
1.0190219978921986 	 0.0004207605867996541
1.0200219978921985 	 0.00046396609226017135
1.0210219978921984 	 0.0006795901508988793
1.0220219978921983 	 0.0010400058233122032
1.0230219978921982 	 0.0015238917529747504
1.024021997892198 	 0.0021115473349292827
1.025021997892198 	 0.002783019133928021
1.0260219978921978 	 0.003519849800462145
1.0270219978921977 	 0.004304661581881594
1.0280219978921976 	 0.005120890859762179
1.0290219978921975 	 0.005952582584643044
1.0300219978921974 	 0.0067842769421960865
1.0310219978921973 	 0.007617044207756246
1.0320219978921972 	 0.008457310136295996
1.033021997892197 	 0.0093018096660568
1.034021997892197 	 0.010147582467370611
1.0350219978921968 	 0.010991775047542049
1.0360219978921967 	 0.011831533565967896
1.0370219978921966 	 0.012663936761384277
1.0380219978921965 	 0.013485933332206325
1.0390219978921964 	 0.01429430700437241
1.0400219978921963 	 0.015085658442275232
1.0410219978921962 	 0.015857267855178592
1.042021997892196 	 0.016609709138884363
1.043021997892196 	 0.017344722286580978
1.0440219978921959 	 0.018064441258243524
1.0450219978921957 	 0.0187713341566819
1.0460219978921956 	 0.019468151609912082
1.0470219978921955 	 0.02015725949968435
1.0480219978921954 	 0.020838787057386156
1.0490219978921953 	 0.02151222303555481
1.0500219978921952 	 0.02217694359392599
1.051021997892195 	 0.022832430686990177
1.052021997892195 	 0.023478884503267253
1.0530219978921949 	 0.024116667691917507
1.0540219978921948 	 0.024746125873672243
1.0550219978921946 	 0.02536758675433119
1.0560219978921945 	 0.025981359696753335
1.0570219978921944 	 0.026587735534553743
1.0580219978921943 	 0.02718698642990513
1.0590219978921942 	 0.027779366516712537
1.060021997892194 	 0.028365112510732513
1.061021997892194 	 0.028944459835170213
1.0620219978921939 	 0.029517686678810044
1.0630219978921938 	 0.030085070327284826
1.0640219978921936 	 0.030646880650410543
1.0650219978921935 	 0.031203379035511236
1.0660219978921934 	 0.03175492702553583
1.0670219978921933 	 0.03230229684341926
1.0680219978921932 	 0.032846361949399674
1.069021997892193 	 0.03338799970958937
1.070021997892193 	 0.033928090111755835
1.0710219978921929 	 0.03446729035732296
1.0720219978921928 	 0.03500540975460147
1.0730219978921927 	 0.03554203913659371
1.0740219978921925 	 0.0360767474968777
1.0750219978921924 	 0.03660908401454171
1.0760219978921923 	 0.0371385799189323
1.0770219978921922 	 0.03766475020674488
1.078021997892192 	 0.03818709522092413
1.079021997892192 	 0.03870510210374163
1.0800219978921919 	 0.03921824613510967
1.0810219978921918 	 0.03972635028597645
1.0820219978921917 	 0.040230577554891116
1.0830219978921916 	 0.04073241572204216
1.0840219978921914 	 0.0412333632239492
1.0850219978921913 	 0.04173492727433798
1.0860219978921912 	 0.04223862207870765
1.0870219978921911 	 0.04274538273497276
1.088021997892191 	 0.043253949941368025
1.089021997892191 	 0.04376248944939642
1.0900219978921908 	 0.04426910447959999
1.0910219978921907 	 0.04477229828972166
1.0920219978921906 	 0.04527213441709171
1.0930219978921905 	 0.04576904363083874
1.0940219978921903 	 0.04626345739294178
1.0950219978921902 	 0.04675580754569086
1.0960219978921901 	 0.04724652602475924
1.09702199789219 	 0.04773604458835202
1.09802199789219 	 0.04822479455762599
1.0990219978921898 	 0.04871320646790513
1.1000219978921897 	 0.04920170736094218
1.1010219978921896 	 0.04969054310614338
1.1020219978921895 	 0.05017929821023113
1.1030219978921894 	 0.050667391903952766
1.1040219978921892 	 0.05115424138793407
1.1050219978921891 	 0.0516392629801983
1.106021997892189 	 0.052121872480799775
1.107021997892189 	 0.05260185974656934
1.1080219978921888 	 0.05308041604806193
1.1090219978921887 	 0.05355906082482677
1.1100219978921886 	 0.05403931297727696
1.1110219978921885 	 0.05452229665082638
1.1120219978921884 	 0.055007660397652224
1.1130219978921883 	 0.055494701223883725
1.1140219978921881 	 0.05598268744049808
1.115021997892188 	 0.056470860878088065
1.116021997892188 	 0.05695846232168132
1.1170219978921878 	 0.057444732973807304
1.1180219978921877 	 0.057928914865518065
1.1190219978921876 	 0.058410251232469367
1.1200219978921875 	 0.05888798686427814
1.1210219978921874 	 0.05936183021904106
1.1220219978921873 	 0.059833218475355505
1.1230219978921872 	 0.060303987124345246
1.124021997892187 	 0.06077596675671178
1.125021997892187 	 0.06125098313091526
1.1260219978921868 	 0.06173085640103772
1.1270219978921867 	 0.06221740032255184
1.1280219978921866 	 0.06271118868659621
1.1290219978921865 	 0.06320817910906547
1.1300219978921864 	 0.06370326327907398
1.1310219978921863 	 0.06419241529133068
1.1320219978921862 	 0.06467560604963567
1.133021997892186 	 0.06515373618245587
1.134021997892186 	 0.065627703125203
1.1350219978921858 	 0.06609729975245147
1.1360219978921857 	 0.06656566222300202
1.1370219978921856 	 0.06703253479223015
1.1380219978921855 	 0.06749880314223256
1.1390219978921854 	 0.0679653741748274
1.1400219978921853 	 0.0684331751335856
1.1410219978921852 	 0.06890287963884888
1.142021997892185 	 0.06937421705732252
1.143021997892185 	 0.06984669442689123
1.1440219978921848 	 0.07031987893101914
1.1450219978921847 	 0.07079356486454022
1.1460219978921846 	 0.07126760077842241
1.1470219978921845 	 0.07174183657880984
1.1480219978921844 	 0.07221612358005636
1.1490219978921843 	 0.07269031454404822
1.1500219978921842 	 0.07316426371653874
1.151021997892184 	 0.07363783712755803
1.152021997892184 	 0.0741109400051599
1.1530219978921838 	 0.07458348574550766
1.1540219978921837 	 0.0750553876745639
1.1550219978921836 	 0.07552655813856786
1.1560219978921835 	 0.07599690913070106
1.1570219978921834 	 0.07646635596150177
1.1580219978921833 	 0.076934813314885
1.1590219978921832 	 0.0774021959954987
1.160021997892183 	 0.07786841907031251
1.161021997892183 	 0.07833357098552912
1.1620219978921829 	 0.0787983863820988
1.1630219978921827 	 0.07926374719476927
1.1640219978921826 	 0.07973056268080887
1.1650219978921825 	 0.08019944592834252
1.1660219978921824 	 0.08066980260129918
1.1670219978921823 	 0.0811407606084691
1.1680219978921822 	 0.08161145361623846
1.169021997892182 	 0.08208102117724429
1.170021997892182 	 0.08254860885328275
1.1710219978921819 	 0.08301361402256718
1.1720219978921818 	 0.08347635676647795
1.1730219978921816 	 0.08393736884482927
1.1740219978921815 	 0.08439717796065685
1.1750219978921814 	 0.08485630783896522
1.1760219978921813 	 0.08531527771178331
1.1770219978921812 	 0.08577460103456554
1.178021997892181 	 0.0862347918568565
1.179021997892181 	 0.08669635740433401
1.1800219978921809 	 0.08715980062279591
1.1810219978921808 	 0.08762532940361092
1.1820219978921807 	 0.0880920634787548
1.1830219978921805 	 0.08855886170664151
1.1840219978921804 	 0.0890246220229934
1.1850219978921803 	 0.08948823543787339
1.1860219978921802 	 0.08994860809298655
1.18702199789218 	 0.09040498378595424
1.18802199789218 	 0.09085784702128308
1.1890219978921799 	 0.09130811414636665
1.1900219978921798 	 0.09175683739663695
1.1910219978921797 	 0.09220494611657784
1.1920219978921796 	 0.09265291102297868
1.1930219978921794 	 0.09310109334436242
1.1940219978921793 	 0.0935498512726301
1.1950219978921792 	 0.09399954000778113
1.1960219978921791 	 0.094450511723128
1.197021997892179 	 0.09490311553297615
1.198021997892179 	 0.0953576974668611
1.1990219978921788 	 0.09581460043428316
1.2000219978921787 	 0.09627416419552541
1.2010219978921786 	 0.09673635254093652
1.2020219978921785 	 0.09719973651641128
1.2030219978921783 	 0.0976625744968533
1.2040219978921782 	 0.09812314059942767
1.2050219978921781 	 0.09858005758814639
1.206021997892178 	 0.0990332043350331
1.207021997892178 	 0.09948275103880237
1.2080219978921778 	 0.09992886619920843
1.2090219978921777 	 0.10037171662086279
1.2100219978921776 	 0.10081146742222152
1.2110219978921775 	 0.10124839848115569
1.2120219978921773 	 0.10168322265237925
1.2130219978921772 	 0.10211674647850565
1.2140219978921771 	 0.10254970892794683
1.215021997892177 	 0.10298278414100195
1.216021997892177 	 0.10341663716553418
1.2170219978921768 	 0.10385192622223312
1.2180219978921767 	 0.10428930266940209
1.2190219978921766 	 0.10472941096942047
1.2200219978921765 	 0.10517288863375024
1.2210219978921764 	 0.10561985693759869
1.2220219978921762 	 0.10606853314131416
1.2230219978921761 	 0.1065167078192214
1.224021997892176 	 0.10696219347586874
1.225021997892176 	 0.10740282454383777
1.2260219978921758 	 0.10783711295697801
1.2270219978921757 	 0.10826603487091424
1.2280219978921756 	 0.10869112845226242
1.2290219978921755 	 0.10911391644309561
1.2300219978921754 	 0.10953590622457651
1.2310219978921753 	 0.1099583108779843
1.2320219978921751 	 0.11038128931518036
1.233021997892175 	 0.11080475621263142
1.234021997892175 	 0.11122862775926957
1.2350219978921748 	 0.11165282164371612
1.2360219978921747 	 0.11207725704814728
1.2370219978921746 	 0.11250185463730611
1.2380219978921745 	 0.11292653138141466
1.2390219978921744 	 0.11335109793466584
1.2400219978921743 	 0.113775263778513
1.2410219978921742 	 0.11419893088769613
1.242021997892174 	 0.11462273419200894
1.243021997892174 	 0.1150474741476605
1.2440219978921738 	 0.11547394395429744
1.2450219978921737 	 0.1159029294979351
1.2460219978921736 	 0.11633520931070387
1.2470219978921735 	 0.11677087566156688
1.2480219978921734 	 0.11720748405665699
1.2490219978921733 	 0.117642022002308
1.2500219978921732 	 0.11807150683430034
1.251021997892173 	 0.11849372964533958
1.252021997892173 	 0.11890928325953884
1.2530219978921728 	 0.11931940450952931
1.2540219978921727 	 0.11972531890579978
1.2550219978921726 	 0.12012824064618312
1.2560219978921725 	 0.1205293726630705
1.2570219978921724 	 0.1209299066511229
1.2580219978921723 	 0.12133102310850406
1.2590219978921722 	 0.12173389137232891
1.260021997892172 	 0.1221396696201188
1.261021997892172 	 0.12254919195248745
1.2620219978921718 	 0.12296211187064686
1.2630219978921717 	 0.12337783252154676
1.2640219978921716 	 0.12379634774425936
1.2650219978921715 	 0.1242182120609562
1.2660219978921714 	 0.12464400279891939
1.2670219978921713 	 0.12507372693982832
1.2680219978921712 	 0.12550526168113169
1.269021997892171 	 0.1259360070025009
1.270021997892171 	 0.12636338815214013
1.2710219978921709 	 0.1267854583133239
1.2720219978921707 	 0.12720254146914192
1.2730219978921706 	 0.12761548437477482
1.2740219978921705 	 0.12802512555646411
1.2750219978921704 	 0.12843229529054834
1.2760219978921703 	 0.12883781562650928
1.2770219978921702 	 0.12924250040517915
1.27802199789217 	 0.12964715528881662
1.27902199789217 	 0.1300525777989234
1.2800219978921699 	 0.13045955732560222
1.2810219978921698 	 0.1308686043841245
1.2820219978921696 	 0.1312792122681882
1.2830219978921695 	 0.13169064175730974
1.2840219978921694 	 0.1321021593080835
1.2850219978921693 	 0.13251303702337688
1.2860219978921692 	 0.1329225526591992
1.287021997892169 	 0.13333050360541915
1.288021997892169 	 0.1337385739606287
1.2890219978921689 	 0.13414808869136566
1.2900219978921688 	 0.13455960391511224
1.2910219978921686 	 0.1349734739001775
1.2920219978921685 	 0.13538945529516402
1.2930219978921684 	 0.13580717026151576
1.2940219978921683 	 0.136226246151806
1.2950219978921682 	 0.1366463154974871
1.296021997892168 	 0.137067015979372
1.297021997892168 	 0.13748799036865814
1.2980219978921679 	 0.1379088865550303
1.2990219978921678 	 0.13832935721266112
1.3000219978921677 	 0.13874905770459853
1.3010219978921675 	 0.13916780343583124
1.3020219978921674 	 0.13958598318380103
1.3030219978921673 	 0.14000411130152154
1.3040219978921672 	 0.14042269260836782
1.305021997892167 	 0.14084222244636466
1.306021997892167 	 0.1412631972599114
1.3070219978921669 	 0.14168614600895774
1.3080219978921668 	 0.14211160398736833
1.3090219978921667 	 0.14254010413411755
1.3100219978921666 	 0.14297217700447698
1.3110219978921664 	 0.14340806218109267
1.3120219978921663 	 0.14384691917395986
1.3130219978921662 	 0.14428767294530218
1.3140219978921661 	 0.14472951528819342
1.315021997892166 	 0.14517189104864348
1.316021997892166 	 0.14561426262398475
1.3170219978921658 	 0.14605610022017987
1.3180219978921657 	 0.14649688193602034
1.3190219978921656 	 0.1469360936905388
1.3200219978921655 	 0.14737322916991558
1.3210219978921653 	 0.1478081904000663
1.3220219978921652 	 0.14824237608897498
1.3230219978921651 	 0.14867751319274708
1.324021997892165 	 0.14911530397187292
1.325021997892165 	 0.14955742619455903
1.3260219978921648 	 0.15000553295552294
1.3270219978921647 	 0.15046125230025134
1.3280219978921646 	 0.1509250888228782
1.3290219978921645 	 0.15139344198999763
1.3300219978921644 	 0.15186181127277978
1.3310219978921642 	 0.1523266704911627
1.3320219978921641 	 0.1527879710282307
1.333021997892164 	 0.15324653151678364
1.334021997892164 	 0.15370313776630126
1.3350219978921638 	 0.15415855727672298
1.3360219978921637 	 0.15461354174547023
1.3370219978921636 	 0.15506882762001262
1.3380219978921635 	 0.1555251605456476
1.3390219978921634 	 0.15598376572590084
1.3400219978921633 	 0.1564463211003262
1.3410219978921631 	 0.15691410556058896
1.342021997892163 	 0.15738687774791346
1.343021997892163 	 0.15786404487392383
1.3440219978921628 	 0.15834501966546272
1.3450219978921627 	 0.15882922077334466
1.3460219978921626 	 0.15931607257362287
1.3470219978921625 	 0.15980492306510713
1.3480219978921624 	 0.1602948225861921
1.3490219978921623 	 0.16078476147941578
1.3500219978921622 	 0.16127374200777408
1.351021997892162 	 0.16176103366726766
1.352021997892162 	 0.16224686825115445
1.3530219978921618 	 0.16273169692002593
1.3540219978921617 	 0.16321596665212781
1.3550219978921616 	 0.16370012077892965
1.3560219978921615 	 0.16418459864695276
1.3570219978921614 	 0.1646698347651571
1.3580219978921613 	 0.1651562597247351
1.3590219978921612 	 0.16564430051981088
1.360021997892161 	 0.16613438055935692
1.361021997892161 	 0.16662608657500805
1.3620219978921608 	 0.1671158797331223
1.3630219978921607 	 0.16760328577368452
1.3640219978921606 	 0.16809374094340032
1.3650219978921605 	 0.16858685141361407
1.3660219978921604 	 0.16908185067550835
1.3670219978921603 	 0.1695779733917494
1.3680219978921602 	 0.17007445682392963
1.36902199789216 	 0.17057054128918567
1.37002199789216 	 0.17106547017017995
1.3710219978921598 	 0.1715586139352597
1.3720219978921597 	 0.17204980958788826
1.3730219978921596 	 0.17253900339109668
1.3740219978921595 	 0.1730261433227946
1.3750219978921594 	 0.17351117943989222
1.3760219978921593 	 0.17399406332264988
1.3770219978921592 	 0.17447474656163994
1.378021997892159 	 0.17495318237513516
1.379021997892159 	 0.17542932612198395
1.3800219978921588 	 0.1759031353619665
1.3810219978921587 	 0.17637464434946104
1.3820219978921586 	 0.1768441658664833
1.3830219978921585 	 0.17731207325695417
1.3840219978921584 	 0.17777873540951977
1.3850219978921583 	 0.17824451709999958
1.3860219978921582 	 0.17870977953108774
1.387021997892158 	 0.17917488125978032
1.388021997892158 	 0.1796401622014701
1.3890219978921579 	 0.18010563737860644
1.3900219978921577 	 0.18057101537617093
1.3910219978921576 	 0.1810358188112591
1.3920219978921575 	 0.18149893259201236
1.3930219978921574 	 0.18195911047790392
1.3940219978921573 	 0.18241512740395413
1.3950219978921572 	 0.18286577944721322
1.396021997892157 	 0.18331014210800078
1.397021997892157 	 0.18374827219801992
1.3980219978921569 	 0.18418045492106
1.3990219978921568 	 0.18460697599294087
1.4000219978921566 	 0.18501797446479532
1.4010219978921565 	 0.18543431382951103
1.4020219978921564 	 0.18584584988013886
1.4030219978921563 	 0.18625287631747375
1.4040219978921562 	 0.18665568768343246
1.405021997892156 	 0.18705457895278943
1.406021997892156 	 0.18744984581562726
1.4070219978921559 	 0.1878417858361453
1.4080219978921558 	 0.18823069659280683
1.4090219978921557 	 0.1886168748107211
1.4100219978921555 	 0.18900061590651104
1.4110219978921554 	 0.18938208034436085
1.4120219978921553 	 0.18976093022093185
1.4130219978921552 	 0.19013672264035017
1.414021997892155 	 0.19050917437116394
1.415021997892155 	 0.19087815153793553
1.4160219978921549 	 0.19124352629478947
1.4170219978921548 	 0.19160517053428403
1.4180219978921547 	 0.1919629552672632
1.4190219978921546 	 0.19231675012381935
1.4200219978921544 	 0.19266642295170056
1.4210219978921543 	 0.1930118397036621
1.4220219978921542 	 0.1933528653538065
1.4230219978921541 	 0.1936893643941663
1.424021997892154 	 0.1940211990863551
1.425021997892154 	 0.19434822902064083
1.4260219978921538 	 0.19467031050663264
1.4270219978921537 	 0.19498729494979394
1.4280219978921536 	 0.19529903087192368
1.4290219978921535 	 0.1956053647005679
1.4300219978921533 	 0.19590614106084356
1.4310219978921532 	 0.1962012771628622
1.4320219978921531 	 0.19649096545832673
1.433021997892153 	 0.19677546024866152
1.434021997892153 	 0.197055011527674
1.4350219978921528 	 0.19732986493409138
1.4360219978921527 	 0.19760026152533525
1.4370219978921526 	 0.19786643644748259
1.4380219978921525 	 0.19812857723962102
1.4390219978921523 	 0.1983866541210636
1.4400219978921522 	 0.1986405428296014
1.4410219978921521 	 0.19889011775662171
1.442021997892152 	 0.1991352548935842
1.443021997892152 	 0.19937583310518003
1.4440219978921518 	 0.19961173297609117
1.4450219978921517 	 0.19984283688368343
1.4460219978921516 	 0.20006902867137738
1.4470219978921515 	 0.20029019304070256
1.4480219978921514 	 0.20050621638563876
1.4490219978921512 	 0.20071698709741004
1.4500219978921511 	 0.20092239557932548
1.451021997892151 	 0.20112237024298774
1.452021997892151 	 0.201316975886441
1.4530219978921508 	 0.20150631022653478
1.4540219978921507 	 0.2016904713967165
1.4550219978921506 	 0.2018695576686495
1.4560219978921505 	 0.20204366713849664
1.4570219978921504 	 0.20221287421821207
1.4580219978921503 	 0.20237716817458642
1.4590219978921501 	 0.20253651911122914
1.46002199789215 	 0.2026908979780594
1.46102199789215 	 0.20284027627710052
1.4620219978921498 	 0.20298462557329247
1.4630219978921497 	 0.20312392650936292
1.4640219978921496 	 0.20325832222250625
1.4650219978921495 	 0.2033881076208642
1.4660219978921494 	 0.20351358145826826
1.4670219978921493 	 0.2036350394680813
1.4680219978921492 	 0.20375277511387163
1.469021997892149 	 0.20386707975795967
1.470021997892149 	 0.20397824259749747
1.4710219978921488 	 0.20408639491748387
1.4720219978921487 	 0.20419108559955004
1.4730219978921486 	 0.2042917326173153
1.4740219978921485 	 0.20438775963469571
1.4750219978921484 	 0.2044785958225487
1.4760219978921483 	 0.20456367547303755
1.4770219978921482 	 0.20464243704600557
1.478021997892148 	 0.2047143241030081
1.479021997892148 	 0.20477878560024323
1.4800219978921478 	 0.20483527580464206
1.4810219978921477 	 0.2048832541808624
1.4820219978921476 	 0.2049221848182649
1.4830219978921475 	 0.20495172669522807
1.4840219978921474 	 0.20497224920408602
1.4850219978921473 	 0.20498428362916238
1.4860219978921472 	 0.20498835539717766
1.487021997892147 	 0.20498498235850762
1.488021997892147 	 0.20497462981927247
1.4890219978921468 	 0.204956797964761
1.4900219978921467 	 0.2049300872189622
1.4910219978921466 	 0.20489576520636132
1.4920219978921465 	 0.20486255838595974
1.4930219978921464 	 0.20483183168446806
1.4940219978921463 	 0.20480268929642306
1.4950219978921462 	 0.20477424327867064
1.496021997892146 	 0.20474561304517852
1.497021997892146 	 0.2047159238259613
1.4980219978921459 	 0.20468430834132684
1.4990219978921457 	 0.20464990727854898
1.5000219978921456 	 0.2046118692275177
1.5010219978921455 	 0.20456935048289537
1.5020219978921454 	 0.20452151476679692
1.5030219978921453 	 0.20446753371743204
1.5040219978921452 	 0.20440658641699114
1.505021997892145 	 0.20433785911756175
1.506021997892145 	 0.20426091190695048
1.5070219978921449 	 0.20417667910337176
1.5080219978921447 	 0.2040861421311805
1.5090219978921446 	 0.20398928955922194
1.5100219978921445 	 0.2038858828870453
1.5110219978921444 	 0.20377598490346147
1.5120219978921443 	 0.2036607640407463
1.5130219978921442 	 0.20354159898833737
1.514021997892144 	 0.2034191402803034
1.515021997892144 	 0.20329336052424646
1.5160219978921439 	 0.20316420615980602
1.5170219978921438 	 0.20303162361157276
1.5180219978921436 	 0.20289555963867065
1.5190219978921435 	 0.20275596145574518
1.5200219978921434 	 0.20261277675453282
1.5210219978921433 	 0.20246595201971399
1.5220219978921432 	 0.20231543134921565
1.523021997892143 	 0.20216116468755221
1.524021997892143 	 0.20200310302424124
1.5250219978921429 	 0.20184119774856987
1.5260219978921428 	 0.20167538362122894
1.5270219978921427 	 0.20150560203400214
1.5280219978921425 	 0.20133180627774488
1.5290219978921424 	 0.20115394996904754
1.5300219978921423 	 0.2009719831321326
1.5310219978921422 	 0.20078583481346277
1.532021997892142 	 0.20059534881299443
1.533021997892142 	 0.2004003506629554
1.5340219978921419 	 0.2002006677414472
1.5350219978921418 	 0.1999961289913143
1.5360219978921417 	 0.19978656543029805
1.5370219978921416 	 0.19957181137071248
1.5380219978921414 	 0.19935170070824873
1.5390219978921413 	 0.19912601921921314
1.5400219978921412 	 0.1988945082383077
1.5410219978921411 	 0.198656910988772
1.542021997892141 	 0.19841297662566865
1.543021997892141 	 0.19816245913695357
1.5440219978921408 	 0.19790511587544835
1.5450219978921407 	 0.19764070732734798
1.5460219978921406 	 0.19736899806820613
1.5470219978921405 	 0.1970898141239458
1.5480219978921403 	 0.19680318911077505
1.5490219978921402 	 0.1965092034140306
1.5500219978921401 	 0.196209009773874
1.55102199789214 	 0.19590666768752016
1.55202199789214 	 0.1956030447980194
1.5530219978921398 	 0.19529804690767819
1.5540219978921397 	 0.1949915816769216
1.5550219978921396 	 0.19468355844648033
1.5560219978921395 	 0.19437388985063633
1.5570219978921394 	 0.19406249591798572
1.5580219978921392 	 0.19374930006502805
1.5590219978921391 	 0.19343422799895552
1.560021997892139 	 0.19311720799854074
1.561021997892139 	 0.19279817301972607
1.5620219978921388 	 0.19247706635602987
1.5630219978921387 	 0.19215382776042036
1.5640219978921386 	 0.19182820398213776
1.5650219978921385 	 0.19149976419553502
1.5660219978921384 	 0.19116808410579433
1.5670219978921383 	 0.1908327596577188
1.5680219978921381 	 0.1904914915549156
1.569021997892138 	 0.19014231837372308
1.570021997892138 	 0.18978629056721738
1.5710219978921378 	 0.18942359051993535
1.5720219978921377 	 0.1890548213695512
1.5730219978921376 	 0.18868065505162734
1.5740219978921375 	 0.18830172729793804
1.5750219978921374 	 0.18791865325060594
1.5760219978921373 	 0.1875320385281406
1.5770219978921372 	 0.18714249164375182
1.578021997892137 	 0.1867506160534116
1.579021997892137 	 0.18635700630604735
1.5800219978921368 	 0.1859622444419188
1.5810219978921367 	 0.1855668954683402
1.5820219978921366 	 0.1851715027084114
1.5830219978921365 	 0.18477656717463678
1.5840219978921364 	 0.18438252700304233
1.5850219978921363 	 0.18398973369385166
1.5860219978921362 	 0.18359842790127515
1.587021997892136 	 0.18320871946061762
1.588021997892136 	 0.18281997901116953
1.5890219978921358 	 0.18242389042103777
1.5900219978921357 	 0.18201713234027198
1.5910219978921356 	 0.18159966231996533
1.5920219978921355 	 0.18117151672021922
1.5930219978921354 	 0.18073274057764183
1.5940219978921353 	 0.18028344187120812
1.5950219978921352 	 0.17982389277149394
1.596021997892135 	 0.17935461356947985
1.597021997892135 	 0.17887642524465358
1.5980219978921348 	 0.17839044366093604
1.5990219978921347 	 0.1778980373779913
1.6000219978921346 	 0.17740075894405136
1.6010219978921345 	 0.17690003527179032
1.6020219978921344 	 0.1763964713039696
1.6030219978921343 	 0.1758904550943727
1.6040219978921342 	 0.17538231759999715
1.605021997892134 	 0.17487230740278678
1.606021997892134 	 0.17436058216199607
1.6070219978921338 	 0.17384721342908663
1.6080219978921337 	 0.1733321912947184
1.6090219978921336 	 0.17281543524680146
1.6100219978921335 	 0.17229680757096574
1.6110219978921334 	 0.1717762500506658
1.6120219978921333 	 0.1712541292063388
1.6130219978921332 	 0.1707308697938377
1.614021997892133 	 0.1702066762357829
1.615021997892133 	 0.16968155664421317
1.6160219978921329 	 0.169155503189332
1.6170219978921327 	 0.1686285028340813
1.6180219978921326 	 0.16810054163509688
1.6190219978921325 	 0.16757160776365107
1.6200219978921324 	 0.16704169352920764
1.6210219978921323 	 0.1665107961237466
1.6220219978921322 	 0.16597891479061147
1.623021997892132 	 0.16544605301908594
1.624021997892132 	 0.16491222308436132
1.6250219978921319 	 0.16437744788898906
1.6260219978921318 	 0.16384175949777746
1.6270219978921316 	 0.16330519455834921
1.6280219978921315 	 0.16276780066558733
1.6290219978921314 	 0.16222963857540917
1.6300219978921313 	 0.1616907827660103
1.6310219978921312 	 0.1611514090672721
1.632021997892131 	 0.16061203544758307
1.633021997892131 	 0.16007327178103975
1.6340219978921309 	 0.1595356980529869
1.6350219978921308 	 0.15899972810583732
1.6360219978921307 	 0.15846573861024865
1.6370219978921305 	 0.15793410184310477
1.6380219978921304 	 0.15740518690852193
1.6390219978921303 	 0.15687920060930585
1.6400219978921302 	 0.15635620195547578
1.64102199789213 	 0.1558362564576769
1.64202199789213 	 0.15531943163052814
1.6430219978921299 	 0.15480580531810514
1.6440219978921298 	 0.15429546963831822
1.6450219978921297 	 0.15378853049325938
1.6460219978921296 	 0.15328510315289595
1.6470219978921294 	 0.1527853011234844
1.6480219978921293 	 0.15228924573822666
1.6490219978921292 	 0.15179706792391767
1.650021997892129 	 0.15130890667653413
1.651021997892129 	 0.15082493992783982
1.652021997892129 	 0.15034547101807008
1.6530219978921288 	 0.1498708350223363
1.6540219978921287 	 0.1494013694998892
1.6550219978921286 	 0.1489374132703919
1.6560219978921285 	 0.14847930143426769
1.6570219978921283 	 0.1480273550021884
1.6580219978921282 	 0.14758188874040606
1.6590219978921281 	 0.14714321206445127
1.660021997892128 	 0.14671162761023526
1.661021997892128 	 0.1462875521857031
1.6620219978921278 	 0.14587184574059586
1.6630219978921277 	 0.14546542943299168
1.6640219978921276 	 0.14506877044057187
1.6650219978921275 	 0.14468191551574175
1.6660219978921273 	 0.14430488111185977
1.6670219978921272 	 0.14393766240881686
1.6680219978921271 	 0.1435802384621269
1.669021997892127 	 0.14323257314561405
1.670021997892127 	 0.14289461433739742
1.6710219978921268 	 0.14256631398009018
1.6720219978921267 	 0.1422476841460707
1.6730219978921266 	 0.14193873689994743
1.6740219978921265 	 0.1416394650391215
1.6750219978921264 	 0.14134984184117994
1.6760219978921262 	 0.14106982026436055
1.6770219978921261 	 0.14079933069739894
1.678021997892126 	 0.14053828393740483
1.679021997892126 	 0.14028657246110984
1.6800219978921258 	 0.14004407087273404
1.6810219978921257 	 0.13981063630499588
1.6820219978921256 	 0.1395861083813144
1.6830219978921255 	 0.13937031226389246
1.6840219978921254 	 0.1391630587243641
1.6850219978921253 	 0.1389641447285726
1.6860219978921251 	 0.1387733544601963
1.687021997892125 	 0.1385904604529284
1.688021997892125 	 0.1384152292732911
1.6890219978921248 	 0.1382475163111026
1.6900219978921247 	 0.13808726067758756
1.6910219978921246 	 0.13793435670413612
1.6920219978921245 	 0.13778854274061175
1.6930219978921244 	 0.1376495186325875
1.6940219978921243 	 0.1375169805740741
1.6950219978921242 	 0.13739062170190686
1.696021997892124 	 0.13727013368488275
1.697021997892124 	 0.13715520940809797
1.6980219978921238 	 0.13704554196995314
1.6990219978921237 	 0.1369408249310893
1.7000219978921236 	 0.13334929314620142
1.7010219978921235 	 0.133059162608
1.7020219978921234 	 0.13276833329537466
1.7030219978921233 	 0.1324769270539032
1.7040219978921232 	 0.13218509020455094
1.705021997892123 	 0.13189296839016465
1.706021997892123 	 0.13160070657843173
1.7070219978921228 	 0.13130844906482536
1.7080219978921227 	 0.13101633947553618
1.7090219978921226 	 0.13072452077038968
1.7100219978921225 	 0.1304331352453519
1.7110219978921224 	 0.13014228462821817
1.7120219978921223 	 0.1298519209054999
1.7130219978921222 	 0.1295619613909772
1.714021997892122 	 0.12927232377900108
1.715021997892122 	 0.12898292614284246
1.7160219978921218 	 0.12869368693304886
1.7170219978921217 	 0.12840452497580873
1.7180219978921216 	 0.12811535947132305
1.7190219978921215 	 0.12782610999218522
1.7200219978921214 	 0.12753669648176744
1.7210219978921213 	 0.12724703925261546
1.7220219978921212 	 0.1269570589848503
1.723021997892121 	 0.12666667672457751
1.724021997892121 	 0.12637581388230362
1.7250219978921209 	 0.12608439223136045
1.7260219978921207 	 0.12579233390633568
1.7270219978921206 	 0.12549956140151183
1.7280219978921205 	 0.12520599756931164
1.7290219978921204 	 0.12491156561875107
1.7300219978921203 	 0.12461618911443541
1.7310219978921202 	 0.12431984568780842
1.73202199789212 	 0.12402271398573768
1.73302199789212 	 0.12372501880649517
1.7340219978921199 	 0.12342698392349215
1.7350219978921197 	 0.12312883208967638
1.7360219978921196 	 0.12283078504190963
1.7370219978921195 	 0.1225330635053245
1.7380219978921194 	 0.12223588719766211
1.7390219978921193 	 0.12193947483358902
1.7400219978921192 	 0.12164404412899492
1.741021997892119 	 0.12134981180527042
1.742021997892119 	 0.12105699359356549
1.7430219978921189 	 0.12076580423902789
1.7440219978921188 	 0.12047645750502312
1.7450219978921186 	 0.12018916617733384
1.7460219978921185 	 0.11990414206834142
1.7470219978921184 	 0.11962159602118738
1.7480219978921183 	 0.11934173791391631
1.7490219978921182 	 0.1190647766635998
1.750021997892118 	 0.1187909202254153
1.751021997892118 	 0.11851987218567724
1.7520219978921179 	 0.11824945446289234
1.7530219978921178 	 0.11797755376313374
1.7540219978921177 	 0.11770391834256545
1.7550219978921175 	 0.11742873053389748
1.7560219978921174 	 0.1171521718531081
1.7570219978921173 	 0.11687442300289823
1.7580219978921172 	 0.11659566387613012
1.759021997892117 	 0.11631607355925118
1.760021997892117 	 0.1160358303357013
1.7610219978921169 	 0.1157551116893056
1.7620219978921168 	 0.11547409430765143
1.7630219978921167 	 0.11519295408545004
1.7640219978921166 	 0.11491186612788354
1.7650219978921164 	 0.11463100475393607
1.7660219978921163 	 0.11435054349971072
1.7670219978921162 	 0.11407065512173062
1.7680219978921161 	 0.1137915116002261
1.769021997892116 	 0.11351328414240608
1.770021997892116 	 0.11323614318528283
1.7710219978921158 	 0.11296021506101833
1.7720219978921157 	 0.11268546342551636
1.7730219978921156 	 0.11241181419726977
1.7740219978921155 	 0.11213919362152344
1.7750219978921153 	 0.11186752826890838
1.7760219978921152 	 0.11159674503408241
1.7770219978921151 	 0.11132677113437674
1.778021997892115 	 0.11105753410844858
1.779021997892115 	 0.11078896181493979
1.7800219978921148 	 0.11052098243114163
1.7810219978921147 	 0.1102535244516652
1.7820219978921146 	 0.1099865166871183
1.7830219978921145 	 0.10971988826278767
1.7840219978921144 	 0.10945356861732736
1.7850219978921142 	 0.1091874875014531
1.7860219978921141 	 0.10892157497664222
1.787021997892114 	 0.10865576141383941
1.788021997892114 	 0.10838997749216837
1.7890219978921138 	 0.10812415419764926
1.7900219978921137 	 0.10785822282262923
1.7910219978921136 	 0.10759218586875341
1.7920219978921135 	 0.10732631105006844
1.7930219978921134 	 0.10706092689853468
1.7940219978921133 	 0.10679636049279125
1.7950219978921131 	 0.10653287637489763
1.796021997892113 	 0.10627050940595084
1.797021997892113 	 0.10600924087012435
1.7980219978921128 	 0.10574905213008669
1.7990219978921127 	 0.10548992462668155
1.8000219978921126 	 0.10523183987860972
1.8010219978921125 	 0.10497477948211241
1.8020219978921124 	 0.10471872511065564
1.8030219978921123 	 0.10446365851461627
1.8040219978921122 	 0.10420956152096944
1.805021997892112 	 0.10395641603297731
1.806021997892112 	 0.10370420402987907
1.8070219978921118 	 0.1034529075665824
1.8080219978921117 	 0.10320250877335621
1.8090219978921116 	 0.10295298985552495
1.8100219978921115 	 0.10270433309329914
1.8110219978921114 	 0.10245653439624572
1.8120219978921113 	 0.10220964039210496
1.8130219978921112 	 0.10196370935474133
1.814021997892111 	 0.10171879930006053
1.815021997892111 	 0.1014749679870726
1.8160219978921108 	 0.10123227291895105
1.8170219978921107 	 0.10099077134408584
1.8180219978921106 	 0.10075052025713367
1.8190219978921105 	 0.10051157640006196
1.8200219978921104 	 0.10027399626318913
1.8210219978921103 	 0.10003783608536664
1.8220219978921102 	 0.0998030663536074
1.82302199789211 	 0.09956933784734794
1.82402199789211 	 0.0993362280907277
1.8250219978921098 	 0.09910331643993474
1.8260219978921097 	 0.09887018407573583
1.8270219978921096 	 0.09863641399603863
1.8280219978921095 	 0.09840159100848712
1.8290219978921094 	 0.0981653017230883
1.8300219978921093 	 0.0979271345466617
1.8310219978921092 	 0.09768685896143328
1.832021997892109 	 0.09744491610365869
1.833021997892109 	 0.09720190199079484
1.8340219978921088 	 0.09695841006901898
1.8350219978921087 	 0.09671503122365994
1.8360219978921086 	 0.09647235378958503
1.8370219978921085 	 0.09623096356154104
1.8380219978921084 	 0.09599144380445106
1.8390219978921083 	 0.0957543752636663
1.8400219978921082 	 0.09552033617517385
1.841021997892108 	 0.09528990227576001
1.842021997892108 	 0.0950636468131296
1.8430219978921079 	 0.09484214055598197
1.8440219978921077 	 0.0946259518040427
1.8450219978921076 	 0.0944156463980529
1.8460219978921075 	 0.09421178772971428
1.8470219978921074 	 0.09401493675159232
1.8480219978921073 	 0.09382565198697597
1.8490219978921072 	 0.0936444895396952
1.850021997892107 	 0.09347200307128424
1.851021997892107 	 0.09330547725376495
1.8520219978921069 	 0.09313326356745073
1.8530219978921068 	 0.0929531558843895
1.8540219978921066 	 0.09276582114569627
1.8550219978921065 	 0.0925719234681938
1.8560219978921064 	 0.09237212415571369
1.8570219978921063 	 0.0921670817103487
1.8580219978921062 	 0.09195745184365745
1.859021997892106 	 0.0917438874878208
1.860021997892106 	 0.09152703880675048
1.8610219978921059 	 0.0913075532071505
1.8620219978921058 	 0.09108607534953107
1.8630219978921057 	 0.09086324715917556
1.8640219978921055 	 0.09063970783706055
1.8650219978921054 	 0.09041609387072937
1.8660219978921053 	 0.09019303904511936
1.8670219978921052 	 0.08997117445334236
1.868021997892105 	 0.08975112850742027
1.869021997892105 	 0.08953352694897375
1.8700219978921049 	 0.08931899285844021
1.8710219978921048 	 0.08910800382647653
1.8720219978921047 	 0.08890050108341925
1.8730219978921046 	 0.08869630118052267
1.8740219978921044 	 0.08849522143371878
1.8750219978921043 	 0.08829707992059427
1.8760219978921042 	 0.08810169547738034
1.877021997892104 	 0.08790888769595515
1.878021997892104 	 0.08771847692085939
1.879021997892104 	 0.08753028424632389
1.8800219978921038 	 0.08734413151331018
1.8810219978921037 	 0.08715984130656354
1.8820219978921036 	 0.08697723695167828
1.8830219978921034 	 0.08679614251217554
1.8840219978921033 	 0.08661638278659367
1.8850219978921032 	 0.08643778330559022
1.8860219978921031 	 0.08626017032905701
1.887021997892103 	 0.08608337084324667
1.888021997892103 	 0.08590721255791164
1.8890219978921028 	 0.08573152390345505
1.8900219978921027 	 0.08555613402845506
1.8910219978921026 	 0.08538090898837283
1.8920219978921025 	 0.08520585078441281
1.8930219978921023 	 0.08503099305986819
1.8940219978921022 	 0.08485636931661525
1.8950219978921021 	 0.0846820129156701
1.896021997892102 	 0.08450795707774307
1.897021997892102 	 0.08433423488379041
1.8980219978921018 	 0.08416087927556425
1.8990219978921017 	 0.08398792305615971
1.9000219978921016 	 0.08381539889055997
1.9010219978921015 	 0.08364333930617933
1.9020219978921014 	 0.08347177669340308
1.9030219978921012 	 0.08330074330612643
1.9040219978921011 	 0.08313027126228993
1.905021997892101 	 0.08296039254441338
1.906021997892101 	 0.08279113900012751
1.9070219978921008 	 0.08262254234270283
1.9080219978921007 	 0.08245463415157706
1.9090219978921006 	 0.0822874458728798
1.9100219978921005 	 0.0821210088200037
1.9110219978921004 	 0.08195535904478862
1.9120219978921003 	 0.08179055066749912
1.9130219978921001 	 0.08162664184119922
1.9140219978921 	 0.08146369047529607
1.9150219978921 	 0.08130175423649098
1.9160219978920998 	 0.08114089054972703
1.9170219978920997 	 0.08098115659913237
1.9180219978920996 	 0.08082260932895957
1.9190219978920995 	 0.08066530544452145
1.9200219978920994 	 0.0805093014131224
1.9210219978920993 	 0.0803546534649865
1.9220219978920992 	 0.0802014175941812
1.923021997892099 	 0.08004964955953779
1.924021997892099 	 0.07989940488556724
1.9250219978920988 	 0.07975073886337299
1.9260219978920987 	 0.07960370655155968
1.9270219978920986 	 0.07945836277713786
1.9280219978920985 	 0.07931476213642547
1.9290219978920984 	 0.07917295899594505
1.9300219978920983 	 0.07903300749244754
1.9310219978920982 	 0.07889487437919264
1.932021997892098 	 0.07875820050511012
1.933021997892098 	 0.07862255196336078
1.9340219978920978 	 0.0784874966219286
1.9350219978920977 	 0.07835260411769028
1.9360219978920976 	 0.07821753560423883
1.9370219978920975 	 0.07808228938429877
1.9380219978920974 	 0.07794694226607958
1.9390219978920973 	 0.07781157074417443
1.9400219978920972 	 0.0776762510007636
1.941021997892097 	 0.07754105890681319
1.942021997892097 	 0.07740607002326852
1.9430219978920968 	 0.07727135960224338
1.9440219978920967 	 0.07713700258820363
1.9450219978920966 	 0.0770030736191463
1.9460219978920965 	 0.07686964702777405
1.9470219978920964 	 0.07673679684266428
1.9480219978920963 	 0.07660459678943414
1.9490219978920962 	 0.07647312029190032
1.950021997892096 	 0.07634244047313918
1.951021997892096 	 0.07621262065534729
1.9520219978920959 	 0.07608368835741305
1.9530219978920957 	 0.07595566267401191
1.9540219978920956 	 0.0758285626195858
1.9550219978920955 	 0.07570240712865232
1.9560219978920954 	 0.07557721505611253
1.9570219978920953 	 0.07545300517755775
1.9580219978920952 	 0.07532979618957476
1.959021997892095 	 0.07520760671004999
1.960021997892095 	 0.07508645527847241
1.9610219978920949 	 0.07496636035623515
1.9620219978920947 	 0.07484734032693602
1.9630219978920946 	 0.07472941349667643
1.9640219978920945 	 0.07461259809435973
1.9650219978920944 	 0.0744969122719877
1.9660219978920943 	 0.07438237410495604
1.9670219978920942 	 0.07426900159234903
1.968021997892094 	 0.07415681265723238
1.969021997892094 	 0.07404582514694513
1.9700219978920939 	 0.07393605683329005
1.9710219978920938 	 0.07382751532288527
1.9720219978920936 	 0.07372017044203896
1.9730219978920935 	 0.07361398330983945
1.9740219978920934 	 0.07350891519799596
1.9750219978920933 	 0.07340492753026738
1.9760219978920932 	 0.07330198188189332
1.977021997892093 	 0.07320003997902763
1.978021997892093 	 0.07309906369817416
1.9790219978920929 	 0.07299901506562456
1.9800219978920928 	 0.07289985625689849
1.9810219978920927 	 0.07280154959618623
1.9820219978920925 	 0.07270405755579316
1.9830219978920924 	 0.07260734275558685
1.9840219978920923 	 0.07251136796244596
1.9850219978920922 	 0.07241609608971178
1.986021997892092 	 0.0723214901966416
1.987021997892092 	 0.0722275134878644
1.9880219978920919 	 0.07213412931283876
1.9890219978920918 	 0.07204130116531295
1.9900219978920917 	 0.07194899268292891
1.9910219978920916 	 0.07185718186732074
1.9920219978920914 	 0.07176590000551421
1.9930219978920913 	 0.07167519069639172
1.9940219978920912 	 0.07158509736384326
1.9950219978920911 	 0.071495663257422
1.996021997892091 	 0.07140693145299697
1.997021997892091 	 0.07131894485340302
1.9980219978920908 	 0.07123174618908847
1.9990219978920907 	 0.07114537801876002
