0.0010219978922 	 0
0.0020219978922 	 0.0
0.0030219978922 	 0.0
0.0040219978922 	 0.0
0.0050219978922 	 0.0
0.0060219978922 	 0.0
0.0070219978922 	 0.0
0.0080219978922 	 0.0
0.009021997892200002 	 0.0
0.010021997892200003 	 0.0
0.011021997892200004 	 0.0
0.012021997892200004 	 0.0
0.013021997892200005 	 0.0
0.014021997892200006 	 0.0
0.015021997892200007 	 0.0
0.016021997892200008 	 0.0
0.01702199789220001 	 0.0
0.01802199789220001 	 0.0
0.01902199789220001 	 0.0
0.02002199789220001 	 0.0
0.021021997892200012 	 0.0
0.022021997892200013 	 0.0
0.023021997892200014 	 0.0
0.024021997892200015 	 0.0
0.025021997892200016 	 0.0
0.026021997892200017 	 0.0
0.027021997892200018 	 0.0
0.02802199789220002 	 0.0
0.02902199789220002 	 0.0
0.03002199789220002 	 0.0
0.03102199789220002 	 0.0
0.03202199789220002 	 0.0
0.03302199789220002 	 0.0
0.03402199789220002 	 0.0
0.03502199789220002 	 0.0
0.03602199789220002 	 0.0
0.03702199789220002 	 0.0
0.038021997892200024 	 0.0
0.039021997892200025 	 0.0
0.040021997892200026 	 0.0
0.04102199789220003 	 0.0
0.04202199789220003 	 0.0
0.04302199789220003 	 0.0
0.04402199789220003 	 0.0
0.04502199789220003 	 0.0
0.04602199789220003 	 0.0
0.04702199789220003 	 0.0
0.04802199789220003 	 0.0
0.049021997892200034 	 0.0
0.050021997892200035 	 0.0
0.051021997892200036 	 0.0
0.052021997892200036 	 0.0
0.05302199789220004 	 0.0
0.05402199789220004 	 0.0
0.05502199789220004 	 0.0
0.05602199789220004 	 0.0
0.05702199789220004 	 0.0
0.05802199789220004 	 0.0
0.05902199789220004 	 0.0
0.060021997892200044 	 0.0
0.061021997892200044 	 0.0
0.062021997892200045 	 0.0
0.06302199789220005 	 0.0
0.06402199789220005 	 0.0
0.06502199789220005 	 0.0
0.06602199789220005 	 0.0
0.06702199789220005 	 0.0
0.06802199789220005 	 0.0
0.06902199789220005 	 0.0
0.07002199789220005 	 0.0
0.07102199789220005 	 0.0
0.07202199789220005 	 0.0
0.07302199789220006 	 0.0
0.07402199789220006 	 0.0
0.07502199789220006 	 0.0
0.07602199789220006 	 0.0
0.07702199789220006 	 0.0
0.07802199789220006 	 0.0
0.07902199789220006 	 0.0
0.08002199789220006 	 0.0
0.08102199789220006 	 0.0
0.08202199789220006 	 0.0
0.08302199789220006 	 0.0
0.08402199789220006 	 0.0
0.08502199789220007 	 0.0
0.08602199789220007 	 0.0
0.08702199789220007 	 0.0
0.08802199789220007 	 0.0
0.08902199789220007 	 0.0
0.09002199789220007 	 0.0
0.09102199789220007 	 0.0
0.09202199789220007 	 0.0
0.09302199789220007 	 0.0
0.09402199789220007 	 0.0
0.09502199789220007 	 0.0
0.09602199789220008 	 0.0
0.09702199789220008 	 0.0
0.09802199789220008 	 0.0
0.09902199789220008 	 0.0
0.10002199789220008 	 0.0
0.10102199789220008 	 0.0
0.10202199789220008 	 0.0
0.10302199789220008 	 0.0
0.10402199789220008 	 0.0
0.10502199789220008 	 0.0
0.10602199789220008 	 0.0
0.10702199789220009 	 0.0
0.10802199789220009 	 0.0
0.10902199789220009 	 0.0
0.11002199789220009 	 0.0
0.11102199789220009 	 0.0
0.11202199789220009 	 0.0
0.11302199789220009 	 0.0
0.11402199789220009 	 0.0
0.11502199789220009 	 0.0
0.1160219978922001 	 0.0
0.1170219978922001 	 0.0
0.1180219978922001 	 0.0
0.1190219978922001 	 0.0
0.1200219978922001 	 0.0
0.1210219978922001 	 0.0
0.1220219978922001 	 0.0
0.1230219978922001 	 0.0
0.1240219978922001 	 0.0
0.1250219978922001 	 0.0
0.1260219978922001 	 0.0
0.1270219978922001 	 0.0
0.1280219978922001 	 0.0
0.1290219978922001 	 0.0
0.1300219978922001 	 0.0
0.1310219978922001 	 0.0
0.1320219978922001 	 0.0
0.1330219978922001 	 0.0
0.1340219978922001 	 0.0
0.1350219978922001 	 0.0
0.1360219978922001 	 0.0
0.1370219978922001 	 0.0
0.1380219978922001 	 0.0
0.1390219978922001 	 0.0
0.1400219978922001 	 0.0
0.1410219978922001 	 0.0
0.1420219978922001 	 0.0
0.1430219978922001 	 0.0
0.1440219978922001 	 0.0
0.1450219978922001 	 0.0
0.1460219978922001 	 0.0
0.1470219978922001 	 0.0
0.1480219978922001 	 0.0
0.1490219978922001 	 0.0
0.1500219978922001 	 0.0
0.1510219978922001 	 0.0
0.1520219978922001 	 0.0
0.1530219978922001 	 0.0
0.1540219978922001 	 0.0
0.15502199789220011 	 0.0
0.15602199789220011 	 0.0
0.15702199789220012 	 0.0
0.15802199789220012 	 0.0
0.15902199789220012 	 0.0
0.16002199789220012 	 0.0
0.16102199789220012 	 0.0
0.16202199789220012 	 0.0
0.16302199789220012 	 0.0
0.16402199789220012 	 0.0
0.16502199789220012 	 0.0
0.16602199789220012 	 0.0
0.16702199789220012 	 0.0
0.16802199789220013 	 0.0
0.16902199789220013 	 0.0
0.17002199789220013 	 0.0
0.17102199789220013 	 0.0
0.17202199789220013 	 0.0
0.17302199789220013 	 0.0
0.17402199789220013 	 0.0
0.17502199789220013 	 0.0
0.17602199789220013 	 0.0
0.17702199789220013 	 0.0
0.17802199789220013 	 0.0
0.17902199789220014 	 0.0
0.18002199789220014 	 0.0
0.18102199789220014 	 0.0
0.18202199789220014 	 0.0
0.18302199789220014 	 0.0
0.18402199789220014 	 0.0
0.18502199789220014 	 0.0
0.18602199789220014 	 0.0
0.18702199789220014 	 0.0
0.18802199789220014 	 0.0
0.18902199789220014 	 0.0
0.19002199789220015 	 0.0
0.19102199789220015 	 0.0
0.19202199789220015 	 0.0
0.19302199789220015 	 0.0
0.19402199789220015 	 0.0
0.19502199789220015 	 0.0
0.19602199789220015 	 0.0
0.19702199789220015 	 0.0
0.19802199789220015 	 0.0
0.19902199789220015 	 0.0
0.20002199789220015 	 0.0
0.20102199789220015 	 0.0
0.20202199789220016 	 0.0
0.20302199789220016 	 0.0
0.20402199789220016 	 0.0
0.20502199789220016 	 0.0
0.20602199789220016 	 0.0
0.20702199789220016 	 0.0
0.20802199789220016 	 0.0
0.20902199789220016 	 0.0
0.21002199789220016 	 0.0
0.21102199789220016 	 0.0
0.21202199789220016 	 0.0
0.21302199789220017 	 0.0
0.21402199789220017 	 0.0
0.21502199789220017 	 0.0
0.21602199789220017 	 0.0
0.21702199789220017 	 0.0
0.21802199789220017 	 0.0
0.21902199789220017 	 0.0
0.22002199789220017 	 0.0
0.22102199789220017 	 0.0
0.22202199789220017 	 0.0
0.22302199789220017 	 0.0
0.22402199789220018 	 0.0
0.22502199789220018 	 0.0
0.22602199789220018 	 0.0
0.22702199789220018 	 0.0
0.22802199789220018 	 0.0
0.22902199789220018 	 0.0
0.23002199789220018 	 0.0
0.23102199789220018 	 0.0
0.23202199789220018 	 0.0
0.23302199789220018 	 0.0
0.23402199789220018 	 0.0
0.23502199789220019 	 0.0
0.23602199789220019 	 0.0
0.2370219978922002 	 0.0
0.2380219978922002 	 0.0
0.2390219978922002 	 0.0
0.2400219978922002 	 0.0
0.2410219978922002 	 0.0
0.2420219978922002 	 0.0
0.2430219978922002 	 0.0
0.2440219978922002 	 0.0
0.2450219978922002 	 0.0
0.2460219978922002 	 0.0
0.2470219978922002 	 0.0
0.2480219978922002 	 0.0
0.2490219978922002 	 0.0
0.2500219978922002 	 0.0
0.2510219978922002 	 0.0
0.2520219978922002 	 0.0
0.2530219978922002 	 0.0
0.2540219978922002 	 0.0
0.2550219978922002 	 0.0
0.2560219978922002 	 0.0
0.2570219978922002 	 0.0
0.2580219978922002 	 0.0
0.2590219978922002 	 0.0
0.2600219978922002 	 0.0
0.2610219978922002 	 0.0
0.2620219978922002 	 0.0
0.2630219978922002 	 0.0
0.2640219978922002 	 0.0
0.2650219978922002 	 0.0
0.2660219978922002 	 0.0
0.2670219978922002 	 0.0
0.2680219978922002 	 0.0
0.2690219978922002 	 0.0
0.2700219978922002 	 0.0
0.2710219978922002 	 0.0
0.2720219978922002 	 0.0
0.2730219978922002 	 0.0
0.2740219978922002 	 0.0
0.2750219978922002 	 0.0
0.2760219978922002 	 0.0
0.2770219978922002 	 0.0
0.2780219978922002 	 0.0
0.2790219978922002 	 0.0
0.2800219978922002 	 0.0
0.2810219978922002 	 0.0
0.2820219978922002 	 0.0
0.2830219978922002 	 0.0
0.28402199789220023 	 0.0
0.28502199789220023 	 0.0
0.28602199789220023 	 0.0
0.28702199789220023 	 0.0
0.28802199789220023 	 0.0
0.28902199789220023 	 0.0
0.29002199789220023 	 0.0
0.29102199789220023 	 0.0
0.29202199789220024 	 0.0
0.29302199789220024 	 0.0
0.29402199789220024 	 0.0
0.29502199789220024 	 0.0
0.29602199789220024 	 0.0
0.29702199789220024 	 0.0
0.29802199789220024 	 0.0
0.29902199789220024 	 0.0
0.30002199789220024 	 0.0
0.30102199789220024 	 0.0
0.30202199789220024 	 0.0
0.30302199789220025 	 0.0
0.30402199789220025 	 0.0
0.30502199789220025 	 0.0
0.30602199789220025 	 0.0
0.30702199789220025 	 0.0
0.30802199789220025 	 0.0
0.30902199789220025 	 0.0
0.31002199789220025 	 0.0
0.31102199789220025 	 0.0
0.31202199789220025 	 0.0
0.31302199789220025 	 0.0
0.31402199789220026 	 0.0
0.31502199789220026 	 0.0
0.31602199789220026 	 0.0
0.31702199789220026 	 0.0
0.31802199789220026 	 0.0
0.31902199789220026 	 0.0
0.32002199789220026 	 0.0
0.32102199789220026 	 0.0
0.32202199789220026 	 0.0
0.32302199789220026 	 0.0
0.32402199789220026 	 0.0
0.32502199789220027 	 0.0
0.32602199789220027 	 0.0
0.32702199789220027 	 0.0
0.32802199789220027 	 0.0
0.32902199789220027 	 0.0
0.33002199789220027 	 0.0
0.33102199789220027 	 0.0
0.33202199789220027 	 0.0
0.33302199789220027 	 0.0
0.3340219978922003 	 0.0
0.3350219978922003 	 0.0
0.3360219978922003 	 0.0
0.3370219978922003 	 0.0
0.3380219978922003 	 0.0
0.3390219978922003 	 0.0
0.3400219978922003 	 0.0
0.3410219978922003 	 0.0
0.3420219978922003 	 0.0
0.3430219978922003 	 0.0
0.3440219978922003 	 0.0
0.3450219978922003 	 0.0
0.3460219978922003 	 0.0
0.3470219978922003 	 0.0
0.3480219978922003 	 0.0
0.3490219978922003 	 0.0
0.3500219978922003 	 0.0
0.3510219978922003 	 0.0
0.3520219978922003 	 0.0
0.3530219978922003 	 0.0
0.3540219978922003 	 0.0
0.3550219978922003 	 0.0
0.3560219978922003 	 0.0
0.3570219978922003 	 0.0
0.3580219978922003 	 0.0
0.3590219978922003 	 0.0
0.3600219978922003 	 0.0
0.3610219978922003 	 0.0
0.3620219978922003 	 0.0
0.3630219978922003 	 0.0
0.3640219978922003 	 0.0
0.3650219978922003 	 0.0
0.3660219978922003 	 0.0
0.3670219978922003 	 0.0
0.3680219978922003 	 0.0
0.3690219978922003 	 0.0
0.3700219978922003 	 0.0
0.3710219978922003 	 0.0
0.3720219978922003 	 0.0
0.3730219978922003 	 0.0
0.3740219978922003 	 0.0
0.3750219978922003 	 0.0
0.3760219978922003 	 0.0
0.3770219978922003 	 0.0
0.3780219978922003 	 0.0
0.3790219978922003 	 0.0
0.3800219978922003 	 0.0
0.3810219978922003 	 0.0
0.3820219978922003 	 0.0
0.3830219978922003 	 0.0
0.3840219978922003 	 0.0
0.3850219978922003 	 0.0
0.3860219978922003 	 0.0
0.3870219978922003 	 0.0
0.3880219978922003 	 0.0
0.3890219978922003 	 0.0
0.3900219978922003 	 0.0
0.3910219978922003 	 0.0
0.3920219978922003 	 0.0
0.3930219978922003 	 0.0
0.3940219978922003 	 0.0
0.3950219978922003 	 0.0
0.39602199789220033 	 0.0
0.39702199789220033 	 0.0
0.39802199789220033 	 0.0
0.39902199789220033 	 0.0
0.40002199789220033 	 0.0
0.40102199789220033 	 0.0
0.40202199789220033 	 0.0
0.40302199789220033 	 0.0
0.40402199789220034 	 0.0
0.40502199789220034 	 0.0
0.40602199789220034 	 0.0
0.40702199789220034 	 0.0
0.40802199789220034 	 0.0
0.40902199789220034 	 0.0
0.41002199789220034 	 0.0
0.41102199789220034 	 0.0
0.41202199789220034 	 0.0
0.41302199789220034 	 0.0
0.41402199789220034 	 0.0
0.41502199789220034 	 0.0
0.41602199789220035 	 0.0
0.41702199789220035 	 0.0
0.41802199789220035 	 0.0
0.41902199789220035 	 0.0
0.42002199789220035 	 0.0
0.42102199789220035 	 0.0
0.42202199789220035 	 0.0
0.42302199789220035 	 0.0
0.42402199789220035 	 0.0
0.42502199789220035 	 0.0
0.42602199789220035 	 0.0
0.42702199789220036 	 0.0
0.42802199789220036 	 0.0
0.42902199789220036 	 0.0
0.43002199789220036 	 0.0
0.43102199789220036 	 0.0
0.43202199789220036 	 0.0
0.43302199789220036 	 0.0
0.43402199789220036 	 0.0
0.43502199789220036 	 0.0
0.43602199789220036 	 0.0
0.43702199789220036 	 0.0
0.43802199789220037 	 0.0
0.43902199789220037 	 0.0
0.44002199789220037 	 0.0
0.44102199789220037 	 0.0
0.44202199789220037 	 0.0
0.44302199789220037 	 0.0
0.44402199789220037 	 0.0
0.44502199789220037 	 0.0
0.4460219978922004 	 0.0
0.4470219978922004 	 0.0
0.4480219978922004 	 0.0
0.4490219978922004 	 0.0
0.4500219978922004 	 0.0
0.4510219978922004 	 0.0
0.4520219978922004 	 0.0
0.4530219978922004 	 0.0
0.4540219978922004 	 0.0
0.4550219978922004 	 0.0
0.4560219978922004 	 0.0
0.4570219978922004 	 0.0
0.4580219978922004 	 0.0
0.4590219978922004 	 0.0
0.4600219978922004 	 0.0
0.4610219978922004 	 0.0
0.4620219978922004 	 0.0
0.4630219978922004 	 0.0
0.4640219978922004 	 0.0
0.4650219978922004 	 0.0
0.4660219978922004 	 0.0
0.4670219978922004 	 0.0
0.4680219978922004 	 0.0
0.4690219978922004 	 0.0
0.4700219978922004 	 0.0
0.4710219978922004 	 0.0
0.4720219978922004 	 0.0
0.4730219978922004 	 0.0
0.4740219978922004 	 0.0
0.4750219978922004 	 0.0
0.4760219978922004 	 0.0
0.4770219978922004 	 0.0
0.4780219978922004 	 0.0
0.4790219978922004 	 0.0
0.4800219978922004 	 0.0
0.4810219978922004 	 0.0
0.4820219978922004 	 0.0
0.4830219978922004 	 0.0
0.4840219978922004 	 0.0
0.4850219978922004 	 0.0
0.4860219978922004 	 0.0
0.4870219978922004 	 0.0
0.4880219978922004 	 0.0
0.4890219978922004 	 0.0
0.4900219978922004 	 0.0
0.4910219978922004 	 0.0
0.4920219978922004 	 0.0
0.4930219978922004 	 0.0
0.4940219978922004 	 0.0
0.4950219978922004 	 0.0
0.4960219978922004 	 0.0
0.4970219978922004 	 0.0
0.4980219978922004 	 0.0
0.4990219978922004 	 0.0
0.5000219978922004 	 0.0
0.5010219978922004 	 0.0
0.5020219978922004 	 0.0
0.5030219978922004 	 0.0
0.5040219978922004 	 0.0
0.5050219978922004 	 0.0
0.5060219978922004 	 0.0
0.5070219978922004 	 0.0
0.5080219978922004 	 0.0
0.5090219978922004 	 0.0
0.5100219978922004 	 0.0
0.5110219978922004 	 0.0
0.5120219978922004 	 0.0
0.5130219978922004 	 0.0
0.5140219978922004 	 0.0
0.5150219978922004 	 0.0
0.5160219978922004 	 0.0
0.5170219978922004 	 0.0
0.5180219978922004 	 0.0
0.5190219978922004 	 0.0
0.5200219978922004 	 0.0
0.5210219978922004 	 0.0
0.5220219978922004 	 0.0
0.5230219978922004 	 0.0
0.5240219978922004 	 0.0
0.5250219978922004 	 0.0
0.5260219978922004 	 0.0
0.5270219978922004 	 0.0
0.5280219978922004 	 0.0
0.5290219978922004 	 0.0
0.5300219978922004 	 0.0
0.5310219978922004 	 0.0
0.5320219978922004 	 0.0
0.5330219978922004 	 0.0
0.5340219978922004 	 0.0
0.5350219978922004 	 0.0
0.5360219978922004 	 0.0
0.5370219978922004 	 0.0
0.5380219978922004 	 0.0
0.5390219978922004 	 0.0
0.5400219978922004 	 0.0
0.5410219978922004 	 0.0
0.5420219978922004 	 0.0
0.5430219978922004 	 0.0
0.5440219978922004 	 0.0
0.5450219978922004 	 0.0
0.5460219978922004 	 0.0
0.5470219978922004 	 0.0
0.5480219978922004 	 0.0
0.5490219978922004 	 0.0
0.5500219978922004 	 0.0
0.5510219978922004 	 0.0
0.5520219978922004 	 0.0
0.5530219978922004 	 0.0
0.5540219978922004 	 0.0
0.5550219978922004 	 0.0
0.5560219978922004 	 0.0
0.5570219978922004 	 0.0
0.5580219978922004 	 0.0
0.5590219978922004 	 0.0
0.5600219978922004 	 0.0
0.5610219978922004 	 0.0
0.5620219978922004 	 0.0
0.5630219978922004 	 0.0
0.5640219978922004 	 0.0
0.5650219978922004 	 0.0
0.5660219978922004 	 0.0
0.5670219978922004 	 0.0
0.5680219978922004 	 0.0
0.5690219978922004 	 0.0
0.5700219978922004 	 0.0
0.5710219978922004 	 0.0
0.5720219978922004 	 0.0
0.5730219978922004 	 0.0
0.5740219978922004 	 0.0
0.5750219978922004 	 0.0
0.5760219978922004 	 0.0
0.5770219978922004 	 0.0
0.5780219978922004 	 0.0
0.5790219978922004 	 0.0
0.5800219978922004 	 0.0
0.5810219978922004 	 0.0
0.5820219978922004 	 0.0
0.5830219978922004 	 0.0
0.5840219978922004 	 0.0
0.5850219978922004 	 0.0
0.5860219978922004 	 0.0
0.5870219978922004 	 0.0
0.5880219978922004 	 0.0
0.5890219978922004 	 0.0
0.5900219978922004 	 0.0
0.5910219978922004 	 0.0
0.5920219978922004 	 0.0
0.5930219978922004 	 0.0
0.5940219978922004 	 0.0
0.5950219978922004 	 0.0
0.5960219978922005 	 0.0
0.5970219978922005 	 0.0
0.5980219978922005 	 0.0
0.5990219978922005 	 0.0
0.6000219978922005 	 0.0
0.6010219978922005 	 0.0
0.6020219978922005 	 0.0
0.6030219978922005 	 0.0
0.6040219978922005 	 0.0
0.6050219978922005 	 0.0
0.6060219978922005 	 0.0
0.6070219978922005 	 0.0
0.6080219978922005 	 0.0
0.6090219978922005 	 0.0
0.6100219978922005 	 0.0
0.6110219978922005 	 0.0
0.6120219978922005 	 0.0
0.6130219978922005 	 0.0
0.6140219978922005 	 0.0
0.6150219978922005 	 0.0
0.6160219978922005 	 0.0
0.6170219978922005 	 0.0
0.6180219978922005 	 0.0
0.6190219978922005 	 0.0
0.6200219978922005 	 0.0
0.6210219978922005 	 0.0
0.6220219978922005 	 0.0
0.6230219978922005 	 0.0
0.6240219978922005 	 0.0
0.6250219978922005 	 0.0
0.6260219978922005 	 0.0
0.6270219978922005 	 0.0
0.6280219978922005 	 0.0
0.6290219978922005 	 0.0
0.6300219978922005 	 0.0
0.6310219978922005 	 0.0
0.6320219978922005 	 0.0
0.6330219978922005 	 0.0
0.6340219978922005 	 0.0
0.6350219978922005 	 0.0
0.6360219978922005 	 0.0
0.6370219978922005 	 0.0
0.6380219978922005 	 0.0
0.6390219978922005 	 0.0
0.6400219978922005 	 0.0
0.6410219978922005 	 0.0
0.6420219978922005 	 0.0
0.6430219978922005 	 0.0
0.6440219978922005 	 0.0
0.6450219978922005 	 0.0
0.6460219978922005 	 0.0
0.6470219978922005 	 0.0
0.6480219978922005 	 0.0
0.6490219978922005 	 0.0
0.6500219978922005 	 0.0
0.6510219978922005 	 0.0
0.6520219978922005 	 0.0
0.6530219978922005 	 0.0
0.6540219978922005 	 0.0
0.6550219978922005 	 0.0
0.6560219978922005 	 0.0
0.6570219978922005 	 0.0
0.6580219978922005 	 0.0
0.6590219978922005 	 0.0
0.6600219978922005 	 0.0
0.6610219978922005 	 0.0
0.6620219978922005 	 0.0
0.6630219978922005 	 0.0
0.6640219978922005 	 0.0
0.6650219978922005 	 0.0
0.6660219978922005 	 0.0
0.6670219978922005 	 0.0
0.6680219978922005 	 0.0
0.6690219978922005 	 0.0
0.6700219978922005 	 0.0
0.6710219978922005 	 0.0
0.6720219978922005 	 0.0
0.6730219978922005 	 0.0
0.6740219978922005 	 0.0
0.6750219978922005 	 0.0
0.6760219978922005 	 0.0
0.6770219978922005 	 0.0
0.6780219978922005 	 0.0
0.6790219978922005 	 0.0
0.6800219978922005 	 0.0
0.6810219978922005 	 0.0
0.6820219978922005 	 0.0
0.6830219978922005 	 0.0
0.6840219978922005 	 0.0
0.6850219978922005 	 0.0
0.6860219978922005 	 0.0
0.6870219978922005 	 0.0
0.6880219978922005 	 0.0
0.6890219978922005 	 0.0
0.6900219978922005 	 0.0
0.6910219978922005 	 0.0
0.6920219978922005 	 0.0
0.6930219978922005 	 0.0
0.6940219978922005 	 0.0
0.6950219978922005 	 0.0
0.6960219978922005 	 0.0
0.6970219978922005 	 0.0
0.6980219978922005 	 0.0
0.6990219978922005 	 0.0
0.7000219978922005 	 0.0
0.7010219978922005 	 0.0
0.7020219978922005 	 0.0
0.7030219978922005 	 0.0
0.7040219978922005 	 0.0
0.7050219978922005 	 0.0
0.7060219978922005 	 0.0
0.7070219978922005 	 0.0
0.7080219978922005 	 0.0
0.7090219978922006 	 0.0
0.7100219978922006 	 0.0
0.7110219978922006 	 0.0
0.7120219978922006 	 0.0
0.7130219978922006 	 0.0
0.7140219978922006 	 0.0
0.7150219978922006 	 0.0
0.7160219978922006 	 0.0
0.7170219978922006 	 0.0
0.7180219978922006 	 0.0
0.7190219978922006 	 0.0
0.7200219978922006 	 0.0
0.7210219978922006 	 0.0
0.7220219978922006 	 0.0
0.7230219978922006 	 0.0
0.7240219978922006 	 0.0
0.7250219978922006 	 0.0
0.7260219978922006 	 0.0
0.7270219978922006 	 0.0
0.7280219978922006 	 0.0
0.7290219978922006 	 0.0
0.7300219978922006 	 0.0
0.7310219978922006 	 0.0
0.7320219978922006 	 0.0
0.7330219978922006 	 0.0
0.7340219978922006 	 0.0
0.7350219978922006 	 0.0
0.7360219978922006 	 0.0
0.7370219978922006 	 0.0
0.7380219978922006 	 0.0
0.7390219978922006 	 0.0
0.7400219978922006 	 0.0
0.7410219978922006 	 0.0
0.7420219978922006 	 0.0
0.7430219978922006 	 0.0
0.7440219978922006 	 0.0
0.7450219978922006 	 0.0
0.7460219978922006 	 0.0
0.7470219978922006 	 0.0
0.7480219978922006 	 0.0
0.7490219978922006 	 0.0
0.7500219978922006 	 0.0
0.7510219978922006 	 0.0
0.7520219978922006 	 0.0
0.7530219978922006 	 0.0
0.7540219978922006 	 0.0
0.7550219978922006 	 0.0
0.7560219978922006 	 0.0
0.7570219978922006 	 0.0
0.7580219978922006 	 0.0
0.7590219978922006 	 0.0
0.7600219978922006 	 0.0
0.7610219978922006 	 0.0
0.7620219978922006 	 0.0
0.7630219978922006 	 0.0
0.7640219978922006 	 0.0
0.7650219978922006 	 0.0
0.7660219978922006 	 0.0
0.7670219978922006 	 0.0
0.7680219978922006 	 0.0
0.7690219978922006 	 0.0
0.7700219978922006 	 0.0
0.7710219978922006 	 0.0
0.7720219978922006 	 0.0
0.7730219978922006 	 0.0
0.7740219978922006 	 0.0
0.7750219978922006 	 0.0
0.7760219978922006 	 0.0
0.7770219978922006 	 0.0
0.7780219978922006 	 0.0
0.7790219978922006 	 0.0
0.7800219978922006 	 0.0
0.7810219978922006 	 0.0
0.7820219978922006 	 0.0
0.7830219978922006 	 0.0
0.7840219978922006 	 0.0
0.7850219978922006 	 0.0
0.7860219978922006 	 0.0
0.7870219978922006 	 0.0
0.7880219978922006 	 0.0
0.7890219978922006 	 0.0
0.7900219978922006 	 0.0
0.7910219978922006 	 0.0
0.7920219978922006 	 0.0
0.7930219978922006 	 0.0
0.7940219978922006 	 0.0
0.7950219978922006 	 0.0
0.7960219978922006 	 0.0
0.7970219978922006 	 0.0
0.7980219978922006 	 0.0
0.7990219978922006 	 0.0
0.8000219978922006 	 0.0
0.8010219978922006 	 0.0
0.8020219978922006 	 0.0
0.8030219978922006 	 0.0
0.8040219978922006 	 0.0
0.8050219978922006 	 0.0
0.8060219978922006 	 0.0
0.8070219978922006 	 0.0
0.8080219978922006 	 0.0
0.8090219978922006 	 0.0
0.8100219978922006 	 0.0
0.8110219978922006 	 0.0
0.8120219978922006 	 0.0
0.8130219978922006 	 0.0
0.8140219978922006 	 0.0
0.8150219978922006 	 0.0
0.8160219978922006 	 0.0
0.8170219978922006 	 0.0
0.8180219978922006 	 0.0
0.8190219978922006 	 0.0
0.8200219978922006 	 0.0
0.8210219978922007 	 0.0
0.8220219978922007 	 0.0
0.8230219978922007 	 0.0
0.8240219978922007 	 0.0
0.8250219978922007 	 0.0
0.8260219978922007 	 0.0
0.8270219978922007 	 0.0
0.8280219978922007 	 0.0
0.8290219978922007 	 0.0
0.8300219978922007 	 0.0
0.8310219978922007 	 0.0
0.8320219978922007 	 0.0
0.8330219978922007 	 0.0
0.8340219978922007 	 0.0
0.8350219978922007 	 0.0
0.8360219978922007 	 0.0
0.8370219978922007 	 0.0
0.8380219978922007 	 0.0
0.8390219978922007 	 0.0
0.8400219978922007 	 0.0
0.8410219978922007 	 0.0
0.8420219978922007 	 0.0
0.8430219978922007 	 0.0
0.8440219978922007 	 0.0
0.8450219978922007 	 0.0
0.8460219978922007 	 0.0
0.8470219978922007 	 0.0
0.8480219978922007 	 0.0
0.8490219978922007 	 0.0
0.8500219978922007 	 0.0
0.8510219978922007 	 0.0
0.8520219978922007 	 0.0
0.8530219978922007 	 0.0
0.8540219978922007 	 0.0
0.8550219978922007 	 0.0
0.8560219978922007 	 0.0
0.8570219978922007 	 0.0
0.8580219978922007 	 0.0
0.8590219978922007 	 0.0
0.8600219978922007 	 0.0
0.8610219978922007 	 0.0
0.8620219978922007 	 0.0
0.8630219978922007 	 0.0
0.8640219978922007 	 0.0
0.8650219978922007 	 0.0
0.8660219978922007 	 0.0
0.8670219978922007 	 0.0
0.8680219978922007 	 0.0
0.8690219978922007 	 0.0
0.8700219978922007 	 0.0
0.8710219978922007 	 0.0
0.8720219978922007 	 0.0
0.8730219978922007 	 0.0
0.8740219978922007 	 0.0
0.8750219978922007 	 0.0
0.8760219978922007 	 0.0
0.8770219978922007 	 0.0
0.8780219978922007 	 0.0
0.8790219978922007 	 0.0
0.8800219978922007 	 0.0
0.8810219978922007 	 0.0
0.8820219978922007 	 0.0
0.8830219978922007 	 0.0
0.8840219978922007 	 0.0
0.8850219978922007 	 0.0
0.8860219978922007 	 0.0
0.8870219978922007 	 0.0
0.8880219978922007 	 0.0
0.8890219978922007 	 0.0
0.8900219978922007 	 0.0
0.8910219978922007 	 0.0
0.8920219978922007 	 0.0
0.8930219978922007 	 0.0
0.8940219978922007 	 0.0
0.8950219978922007 	 0.0
0.8960219978922007 	 0.0
0.8970219978922007 	 0.0
0.8980219978922007 	 0.0
0.8990219978922007 	 0.0
0.9000219978922007 	 0.0
0.9010219978922007 	 0.0
0.9020219978922007 	 0.0
0.9030219978922007 	 0.0
0.9040219978922007 	 0.0
0.9050219978922007 	 0.0
0.9060219978922007 	 0.0
0.9070219978922007 	 0.0
0.9080219978922007 	 0.0
0.9090219978922007 	 0.0
0.9100219978922007 	 0.0
0.9110219978922007 	 0.0
0.9120219978922007 	 0.0
0.9130219978922007 	 0.0
0.9140219978922007 	 0.0
0.9150219978922007 	 0.0
0.9160219978922007 	 0.0
0.9170219978922007 	 0.0
0.9180219978922007 	 0.0
0.9190219978922007 	 0.0
0.9200219978922007 	 0.0
0.9210219978922007 	 0.0
0.9220219978922007 	 0.0
0.9230219978922007 	 0.0
0.9240219978922007 	 0.0
0.9250219978922007 	 0.0
0.9260219978922007 	 0.0
0.9270219978922007 	 0.0
0.9280219978922007 	 0.0
0.9290219978922007 	 0.0
0.9300219978922007 	 0.0
0.9310219978922007 	 0.0
0.9320219978922007 	 0.0
0.9330219978922007 	 0.0
0.9340219978922008 	 0.0
0.9350219978922008 	 0.0
0.9360219978922008 	 0.0
0.9370219978922008 	 0.0
0.9380219978922008 	 0.0
0.9390219978922008 	 0.0
0.9400219978922008 	 0.0
0.9410219978922008 	 0.0
0.9420219978922008 	 0.0
0.9430219978922008 	 0.0
0.9440219978922008 	 0.0
0.9450219978922008 	 0.0
0.9460219978922008 	 0.0
0.9470219978922008 	 0.0
0.9480219978922008 	 0.0
0.9490219978922008 	 0.0
0.9500219978922008 	 0.0
0.9510219978922008 	 0.0
0.9520219978922008 	 0.0
0.9530219978922008 	 0.0
0.9540219978922008 	 0.0
0.9550219978922008 	 0.0
0.9560219978922008 	 0.0
0.9570219978922008 	 0.0
0.9580219978922008 	 0.0
0.9590219978922008 	 0.0
0.9600219978922008 	 0.0
0.9610219978922008 	 0.0
0.9620219978922008 	 0.0
0.9630219978922008 	 0.0
0.9640219978922008 	 0.0
0.9650219978922008 	 0.0
0.9660219978922008 	 0.0
0.9670219978922008 	 0.0
0.9680219978922008 	 0.0
0.9690219978922008 	 0.0
0.9700219978922008 	 0.0
0.9710219978922008 	 0.0
0.9720219978922008 	 0.0
0.9730219978922008 	 0.0
0.9740219978922008 	 0.0
0.9750219978922008 	 0.0
0.9760219978922008 	 0.0
0.9770219978922008 	 0.0
0.9780219978922008 	 0.0
0.9790219978922008 	 0.0
0.9800219978922008 	 0.0
0.9810219978922008 	 0.0
0.9820219978922008 	 0.0
0.9830219978922008 	 0.0
0.9840219978922008 	 0.0
0.9850219978922008 	 0.0
0.9860219978922008 	 0.0
0.9870219978922008 	 0.0
0.9880219978922008 	 0.0
0.9890219978922008 	 0.0
0.9900219978922008 	 0.0
0.9910219978922008 	 0.0
0.9920219978922008 	 0.0
0.9930219978922008 	 0.0
0.9940219978922008 	 0.0
0.9950219978922008 	 0.0
0.9960219978922008 	 0.0
0.9970219978922008 	 0.0
0.9980219978922008 	 0.0
0.9990219978922008 	 0.0
1.0000219978922007 	 0.0
1.0010219978922006 	 0.0
1.0020219978922005 	 0.0
1.0030219978922004 	 0.0
1.0040219978922003 	 0.0
1.0050219978922001 	 0.0
1.0060219978922 	 0.0
1.0070219978922 	 0.0
1.0080219978921998 	 0.0
1.0090219978921997 	 0.0
1.0100219978921996 	 0.0
1.0110219978921995 	 0.0
1.0120219978921994 	 0.0
1.0130219978921993 	 0.0
1.0140219978921992 	 0.0
1.015021997892199 	 0.0
1.016021997892199 	 0.0
1.0170219978921988 	 0.0
1.0180219978921987 	 0.0
1.0190219978921986 	 0.0
1.0200219978921985 	 0.0
1.0210219978921984 	 0.0
1.0220219978921983 	 0.0
1.0230219978921982 	 0.0
1.024021997892198 	 0.0
1.025021997892198 	 0.0
1.0260219978921978 	 0.0
1.0270219978921977 	 0.0
1.0280219978921976 	 0.0
1.0290219978921975 	 0.0
1.0300219978921974 	 0.0
1.0310219978921973 	 0.0
1.0320219978921972 	 0.0
1.033021997892197 	 0.0
1.034021997892197 	 0.0
1.0350219978921968 	 0.0
1.0360219978921967 	 0.0
1.0370219978921966 	 0.0
1.0380219978921965 	 0.0
1.0390219978921964 	 0.0
1.0400219978921963 	 0.0
1.0410219978921962 	 0.0
1.042021997892196 	 0.0
1.043021997892196 	 0.0
1.0440219978921959 	 0.0
1.0450219978921957 	 0.0
1.0460219978921956 	 0.0
1.0470219978921955 	 0.0
1.0480219978921954 	 0.0
1.0490219978921953 	 0.0
1.0500219978921952 	 0.0
1.051021997892195 	 0.0
1.052021997892195 	 0.0
1.0530219978921949 	 0.0
1.0540219978921948 	 0.0
1.0550219978921946 	 0.0
1.0560219978921945 	 0.0
1.0570219978921944 	 0.0
1.0580219978921943 	 0.0
1.0590219978921942 	 0.0
1.060021997892194 	 0.0
1.061021997892194 	 0.0
1.0620219978921939 	 0.0
1.0630219978921938 	 0.0
1.0640219978921936 	 0.0
1.0650219978921935 	 0.0
1.0660219978921934 	 0.0
1.0670219978921933 	 0.0
1.0680219978921932 	 0.0
1.069021997892193 	 0.0
1.070021997892193 	 0.0
1.0710219978921929 	 0.0
1.0720219978921928 	 0.0
1.0730219978921927 	 0.0
1.0740219978921925 	 0.0
1.0750219978921924 	 0.0
1.0760219978921923 	 0.0
1.0770219978921922 	 0.0
1.078021997892192 	 0.0
1.079021997892192 	 0.0
1.0800219978921919 	 0.0
1.0810219978921918 	 0.0
1.0820219978921917 	 0.0
1.0830219978921916 	 0.0
1.0840219978921914 	 0.0
1.0850219978921913 	 0.0
1.0860219978921912 	 0.0
1.0870219978921911 	 0.0
1.088021997892191 	 0.0
1.089021997892191 	 0.0
1.0900219978921908 	 0.0
1.0910219978921907 	 0.0
1.0920219978921906 	 0.0
1.0930219978921905 	 0.0
1.0940219978921903 	 0.0
1.0950219978921902 	 0.0
1.0960219978921901 	 0.0
1.09702199789219 	 0.0
1.09802199789219 	 0.0
1.0990219978921898 	 0.0
1.1000219978921897 	 0.0
1.1010219978921896 	 0.0
1.1020219978921895 	 0.0
1.1030219978921894 	 0.0
1.1040219978921892 	 0.0
1.1050219978921891 	 0.0
1.106021997892189 	 0.0
1.107021997892189 	 0.0
1.1080219978921888 	 0.0
1.1090219978921887 	 0.0
1.1100219978921886 	 0.0
1.1110219978921885 	 0.0
1.1120219978921884 	 0.0
1.1130219978921883 	 0.0
1.1140219978921881 	 0.0
1.115021997892188 	 0.0
1.116021997892188 	 0.0
1.1170219978921878 	 0.0
1.1180219978921877 	 0.0
1.1190219978921876 	 0.0
1.1200219978921875 	 0.0
1.1210219978921874 	 0.0
1.1220219978921873 	 0.0
1.1230219978921872 	 0.0
1.124021997892187 	 0.0
1.125021997892187 	 0.0
1.1260219978921868 	 0.0
1.1270219978921867 	 0.0
1.1280219978921866 	 0.0
1.1290219978921865 	 0.0
1.1300219978921864 	 0.0
1.1310219978921863 	 0.0
1.1320219978921862 	 0.0
1.133021997892186 	 0.0
1.134021997892186 	 0.0
1.1350219978921858 	 0.0
1.1360219978921857 	 0.0
1.1370219978921856 	 0.0
1.1380219978921855 	 0.0
1.1390219978921854 	 0.0
1.1400219978921853 	 0.0
1.1410219978921852 	 0.0
1.142021997892185 	 0.0
1.143021997892185 	 0.0
1.1440219978921848 	 0.0
1.1450219978921847 	 0.0
1.1460219978921846 	 0.0
1.1470219978921845 	 0.0
1.1480219978921844 	 0.0
1.1490219978921843 	 0.0
1.1500219978921842 	 0.0
1.151021997892184 	 0.0
1.152021997892184 	 0.0
1.1530219978921838 	 0.0
1.1540219978921837 	 0.0
1.1550219978921836 	 0.0
1.1560219978921835 	 0.0
1.1570219978921834 	 0.0
1.1580219978921833 	 0.0
1.1590219978921832 	 0.0
1.160021997892183 	 0.0
1.161021997892183 	 0.0
1.1620219978921829 	 0.0
1.1630219978921827 	 0.0
1.1640219978921826 	 0.0
1.1650219978921825 	 0.0
1.1660219978921824 	 0.0
1.1670219978921823 	 0.0
1.1680219978921822 	 0.0
1.169021997892182 	 0.0
1.170021997892182 	 0.0
1.1710219978921819 	 0.0
1.1720219978921818 	 0.0
1.1730219978921816 	 0.0
1.1740219978921815 	 0.0
1.1750219978921814 	 0.0
1.1760219978921813 	 0.0
1.1770219978921812 	 0.0
1.178021997892181 	 0.0
1.179021997892181 	 0.0
1.1800219978921809 	 0.0
1.1810219978921808 	 0.0
1.1820219978921807 	 0.0
1.1830219978921805 	 0.0
1.1840219978921804 	 0.0
1.1850219978921803 	 0.0
1.1860219978921802 	 0.0
1.18702199789218 	 0.0
1.18802199789218 	 0.0
1.1890219978921799 	 0.0
1.1900219978921798 	 0.0
1.1910219978921797 	 0.0
1.1920219978921796 	 0.0
1.1930219978921794 	 0.0
1.1940219978921793 	 0.0
1.1950219978921792 	 0.0
1.1960219978921791 	 0.0
1.197021997892179 	 0.0
1.198021997892179 	 0.0
1.1990219978921788 	 0.0
1.2000219978921787 	 0.0
1.2010219978921786 	 0.0
1.2020219978921785 	 0.0
1.2030219978921783 	 0.0
1.2040219978921782 	 0.0
1.2050219978921781 	 0.0
1.206021997892178 	 0.0
1.207021997892178 	 0.0
1.2080219978921778 	 0.0
1.2090219978921777 	 0.0
1.2100219978921776 	 0.0
1.2110219978921775 	 0.0
1.2120219978921773 	 0.0
1.2130219978921772 	 0.0
1.2140219978921771 	 0.0
1.215021997892177 	 0.0
1.216021997892177 	 0.0
1.2170219978921768 	 0.0
1.2180219978921767 	 0.0
1.2190219978921766 	 0.0
1.2200219978921765 	 0.0
1.2210219978921764 	 0.0
1.2220219978921762 	 0.0
1.2230219978921761 	 0.0
1.224021997892176 	 0.0
1.225021997892176 	 0.0
1.2260219978921758 	 0.0
1.2270219978921757 	 0.0
1.2280219978921756 	 0.0
1.2290219978921755 	 0.0
1.2300219978921754 	 0.0
1.2310219978921753 	 0.0
1.2320219978921751 	 0.0
1.233021997892175 	 0.0
1.234021997892175 	 0.0
1.2350219978921748 	 0.0
1.2360219978921747 	 0.0
1.2370219978921746 	 0.0
1.2380219978921745 	 0.0
1.2390219978921744 	 0.0
1.2400219978921743 	 0.0
1.2410219978921742 	 0.0
1.242021997892174 	 0.0
1.243021997892174 	 0.0
1.2440219978921738 	 0.0
1.2450219978921737 	 0.0
1.2460219978921736 	 0.0
1.2470219978921735 	 0.0
1.2480219978921734 	 0.0
1.2490219978921733 	 0.0
1.2500219978921732 	 0.0
1.251021997892173 	 0.0
1.252021997892173 	 0.0
1.2530219978921728 	 0.0
1.2540219978921727 	 0.0
1.2550219978921726 	 0.0
1.2560219978921725 	 0.0
1.2570219978921724 	 0.0
1.2580219978921723 	 0.0
1.2590219978921722 	 0.0
1.260021997892172 	 0.0
1.261021997892172 	 0.0
1.2620219978921718 	 0.0
1.2630219978921717 	 0.0
1.2640219978921716 	 0.0
1.2650219978921715 	 0.0
1.2660219978921714 	 0.0
1.2670219978921713 	 0.0
1.2680219978921712 	 0.0
1.269021997892171 	 0.0
1.270021997892171 	 0.0
1.2710219978921709 	 0.0
1.2720219978921707 	 0.0
1.2730219978921706 	 0.0
1.2740219978921705 	 0.0
1.2750219978921704 	 0.0
1.2760219978921703 	 0.0
1.2770219978921702 	 0.0
1.27802199789217 	 0.0
1.27902199789217 	 0.0
1.2800219978921699 	 0.0
1.2810219978921698 	 0.0
1.2820219978921696 	 0.0
1.2830219978921695 	 0.0
1.2840219978921694 	 0.0
1.2850219978921693 	 0.0
1.2860219978921692 	 0.0
1.287021997892169 	 0.0
1.288021997892169 	 0.0
1.2890219978921689 	 0.0
1.2900219978921688 	 0.0
1.2910219978921686 	 0.0
1.2920219978921685 	 0.0
1.2930219978921684 	 0.0
1.2940219978921683 	 0.0
1.2950219978921682 	 0.0
1.296021997892168 	 0.0
1.297021997892168 	 0.0
1.2980219978921679 	 0.0
1.2990219978921678 	 0.0
1.3000219978921677 	 0.0
1.3010219978921675 	 0.0
1.3020219978921674 	 0.0
1.3030219978921673 	 0.0
1.3040219978921672 	 0.0
1.305021997892167 	 0.0
1.306021997892167 	 0.0
1.3070219978921669 	 0.0
1.3080219978921668 	 0.0
1.3090219978921667 	 0.0
1.3100219978921666 	 0.0
1.3110219978921664 	 0.0
1.3120219978921663 	 0.0
1.3130219978921662 	 0.0
1.3140219978921661 	 0.0
1.315021997892166 	 0.0
1.316021997892166 	 0.0
1.3170219978921658 	 0.0
1.3180219978921657 	 0.0
1.3190219978921656 	 0.0
1.3200219978921655 	 0.0
1.3210219978921653 	 0.0
1.3220219978921652 	 0.0
1.3230219978921651 	 0.0
1.324021997892165 	 0.0
1.325021997892165 	 0.0
1.3260219978921648 	 0.0
1.3270219978921647 	 0.0
1.3280219978921646 	 0.0
1.3290219978921645 	 0.0
1.3300219978921644 	 0.0
1.3310219978921642 	 0.0
1.3320219978921641 	 0.0
1.333021997892164 	 0.0
1.334021997892164 	 0.0
1.3350219978921638 	 0.0
1.3360219978921637 	 0.0
1.3370219978921636 	 0.0
1.3380219978921635 	 0.0
1.3390219978921634 	 0.0
1.3400219978921633 	 0.0
1.3410219978921631 	 0.0
1.342021997892163 	 0.0
1.343021997892163 	 0.0
1.3440219978921628 	 0.0
1.3450219978921627 	 0.0
1.3460219978921626 	 0.0
1.3470219978921625 	 0.0
1.3480219978921624 	 0.0
1.3490219978921623 	 0.0
1.3500219978921622 	 0.0
1.351021997892162 	 0.0
1.352021997892162 	 0.0
1.3530219978921618 	 0.0
1.3540219978921617 	 0.0
1.3550219978921616 	 0.0
1.3560219978921615 	 0.0
1.3570219978921614 	 0.0
1.3580219978921613 	 0.0
1.3590219978921612 	 0.0
1.360021997892161 	 0.0
1.361021997892161 	 0.0
1.3620219978921608 	 0.0
1.3630219978921607 	 0.0
1.3640219978921606 	 0.0
1.3650219978921605 	 0.0
1.3660219978921604 	 0.0
1.3670219978921603 	 0.0
1.3680219978921602 	 0.0
1.36902199789216 	 0.0
1.37002199789216 	 0.0
1.3710219978921598 	 0.0
1.3720219978921597 	 0.0
1.3730219978921596 	 0.0
1.3740219978921595 	 0.0
1.3750219978921594 	 0.0
1.3760219978921593 	 0.0
1.3770219978921592 	 0.0
1.378021997892159 	 0.0
1.379021997892159 	 0.0
1.3800219978921588 	 0.0
1.3810219978921587 	 0.0
1.3820219978921586 	 0.0
1.3830219978921585 	 0.0
1.3840219978921584 	 0.0
1.3850219978921583 	 0.0
1.3860219978921582 	 0.0
1.387021997892158 	 0.0
1.388021997892158 	 0.0
1.3890219978921579 	 0.0
1.3900219978921577 	 0.0
1.3910219978921576 	 0.0
1.3920219978921575 	 0.0
1.3930219978921574 	 0.0
1.3940219978921573 	 0.0
1.3950219978921572 	 0.0
1.396021997892157 	 0.0
1.397021997892157 	 0.0
1.3980219978921569 	 0.0
1.3990219978921568 	 0.0
1.4000219978921566 	 4.266373020703768e-05
1.4010219978921565 	 4.227744051652941e-05
1.4020219978921564 	 4.1882593936058555e-05
1.4030219978921563 	 4.147907839002662e-05
1.4040219978921562 	 4.1066796229520484e-05
1.405021997892156 	 4.064566494975952e-05
1.406021997892156 	 4.02156180635735e-05
1.4070219978921559 	 3.9776606155602044e-05
1.4080219978921558 	 3.932859728451115e-05
1.4090219978921557 	 3.887157761786376e-05
1.4100219978921555 	 3.840555216190628e-05
1.4110219978921554 	 3.793053533870246e-05
1.4120219978921553 	 3.744652517821434e-05
1.4130219978921552 	 3.695353688984491e-05
1.414021997892155 	 3.645164102609719e-05
1.415021997892155 	 3.5940960052063406e-05
1.4160219978921549 	 3.5421640380616134e-05
1.4170219978921548 	 3.489385195348186e-05
1.4180219978921547 	 3.435778893982446e-05
1.4190219978921546 	 3.3813670453695216e-05
1.4200219978921544 	 3.326174128269244e-05
1.4210219978921543 	 3.270227265712742e-05
1.4220219978921542 	 3.213556317513296e-05
1.4230219978921541 	 3.156193962305289e-05
1.424021997892154 	 3.098175740769655e-05
1.425021997892154 	 3.0395401206358513e-05
1.4260219978921538 	 2.980328557792244e-05
1.4270219978921537 	 2.9205855411206477e-05
1.4280219978921536 	 2.8603586915305937e-05
1.4290219978921535 	 2.799698836823616e-05
1.4300219978921533 	 2.7386600753463484e-05
1.4310219978921532 	 2.677299848549922e-05
1.4320219978921531 	 2.615679035587193e-05
1.433021997892153 	 2.5538619838375832e-05
1.434021997892153 	 2.4919165287128842e-05
1.4350219978921528 	 2.429914033755732e-05
1.4360219978921527 	 2.3679294255968633e-05
1.4370219978921526 	 2.3060412133370708e-05
1.4380219978921525 	 2.2443316268623116e-05
1.4390219978921523 	 2.1828862915742566e-05
1.4400219978921522 	 2.1217940245113163e-05
1.4410219978921521 	 2.0611474324243585e-05
1.442021997892152 	 2.0010429568168864e-05
1.443021997892152 	 1.94158089299011e-05
1.4440219978921518 	 1.882865379777475e-05
1.4450219978921517 	 1.8250043985370772e-05
1.4460219978921516 	 1.7681097643732715e-05
1.4470219978921515 	 1.71229711140104e-05
1.4480219978921514 	 1.6576858868080465e-05
1.4490219978921512 	 1.604399335087972e-05
1.4500219978921511 	 1.5525644754131708e-05
1.451021997892151 	 1.502312145989707e-05
1.452021997892151 	 1.4537771509629737e-05
1.4530219978921508 	 1.4070979974409442e-05
1.4540219978921507 	 1.3624167889397777e-05
1.4550219978921506 	 1.319879187287951e-05
1.4560219978921505 	 1.2796343715506416e-05
1.4570219978921504 	 1.2418348518072089e-05
1.4580219978921503 	 1.2066360788417374e-05
1.4590219978921501 	 1.1741968455580904e-05
1.46002199789215 	 1.144679347264132e-05
1.46102199789215 	 1.1182491049817605e-05
1.4620219978921498 	 1.095074883440398e-05
1.4630219978921497 	 1.0753286551898074e-05
1.4640219978921496 	 1.0591863081438558e-05
1.4650219978921495 	 1.0468274473351706e-05
1.4660219978921494 	 1.0384345430795913e-05
1.4670219978921493 	 1.034192862014903e-05
1.4680219978921492 	 1.0342904394837288e-05
1.469021997892149 	 1.0389180496611986e-05
1.470021997892149 	 1.0482691755450553e-05
1.4710219978921488 	 1.0625396345982868e-05
1.4720219978921487 	 1.0819265615073013e-05
1.4730219978921486 	 1.1066292612586537e-05
1.4740219978921485 	 1.1368493822995576e-05
1.4750219978921484 	 1.1727907891784189e-05
1.4760219978921483 	 1.2146594296051929e-05
1.4770219978921482 	 1.2626631933269695e-05
1.478021997892148 	 1.3170117774090872e-05
1.479021997892148 	 1.377916544243426e-05
1.4800219978921478 	 1.4455903733646333e-05
1.4810219978921477 	 1.520247508980965e-05
1.4820219978921476 	 1.602103399789828e-05
1.4830219978921475 	 1.69137610836217e-05
1.4840219978921474 	 1.7882910930151547e-05
1.4850219978921473 	 1.8930778489498773e-05
1.4860219978921472 	 2.005968886013835e-05
1.487021997892147 	 2.1271999481510993e-05
1.488021997892147 	 2.2570097652541444e-05
1.4890219978921468 	 2.3956294956831002e-05
1.4900219978921467 	 2.543280336220598e-05
1.4910219978921466 	 2.7001723596680683e-05
1.4920219978921465 	 2.8664884207151696e-05
1.4930219978921464 	 3.042444627393679e-05
1.4940219978921463 	 3.228268282877317e-05
1.4950219978921462 	 3.424187533493308e-05
1.496021997892146 	 3.630431411580464e-05
1.497021997892146 	 3.847229862316928e-05
1.4980219978921459 	 4.0748138306742026e-05
1.4990219978921457 	 4.313415340233832e-05
1.5000219978921456 	 4.563267570368206e-05
1.5010219978921455 	 4.824604937403382e-05
1.5020219978921454 	 5.097663180141246e-05
1.5030219978921453 	 5.382679471383286e-05
1.5040219978921452 	 5.6798925154163253e-05
1.505021997892145 	 5.9895426561866194e-05
1.506021997892145 	 6.311869067963736e-05
1.5070219978921449 	 6.647100710120485e-05
1.5080219978921447 	 6.995453755264363e-05
1.5090219978921446 	 7.357105517762514e-05
1.5100219978921445 	 7.732214025363926e-05
1.5110219978921444 	 8.120945478161057e-05
1.5120219978921443 	 8.523539474444512e-05
1.5130219978921442 	 8.940259161405635e-05
1.514021997892144 	 9.37134339184012e-05
1.515021997892144 	 9.817001980166796e-05
1.5160219978921439 	 0.00010277441282792099
1.5170219978921438 	 0.00010752865160245498
1.5180219978921436 	 0.00011243474864053863
1.5190219978921435 	 0.00011749468915625291
1.5200219978921434 	 0.0001227104298141153
1.5210219978921433 	 0.00012808389641109498
1.5220219978921432 	 0.0001336169816174225
1.523021997892143 	 0.000139311548986772
1.524021997892143 	 0.00014516942902818945
1.5250219978921429 	 0.00015119241759289933
1.5260219978921428 	 0.00015738226137137294
1.5270219978921427 	 0.00016374067284519647
1.5280219978921425 	 0.00017026933442106933
1.5290219978921424 	 0.00017696988891647362
1.5300219978921423 	 0.00018384393478740007
1.5310219978921422 	 0.00019089304987217898
1.532021997892142 	 0.00019811885032316914
1.533021997892142 	 0.00020552294151918475
1.5340219978921419 	 0.00021310690124565985
1.5350219978921418 	 0.00022087227925486622
1.5360219978921417 	 0.0002288205976924113
1.5370219978921416 	 0.0002369533525195649
1.5380219978921414 	 0.00024527200921695114
1.5390219978921413 	 0.00025377794149362737
1.5400219978921412 	 0.000262472424858185
1.5410219978921411 	 0.0002713566886766247
1.542021997892141 	 0.0002804319208823317
1.543021997892141 	 0.0002896992663463223
1.5440219978921408 	 0.0002991598244309674
1.5450219978921407 	 0.0003088146480793275
1.5460219978921406 	 0.0003186647447760253
1.5470219978921405 	 0.0003287111719099308
1.5480219978921403 	 0.0003389553038321996
1.5490219978921402 	 0.0003493986030705968
1.5500219978921401 	 0.000360042065646115
1.55102199789214 	 0.00037088522101601907
1.55202199789214 	 0.000381928581347977
1.5530219978921398 	 0.00039317297931845924
1.5540219978921397 	 0.00040461921816609955
1.5550219978921396 	 0.00041626807197022933
1.5560219978921395 	 0.00042812028984557814
1.5570219978921394 	 0.00044017660645145456
1.5580219978921392 	 0.00045243773528452763
1.5590219978921391 	 0.00046490436747189756
1.560021997892139 	 0.0004775771735867766
1.561021997892139 	 0.0004904568102771636
1.5620219978921388 	 0.0005035439371648462
1.5630219978921387 	 0.0005168391837919482
1.5640219978921386 	 0.0005303426251093198
1.5650219978921385 	 0.000544053752220298
1.5660219978921384 	 0.0005579719386162645
1.5670219978921383 	 0.0005720964792071852
1.5680219978921381 	 0.0005864206970853024
1.569021997892138 	 0.0006009382196536259
1.570021997892138 	 0.0006156517617977924
1.5710219978921378 	 0.0006305614049702844
1.5720219978921377 	 0.0006456684754821568
1.5730219978921376 	 0.0006609746441207498
1.5740219978921375 	 0.0006764816358202354
1.5750219978921374 	 0.0006921912809906614
1.5760219978921373 	 0.0007081055576921897
1.5770219978921372 	 0.0007242266449876627
1.578021997892137 	 0.0007405569025926652
1.579021997892137 	 0.0007570988628021526
1.5800219978921368 	 0.000773855221229337
1.5810219978921367 	 0.0007908288214117029
1.5820219978921366 	 0.0008080226359735365
1.5830219978921365 	 0.0008254396732970353
1.5840219978921364 	 0.0008430828710896895
1.5850219978921363 	 0.000860954960938398
1.5860219978921362 	 0.0008790583138106232
1.587021997892136 	 0.0008973947882430568
1.588021997892136 	 0.0009159626143805702
1.5890219978921358 	 0.0009347203783098181
1.5900219978921357 	 0.0009536490184109214
1.5910219978921356 	 0.0009727450927529501
1.5920219978921355 	 0.000992004211604837
1.5930219978921354 	 0.0010114215359242086
1.5940219978921353 	 0.0010309923625498483
1.5950219978921352 	 0.0010507127520729593
1.596021997892135 	 0.0010705801317233874
1.597021997892135 	 0.0010905937759751153
1.5980219978921348 	 0.0011107549713910891
1.5990219978921347 	 0.0011310669537912368
1.6000219978921346 	 0.0011515346476467015
1.6010219978921345 	 0.0011721632009289828
1.6020219978921344 	 0.0011929544841450918
1.6030219978921343 	 0.0012139095583161004
1.6040219978921342 	 0.001235029287228476
1.605021997892134 	 0.0012563141233394109
1.606021997892134 	 0.001277763992944339
1.6070219978921338 	 0.0012993782715135889
1.6080219978921337 	 0.0013211557595221106
1.6090219978921336 	 0.0013430947083204238
1.6100219978921335 	 0.0013651928737144783
1.6110219978921334 	 0.0013874485394170166
1.6120219978921333 	 0.001409863315254355
1.6130219978921332 	 0.0014324394930461642
1.614021997892133 	 0.0014551777502572049
1.615021997892133 	 0.0014780771907086567
1.6160219978921329 	 0.0015011367898285824
1.6170219978921327 	 0.0015243554796133727
1.6180219978921326 	 0.0015477321846546017
1.6190219978921325 	 0.0015712658503738374
1.6200219978921324 	 0.0015949554648101638
1.6210219978921323 	 0.0016188000701394742
1.6220219978921322 	 0.0016427987397149612
1.623021997892132 	 0.001666950602874426
1.624021997892132 	 0.001691254896234873
1.6250219978921319 	 0.0017157109919191003
1.6260219978921318 	 0.0017403183929843502
1.6270219978921316 	 0.001765076693904775
1.6280219978921315 	 0.0017899856565343573
1.6290219978921314 	 0.0018150452470913996
1.6300219978921313 	 0.0018402556572631795
1.6310219978921312 	 0.0018656157419867892
1.632021997892131 	 0.0018911185612216206
1.633021997892131 	 0.0019167556891432154
1.6340219978921309 	 0.0019425210441616591
1.6350219978921308 	 0.0019684177598699895
1.6360219978921307 	 0.0019944515377706036
1.6370219978921305 	 0.0020206284705033464
1.6380219978921304 	 0.0020469550636304334
1.6390219978921303 	 0.0020734361397495554
1.6400219978921302 	 0.0021000748700433654
1.64102199789213 	 0.002126874727387078
1.64202199789213 	 0.0021538394354873956
1.6430219978921299 	 0.0021809730930375574
1.6440219978921298 	 0.0022082802465437116
1.6450219978921297 	 0.0022357659045453334
1.6460219978921296 	 0.0022634354938559464
1.6470219978921294 	 0.002291294709669283
1.6480219978921293 	 0.002319349666251948
1.6490219978921292 	 0.0023476069403599665
1.650021997892129 	 0.002376073566031912
1.651021997892129 	 0.0024047563710155343
1.652021997892129 	 0.0024336600978544804
1.6530219978921288 	 0.0024627891983675476
1.6540219978921287 	 0.002492148392318522
1.6550219978921286 	 0.0025217426549815473
1.6560219978921285 	 0.0025515771383226014
1.6570219978921283 	 0.0025816569904845038
1.6580219978921282 	 0.002611987481365615
1.6590219978921281 	 0.0026425740149881626
1.660021997892128 	 0.0026734221006115503
1.661021997892128 	 0.002704540288405398
1.6620219978921278 	 0.0027359484971027307
1.6630219978921277 	 0.0027676694463122757
1.6640219978921276 	 0.0027997182170045494
1.6650219978921275 	 0.0028321023071371542
1.6660219978921273 	 0.0028648288052879486
1.6670219978921272 	 0.0028979045322903092
1.6680219978921271 	 0.0029313361179177317
1.669021997892127 	 0.0029651299985095237
1.670021997892127 	 0.0029992923787414303
1.6710219978921268 	 0.0030338296271028658
1.6720219978921267 	 0.003068749467152608
1.6730219978921266 	 0.0031040597742870873
1.6740219978921265 	 0.003139768157557915
1.6750219978921264 	 0.003175881926502419
1.6760219978921262 	 0.0032124080443101857
1.6770219978921261 	 0.0032493530452766396
1.678021997892126 	 0.003286723069547696
1.679021997892126 	 0.0033245238620807703
1.6800219978921258 	 0.0033627607534354297
1.6810219978921257 	 0.0034014386395229373
1.6820219978921256 	 0.003440561950566266
1.6830219978921255 	 0.0034801346963087977
1.6840219978921254 	 0.003520160441104884
1.6850219978921253 	 0.003560642291695203
1.6860219978921251 	 0.0036015828968986616
1.687021997892125 	 0.0036429844515881975
1.688021997892125 	 0.003684848823513423
1.6890219978921248 	 0.0037271800934854616
1.6900219978921247 	 0.0037699845621404294
1.6910219978921246 	 0.00381326741604082
1.6920219978921245 	 0.0038570297570341716
1.6930219978921244 	 0.0039012714470834818
1.6940219978921243 	 0.003945991968253079
1.6950219978921242 	 0.0039911904264912906
1.696021997892124 	 0.004036865585703132
1.697021997892124 	 0.0040830159376488125
1.6980219978921238 	 0.004129639666436861
1.6990219978921237 	 0.004176734648949908
1.7000219978921236 	 0.004116516480350722
1.7010219978921235 	 0.004157171007320322
1.7020219978921234 	 0.0041979814481525775
1.7030219978921233 	 0.0042389464626729455
1.7040219978921232 	 0.004280064697754899
1.705021997892123 	 0.004321334786876207
1.706021997892123 	 0.004362755349644974
1.7070219978921228 	 0.004404324991294229
1.7080219978921227 	 0.004446042302143831
1.7090219978921226 	 0.004487905857028279
1.7100219978921225 	 0.004529914214689073
1.7110219978921224 	 0.00457206591713026
1.7120219978921223 	 0.0046143594889355155
1.7130219978921222 	 0.004656793436545275
1.714021997892122 	 0.004699366247492274
1.715021997892122 	 0.004742076389593734
1.7160219978921218 	 0.00478492231009848
1.7170219978921217 	 0.00482790243478705
1.7180219978921216 	 0.004871015167022881
1.7190219978921215 	 0.004914258886752575
1.7200219978921214 	 0.004957631949453106
1.7210219978921213 	 0.005001132685023715
1.7220219978921212 	 0.005044759396620307
1.723021997892121 	 0.0050885103594298505
1.724021997892121 	 0.005132383819382312
1.7250219978921209 	 0.00517637799179756
1.7260219978921207 	 0.00522049105996444
1.7270219978921206 	 0.00526472117364933
1.7280219978921205 	 0.0053090664475310325
1.7290219978921204 	 0.00535352495955917
1.7300219978921203 	 0.005398094749232669
1.7310219978921202 	 0.005442773815795161
1.73202199789212 	 0.005487560116343747
1.73302199789212 	 0.005532451563847582
1.7340219978921199 	 0.005577446025072495
1.7350219978921197 	 0.005622541318407703
1.7360219978921196 	 0.005667735211590711
1.7370219978921195 	 0.005713025419325962
1.7380219978921194 	 0.005758409600793092
1.7390219978921193 	 0.005803885357040052
1.7400219978921192 	 0.0058494502282564415
1.741021997892119 	 0.005895101690922229
1.742021997892119 	 0.0059408371548266194
1.7430219978921189 	 0.005986653959951901
1.7440219978921188 	 0.006032549373216821
1.7450219978921186 	 0.006078520585073727
1.7460219978921185 	 0.006124564705953694
1.7470219978921184 	 0.0061706787625536155
1.7480219978921183 	 0.006216859693958829
1.7490219978921182 	 0.006263104347595041
1.750021997892118 	 0.0063094094750026294
1.751021997892118 	 0.006355771727426652
1.7520219978921179 	 0.006402187651215253
1.7530219978921178 	 0.006448653683019404
1.7540219978921177 	 0.006495166144786269
1.7550219978921175 	 0.006541721238538557
1.7560219978921174 	 0.006588315040932039
1.7570219978921173 	 0.0066349434975829765
1.7580219978921172 	 0.006681602417157345
1.759021997892117 	 0.006728287465213273
1.760021997892117 	 0.00677499415778825
1.7610219978921169 	 0.006821717854722109
1.7620219978921168 	 0.006868453752707261
1.7630219978921167 	 0.006915196878056794
1.7640219978921166 	 0.006961942079181746
1.7650219978921164 	 0.007008684018768199
1.7660219978921163 	 0.007055417165645157
1.7670219978921162 	 0.0071021357863340845
1.7680219978921161 	 0.007148833936271021
1.769021997892116 	 0.007195505450692336
1.770021997892116 	 0.007242143935175303
1.7710219978921158 	 0.007288742755824999
1.7720219978921157 	 0.00733529502909908
1.7730219978921156 	 0.0073817936112626995
1.7740219978921155 	 0.007428231087465907
1.7750219978921153 	 0.007474599760436738
1.7760219978921152 	 0.007520891638783584
1.7770219978921151 	 0.007567098424901354
1.778021997892115 	 0.0076132115024768595
1.779021997892115 	 0.007659221923589618
1.7800219978921148 	 0.007705120395405875
1.7810219978921147 	 0.007750897266464548
1.7820219978921146 	 0.007796542512555791
1.7830219978921145 	 0.007842045722194177
1.7840219978921144 	 0.007887396081690892
1.7850219978921142 	 0.007932582359831178
1.7860219978921141 	 0.007977592892166157
1.787021997892114 	 0.00802241556493043
1.788021997892114 	 0.008067037798600464
1.7890219978921138 	 0.008111446531111876
1.7900219978921137 	 0.00815562820075763
1.7910219978921136 	 0.008199568728793268
1.7920219978921135 	 0.008243253501780247
1.7930219978921134 	 0.008286667353702894
1.7940219978921133 	 0.0083297945479009
1.7950219978921131 	 0.008372618758864503
1.796021997892113 	 0.008415123053946875
1.797021997892113 	 0.008457289875055
1.7980219978921128 	 0.008499101020388344
1.7990219978921127 	 0.008540537626303205
1.8000219978921126 	 0.008581580149389654
1.8010219978921125 	 0.00862220834885808
1.8020219978921124 	 0.00866240126934271
1.8030219978921123 	 0.008702137224241461
1.8040219978921122 	 0.008741393779722885
1.805021997892112 	 0.008780147739544787
1.806021997892112 	 0.008818375130842427
1.8070219978921118 	 0.008856051191059016
1.8080219978921117 	 0.008893150356206582
1.8090219978921116 	 0.008929646250661715
1.8100219978921115 	 0.00896551167871748
1.8110219978921114 	 0.009000718618130447
1.8120219978921113 	 0.009035238215920269
1.8130219978921112 	 0.009069040786697912
1.814021997892111 	 0.009102095813818085
1.815021997892111 	 0.009134371953670884
1.8160219978921108 	 0.009165837043447292
1.8170219978921107 	 0.009196458112733218
1.8180219978921106 	 0.009226201399305438
1.8190219978921105 	 0.009255032369522307
1.8200219978921104 	 0.009282915743719228
1.8210219978921103 	 0.00930981552703622
1.8220219978921102 	 0.009335695046119186
1.82302199789211 	 0.009360516992149785
1.82402199789211 	 0.009384243470668904
1.8250219978921098 	 0.009406836058665513
1.8260219978921097 	 0.009428255869406196
1.8270219978921096 	 0.009448463625479048
1.8280219978921095 	 0.009467419740519541
1.8290219978921094 	 0.009485084410073029
1.8300219978921093 	 0.009501417712029732
1.8310219978921092 	 0.00951637971704107
1.832021997892109 	 0.00952993060929109
1.833021997892109 	 0.009542030817951947
1.8340219978921088 	 0.009552641159598065
1.8350219978921087 	 0.009561722991787536
1.8360219978921086 	 0.009569238377942439
1.8370219978921085 	 0.009575150263569523
1.8380219978921084 	 0.009579422663760443
1.8390219978921083 	 0.009582020861794462
1.8400219978921082 	 0.009582911618536973
1.841021997892108 	 0.009582063392184183
1.842021997892108 	 0.009579446567747741
1.8430219978921079 	 0.00957503369550394
1.8440219978921077 	 0.009568799737451351
1.8450219978921076 	 0.009560722320629322
1.8460219978921075 	 0.009550781995949728
1.8470219978921074 	 0.00953896250098809
1.8480219978921073 	 0.009525251024969664
1.8490219978921072 	 0.00950963847397556
1.850021997892107 	 0.009492119734186044
1.851021997892107 	 0.009472693930777766
1.8520219978921069 	 0.009451364679902926
1.8530219978921068 	 0.009428140331006696
1.8540219978921066 	 0.009403034196588961
1.8550219978921065 	 0.00937606476639469
1.8560219978921064 	 0.00934725590292725
1.8570219978921063 	 0.009316637015128833
1.8580219978921062 	 0.009284243207064957
1.859021997892106 	 0.00925011539849149
1.860021997892106 	 0.00921430041427769
1.8610219978921059 	 0.00917685103980911
1.8620219978921058 	 0.009137826039704425
1.8630219978921057 	 0.009097290137449603
1.8640219978921055 	 0.009055313953882682
1.8650219978921054 	 0.009011973902850561
1.8660219978921053 	 0.008967352042802123
1.8670219978921052 	 0.0089215358835757
1.868021997892105 	 0.008874618148176
1.869021997892105 	 0.008826696489908071
1.8700219978921049 	 0.008777873165834744
1.8710219978921048 	 0.008728254668136946
1.8720219978921047 	 0.00867795131557271
1.8730219978921046 	 0.008627076807836238
1.8740219978921044 	 0.008575747746200907
1.8750219978921043 	 0.008524083124375961
1.8760219978921042 	 0.008472203794002155
1.877021997892104 	 0.00842023190964552
1.878021997892104 	 0.008368290358509745
1.879021997892104 	 0.008316502180366041
1.8800219978921038 	 0.008264989983388574
1.8810219978921037 	 0.00821387536167755
1.8820219978921036 	 0.008163278320248624
1.8830219978921034 	 0.008113316713165
1.8840219978921033 	 0.008064105700291936
1.8850219978921032 	 0.00801575722786324
1.8860219978921031 	 0.00796837953767801
1.887021997892103 	 0.00792207670929622
1.888021997892103 	 0.007876948239090626
1.8890219978921028 	 0.007833088659447035
1.8900219978921027 	 0.007790587200802225
1.8910219978921026 	 0.007749527498579187
1.8920219978921025 	 0.007709987346440094
1.8930219978921023 	 0.007672038496638186
1.8940219978921022 	 0.007635746507627025
1.8950219978921021 	 0.007601170638488573
1.896021997892102 	 0.007568363789181413
1.897021997892102 	 0.007537372485097347
1.8980219978921018 	 0.007508236903953295
1.8990219978921017 	 0.0074809909426439974
1.9000219978921016 	 0.007455662321341281
1.9010219978921015 	 0.00743227272185051
1.9020219978921014 	 0.007410837957024136
1.9030219978921012 	 0.007391368167885218
1.9040219978921011 	 0.007373868045027358
1.905021997892101 	 0.007358337070828312
1.906021997892101 	 0.007344769779038419
1.9070219978921008 	 0.007333156028375354
1.9080219978921007 	 0.007323481286869644
1.9090219978921006 	 0.007315726923853242
1.9100219978921005 	 0.007309870506660817
1.9110219978921004 	 0.007305886099314318
1.9120219978921003 	 0.007303744560679479
1.9130219978921001 	 0.0073034138398132935
1.9140219978921 	 0.007304859266458162
1.9150219978921 	 0.007308043834878033
1.9160219978920998 	 0.007312928479468728
1.9170219978920997 	 0.007319472340806918
1.9180219978920996 	 0.007327633021025324
1.9190219978920995 	 0.0073373668276146995
1.9200219978920994 	 0.007348629004952558
1.9210219978920993 	 0.007361373953044843
1.9220219978920992 	 0.007375555433136797
1.923021997892099 	 0.007391126760004449
1.924021997892099 	 0.007408040980876848
1.9250219978920988 	 0.0074262510410626715
1.9260219978920987 	 0.007445709936461639
1.9270219978920986 	 0.007466370853235046
1.9280219978920985 	 0.007488187294987052
1.9290219978920984 	 0.007511113197874498
1.9300219978920983 	 0.0075351030341152
1.9310219978920982 	 0.007560111904406469
1.932021997892098 	 0.007586095619796307
1.933021997892098 	 0.0076130107735717404
1.9340219978920978 	 0.007640814803741876
1.9350219978920977 	 0.007669466046699519
1.9360219978920976 	 0.0076989237826446955
1.9370219978920975 	 0.007729148273347852
1.9380219978920974 	 0.007760100792819726
1.9390219978920973 	 0.007791743651441012
1.9400219978920972 	 0.007824040214086971
1.941021997892097 	 0.007856954912762473
1.942021997892097 	 0.007890453254240933
1.9430219978920968 	 0.007924501823177114
1.9440219978920967 	 0.007959068281139408
1.9450219978920966 	 0.00799412136198245
1.9460219978920965 	 0.008029630863955506
1.9470219978920964 	 0.008065567638916889
1.9480219978920963 	 0.008101903579000041
1.9490219978920962 	 0.008138611601052287
1.950021997892096 	 0.008175665629143715
1.951021997892096 	 0.008213040575420563
1.9520219978920959 	 0.008250712319555637
1.9530219978920957 	 0.008288657687027095
1.9540219978920956 	 0.008326854426436972
1.9550219978920955 	 0.00836528118606173
1.9560219978920954 	 0.00840391748980946
1.9570219978920953 	 0.008442743712741273
1.9580219978920952 	 0.008481741056298746
1.959021997892095 	 0.008520891523364885
1.960021997892095 	 0.008560177893271844
1.9610219978920949 	 0.00859958369685652
1.9620219978920947 	 0.008639093191653183
1.9630219978920946 	 0.008678691337301356
1.9640219978920945 	 0.008718363771237626
1.9650219978920944 	 0.008758096784730638
1.9660219978920943 	 0.00879787729931037
1.9670219978920942 	 0.008837692843635206
1.968021997892094 	 0.008877531530833345
1.969021997892094 	 0.00891738203634903
1.9700219978920939 	 0.00895723357631827
1.9710219978920938 	 0.00899707588649372
1.9720219978920936 	 0.009036899201733888
1.9730219978920935 	 0.009076694236067597
1.9740219978920934 	 0.009116452163341223
1.9750219978920933 	 0.009156164598452735
1.9760219978920932 	 0.009195823579173987
1.977021997892093 	 0.009235421548559875
1.978021997892093 	 0.009274951337941161
1.9790219978920929 	 0.009314406150495277
1.9800219978920928 	 0.009353779545388581
1.9810219978920927 	 0.009393065422481136
1.9820219978920925 	 0.009432258007584625
1.9830219978920924 	 0.009471351838262797
1.9840219978920923 	 0.009510341750162543
1.9850219978920922 	 0.00954922286386376
1.986021997892092 	 0.009587990572234981
1.987021997892092 	 0.009626640528281456
1.9880219978920919 	 0.00966516863347243
1.9890219978920918 	 0.009703571026533405
1.9900219978920917 	 0.009741844072689767
1.9910219978920916 	 0.009779984353347626
1.9920219978920914 	 0.009817988656197806
1.9930219978920913 	 0.009855853965729218
1.9940219978920912 	 0.009893577454137503
1.9950219978920911 	 0.009931156472615494
1.996021997892091 	 0.009968588543011875
1.997021997892091 	 0.01000587134984478
1.9980219978920908 	 0.010043002732657241
1.9990219978920907 	 0.010079980678701894
