0.0010219978922 	 0
0.0020219978922 	 0.0
0.0030219978922 	 0.0
0.0040219978922 	 0.0
0.0050219978922 	 0.0
0.0060219978922 	 0.0
0.0070219978922 	 0.0
0.0080219978922 	 0.0
0.009021997892200002 	 0.0
0.010021997892200003 	 0.0
0.011021997892200004 	 0.0
0.012021997892200004 	 0.0
0.013021997892200005 	 0.0
0.014021997892200006 	 0.0
0.015021997892200007 	 0.0
0.016021997892200008 	 0.0
0.01702199789220001 	 0.0
0.01802199789220001 	 0.0
0.01902199789220001 	 0.0
0.02002199789220001 	 0.0
0.021021997892200012 	 0.0
0.022021997892200013 	 0.0
0.023021997892200014 	 0.0
0.024021997892200015 	 0.0
0.025021997892200016 	 0.0
0.026021997892200017 	 0.0
0.027021997892200018 	 0.0
0.02802199789220002 	 0.0
0.02902199789220002 	 0.0
0.03002199789220002 	 0.0
0.03102199789220002 	 0.0
0.03202199789220002 	 0.0
0.03302199789220002 	 0.0
0.03402199789220002 	 0.0
0.03502199789220002 	 0.0
0.03602199789220002 	 0.0
0.03702199789220002 	 0.0
0.038021997892200024 	 0.0
0.039021997892200025 	 0.0
0.040021997892200026 	 0.0
0.04102199789220003 	 0.0
0.04202199789220003 	 0.0
0.04302199789220003 	 0.0
0.04402199789220003 	 0.0
0.04502199789220003 	 0.0
0.04602199789220003 	 0.0
0.04702199789220003 	 0.0
0.04802199789220003 	 0.0
0.049021997892200034 	 0.0
0.050021997892200035 	 0.0
0.051021997892200036 	 0.0
0.052021997892200036 	 0.0
0.05302199789220004 	 0.0
0.05402199789220004 	 0.0
0.05502199789220004 	 0.0
0.05602199789220004 	 0.0
0.05702199789220004 	 0.0
0.05802199789220004 	 0.0
0.05902199789220004 	 0.0
0.060021997892200044 	 0.0
0.061021997892200044 	 0.0
0.062021997892200045 	 0.0
0.06302199789220005 	 0.0
0.06402199789220005 	 0.0
0.06502199789220005 	 0.0
0.06602199789220005 	 0.0
0.06702199789220005 	 0.0
0.06802199789220005 	 0.0
0.06902199789220005 	 0.0
0.07002199789220005 	 0.0
0.07102199789220005 	 0.0
0.07202199789220005 	 0.0
0.07302199789220006 	 0.0
0.07402199789220006 	 0.0
0.07502199789220006 	 0.0
0.07602199789220006 	 0.0
0.07702199789220006 	 0.0
0.07802199789220006 	 0.0
0.07902199789220006 	 0.0
0.08002199789220006 	 0.0
0.08102199789220006 	 0.0
0.08202199789220006 	 0.0
0.08302199789220006 	 0.0
0.08402199789220006 	 0.0
0.08502199789220007 	 0.0
0.08602199789220007 	 0.0
0.08702199789220007 	 0.0
0.08802199789220007 	 0.0
0.08902199789220007 	 0.0
0.09002199789220007 	 0.0
0.09102199789220007 	 0.0
0.09202199789220007 	 0.0
0.09302199789220007 	 0.0
0.09402199789220007 	 0.0
0.09502199789220007 	 0.0
0.09602199789220008 	 0.0
0.09702199789220008 	 0.0
0.09802199789220008 	 0.0
0.09902199789220008 	 0.0
0.10002199789220008 	 0.0
0.10102199789220008 	 0.0
0.10202199789220008 	 0.0
0.10302199789220008 	 0.0
0.10402199789220008 	 0.0
0.10502199789220008 	 0.0
0.10602199789220008 	 0.0
0.10702199789220009 	 0.0
0.10802199789220009 	 0.0
0.10902199789220009 	 0.0
0.11002199789220009 	 0.0
0.11102199789220009 	 0.0
0.11202199789220009 	 0.0
0.11302199789220009 	 0.0
0.11402199789220009 	 0.0
0.11502199789220009 	 0.0
0.1160219978922001 	 0.0
0.1170219978922001 	 0.0
0.1180219978922001 	 0.0
0.1190219978922001 	 0.0
0.1200219978922001 	 0.0
0.1210219978922001 	 0.0
0.1220219978922001 	 0.0
0.1230219978922001 	 0.0
0.1240219978922001 	 0.0
0.1250219978922001 	 0.0
0.1260219978922001 	 0.0
0.1270219978922001 	 0.0
0.1280219978922001 	 0.0
0.1290219978922001 	 0.0
0.1300219978922001 	 0.0
0.1310219978922001 	 0.0
0.1320219978922001 	 0.0
0.1330219978922001 	 0.0
0.1340219978922001 	 0.0
0.1350219978922001 	 0.0
0.1360219978922001 	 0.0
0.1370219978922001 	 0.0
0.1380219978922001 	 0.0
0.1390219978922001 	 0.0
0.1400219978922001 	 0.0
0.1410219978922001 	 0.0
0.1420219978922001 	 0.0
0.1430219978922001 	 0.0
0.1440219978922001 	 0.0
0.1450219978922001 	 0.0
0.1460219978922001 	 0.0
0.1470219978922001 	 0.0
0.1480219978922001 	 0.0
0.1490219978922001 	 0.0
0.1500219978922001 	 0.0
0.1510219978922001 	 0.0
0.1520219978922001 	 0.0
0.1530219978922001 	 0.0
0.1540219978922001 	 0.0
0.15502199789220011 	 0.0
0.15602199789220011 	 0.0
0.15702199789220012 	 0.0
0.15802199789220012 	 0.0
0.15902199789220012 	 0.0
0.16002199789220012 	 0.0
0.16102199789220012 	 0.0
0.16202199789220012 	 0.0
0.16302199789220012 	 0.0
0.16402199789220012 	 0.0
0.16502199789220012 	 0.0
0.16602199789220012 	 0.0
0.16702199789220012 	 0.0
0.16802199789220013 	 0.0
0.16902199789220013 	 0.0
0.17002199789220013 	 0.0
0.17102199789220013 	 0.0
0.17202199789220013 	 0.0
0.17302199789220013 	 0.0
0.17402199789220013 	 0.0
0.17502199789220013 	 0.0
0.17602199789220013 	 0.0
0.17702199789220013 	 0.0
0.17802199789220013 	 0.0
0.17902199789220014 	 0.0
0.18002199789220014 	 0.0
0.18102199789220014 	 0.0
0.18202199789220014 	 0.0
0.18302199789220014 	 0.0
0.18402199789220014 	 0.0
0.18502199789220014 	 0.0
0.18602199789220014 	 0.0
0.18702199789220014 	 0.0
0.18802199789220014 	 0.0
0.18902199789220014 	 0.0
0.19002199789220015 	 0.0
0.19102199789220015 	 0.0
0.19202199789220015 	 0.0
0.19302199789220015 	 0.0
0.19402199789220015 	 0.0
0.19502199789220015 	 0.0
0.19602199789220015 	 0.0
0.19702199789220015 	 0.0
0.19802199789220015 	 0.0
0.19902199789220015 	 0.0
0.20002199789220015 	 0.0
0.20102199789220015 	 0.0
0.20202199789220016 	 0.0
0.20302199789220016 	 0.0
0.20402199789220016 	 0.0
0.20502199789220016 	 0.0
0.20602199789220016 	 0.0
0.20702199789220016 	 0.0
0.20802199789220016 	 0.0
0.20902199789220016 	 0.0
0.21002199789220016 	 0.0
0.21102199789220016 	 0.0
0.21202199789220016 	 0.0
0.21302199789220017 	 0.0
0.21402199789220017 	 0.0
0.21502199789220017 	 0.0
0.21602199789220017 	 0.0
0.21702199789220017 	 0.0
0.21802199789220017 	 0.0
0.21902199789220017 	 0.0
0.22002199789220017 	 0.0
0.22102199789220017 	 0.0
0.22202199789220017 	 0.0
0.22302199789220017 	 0.0
0.22402199789220018 	 0.0
0.22502199789220018 	 0.0
0.22602199789220018 	 0.0
0.22702199789220018 	 0.0
0.22802199789220018 	 0.0
0.22902199789220018 	 0.0
0.23002199789220018 	 0.0
0.23102199789220018 	 0.0
0.23202199789220018 	 0.0
0.23302199789220018 	 0.0
0.23402199789220018 	 0.0
0.23502199789220019 	 0.0
0.23602199789220019 	 0.0
0.2370219978922002 	 0.0
0.2380219978922002 	 0.0
0.2390219978922002 	 0.0
0.2400219978922002 	 0.0
0.2410219978922002 	 0.0
0.2420219978922002 	 0.0
0.2430219978922002 	 0.0
0.2440219978922002 	 0.0
0.2450219978922002 	 0.0
0.2460219978922002 	 0.0
0.2470219978922002 	 0.0
0.2480219978922002 	 0.0
0.2490219978922002 	 0.0
0.2500219978922002 	 0.0
0.2510219978922002 	 0.0
0.2520219978922002 	 0.0
0.2530219978922002 	 0.0
0.2540219978922002 	 0.0
0.2550219978922002 	 0.0
0.2560219978922002 	 0.0
0.2570219978922002 	 0.0
0.2580219978922002 	 0.0
0.2590219978922002 	 0.0
0.2600219978922002 	 0.0
0.2610219978922002 	 0.0
0.2620219978922002 	 0.0
0.2630219978922002 	 0.0
0.2640219978922002 	 0.0
0.2650219978922002 	 0.0
0.2660219978922002 	 0.0
0.2670219978922002 	 0.0
0.2680219978922002 	 0.0
0.2690219978922002 	 0.0
0.2700219978922002 	 0.0
0.2710219978922002 	 0.0
0.2720219978922002 	 0.0
0.2730219978922002 	 0.0
0.2740219978922002 	 0.0
0.2750219978922002 	 0.0
0.2760219978922002 	 0.0
0.2770219978922002 	 0.0
0.2780219978922002 	 0.0
0.2790219978922002 	 0.0
0.2800219978922002 	 0.0
0.2810219978922002 	 0.0
0.2820219978922002 	 0.0
0.2830219978922002 	 0.0
0.28402199789220023 	 0.0
0.28502199789220023 	 0.0
0.28602199789220023 	 0.0
0.28702199789220023 	 0.0
0.28802199789220023 	 0.0
0.28902199789220023 	 0.0
0.29002199789220023 	 0.0
0.29102199789220023 	 0.0
0.29202199789220024 	 0.0
0.29302199789220024 	 0.0
0.29402199789220024 	 0.0
0.29502199789220024 	 0.0
0.29602199789220024 	 0.0
0.29702199789220024 	 0.0
0.29802199789220024 	 0.0
0.29902199789220024 	 0.0
0.30002199789220024 	 0.0
0.30102199789220024 	 0.0
0.30202199789220024 	 0.0
0.30302199789220025 	 0.0
0.30402199789220025 	 0.0
0.30502199789220025 	 0.0
0.30602199789220025 	 0.0
0.30702199789220025 	 0.0
0.30802199789220025 	 0.0
0.30902199789220025 	 0.0
0.31002199789220025 	 0.0
0.31102199789220025 	 0.0
0.31202199789220025 	 0.0
0.31302199789220025 	 0.0
0.31402199789220026 	 0.0
0.31502199789220026 	 0.0
0.31602199789220026 	 0.0
0.31702199789220026 	 0.0
0.31802199789220026 	 0.0
0.31902199789220026 	 0.0
0.32002199789220026 	 0.0
0.32102199789220026 	 0.0
0.32202199789220026 	 0.0
0.32302199789220026 	 0.0
0.32402199789220026 	 0.0
0.32502199789220027 	 0.0
0.32602199789220027 	 0.0
0.32702199789220027 	 0.0
0.32802199789220027 	 0.0
0.32902199789220027 	 0.0
0.33002199789220027 	 0.0
0.33102199789220027 	 0.0
0.33202199789220027 	 0.0
0.33302199789220027 	 0.0
0.3340219978922003 	 0.0
0.3350219978922003 	 0.0
0.3360219978922003 	 0.0
0.3370219978922003 	 0.0
0.3380219978922003 	 0.0
0.3390219978922003 	 0.0
0.3400219978922003 	 0.0
0.3410219978922003 	 0.0
0.3420219978922003 	 0.0
0.3430219978922003 	 0.0
0.3440219978922003 	 0.0
0.3450219978922003 	 0.0
0.3460219978922003 	 0.0
0.3470219978922003 	 0.0
0.3480219978922003 	 0.0
0.3490219978922003 	 0.0
0.3500219978922003 	 0.0
0.3510219978922003 	 0.0
0.3520219978922003 	 0.0
0.3530219978922003 	 0.0
0.3540219978922003 	 0.0
0.3550219978922003 	 0.0
0.3560219978922003 	 0.0
0.3570219978922003 	 0.0
0.3580219978922003 	 0.0
0.3590219978922003 	 0.0
0.3600219978922003 	 0.0
0.3610219978922003 	 0.0
0.3620219978922003 	 0.0
0.3630219978922003 	 0.0
0.3640219978922003 	 0.0
0.3650219978922003 	 0.0
0.3660219978922003 	 0.0
0.3670219978922003 	 0.0
0.3680219978922003 	 0.0
0.3690219978922003 	 0.0
0.3700219978922003 	 0.0
0.3710219978922003 	 0.0
0.3720219978922003 	 0.0
0.3730219978922003 	 0.0
0.3740219978922003 	 0.0
0.3750219978922003 	 0.0
0.3760219978922003 	 0.0
0.3770219978922003 	 0.0
0.3780219978922003 	 0.0
0.3790219978922003 	 0.0
0.3800219978922003 	 0.0
0.3810219978922003 	 0.0
0.3820219978922003 	 0.0
0.3830219978922003 	 0.0
0.3840219978922003 	 0.0
0.3850219978922003 	 0.0
0.3860219978922003 	 0.0
0.3870219978922003 	 0.0
0.3880219978922003 	 0.0
0.3890219978922003 	 0.0
0.3900219978922003 	 0.0
0.3910219978922003 	 0.0
0.3920219978922003 	 0.0
0.3930219978922003 	 0.0
0.3940219978922003 	 0.0
0.3950219978922003 	 0.0
0.39602199789220033 	 0.0
0.39702199789220033 	 0.0
0.39802199789220033 	 0.0
0.39902199789220033 	 0.0
0.40002199789220033 	 0.0
0.40102199789220033 	 0.0
0.40202199789220033 	 0.0
0.40302199789220033 	 0.0
0.40402199789220034 	 0.0
0.40502199789220034 	 0.0
0.40602199789220034 	 0.0
0.40702199789220034 	 0.0
0.40802199789220034 	 0.0
0.40902199789220034 	 0.0
0.41002199789220034 	 0.0
0.41102199789220034 	 0.0
0.41202199789220034 	 0.0
0.41302199789220034 	 0.0
0.41402199789220034 	 0.0
0.41502199789220034 	 0.0
0.41602199789220035 	 0.0
0.41702199789220035 	 0.0
0.41802199789220035 	 0.0
0.41902199789220035 	 0.0
0.42002199789220035 	 0.0
0.42102199789220035 	 0.0
0.42202199789220035 	 0.0
0.42302199789220035 	 0.0
0.42402199789220035 	 0.0
0.42502199789220035 	 0.0
0.42602199789220035 	 0.0
0.42702199789220036 	 0.0
0.42802199789220036 	 0.0
0.42902199789220036 	 0.0
0.43002199789220036 	 0.0
0.43102199789220036 	 0.0
0.43202199789220036 	 0.0
0.43302199789220036 	 0.0
0.43402199789220036 	 0.0
0.43502199789220036 	 0.0
0.43602199789220036 	 0.0
0.43702199789220036 	 0.0
0.43802199789220037 	 0.0
0.43902199789220037 	 0.0
0.44002199789220037 	 0.0
0.44102199789220037 	 0.0
0.44202199789220037 	 0.0
0.44302199789220037 	 0.0
0.44402199789220037 	 0.0
0.44502199789220037 	 0.0
0.4460219978922004 	 0.0
0.4470219978922004 	 0.0
0.4480219978922004 	 0.0
0.4490219978922004 	 0.0
0.4500219978922004 	 0.0
0.4510219978922004 	 0.0
0.4520219978922004 	 0.0
0.4530219978922004 	 0.0
0.4540219978922004 	 0.0
0.4550219978922004 	 0.0
0.4560219978922004 	 0.0
0.4570219978922004 	 0.0
0.4580219978922004 	 0.0
0.4590219978922004 	 0.0
0.4600219978922004 	 0.0
0.4610219978922004 	 0.0
0.4620219978922004 	 0.0
0.4630219978922004 	 0.0
0.4640219978922004 	 0.0
0.4650219978922004 	 0.0
0.4660219978922004 	 0.0
0.4670219978922004 	 0.0
0.4680219978922004 	 0.0
0.4690219978922004 	 0.0
0.4700219978922004 	 0.0
0.4710219978922004 	 0.0
0.4720219978922004 	 0.0
0.4730219978922004 	 0.0
0.4740219978922004 	 0.0
0.4750219978922004 	 0.0
0.4760219978922004 	 0.0
0.4770219978922004 	 0.0
0.4780219978922004 	 0.0
0.4790219978922004 	 0.0
0.4800219978922004 	 0.0
0.4810219978922004 	 0.0
0.4820219978922004 	 0.0
0.4830219978922004 	 0.0
0.4840219978922004 	 0.0
0.4850219978922004 	 0.0
0.4860219978922004 	 0.0
0.4870219978922004 	 0.0
0.4880219978922004 	 0.0
0.4890219978922004 	 0.0
0.4900219978922004 	 0.0
0.4910219978922004 	 0.0
0.4920219978922004 	 0.0
0.4930219978922004 	 0.0
0.4940219978922004 	 0.0
0.4950219978922004 	 0.0
0.4960219978922004 	 0.0
0.4970219978922004 	 0.0
0.4980219978922004 	 0.0
0.4990219978922004 	 0.0
0.5000219978922004 	 0.0
0.5010219978922004 	 0.0
0.5020219978922004 	 0.0
0.5030219978922004 	 0.0
0.5040219978922004 	 0.0
0.5050219978922004 	 0.0
0.5060219978922004 	 0.0
0.5070219978922004 	 0.0
0.5080219978922004 	 0.0
0.5090219978922004 	 0.0
0.5100219978922004 	 0.0
0.5110219978922004 	 0.0
0.5120219978922004 	 0.0
0.5130219978922004 	 0.0
0.5140219978922004 	 0.0
0.5150219978922004 	 0.0
0.5160219978922004 	 0.0
0.5170219978922004 	 0.0
0.5180219978922004 	 0.0
0.5190219978922004 	 0.0
0.5200219978922004 	 0.0
0.5210219978922004 	 0.0
0.5220219978922004 	 0.0
0.5230219978922004 	 0.0
0.5240219978922004 	 0.0
0.5250219978922004 	 0.0
0.5260219978922004 	 0.0
0.5270219978922004 	 0.0
0.5280219978922004 	 0.0
0.5290219978922004 	 0.0
0.5300219978922004 	 0.0
0.5310219978922004 	 0.0
0.5320219978922004 	 0.0
0.5330219978922004 	 0.0
0.5340219978922004 	 0.0
0.5350219978922004 	 0.0
0.5360219978922004 	 0.0
0.5370219978922004 	 0.0
0.5380219978922004 	 0.0
0.5390219978922004 	 0.0
0.5400219978922004 	 0.0
0.5410219978922004 	 0.0
0.5420219978922004 	 0.0
0.5430219978922004 	 0.0
0.5440219978922004 	 0.0
0.5450219978922004 	 0.0
0.5460219978922004 	 0.0
0.5470219978922004 	 0.0
0.5480219978922004 	 0.0
0.5490219978922004 	 0.0
0.5500219978922004 	 0.0
0.5510219978922004 	 0.0
0.5520219978922004 	 0.0
0.5530219978922004 	 0.0
0.5540219978922004 	 0.0
0.5550219978922004 	 0.0
0.5560219978922004 	 0.0
0.5570219978922004 	 0.0
0.5580219978922004 	 0.0
0.5590219978922004 	 0.0
0.5600219978922004 	 0.0
0.5610219978922004 	 0.0
0.5620219978922004 	 0.0
0.5630219978922004 	 0.0
0.5640219978922004 	 0.0
0.5650219978922004 	 0.0
0.5660219978922004 	 0.0
0.5670219978922004 	 0.0
0.5680219978922004 	 0.0
0.5690219978922004 	 0.0
0.5700219978922004 	 0.0
0.5710219978922004 	 0.0
0.5720219978922004 	 0.0
0.5730219978922004 	 0.0
0.5740219978922004 	 0.0
0.5750219978922004 	 0.0
0.5760219978922004 	 0.0
0.5770219978922004 	 0.0
0.5780219978922004 	 0.0
0.5790219978922004 	 0.0
0.5800219978922004 	 0.0
0.5810219978922004 	 0.0
0.5820219978922004 	 0.0
0.5830219978922004 	 0.0
0.5840219978922004 	 0.0
0.5850219978922004 	 0.0
0.5860219978922004 	 0.0
0.5870219978922004 	 0.0
0.5880219978922004 	 0.0
0.5890219978922004 	 0.0
0.5900219978922004 	 0.0
0.5910219978922004 	 0.0
0.5920219978922004 	 0.0
0.5930219978922004 	 0.0
0.5940219978922004 	 0.0
0.5950219978922004 	 0.0
0.5960219978922005 	 0.0
0.5970219978922005 	 0.0
0.5980219978922005 	 0.0
0.5990219978922005 	 0.0
0.6000219978922005 	 0.0
0.6010219978922005 	 0.0
0.6020219978922005 	 0.0
0.6030219978922005 	 0.0
0.6040219978922005 	 0.0
0.6050219978922005 	 0.0
0.6060219978922005 	 0.0
0.6070219978922005 	 0.0
0.6080219978922005 	 0.0
0.6090219978922005 	 0.0
0.6100219978922005 	 0.0
0.6110219978922005 	 0.0
0.6120219978922005 	 0.0
0.6130219978922005 	 0.0
0.6140219978922005 	 0.0
0.6150219978922005 	 0.0
0.6160219978922005 	 0.0
0.6170219978922005 	 0.0
0.6180219978922005 	 0.0
0.6190219978922005 	 0.0
0.6200219978922005 	 0.0
0.6210219978922005 	 0.0
0.6220219978922005 	 0.0
0.6230219978922005 	 0.0
0.6240219978922005 	 0.0
0.6250219978922005 	 0.0
0.6260219978922005 	 0.0
0.6270219978922005 	 0.0
0.6280219978922005 	 0.0
0.6290219978922005 	 0.0
0.6300219978922005 	 0.0
0.6310219978922005 	 0.0
0.6320219978922005 	 0.0
0.6330219978922005 	 0.0
0.6340219978922005 	 0.0
0.6350219978922005 	 0.0
0.6360219978922005 	 0.0
0.6370219978922005 	 0.0
0.6380219978922005 	 0.0
0.6390219978922005 	 0.0
0.6400219978922005 	 0.0
0.6410219978922005 	 0.0
0.6420219978922005 	 0.0
0.6430219978922005 	 0.0
0.6440219978922005 	 0.0
0.6450219978922005 	 0.0
0.6460219978922005 	 0.0
0.6470219978922005 	 0.0
0.6480219978922005 	 0.0
0.6490219978922005 	 0.0
0.6500219978922005 	 0.0
0.6510219978922005 	 0.0
0.6520219978922005 	 0.0
0.6530219978922005 	 0.0
0.6540219978922005 	 0.0
0.6550219978922005 	 0.0
0.6560219978922005 	 0.0
0.6570219978922005 	 0.0
0.6580219978922005 	 0.0
0.6590219978922005 	 0.0
0.6600219978922005 	 0.0
0.6610219978922005 	 0.0
0.6620219978922005 	 0.0
0.6630219978922005 	 0.0
0.6640219978922005 	 0.0
0.6650219978922005 	 0.0
0.6660219978922005 	 0.0
0.6670219978922005 	 0.0
0.6680219978922005 	 0.0
0.6690219978922005 	 0.0
0.6700219978922005 	 0.0
0.6710219978922005 	 0.0
0.6720219978922005 	 0.0
0.6730219978922005 	 0.0
0.6740219978922005 	 0.0
0.6750219978922005 	 0.0
0.6760219978922005 	 0.0
0.6770219978922005 	 0.0
0.6780219978922005 	 0.0
0.6790219978922005 	 0.0
0.6800219978922005 	 0.0
0.6810219978922005 	 0.0
0.6820219978922005 	 0.0
0.6830219978922005 	 0.0
0.6840219978922005 	 0.0
0.6850219978922005 	 0.0
0.6860219978922005 	 0.0
0.6870219978922005 	 0.0
0.6880219978922005 	 0.0
0.6890219978922005 	 0.0
0.6900219978922005 	 0.0
0.6910219978922005 	 0.0
0.6920219978922005 	 0.0
0.6930219978922005 	 0.0
0.6940219978922005 	 0.0
0.6950219978922005 	 0.0
0.6960219978922005 	 0.0
0.6970219978922005 	 0.0
0.6980219978922005 	 0.0
0.6990219978922005 	 0.0
0.7000219978922005 	 0.0
0.7010219978922005 	 0.0
0.7020219978922005 	 0.0
0.7030219978922005 	 0.0
0.7040219978922005 	 0.0
0.7050219978922005 	 0.0
0.7060219978922005 	 0.0
0.7070219978922005 	 0.0
0.7080219978922005 	 0.0
0.7090219978922006 	 0.0
0.7100219978922006 	 0.0
0.7110219978922006 	 0.0
0.7120219978922006 	 0.0
0.7130219978922006 	 0.0
0.7140219978922006 	 0.0
0.7150219978922006 	 0.0
0.7160219978922006 	 0.0
0.7170219978922006 	 0.0
0.7180219978922006 	 0.0
0.7190219978922006 	 0.0
0.7200219978922006 	 0.0
0.7210219978922006 	 0.0
0.7220219978922006 	 0.0
0.7230219978922006 	 0.0
0.7240219978922006 	 0.0
0.7250219978922006 	 0.0
0.7260219978922006 	 0.0
0.7270219978922006 	 0.0
0.7280219978922006 	 0.0
0.7290219978922006 	 0.0
0.7300219978922006 	 0.0
0.7310219978922006 	 0.0
0.7320219978922006 	 0.0
0.7330219978922006 	 0.0
0.7340219978922006 	 0.0
0.7350219978922006 	 0.0
0.7360219978922006 	 0.0
0.7370219978922006 	 0.0
0.7380219978922006 	 0.0
0.7390219978922006 	 0.0
0.7400219978922006 	 0.0
0.7410219978922006 	 0.0
0.7420219978922006 	 0.0
0.7430219978922006 	 0.0
0.7440219978922006 	 0.0
0.7450219978922006 	 0.0
0.7460219978922006 	 0.0
0.7470219978922006 	 0.0
0.7480219978922006 	 0.0
0.7490219978922006 	 0.0
0.7500219978922006 	 0.0
0.7510219978922006 	 0.0
0.7520219978922006 	 0.0
0.7530219978922006 	 0.0
0.7540219978922006 	 0.0
0.7550219978922006 	 0.0
0.7560219978922006 	 0.0
0.7570219978922006 	 0.0
0.7580219978922006 	 0.0
0.7590219978922006 	 0.0
0.7600219978922006 	 0.0
0.7610219978922006 	 0.0
0.7620219978922006 	 0.0
0.7630219978922006 	 0.0
0.7640219978922006 	 0.0
0.7650219978922006 	 0.0
0.7660219978922006 	 0.0
0.7670219978922006 	 0.0
0.7680219978922006 	 0.0
0.7690219978922006 	 0.0
0.7700219978922006 	 0.0
0.7710219978922006 	 0.0
0.7720219978922006 	 0.0
0.7730219978922006 	 0.0
0.7740219978922006 	 0.0
0.7750219978922006 	 0.0
0.7760219978922006 	 0.0
0.7770219978922006 	 0.0
0.7780219978922006 	 0.0
0.7790219978922006 	 0.0
0.7800219978922006 	 0.0
0.7810219978922006 	 0.0
0.7820219978922006 	 0.0
0.7830219978922006 	 0.0
0.7840219978922006 	 0.0
0.7850219978922006 	 0.0
0.7860219978922006 	 0.0
0.7870219978922006 	 0.0
0.7880219978922006 	 0.0
0.7890219978922006 	 0.0
0.7900219978922006 	 0.0
0.7910219978922006 	 0.0
0.7920219978922006 	 0.0
0.7930219978922006 	 0.0
0.7940219978922006 	 0.0
0.7950219978922006 	 0.0
0.7960219978922006 	 0.0
0.7970219978922006 	 0.0
0.7980219978922006 	 0.0
0.7990219978922006 	 0.0
0.8000219978922006 	 0.0
0.8010219978922006 	 0.0
0.8020219978922006 	 0.0
0.8030219978922006 	 0.0
0.8040219978922006 	 0.0
0.8050219978922006 	 0.0
0.8060219978922006 	 0.0
0.8070219978922006 	 0.0
0.8080219978922006 	 0.0
0.8090219978922006 	 0.0
0.8100219978922006 	 0.0
0.8110219978922006 	 0.0
0.8120219978922006 	 0.0
0.8130219978922006 	 0.0
0.8140219978922006 	 0.0
0.8150219978922006 	 0.0
0.8160219978922006 	 0.0
0.8170219978922006 	 0.0
0.8180219978922006 	 0.0
0.8190219978922006 	 0.0
0.8200219978922006 	 0.0
0.8210219978922007 	 0.0
0.8220219978922007 	 0.0
0.8230219978922007 	 0.0
0.8240219978922007 	 0.0
0.8250219978922007 	 0.0
0.8260219978922007 	 0.0
0.8270219978922007 	 0.0
0.8280219978922007 	 0.0
0.8290219978922007 	 0.0
0.8300219978922007 	 0.0
0.8310219978922007 	 0.0
0.8320219978922007 	 0.0
0.8330219978922007 	 0.0
0.8340219978922007 	 0.0
0.8350219978922007 	 0.0
0.8360219978922007 	 0.0
0.8370219978922007 	 0.0
0.8380219978922007 	 0.0
0.8390219978922007 	 0.0
0.8400219978922007 	 0.0
0.8410219978922007 	 0.0
0.8420219978922007 	 0.0
0.8430219978922007 	 0.0
0.8440219978922007 	 0.0
0.8450219978922007 	 0.0
0.8460219978922007 	 0.0
0.8470219978922007 	 0.0
0.8480219978922007 	 0.0
0.8490219978922007 	 0.0
0.8500219978922007 	 0.0
0.8510219978922007 	 0.0
0.8520219978922007 	 0.0
0.8530219978922007 	 0.0
0.8540219978922007 	 0.0
0.8550219978922007 	 0.0
0.8560219978922007 	 0.0
0.8570219978922007 	 0.0
0.8580219978922007 	 0.0
0.8590219978922007 	 0.0
0.8600219978922007 	 0.0
0.8610219978922007 	 0.0
0.8620219978922007 	 0.0
0.8630219978922007 	 0.0
0.8640219978922007 	 0.0
0.8650219978922007 	 0.0
0.8660219978922007 	 0.0
0.8670219978922007 	 0.0
0.8680219978922007 	 0.0
0.8690219978922007 	 0.0
0.8700219978922007 	 0.0
0.8710219978922007 	 0.0
0.8720219978922007 	 0.0
0.8730219978922007 	 0.0
0.8740219978922007 	 0.0
0.8750219978922007 	 0.0
0.8760219978922007 	 0.0
0.8770219978922007 	 0.0
0.8780219978922007 	 0.0
0.8790219978922007 	 0.0
0.8800219978922007 	 0.0
0.8810219978922007 	 0.0
0.8820219978922007 	 0.0
0.8830219978922007 	 0.0
0.8840219978922007 	 0.0
0.8850219978922007 	 0.0
0.8860219978922007 	 0.0
0.8870219978922007 	 0.0
0.8880219978922007 	 0.0
0.8890219978922007 	 0.0
0.8900219978922007 	 0.0
0.8910219978922007 	 0.0
0.8920219978922007 	 0.0
0.8930219978922007 	 0.0
0.8940219978922007 	 0.0
0.8950219978922007 	 0.0
0.8960219978922007 	 0.0
0.8970219978922007 	 0.0
0.8980219978922007 	 0.0
0.8990219978922007 	 0.0
0.9000219978922007 	 0.0
0.9010219978922007 	 0.0
0.9020219978922007 	 0.0
0.9030219978922007 	 0.0
0.9040219978922007 	 0.0
0.9050219978922007 	 0.0
0.9060219978922007 	 0.0
0.9070219978922007 	 0.0
0.9080219978922007 	 0.0
0.9090219978922007 	 0.0
0.9100219978922007 	 0.0
0.9110219978922007 	 0.0
0.9120219978922007 	 0.0
0.9130219978922007 	 0.0
0.9140219978922007 	 0.0
0.9150219978922007 	 0.0
0.9160219978922007 	 0.0
0.9170219978922007 	 0.0
0.9180219978922007 	 0.0
0.9190219978922007 	 0.0
0.9200219978922007 	 0.0
0.9210219978922007 	 0.0
0.9220219978922007 	 0.0
0.9230219978922007 	 0.0
0.9240219978922007 	 0.0
0.9250219978922007 	 0.0
0.9260219978922007 	 0.0
0.9270219978922007 	 0.0
0.9280219978922007 	 0.0
0.9290219978922007 	 0.0
0.9300219978922007 	 0.0
0.9310219978922007 	 0.0
0.9320219978922007 	 0.0
0.9330219978922007 	 0.0
0.9340219978922008 	 0.0
0.9350219978922008 	 0.0
0.9360219978922008 	 0.0
0.9370219978922008 	 0.0
0.9380219978922008 	 0.0
0.9390219978922008 	 0.0
0.9400219978922008 	 0.0
0.9410219978922008 	 0.0
0.9420219978922008 	 0.0
0.9430219978922008 	 0.0
0.9440219978922008 	 0.0
0.9450219978922008 	 0.0
0.9460219978922008 	 0.0
0.9470219978922008 	 0.0
0.9480219978922008 	 0.0
0.9490219978922008 	 0.0
0.9500219978922008 	 0.0
0.9510219978922008 	 0.0
0.9520219978922008 	 0.0
0.9530219978922008 	 0.0
0.9540219978922008 	 0.0
0.9550219978922008 	 0.0
0.9560219978922008 	 0.0
0.9570219978922008 	 0.0
0.9580219978922008 	 0.0
0.9590219978922008 	 0.0
0.9600219978922008 	 0.0
0.9610219978922008 	 0.0
0.9620219978922008 	 0.0
0.9630219978922008 	 0.0
0.9640219978922008 	 0.0
0.9650219978922008 	 0.0
0.9660219978922008 	 0.0
0.9670219978922008 	 0.0
0.9680219978922008 	 0.0
0.9690219978922008 	 0.0
0.9700219978922008 	 0.0
0.9710219978922008 	 0.0
0.9720219978922008 	 0.0
0.9730219978922008 	 0.0
0.9740219978922008 	 0.0
0.9750219978922008 	 0.0
0.9760219978922008 	 0.0
0.9770219978922008 	 0.0
0.9780219978922008 	 0.0
0.9790219978922008 	 0.0
0.9800219978922008 	 0.0
0.9810219978922008 	 0.0
0.9820219978922008 	 0.0
0.9830219978922008 	 0.0
0.9840219978922008 	 0.0
0.9850219978922008 	 0.0
0.9860219978922008 	 0.0
0.9870219978922008 	 0.0
0.9880219978922008 	 0.0
0.9890219978922008 	 0.0
0.9900219978922008 	 0.0
0.9910219978922008 	 0.0
0.9920219978922008 	 0.0
0.9930219978922008 	 0.0
0.9940219978922008 	 0.0
0.9950219978922008 	 0.0
0.9960219978922008 	 0.0
0.9970219978922008 	 0.0
0.9980219978922008 	 0.0
0.9990219978922008 	 0.0
1.0000219978922007 	 0.0
1.0010219978922006 	 0.0
1.0020219978922005 	 0.0
1.0030219978922004 	 0.0
1.0040219978922003 	 0.0
1.0050219978922001 	 0.0
1.0060219978922 	 0.0
1.0070219978922 	 0.0
1.0080219978921998 	 0.0
1.0090219978921997 	 0.0
1.0100219978921996 	 0.0
1.0110219978921995 	 0.0
1.0120219978921994 	 0.0
1.0130219978921993 	 0.0
1.0140219978921992 	 0.0
1.015021997892199 	 0.0
1.016021997892199 	 0.0
1.0170219978921988 	 0.0
1.0180219978921987 	 0.0
1.0190219978921986 	 0.0
1.0200219978921985 	 0.0
1.0210219978921984 	 0.0
1.0220219978921983 	 0.0
1.0230219978921982 	 0.0
1.024021997892198 	 0.0
1.025021997892198 	 0.0
1.0260219978921978 	 0.0
1.0270219978921977 	 0.0
1.0280219978921976 	 0.0
1.0290219978921975 	 0.0
1.0300219978921974 	 0.0
1.0310219978921973 	 0.0
1.0320219978921972 	 0.0
1.033021997892197 	 0.0
1.034021997892197 	 0.0
1.0350219978921968 	 0.0
1.0360219978921967 	 0.0
1.0370219978921966 	 0.0
1.0380219978921965 	 0.0
1.0390219978921964 	 0.0
1.0400219978921963 	 0.0
1.0410219978921962 	 0.0
1.042021997892196 	 0.0
1.043021997892196 	 0.0
1.0440219978921959 	 0.0
1.0450219978921957 	 0.0
1.0460219978921956 	 0.0
1.0470219978921955 	 0.0
1.0480219978921954 	 0.0
1.0490219978921953 	 0.0
1.0500219978921952 	 0.0
1.051021997892195 	 0.0
1.052021997892195 	 0.0
1.0530219978921949 	 0.0
1.0540219978921948 	 0.0
1.0550219978921946 	 0.0
1.0560219978921945 	 0.0
1.0570219978921944 	 0.0
1.0580219978921943 	 0.0
1.0590219978921942 	 0.0
1.060021997892194 	 0.0
1.061021997892194 	 0.0
1.0620219978921939 	 0.0
1.0630219978921938 	 0.0
1.0640219978921936 	 0.0
1.0650219978921935 	 0.0
1.0660219978921934 	 0.0
1.0670219978921933 	 0.0
1.0680219978921932 	 0.0
1.069021997892193 	 0.0
1.070021997892193 	 0.0
1.0710219978921929 	 0.0
1.0720219978921928 	 0.0
1.0730219978921927 	 0.0
1.0740219978921925 	 0.0
1.0750219978921924 	 0.0
1.0760219978921923 	 0.0
1.0770219978921922 	 0.0
1.078021997892192 	 0.0
1.079021997892192 	 0.0
1.0800219978921919 	 0.0
1.0810219978921918 	 0.0
1.0820219978921917 	 0.0
1.0830219978921916 	 0.0
1.0840219978921914 	 0.0
1.0850219978921913 	 0.0
1.0860219978921912 	 0.0
1.0870219978921911 	 0.0
1.088021997892191 	 0.0
1.089021997892191 	 0.0
1.0900219978921908 	 0.0
1.0910219978921907 	 0.0
1.0920219978921906 	 0.0
1.0930219978921905 	 0.0
1.0940219978921903 	 0.0
1.0950219978921902 	 0.0
1.0960219978921901 	 0.0
1.09702199789219 	 0.0
1.09802199789219 	 0.0
1.0990219978921898 	 0.0
1.1000219978921897 	 0.0
1.1010219978921896 	 0.0
1.1020219978921895 	 0.0
1.1030219978921894 	 0.0
1.1040219978921892 	 0.0
1.1050219978921891 	 0.0
1.106021997892189 	 0.0
1.107021997892189 	 0.0
1.1080219978921888 	 0.0
1.1090219978921887 	 0.0
1.1100219978921886 	 0.0
1.1110219978921885 	 0.0
1.1120219978921884 	 0.0
1.1130219978921883 	 0.0
1.1140219978921881 	 0.0
1.115021997892188 	 0.0
1.116021997892188 	 0.0
1.1170219978921878 	 0.0
1.1180219978921877 	 0.0
1.1190219978921876 	 0.0
1.1200219978921875 	 0.0
1.1210219978921874 	 0.0
1.1220219978921873 	 0.0
1.1230219978921872 	 0.0
1.124021997892187 	 0.0
1.125021997892187 	 0.0
1.1260219978921868 	 0.0
1.1270219978921867 	 0.0
1.1280219978921866 	 0.0
1.1290219978921865 	 0.0
1.1300219978921864 	 0.0
1.1310219978921863 	 0.0
1.1320219978921862 	 0.0
1.133021997892186 	 0.0
1.134021997892186 	 0.0
1.1350219978921858 	 0.0
1.1360219978921857 	 0.0
1.1370219978921856 	 0.0
1.1380219978921855 	 0.0
1.1390219978921854 	 0.0
1.1400219978921853 	 0.0
1.1410219978921852 	 0.0
1.142021997892185 	 0.0
1.143021997892185 	 0.0
1.1440219978921848 	 0.0
1.1450219978921847 	 0.0
1.1460219978921846 	 0.0
1.1470219978921845 	 0.0
1.1480219978921844 	 0.0
1.1490219978921843 	 0.0
1.1500219978921842 	 0.0
1.151021997892184 	 0.0
1.152021997892184 	 0.0
1.1530219978921838 	 0.0
1.1540219978921837 	 0.0
1.1550219978921836 	 0.0
1.1560219978921835 	 0.0
1.1570219978921834 	 0.0
1.1580219978921833 	 0.0
1.1590219978921832 	 0.0
1.160021997892183 	 0.0
1.161021997892183 	 0.0
1.1620219978921829 	 0.0
1.1630219978921827 	 0.0
1.1640219978921826 	 0.0
1.1650219978921825 	 0.0
1.1660219978921824 	 0.0
1.1670219978921823 	 0.0
1.1680219978921822 	 0.0
1.169021997892182 	 0.0
1.170021997892182 	 0.0
1.1710219978921819 	 0.0
1.1720219978921818 	 0.0
1.1730219978921816 	 0.0
1.1740219978921815 	 0.0
1.1750219978921814 	 0.0
1.1760219978921813 	 0.0
1.1770219978921812 	 0.0
1.178021997892181 	 0.0
1.179021997892181 	 0.0
1.1800219978921809 	 0.0
1.1810219978921808 	 0.0
1.1820219978921807 	 0.0
1.1830219978921805 	 0.0
1.1840219978921804 	 0.0
1.1850219978921803 	 0.0
1.1860219978921802 	 0.0
1.18702199789218 	 0.0
1.18802199789218 	 0.0
1.1890219978921799 	 0.0
1.1900219978921798 	 0.0
1.1910219978921797 	 0.0
1.1920219978921796 	 0.0
1.1930219978921794 	 0.0
1.1940219978921793 	 0.0
1.1950219978921792 	 0.0
1.1960219978921791 	 0.0
1.197021997892179 	 0.0
1.198021997892179 	 0.0
1.1990219978921788 	 0.0
1.2000219978921787 	 0.0
1.2010219978921786 	 0.0
1.2020219978921785 	 0.0
1.2030219978921783 	 0.0
1.2040219978921782 	 0.0
1.2050219978921781 	 0.0
1.206021997892178 	 0.0
1.207021997892178 	 0.0
1.2080219978921778 	 0.0
1.2090219978921777 	 0.0
1.2100219978921776 	 0.0
1.2110219978921775 	 0.0
1.2120219978921773 	 0.0
1.2130219978921772 	 0.0
1.2140219978921771 	 0.0
1.215021997892177 	 0.0
1.216021997892177 	 0.0
1.2170219978921768 	 0.0
1.2180219978921767 	 0.0
1.2190219978921766 	 0.0
1.2200219978921765 	 0.0
1.2210219978921764 	 0.0
1.2220219978921762 	 0.0
1.2230219978921761 	 0.0
1.224021997892176 	 0.0
1.225021997892176 	 0.0
1.2260219978921758 	 0.0
1.2270219978921757 	 0.0
1.2280219978921756 	 0.0
1.2290219978921755 	 0.0
1.2300219978921754 	 0.0
1.2310219978921753 	 0.0
1.2320219978921751 	 0.0
1.233021997892175 	 0.0
1.234021997892175 	 0.0
1.2350219978921748 	 0.0
1.2360219978921747 	 0.0
1.2370219978921746 	 0.0
1.2380219978921745 	 0.0
1.2390219978921744 	 0.0
1.2400219978921743 	 0.0
1.2410219978921742 	 0.0
1.242021997892174 	 0.0
1.243021997892174 	 0.0
1.2440219978921738 	 0.0
1.2450219978921737 	 0.0
1.2460219978921736 	 0.0
1.2470219978921735 	 0.0
1.2480219978921734 	 0.0
1.2490219978921733 	 0.0
1.2500219978921732 	 0.0
1.251021997892173 	 0.0
1.252021997892173 	 0.0
1.2530219978921728 	 0.0
1.2540219978921727 	 0.0
1.2550219978921726 	 0.0
1.2560219978921725 	 0.0
1.2570219978921724 	 0.0
1.2580219978921723 	 0.0
1.2590219978921722 	 0.0
1.260021997892172 	 0.0
1.261021997892172 	 0.0
1.2620219978921718 	 0.0
1.2630219978921717 	 0.0
1.2640219978921716 	 0.0
1.2650219978921715 	 0.0
1.2660219978921714 	 0.0
1.2670219978921713 	 0.0
1.2680219978921712 	 0.0
1.269021997892171 	 0.0
1.270021997892171 	 0.0
1.2710219978921709 	 0.0
1.2720219978921707 	 0.0
1.2730219978921706 	 0.0
1.2740219978921705 	 0.0
1.2750219978921704 	 0.0
1.2760219978921703 	 0.0
1.2770219978921702 	 0.0
1.27802199789217 	 0.0
1.27902199789217 	 0.0
1.2800219978921699 	 0.0
1.2810219978921698 	 0.0
1.2820219978921696 	 0.0
1.2830219978921695 	 0.0
1.2840219978921694 	 0.0
1.2850219978921693 	 0.0
1.2860219978921692 	 0.0
1.287021997892169 	 0.0
1.288021997892169 	 0.0
1.2890219978921689 	 0.0
1.2900219978921688 	 0.0
1.2910219978921686 	 0.0
1.2920219978921685 	 0.0
1.2930219978921684 	 0.0
1.2940219978921683 	 0.0
1.2950219978921682 	 0.0
1.296021997892168 	 0.0
1.297021997892168 	 0.0
1.2980219978921679 	 0.0
1.2990219978921678 	 0.0
1.3000219978921677 	 0.0
1.3010219978921675 	 0.0
1.3020219978921674 	 0.0
1.3030219978921673 	 0.0
1.3040219978921672 	 0.0
1.305021997892167 	 0.0
1.306021997892167 	 0.0
1.3070219978921669 	 0.0
1.3080219978921668 	 0.0
1.3090219978921667 	 0.0
1.3100219978921666 	 0.0
1.3110219978921664 	 0.0
1.3120219978921663 	 0.0
1.3130219978921662 	 0.0
1.3140219978921661 	 0.0
1.315021997892166 	 0.0
1.316021997892166 	 0.0
1.3170219978921658 	 0.0
1.3180219978921657 	 0.0
1.3190219978921656 	 0.0
1.3200219978921655 	 0.0
1.3210219978921653 	 0.0
1.3220219978921652 	 0.0
1.3230219978921651 	 0.0
1.324021997892165 	 0.0
1.325021997892165 	 0.0
1.3260219978921648 	 0.0
1.3270219978921647 	 0.0
1.3280219978921646 	 0.0
1.3290219978921645 	 0.0
1.3300219978921644 	 0.0
1.3310219978921642 	 0.0
1.3320219978921641 	 0.0
1.333021997892164 	 0.0
1.334021997892164 	 0.0
1.3350219978921638 	 0.0
1.3360219978921637 	 0.0
1.3370219978921636 	 0.0
1.3380219978921635 	 0.0
1.3390219978921634 	 0.0
1.3400219978921633 	 0.0
1.3410219978921631 	 0.0
1.342021997892163 	 0.0
1.343021997892163 	 0.0
1.3440219978921628 	 0.0
1.3450219978921627 	 0.0
1.3460219978921626 	 0.0
1.3470219978921625 	 0.0
1.3480219978921624 	 0.0
1.3490219978921623 	 0.0
1.3500219978921622 	 0.0
1.351021997892162 	 0.0
1.352021997892162 	 0.0
1.3530219978921618 	 0.0
1.3540219978921617 	 0.0
1.3550219978921616 	 0.0
1.3560219978921615 	 0.0
1.3570219978921614 	 0.0
1.3580219978921613 	 0.0
1.3590219978921612 	 0.0
1.360021997892161 	 0.0
1.361021997892161 	 0.0
1.3620219978921608 	 0.0
1.3630219978921607 	 0.0
1.3640219978921606 	 0.0
1.3650219978921605 	 0.0
1.3660219978921604 	 0.0
1.3670219978921603 	 0.0
1.3680219978921602 	 0.0
1.36902199789216 	 0.0
1.37002199789216 	 0.0
1.3710219978921598 	 0.0
1.3720219978921597 	 0.0
1.3730219978921596 	 0.0
1.3740219978921595 	 0.0
1.3750219978921594 	 0.0
1.3760219978921593 	 0.0
1.3770219978921592 	 0.0
1.378021997892159 	 0.0
1.379021997892159 	 0.0
1.3800219978921588 	 0.0
1.3810219978921587 	 0.0
1.3820219978921586 	 0.0
1.3830219978921585 	 0.0
1.3840219978921584 	 0.0
1.3850219978921583 	 0.0
1.3860219978921582 	 0.0
1.387021997892158 	 0.0
1.388021997892158 	 0.0
1.3890219978921579 	 0.0
1.3900219978921577 	 0.0
1.3910219978921576 	 0.0
1.3920219978921575 	 0.0
1.3930219978921574 	 0.0
1.3940219978921573 	 0.0
1.3950219978921572 	 0.0
1.396021997892157 	 0.0
1.397021997892157 	 0.0
1.3980219978921569 	 0.0
1.3990219978921568 	 0.0
1.4000219978921566 	 1.2178239820659372e-05
1.4010219978921565 	 1.0926250084034127e-05
1.4020219978921564 	 9.734136932255962e-06
1.4030219978921563 	 8.605991716910086e-06
1.4040219978921562 	 7.546010282397023e-06
1.405021997892156 	 6.558492308409385e-06
1.406021997892156 	 5.647840631064302e-06
1.4070219978921559 	 4.818560525524033e-06
1.4080219978921558 	 4.0752588475389765e-06
1.4090219978921557 	 3.4226431967151195e-06
1.4100219978921555 	 2.8655210566173367e-06
1.4110219978921554 	 2.4087982481864266e-06
1.4120219978921553 	 2.0574769603314114e-06
1.4130219978921552 	 1.8166571506418664e-06
1.414021997892155 	 1.6915358479712287e-06
1.415021997892155 	 1.6874041209018845e-06
1.4160219978921549 	 1.8096441214293016e-06
1.4170219978921548 	 2.0637278817688286e-06
1.4180219978921547 	 2.4552161116290786e-06
1.4190219978921546 	 2.98975692822045e-06
1.4200219978921544 	 3.673084512543546e-06
1.4210219978921543 	 4.511017691500262e-06
1.4220219978921542 	 5.509458470332437e-06
1.4230219978921541 	 6.674390505980591e-06
1.424021997892154 	 8.011877442056282e-06
1.425021997892154 	 9.528061167707053e-06
1.4260219978921538 	 1.122915996124501e-05
1.4270219978921537 	 1.3121466440469472e-05
1.4280219978921536 	 1.5211345593231979e-05
1.4290219978921535 	 1.750523271132831e-05
1.4300219978921533 	 2.0009631233830262e-05
1.4310219978921532 	 2.2731110629787232e-05
1.4320219978921531 	 2.5676304569772e-05
1.433021997892153 	 2.8851908725122205e-05
1.434021997892153 	 3.2264678335024214e-05
1.4350219978921528 	 3.5921425857342016e-05
1.4360219978921527 	 3.982901852050067e-05
1.4370219978921526 	 4.399437554320887e-05
1.4380219978921525 	 4.842446769434056e-05
1.4390219978921523 	 5.3126307292536786e-05
1.4400219978921522 	 5.81069354749133e-05
1.4410219978921521 	 6.337342835500716e-05
1.442021997892152 	 6.893289437249136e-05
1.443021997892152 	 7.479247142951818e-05
1.4440219978921518 	 8.095932324261747e-05
1.4450219978921517 	 8.744063600867781e-05
1.4460219978921516 	 9.424361487395949e-05
1.4470219978921515 	 0.00010137548017328386
1.4480219978921514 	 0.00010884346429488314
1.4490219978921512 	 0.00011665480839382547
1.4500219978921511 	 0.00012481675898581919
1.451021997892151 	 0.00013333657085181966
1.452021997892151 	 0.00014222152424923736
1.4530219978921508 	 0.00015147890971574002
1.4540219978921507 	 0.0001611160202918874
1.4550219978921506 	 0.00017114014889352586
1.4560219978921505 	 0.0001815585856152997
1.4570219978921504 	 0.000192378592910785
1.4580219978921503 	 0.00020360733490880971
1.4590219978921501 	 0.0002152519206006474
1.46002199789215 	 0.00022731941616220617
1.46102199789215 	 0.00023981683995081323
1.4620219978921498 	 0.0002527511571376627
1.4630219978921497 	 0.0002661292865850067
1.4640219978921496 	 0.00027995831021947805
1.4650219978921495 	 0.00029424550906338715
1.4660219978921494 	 0.00030899819176111946
1.4670219978921493 	 0.0003242236873895704
1.4680219978921492 	 0.00033992934816944644
1.469021997892149 	 0.0003561225516097263
1.470021997892149 	 0.0003728107024311697
1.4710219978921488 	 0.00039000110775496165
1.4720219978921487 	 0.00040770058935098445
1.4730219978921486 	 0.00042591577646202615
1.4740219978921485 	 0.0004446532015955771
1.4750219978921484 	 0.0004639192946907749
1.4760219978921483 	 0.0004837203766887282
1.4770219978921482 	 0.000504062651456544
1.478021997892148 	 0.0005249522019382679
1.479021997892148 	 0.0005463949851031368
1.4800219978921478 	 0.0005683968259975585
1.4810219978921477 	 0.0005909634116309608
1.4820219978921476 	 0.0006141002833749531
1.4830219978921475 	 0.0006378134228167515
1.4840219978921474 	 0.0006621110231873794
1.4850219978921473 	 0.0006870020781834086
1.4860219978921472 	 0.0007124959177118472
1.487021997892147 	 0.0007386022218450532
1.488021997892147 	 0.0007653308725190743
1.4890219978921468 	 0.0007926884140954381
1.4900219978921467 	 0.00082067767783645
1.4910219978921466 	 0.0008492979088620518
1.4920219978921465 	 0.0008785403503362731
1.4930219978921464 	 0.0009084074126180842
1.4940219978921463 	 0.0009389049421409172
1.4950219978921462 	 0.0009700388736155978
1.496021997892146 	 0.0010018152349846384
1.497021997892146 	 0.001034240146871891
1.4980219978921459 	 0.0010673198375161592
1.4990219978921457 	 0.0011010606531030858
1.5000219978921456 	 0.001135469065874347
1.5010219978921455 	 0.001170551681766561
1.5020219978921454 	 0.0012063152477722206
1.5030219978921453 	 0.0012427666640918644
1.5040219978921452 	 0.0012799129912761161
1.505021997892145 	 0.00131776145863016
1.506021997892145 	 0.0013563188444808269
1.5070219978921449 	 0.0013955896324831503
1.5080219978921447 	 0.001435575747501787
1.5090219978921446 	 0.0014762716159966683
1.5100219978921445 	 0.0015176688360569546
1.5110219978921444 	 0.0015597617708448344
1.5120219978921443 	 0.0016025595356495698
1.5130219978921442 	 0.0016460753008441288
1.514021997892144 	 0.001690317248375429
1.515021997892144 	 0.0017352882299031143
1.5160219978921439 	 0.0017809907245077356
1.5170219978921438 	 0.0018274270414825853
1.5180219978921436 	 0.00187459932056366
1.5190219978921435 	 0.0019225095305003066
1.5200219978921434 	 0.001971159466858579
1.5210219978921433 	 0.0020205507328630184
1.5220219978921432 	 0.0020706847228524603
1.523021997892143 	 0.0021215627026063277
1.524021997892143 	 0.00217318576231421
1.5250219978921429 	 0.002225554808026635
1.5260219978921428 	 0.002278670367011424
1.5270219978921427 	 0.0023325328312093422
1.5280219978921425 	 0.002387142525514176
1.5290219978921424 	 0.0024424995810194646
1.5300219978921423 	 0.002498603884088911
1.5310219978921422 	 0.002555455411457118
1.532021997892142 	 0.0026130549994467364
1.533021997892142 	 0.002671403642097605
1.5340219978921419 	 0.0027305022631385774
1.5350219978921418 	 0.0027903517140604626
1.5360219978921417 	 0.002850952783008319
1.5370219978921416 	 0.002912306215061123
1.5380219978921414 	 0.0029744126614226103
1.5390219978921413 	 0.003037271950379034
1.5400219978921412 	 0.0031008830625935658
1.5410219978921411 	 0.003165244789836611
1.542021997892141 	 0.003230355798371229
1.543021997892141 	 0.0032962146153189447
1.5440219978921408 	 0.003362819606659877
1.5450219978921407 	 0.0034301689736774958
1.5460219978921406 	 0.003498260770008426
1.5470219978921405 	 0.0035670939417548377
1.5480219978921403 	 0.0036366711389937607
1.5490219978921402 	 0.003706996079449654
1.5500219978921401 	 0.0037780676685219275
1.55102199789214 	 0.0038498698776229527
1.55202199789214 	 0.003922397688350434
1.5530219978921398 	 0.003995649776571506
1.5540219978921397 	 0.004069624797540052
1.5550219978921396 	 0.004144321386698415
1.5560219978921395 	 0.004219738199006078
1.5570219978921394 	 0.004295874007550426
1.5580219978921392 	 0.00437272763003905
1.5590219978921391 	 0.004450297912244202
1.560021997892139 	 0.004528583741078267
1.561021997892139 	 0.004607584102181158
1.5620219978921388 	 0.0046872982299873585
1.5630219978921387 	 0.004767725288962483
1.5640219978921386 	 0.004848859578666994
1.5650219978921385 	 0.004930690478971108
1.5660219978921384 	 0.005013206846391042
1.5670219978921383 	 0.0050963973768462
1.5680219978921381 	 0.005180198546582119
1.569021997892138 	 0.005264551745808401
1.570021997892138 	 0.005349479364324462
1.5710219978921378 	 0.005434980479954294
1.5720219978921377 	 0.0055210649543406196
1.5730219978921376 	 0.005607745370070032
1.5740219978921375 	 0.005695034484293601
1.5750219978921374 	 0.005782945654917078
1.5760219978921373 	 0.005871493171834287
1.5770219978921372 	 0.005960692665876006
1.578021997892137 	 0.006050560898305276
1.579021997892137 	 0.006141115659907299
1.5800219978921368 	 0.006232375665577403
1.5810219978921367 	 0.006324360404982346
1.5820219978921366 	 0.006417089972680974
1.5830219978921365 	 0.0065105843181618404
1.5840219978921364 	 0.006604862423967493
1.5850219978921363 	 0.006699941290778685
1.5860219978921362 	 0.006795834814617801
1.587021997892136 	 0.006892552727166598
1.588021997892136 	 0.006990076954275021
1.5890219978921358 	 0.007088089387291504
1.5900219978921357 	 0.007186448434621338
1.5910219978921356 	 0.007285133025764256
1.5920219978921355 	 0.0073841155608116845
1.5930219978921354 	 0.007483365785786318
1.5940219978921353 	 0.00758285516380107
1.5950219978921352 	 0.007682561402965629
1.596021997892135 	 0.007782472646353318
1.597021997892135 	 0.007882590637954934
1.5980219978921348 	 0.00798293151791039
1.5990219978921347 	 0.00808352497164255
1.6000219978921346 	 0.008184412009539595
1.6010219978921345 	 0.008285634312160558
1.6020219978921344 	 0.008387209612673056
1.6030219978921343 	 0.008489149607275388
1.6040219978921342 	 0.008591464378676476
1.605021997892134 	 0.008694160959922877
1.606021997892134 	 0.008797242624969984
1.6070219978921338 	 0.008900708816878176
1.6080219978921337 	 0.009004555079574244
1.6090219978921336 	 0.009108773329051856
1.6100219978921335 	 0.00921335230164271
1.6110219978921334 	 0.009318284501262222
1.6120219978921333 	 0.009423584808483165
1.6130219978921332 	 0.009529272359306428
1.614021997892133 	 0.009635355245180903
1.615021997892133 	 0.009741831041855742
1.6160219978921329 	 0.009848696533324292
1.6170219978921327 	 0.00995594828333776
1.6180219978921326 	 0.0100635828730994
1.6190219978921325 	 0.010171597082148664
1.6200219978921324 	 0.010279988022990075
1.6210219978921323 	 0.010388753206456268
1.6220219978921322 	 0.01049789038524194
1.623021997892132 	 0.010607397705541498
1.624021997892132 	 0.010717274022869011
1.6250219978921319 	 0.010827519064692096
1.6260219978921318 	 0.010938133383279734
1.6270219978921316 	 0.011049118091319497
1.6280219978921315 	 0.011160475324221883
1.6290219978921314 	 0.01127220844968418
1.6300219978921313 	 0.01138432217456198
1.6310219978921312 	 0.011496812892595033
1.632021997892131 	 0.01160964147429601
1.633021997892131 	 0.011722760288590858
1.6340219978921309 	 0.011836136686936553
1.6350219978921308 	 0.011949794426341339
1.6360219978921307 	 0.012063772426787108
1.6370219978921305 	 0.012178111385325902
1.6380219978921304 	 0.012292853885374164
1.6390219978921303 	 0.012408031831535193
1.6400219978921302 	 0.01252366683450213
1.64102199789213 	 0.0126397820033659
1.64202199789213 	 0.012756401623955471
1.6430219978921299 	 0.012873551877252046
1.6440219978921298 	 0.01299126124183595
1.6450219978921297 	 0.013109560545361628
1.6460219978921296 	 0.013228482676939117
1.6470219978921294 	 0.013348061687572904
1.6480219978921293 	 0.013468333653990843
1.6490219978921292 	 0.013589336905437574
1.650021997892129 	 0.013711111966255981
1.651021997892129 	 0.013833697712880927
1.652021997892129 	 0.013957120632051862
1.6530219978921288 	 0.014081405276739354
1.6540219978921287 	 0.014206577484945715
1.6550219978921286 	 0.01433266429456143
1.6560219978921285 	 0.014459693483884206
1.6570219978921283 	 0.014587692545825301
1.6580219978921282 	 0.01471668940457428
1.6590219978921281 	 0.014846712483817161
1.660021997892128 	 0.014977790542728703
1.661021997892128 	 0.01510996907744608
1.6620219978921278 	 0.015243356493058689
1.6630219978921277 	 0.015378075649990415
1.6640219978921276 	 0.01551420584153694
1.6650219978921275 	 0.01565178370653883
1.6660219978921273 	 0.015790843347970724
1.6670219978921272 	 0.015931417150335546
1.6680219978921271 	 0.016073536227339924
1.669021997892127 	 0.01621723042966789
1.670021997892127 	 0.016362528156542634
1.6710219978921268 	 0.016509458529781047
1.6720219978921267 	 0.016658057854673315
1.6730219978921266 	 0.016808363019738957
1.6740219978921265 	 0.01696040923536624
1.6750219978921264 	 0.01711422987988847
1.6760219978921262 	 0.017269856273795913
1.6770219978921261 	 0.017427317264958088
1.678021997892126 	 0.01758663944655401
1.679021997892126 	 0.017747847180150243
1.6800219978921258 	 0.017910962520947767
1.6810219978921257 	 0.018076005137790323
1.6820219978921256 	 0.018242992176305515
1.6830219978921255 	 0.018411938526520396
1.6840219978921254 	 0.018582856716031715
1.6850219978921253 	 0.01875575687069204
1.6860219978921251 	 0.018930646737726257
1.687021997892125 	 0.01910753173030737
1.688021997892125 	 0.019286415613846537
1.6890219978921248 	 0.019467313788172822
1.6900219978921247 	 0.019650253199840817
1.6910219978921246 	 0.019835254881372527
1.6920219978921245 	 0.020022318590781983
1.6930219978921244 	 0.020211437762414415
1.6940219978921243 	 0.02040260401216221
1.6950219978921242 	 0.0205958071697556
1.696021997892124 	 0.02079103546616532
1.697021997892124 	 0.020988275902498365
1.6980219978921238 	 0.021187514073431484
1.6990219978921237 	 0.02138873417628246
1.7000219978921236 	 0.021041006318002663
1.7010219978921235 	 0.021209527224972564
1.7020219978921234 	 0.02137853614442006
1.7030219978921233 	 0.02154802825638653
1.7040219978921232 	 0.02171799864055677
1.705021997892123 	 0.021888442271346866
1.706021997892123 	 0.022059354012769622
1.7070219978921228 	 0.022230728613069753
1.7080219978921227 	 0.022402560699120215
1.7090219978921226 	 0.022574844770571072
1.7100219978921225 	 0.022747575193741768
1.7110219978921224 	 0.02292074619524783
1.7120219978921223 	 0.023094351855352212
1.7130219978921222 	 0.02326838610103169
1.714021997892122 	 0.02344284269874787
1.715021997892122 	 0.02361771524691316
1.7160219978921218 	 0.02379299716804021
1.7170219978921217 	 0.023968681700564445
1.7180219978921216 	 0.024144761890328423
1.7190219978921215 	 0.02432123058171633
1.7200219978921214 	 0.02449808040842707
1.7210219978921213 	 0.0246753037838739
1.7220219978921212 	 0.0248528928911983
1.723021997892121 	 0.02503083967288556
1.724021997892121 	 0.025209135819969527
1.7250219978921209 	 0.025387772760813172
1.7260219978921207 	 0.02556674164945214
1.7270219978921206 	 0.02574603335348814
1.7280219978921205 	 0.025925638441517757
1.7290219978921204 	 0.026105547170084266
1.7300219978921203 	 0.0262857494701376
1.7310219978921202 	 0.026466234932989573
1.73202199789212 	 0.026646992795749586
1.73302199789212 	 0.02682801192622785
1.7340219978921199 	 0.027009280807291362
1.7350219978921197 	 0.02719078752066008
1.7360219978921196 	 0.02737251973012854
1.7370219978921195 	 0.027554464664200237
1.7380219978921194 	 0.027736609098122044
1.7390219978921193 	 0.027918939335304937
1.7400219978921192 	 0.028101441188119768
1.741021997892119 	 0.028284099958056304
1.742021997892119 	 0.028466900415233715
1.7430219978921189 	 0.028649826777253293
1.7440219978921188 	 0.028832862687383214
1.7450219978921186 	 0.029015991192067415
1.7460219978921185 	 0.029199194717751155
1.7470219978921184 	 0.02938245504701748
1.7480219978921183 	 0.02956575329402985
1.7490219978921182 	 0.029749069879278844
1.750021997892118 	 0.02993238450363118
1.751021997892118 	 0.030115676121682894
1.7520219978921179 	 0.030298922914419837
1.7530219978921178 	 0.030482102261191732
1.7540219978921177 	 0.030665190711008303
1.7550219978921175 	 0.030848163953169735
1.7560219978921174 	 0.031030996787246915
1.7570219978921173 	 0.031213663092429806
1.7580219978921172 	 0.031396135796268314
1.759021997892117 	 0.03157838684283182
1.760021997892117 	 0.031760387160321056
1.7610219978921169 	 0.03194210662816882
1.7620219978921168 	 0.0321235140436737
1.7630219978921167 	 0.032304577088215956
1.7640219978921166 	 0.03248526229311073
1.7650219978921164 	 0.0326655350051634
1.7660219978921163 	 0.032845359351995826
1.7670219978921162 	 0.03302469820722415
1.7680219978921161 	 0.03320351315557424
1.769021997892116 	 0.033381764458032925
1.770021997892116 	 0.03355941101714111
1.7710219978921158 	 0.033736410342546735
1.7720219978921157 	 0.03391271851694572
1.7730219978921156 	 0.03408829016255169
1.7740219978921155 	 0.03426307840824733
1.7750219978921153 	 0.034437034857583176
1.7760219978921152 	 0.03461010955780421
1.7770219978921151 	 0.034782250970097975
1.778021997892115 	 0.03495340594127379
1.779021997892115 	 0.035123519677098404
1.7800219978921148 	 0.035292535717528335
1.7810219978921147 	 0.03546039591409801
1.7820219978921146 	 0.03562704040973789
1.7830219978921145 	 0.03579240762131602
1.7840219978921144 	 0.03595643422521359
1.7850219978921142 	 0.03611905514626293
1.7860219978921141 	 0.03628020355039642
1.787021997892114 	 0.03643981084137029
1.788021997892114 	 0.036597806661948555
1.7890219978921138 	 0.036754118899947695
1.7900219978921137 	 0.03690867369956124
1.7910219978921136 	 0.037061395478400164
1.7920219978921135 	 0.03721220695070004
1.7930219978921134 	 0.03736102915716069
1.7940219978921133 	 0.03750778150189778
1.7950219978921131 	 0.037652381796994996
1.796021997892113 	 0.03779474631515807
1.797021997892113 	 0.03793478985097412
1.7980219978921128 	 0.03807242579128772
1.7990219978921127 	 0.03820756619520282
1.8000219978921126 	 0.03834012188421765
1.8010219978921125 	 0.0384700025429923
1.8020219978921124 	 0.03859711683123658
1.8030219978921123 	 0.038721372507188795
1.8040219978921122 	 0.038842676563133956
1.805021997892112 	 0.03896093537338038
1.806021997892112 	 0.03907605485508025
1.8070219978921118 	 0.03918794064223567
1.8080219978921117 	 0.03929649827318391
1.8090219978921116 	 0.039401633391797725
1.8100219978921115 	 0.039503251962571075
1.8110219978921114 	 0.03960126049968671
1.8120219978921113 	 0.039695566310080095
1.8130219978921112 	 0.0397860777504214
1.814021997892111 	 0.039872704497838654
1.815021997892111 	 0.03995535783409361
1.8160219978921108 	 0.0400339509428064
1.8170219978921107 	 0.04010839921919615
1.8180219978921106 	 0.040178620591672314
1.8190219978921105 	 0.04024453585446843
1.8200219978921104 	 0.040306069010363745
1.8210219978921103 	 0.0403631476223816
1.8220219978921102 	 0.04041570317319948
1.82302199789211 	 0.04046367143084144
1.82402199789211 	 0.04050699281906436
1.8250219978921098 	 0.040545612790686456
1.8260219978921097 	 0.04057948220194919
1.8270219978921096 	 0.040608557685848624
1.8280219978921095 	 0.04063280202222666
1.8290219978921094 	 0.0406521845022744
1.8300219978921093 	 0.04066668128497602
1.8310219978921092 	 0.0406762757429114
1.832021997892109 	 0.04068095879474256
1.833021997892109 	 0.04068072922163903
1.8340219978921088 	 0.04067559396484562
1.8350219978921087 	 0.0406655684015755
1.8360219978921086 	 0.040650676596413284
1.8370219978921085 	 0.04063095152544868
1.8380219978921084 	 0.04060643527042587
1.8390219978921083 	 0.04057717918029384
1.8400219978921082 	 0.04054324399767433
1.841021997892108 	 0.04050469994793216
1.842021997892108 	 0.04046162678873438
1.8430219978921079 	 0.04041411381821968
1.8440219978921077 	 0.040362259840167024
1.8450219978921076 	 0.04030617308485282
1.8460219978921075 	 0.04024597108461001
1.8470219978921074 	 0.04018178050345637
1.8480219978921073 	 0.04011373692053219
1.8490219978921072 	 0.0400419845674764
1.850021997892107 	 0.039966676020274865
1.851021997892107 	 0.039887971846523235
1.8520219978921069 	 0.03980604020945879
1.8530219978921068 	 0.039721056430524086
1.8540219978921066 	 0.03963320251262243
1.8550219978921065 	 0.03954266662660891
1.8560219978921064 	 0.03944964256392024
1.8570219978921063 	 0.0393543291585827
1.8580219978921062 	 0.039256929682138675
1.859021997892106 	 0.039157651215298996
1.860021997892106 	 0.03905670400035214
1.8610219978921059 	 0.038954300778543324
1.8620219978921058 	 0.03885065611677005
1.8630219978921057 	 0.03874598572802487
1.8640219978921055 	 0.0386405057900535
1.8650219978921054 	 0.038534432266678645
1.8660219978921053 	 0.03842798023617836
1.8670219978921052 	 0.038321363230992785
1.868021997892105 	 0.038214792592877585
1.869021997892105 	 0.0381084768474183
1.8700219978921049 	 0.03800262110158323
1.8710219978921048 	 0.03789742646771468
1.8720219978921047 	 0.03779308951705459
1.8730219978921046 	 0.037689801765570644
1.8740219978921044 	 0.03758774919449667
1.8750219978921043 	 0.03748711180763922
1.8760219978921042 	 0.03738806322712615
1.877021997892104 	 0.03729077032889657
1.878021997892104 	 0.03719539291885562
1.879021997892104 	 0.03710208345024755
1.8800219978921038 	 0.03701098678244185
1.8810219978921037 	 0.03692223998098427
1.8820219978921036 	 0.03683597215843794
1.8830219978921034 	 0.036752304355238005
1.8840219978921033 	 0.03667134945950362
1.8850219978921032 	 0.03659321216449774
1.8860219978921031 	 0.036517988962202236
1.887021997892103 	 0.03644576817127825
1.888021997892103 	 0.036376629997516285
1.8890219978921028 	 0.03631064662474212
1.8900219978921027 	 0.03624788233403823
1.8910219978921026 	 0.03618839364905727
1.8920219978921025 	 0.036132229505153525
1.8930219978921023 	 0.036079431440026996
1.8940219978921022 	 0.036030033803573565
1.8950219978921021 	 0.0359840639846487
1.896021997892102 	 0.035941542652492116
1.897021997892102 	 0.03590248401061259
1.8980219978921018 	 0.035866896061005314
1.8990219978921017 	 0.03583478087665536
1.9000219978921016 	 0.035806134880375894
1.9010219978921015 	 0.0357809491281357
1.9020219978921014 	 0.03575920959513813
1.9030219978921012 	 0.035740897463033244
1.9040219978921011 	 0.03572598940676333
1.905021997892101 	 0.035714457879662445
1.906021997892101 	 0.035706271395556904
1.9070219978921008 	 0.035701394806730784
1.9080219978921007 	 0.035699789576742885
1.9090219978921006 	 0.03570141404719782
1.9100219978921005 	 0.03570622369768556
1.9110219978921004 	 0.035714171398213757
1.9120219978921003 	 0.03572520765355911
1.9130219978921001 	 0.03573928083906234
1.9140219978921 	 0.03575633742748295
1.9150219978921 	 0.035776322206615564
1.9160219978920998 	 0.03579917848744991
1.9170219978920997 	 0.03582484830272819
1.9180219978920996 	 0.035853272595821856
1.9190219978920995 	 0.03588439139991014
1.9200219978920994 	 0.035918144007497675
1.9210219978920993 	 0.03595446913035649
1.9220219978920992 	 0.035993305050022996
1.923021997892099 	 0.036034589759016564
1.924021997892099 	 0.036078261092980554
1.9250219978920988 	 0.036124256853975086
1.9260219978920987 	 0.03617251492517342
1.9270219978920986 	 0.03622297337723507
1.9280219978920985 	 0.036275570566643836
1.9290219978920984 	 0.03633024522631113
1.9300219978920983 	 0.036386936548755654
1.9310219978920982 	 0.036445584262174965
1.932021997892098 	 0.0365061286997298
1.933021997892098 	 0.03656851086236256
1.9340219978920978 	 0.03663267247547161
1.9350219978920977 	 0.03669855603975918
1.9360219978920976 	 0.03676610487656902
1.9370219978920975 	 0.036835263168021465
1.9380219978920974 	 0.03690597599225047
1.9390219978920973 	 0.03697818935403633
1.9400219978920972 	 0.03705185021112213
1.941021997892097 	 0.0371269064964909
1.942021997892097 	 0.03720330713687255
1.9430219978920968 	 0.037281002067738496
1.9440219978920967 	 0.03735994224503179
1.9450219978920966 	 0.03744007965387069
1.9460219978920965 	 0.03752136731445319
1.9470219978920964 	 0.03760375928537751
1.9480219978920963 	 0.0376872106645863
1.9490219978920962 	 0.03777167758812866
1.950021997892096 	 0.03785711722692545
1.951021997892096 	 0.03794348778171406
1.9520219978920959 	 0.03803074847633624
1.9530219978920957 	 0.03811885954952613
1.9540219978920956 	 0.03820778224534446
1.9550219978920955 	 0.03829747880239591
1.9560219978920954 	 0.03838791244195908
1.9570219978920953 	 0.038479047355149495
1.9580219978920952 	 0.03857084868922775
1.959021997892095 	 0.0386632825331579
1.960021997892095 	 0.03875631590251393
1.9610219978920949 	 0.03884991672382461
1.9620219978920947 	 0.03894405381844094
1.9630219978920946 	 0.03903869688600407
1.9640219978920945 	 0.03913381648758517
1.9650219978920944 	 0.0392293840285644
1.9660219978920943 	 0.03932537174130872
1.9670219978920942 	 0.03942175266770585
1.968021997892094 	 0.03951850064160442
1.969021997892094 	 0.0396155902712079
1.9700219978920939 	 0.039712996921465224
1.9710219978920938 	 0.03981069669649629
1.9720219978920936 	 0.03990866642208798
1.9730219978920935 	 0.040006883628292626
1.9740219978920934 	 0.040105326532157294
1.9750219978920933 	 0.040203974020609615
1.9760219978920932 	 0.040302805633523744
1.977021997892093 	 0.04040180154698587
1.978021997892093 	 0.04050094255677821
1.9790219978920929 	 0.040600210062097075
1.9800219978920928 	 0.040699586049518566
1.9810219978920927 	 0.04079905307722447
1.9820219978920925 	 0.040898594259498
1.9830219978920924 	 0.0409981932514986
1.9840219978920923 	 0.041097834234322506
1.9850219978920922 	 0.04119750190035542
1.986021997892092 	 0.041297181438921304
1.987021997892092 	 0.04139685852223163
1.9880219978920919 	 0.04149651929163667
1.9890219978920918 	 0.04159615034418123
1.9900219978920917 	 0.0416957387194647
1.9910219978920916 	 0.04179527188680596
1.9920219978920914 	 0.04189473773271224
1.9930219978920913 	 0.041994124548650404
1.9940219978920912 	 0.04209342101911854
1.9950219978920911 	 0.04219261621001593
1.996021997892091 	 0.04229169955730816
1.997021997892091 	 0.04239066085598374
1.9980219978920908 	 0.04248949024929935
1.9990219978920907 	 0.04258817821830894
