0.0010219978922 	 0
0.0020219978922 	 0.0
0.0030219978922 	 0.0
0.0040219978922 	 0.0
0.0050219978922 	 0.0
0.0060219978922 	 0.0
0.0070219978922 	 0.0
0.0080219978922 	 0.0
0.009021997892200002 	 0.0
0.010021997892200003 	 0.0
0.011021997892200004 	 0.0
0.012021997892200004 	 0.0
0.013021997892200005 	 0.0
0.014021997892200006 	 0.0
0.015021997892200007 	 0.0
0.016021997892200008 	 0.0
0.01702199789220001 	 0.0
0.01802199789220001 	 0.0
0.01902199789220001 	 0.0
0.02002199789220001 	 0.0
0.021021997892200012 	 0.0
0.022021997892200013 	 0.0
0.023021997892200014 	 0.0
0.024021997892200015 	 0.0
0.025021997892200016 	 0.0
0.026021997892200017 	 0.0
0.027021997892200018 	 0.0
0.02802199789220002 	 0.0
0.02902199789220002 	 0.0
0.03002199789220002 	 0.0
0.03102199789220002 	 0.0
0.03202199789220002 	 0.0
0.03302199789220002 	 0.0
0.03402199789220002 	 0.0
0.03502199789220002 	 0.0
0.03602199789220002 	 0.0
0.03702199789220002 	 0.0
0.038021997892200024 	 0.0
0.039021997892200025 	 0.0
0.040021997892200026 	 0.0
0.04102199789220003 	 0.0
0.04202199789220003 	 0.0
0.04302199789220003 	 0.0
0.04402199789220003 	 0.0
0.04502199789220003 	 0.0
0.04602199789220003 	 0.0
0.04702199789220003 	 0.0
0.04802199789220003 	 0.0
0.049021997892200034 	 0.0
0.050021997892200035 	 0.0
0.051021997892200036 	 0.0
0.052021997892200036 	 0.0
0.05302199789220004 	 0.0
0.05402199789220004 	 0.0
0.05502199789220004 	 0.0
0.05602199789220004 	 0.0
0.05702199789220004 	 0.0
0.05802199789220004 	 0.0
0.05902199789220004 	 0.0
0.060021997892200044 	 0.0
0.061021997892200044 	 0.0
0.062021997892200045 	 0.0
0.06302199789220005 	 0.0
0.06402199789220005 	 0.0
0.06502199789220005 	 0.0
0.06602199789220005 	 0.0
0.06702199789220005 	 0.0
0.06802199789220005 	 0.0
0.06902199789220005 	 0.0
0.07002199789220005 	 0.0
0.07102199789220005 	 0.0
0.07202199789220005 	 0.0
0.07302199789220006 	 0.0
0.07402199789220006 	 0.0
0.07502199789220006 	 0.0
0.07602199789220006 	 0.0
0.07702199789220006 	 0.0
0.07802199789220006 	 0.0
0.07902199789220006 	 0.0
0.08002199789220006 	 0.0
0.08102199789220006 	 0.0
0.08202199789220006 	 0.0
0.08302199789220006 	 0.0
0.08402199789220006 	 0.0
0.08502199789220007 	 0.0
0.08602199789220007 	 0.0
0.08702199789220007 	 0.0
0.08802199789220007 	 0.0
0.08902199789220007 	 0.0
0.09002199789220007 	 0.0
0.09102199789220007 	 0.0
0.09202199789220007 	 0.0
0.09302199789220007 	 0.0
0.09402199789220007 	 0.0
0.09502199789220007 	 0.0
0.09602199789220008 	 0.0
0.09702199789220008 	 0.0
0.09802199789220008 	 0.0
0.09902199789220008 	 0.0
0.10002199789220008 	 0.0
0.10102199789220008 	 0.0
0.10202199789220008 	 0.0
0.10302199789220008 	 0.0
0.10402199789220008 	 0.0
0.10502199789220008 	 0.0
0.10602199789220008 	 0.0
0.10702199789220009 	 0.0
0.10802199789220009 	 0.0
0.10902199789220009 	 0.0
0.11002199789220009 	 0.0
0.11102199789220009 	 0.0
0.11202199789220009 	 0.0
0.11302199789220009 	 0.0
0.11402199789220009 	 0.0
0.11502199789220009 	 0.0
0.1160219978922001 	 0.0
0.1170219978922001 	 0.0
0.1180219978922001 	 0.0
0.1190219978922001 	 0.0
0.1200219978922001 	 0.0
0.1210219978922001 	 0.0
0.1220219978922001 	 0.0
0.1230219978922001 	 0.0
0.1240219978922001 	 0.0
0.1250219978922001 	 0.0
0.1260219978922001 	 0.0
0.1270219978922001 	 0.0
0.1280219978922001 	 0.0
0.1290219978922001 	 0.0
0.1300219978922001 	 0.0
0.1310219978922001 	 0.0
0.1320219978922001 	 0.0
0.1330219978922001 	 0.0
0.1340219978922001 	 0.0
0.1350219978922001 	 0.0
0.1360219978922001 	 0.0
0.1370219978922001 	 0.0
0.1380219978922001 	 0.0
0.1390219978922001 	 0.0
0.1400219978922001 	 0.0
0.1410219978922001 	 0.0
0.1420219978922001 	 0.0
0.1430219978922001 	 0.0
0.1440219978922001 	 0.0
0.1450219978922001 	 0.0
0.1460219978922001 	 0.0
0.1470219978922001 	 0.0
0.1480219978922001 	 0.0
0.1490219978922001 	 0.0
0.1500219978922001 	 0.0
0.1510219978922001 	 0.0
0.1520219978922001 	 0.0
0.1530219978922001 	 0.0
0.1540219978922001 	 0.0
0.15502199789220011 	 0.0
0.15602199789220011 	 0.0
0.15702199789220012 	 0.0
0.15802199789220012 	 0.0
0.15902199789220012 	 0.0
0.16002199789220012 	 0.0
0.16102199789220012 	 0.0
0.16202199789220012 	 0.0
0.16302199789220012 	 0.0
0.16402199789220012 	 0.0
0.16502199789220012 	 0.0
0.16602199789220012 	 0.0
0.16702199789220012 	 0.0
0.16802199789220013 	 0.0
0.16902199789220013 	 0.0
0.17002199789220013 	 0.0
0.17102199789220013 	 0.0
0.17202199789220013 	 0.0
0.17302199789220013 	 0.0
0.17402199789220013 	 0.0
0.17502199789220013 	 0.0
0.17602199789220013 	 0.0
0.17702199789220013 	 0.0
0.17802199789220013 	 0.0
0.17902199789220014 	 0.0
0.18002199789220014 	 0.0
0.18102199789220014 	 0.0
0.18202199789220014 	 0.0
0.18302199789220014 	 0.0
0.18402199789220014 	 0.0
0.18502199789220014 	 0.0
0.18602199789220014 	 0.0
0.18702199789220014 	 0.0
0.18802199789220014 	 0.0
0.18902199789220014 	 0.0
0.19002199789220015 	 0.0
0.19102199789220015 	 0.0
0.19202199789220015 	 0.0
0.19302199789220015 	 0.0
0.19402199789220015 	 0.0
0.19502199789220015 	 0.0
0.19602199789220015 	 0.0
0.19702199789220015 	 0.0
0.19802199789220015 	 0.0
0.19902199789220015 	 0.0
0.20002199789220015 	 0.0
0.20102199789220015 	 0.0
0.20202199789220016 	 0.0
0.20302199789220016 	 0.0
0.20402199789220016 	 0.0
0.20502199789220016 	 0.0
0.20602199789220016 	 0.0
0.20702199789220016 	 0.0
0.20802199789220016 	 0.0
0.20902199789220016 	 0.0
0.21002199789220016 	 0.0
0.21102199789220016 	 0.0
0.21202199789220016 	 0.0
0.21302199789220017 	 0.0
0.21402199789220017 	 0.0
0.21502199789220017 	 0.0
0.21602199789220017 	 0.0
0.21702199789220017 	 0.0
0.21802199789220017 	 0.0
0.21902199789220017 	 0.0
0.22002199789220017 	 0.0
0.22102199789220017 	 0.0
0.22202199789220017 	 0.0
0.22302199789220017 	 0.0
0.22402199789220018 	 0.0
0.22502199789220018 	 0.0
0.22602199789220018 	 0.0
0.22702199789220018 	 0.0
0.22802199789220018 	 0.0
0.22902199789220018 	 0.0
0.23002199789220018 	 0.0
0.23102199789220018 	 0.0
0.23202199789220018 	 0.0
0.23302199789220018 	 0.0
0.23402199789220018 	 0.0
0.23502199789220019 	 0.0
0.23602199789220019 	 0.0
0.2370219978922002 	 0.0
0.2380219978922002 	 0.0
0.2390219978922002 	 0.0
0.2400219978922002 	 0.0
0.2410219978922002 	 0.0
0.2420219978922002 	 0.0
0.2430219978922002 	 0.0
0.2440219978922002 	 0.0
0.2450219978922002 	 0.0
0.2460219978922002 	 0.0
0.2470219978922002 	 0.0
0.2480219978922002 	 0.0
0.2490219978922002 	 0.0
0.2500219978922002 	 0.0
0.2510219978922002 	 0.0
0.2520219978922002 	 0.0
0.2530219978922002 	 0.0
0.2540219978922002 	 0.0
0.2550219978922002 	 0.0
0.2560219978922002 	 0.0
0.2570219978922002 	 0.0
0.2580219978922002 	 0.0
0.2590219978922002 	 0.0
0.2600219978922002 	 0.0
0.2610219978922002 	 0.0
0.2620219978922002 	 0.0
0.2630219978922002 	 0.0
0.2640219978922002 	 0.0
0.2650219978922002 	 0.0
0.2660219978922002 	 0.0
0.2670219978922002 	 0.0
0.2680219978922002 	 0.0
0.2690219978922002 	 0.0
0.2700219978922002 	 0.0
0.2710219978922002 	 0.0
0.2720219978922002 	 0.0
0.2730219978922002 	 0.0
0.2740219978922002 	 0.0
0.2750219978922002 	 0.0
0.2760219978922002 	 0.0
0.2770219978922002 	 0.0
0.2780219978922002 	 0.0
0.2790219978922002 	 0.0
0.2800219978922002 	 0.0
0.2810219978922002 	 0.0
0.2820219978922002 	 0.0
0.2830219978922002 	 0.0
0.28402199789220023 	 0.0
0.28502199789220023 	 0.0
0.28602199789220023 	 0.0
0.28702199789220023 	 0.0
0.28802199789220023 	 0.0
0.28902199789220023 	 0.0
0.29002199789220023 	 0.0
0.29102199789220023 	 0.0
0.29202199789220024 	 0.0
0.29302199789220024 	 0.0
0.29402199789220024 	 0.0
0.29502199789220024 	 0.0
0.29602199789220024 	 0.0
0.29702199789220024 	 0.0
0.29802199789220024 	 0.0
0.29902199789220024 	 0.0
0.30002199789220024 	 0.0
0.30102199789220024 	 0.0
0.30202199789220024 	 0.0
0.30302199789220025 	 0.0
0.30402199789220025 	 0.0
0.30502199789220025 	 0.0
0.30602199789220025 	 0.0
0.30702199789220025 	 0.0
0.30802199789220025 	 0.0
0.30902199789220025 	 0.0
0.31002199789220025 	 0.0
0.31102199789220025 	 0.0
0.31202199789220025 	 0.0
0.31302199789220025 	 0.0
0.31402199789220026 	 0.0
0.31502199789220026 	 0.0
0.31602199789220026 	 0.0
0.31702199789220026 	 0.0
0.31802199789220026 	 0.0
0.31902199789220026 	 0.0
0.32002199789220026 	 0.0
0.32102199789220026 	 0.0
0.32202199789220026 	 0.0
0.32302199789220026 	 0.0
0.32402199789220026 	 0.0
0.32502199789220027 	 0.0
0.32602199789220027 	 0.0
0.32702199789220027 	 0.0
0.32802199789220027 	 0.0
0.32902199789220027 	 0.0
0.33002199789220027 	 0.0
0.33102199789220027 	 0.0
0.33202199789220027 	 0.0
0.33302199789220027 	 0.0
0.3340219978922003 	 0.0
0.3350219978922003 	 0.0
0.3360219978922003 	 0.0
0.3370219978922003 	 0.0
0.3380219978922003 	 0.0
0.3390219978922003 	 0.0
0.3400219978922003 	 0.0
0.3410219978922003 	 0.0
0.3420219978922003 	 0.0
0.3430219978922003 	 0.0
0.3440219978922003 	 0.0
0.3450219978922003 	 0.0
0.3460219978922003 	 0.0
0.3470219978922003 	 0.0
0.3480219978922003 	 0.0
0.3490219978922003 	 0.0
0.3500219978922003 	 0.0
0.3510219978922003 	 0.0
0.3520219978922003 	 0.0
0.3530219978922003 	 0.0
0.3540219978922003 	 0.0
0.3550219978922003 	 0.0
0.3560219978922003 	 0.0
0.3570219978922003 	 0.0
0.3580219978922003 	 0.0
0.3590219978922003 	 0.0
0.3600219978922003 	 0.0
0.3610219978922003 	 0.0
0.3620219978922003 	 0.0
0.3630219978922003 	 0.0
0.3640219978922003 	 0.0
0.3650219978922003 	 0.0
0.3660219978922003 	 0.0
0.3670219978922003 	 0.0
0.3680219978922003 	 0.0
0.3690219978922003 	 0.0
0.3700219978922003 	 0.0
0.3710219978922003 	 0.0
0.3720219978922003 	 0.0
0.3730219978922003 	 0.0
0.3740219978922003 	 0.0
0.3750219978922003 	 0.0
0.3760219978922003 	 0.0
0.3770219978922003 	 0.0
0.3780219978922003 	 0.0
0.3790219978922003 	 0.0
0.3800219978922003 	 0.0
0.3810219978922003 	 0.0
0.3820219978922003 	 0.0
0.3830219978922003 	 0.0
0.3840219978922003 	 0.0
0.3850219978922003 	 0.0
0.3860219978922003 	 0.0
0.3870219978922003 	 0.0
0.3880219978922003 	 0.0
0.3890219978922003 	 0.0
0.3900219978922003 	 0.0
0.3910219978922003 	 0.0
0.3920219978922003 	 0.0
0.3930219978922003 	 0.0
0.3940219978922003 	 0.0
0.3950219978922003 	 0.0
0.39602199789220033 	 0.0
0.39702199789220033 	 0.0
0.39802199789220033 	 0.0
0.39902199789220033 	 0.0
0.40002199789220033 	 0.0
0.40102199789220033 	 0.0
0.40202199789220033 	 0.0
0.40302199789220033 	 0.0
0.40402199789220034 	 0.0
0.40502199789220034 	 0.0
0.40602199789220034 	 0.0
0.40702199789220034 	 0.0
0.40802199789220034 	 0.0
0.40902199789220034 	 0.0
0.41002199789220034 	 0.0
0.41102199789220034 	 0.0
0.41202199789220034 	 0.0
0.41302199789220034 	 0.0
0.41402199789220034 	 0.0
0.41502199789220034 	 0.0
0.41602199789220035 	 0.0
0.41702199789220035 	 0.0
0.41802199789220035 	 0.0
0.41902199789220035 	 0.0
0.42002199789220035 	 0.0
0.42102199789220035 	 0.0
0.42202199789220035 	 0.0
0.42302199789220035 	 0.0
0.42402199789220035 	 0.0
0.42502199789220035 	 0.0
0.42602199789220035 	 0.0
0.42702199789220036 	 0.0
0.42802199789220036 	 0.0
0.42902199789220036 	 0.0
0.43002199789220036 	 0.0
0.43102199789220036 	 0.0
0.43202199789220036 	 0.0
0.43302199789220036 	 0.0
0.43402199789220036 	 0.0
0.43502199789220036 	 0.0
0.43602199789220036 	 0.0
0.43702199789220036 	 0.0
0.43802199789220037 	 0.0
0.43902199789220037 	 0.0
0.44002199789220037 	 0.0
0.44102199789220037 	 0.0
0.44202199789220037 	 0.0
0.44302199789220037 	 0.0
0.44402199789220037 	 0.0
0.44502199789220037 	 0.0
0.4460219978922004 	 0.0
0.4470219978922004 	 0.0
0.4480219978922004 	 0.0
0.4490219978922004 	 0.0
0.4500219978922004 	 0.0
0.4510219978922004 	 0.0
0.4520219978922004 	 0.0
0.4530219978922004 	 0.0
0.4540219978922004 	 0.0
0.4550219978922004 	 0.0
0.4560219978922004 	 0.0
0.4570219978922004 	 0.0
0.4580219978922004 	 0.0
0.4590219978922004 	 0.0
0.4600219978922004 	 0.0
0.4610219978922004 	 0.0
0.4620219978922004 	 0.0
0.4630219978922004 	 0.0
0.4640219978922004 	 0.0
0.4650219978922004 	 0.0
0.4660219978922004 	 0.0
0.4670219978922004 	 0.0
0.4680219978922004 	 0.0
0.4690219978922004 	 0.0
0.4700219978922004 	 0.0
0.4710219978922004 	 0.0
0.4720219978922004 	 0.0
0.4730219978922004 	 0.0
0.4740219978922004 	 0.0
0.4750219978922004 	 0.0
0.4760219978922004 	 0.0
0.4770219978922004 	 0.0
0.4780219978922004 	 0.0
0.4790219978922004 	 0.0
0.4800219978922004 	 0.0
0.4810219978922004 	 0.0
0.4820219978922004 	 0.0
0.4830219978922004 	 0.0
0.4840219978922004 	 0.0
0.4850219978922004 	 0.0
0.4860219978922004 	 0.0
0.4870219978922004 	 0.0
0.4880219978922004 	 0.0
0.4890219978922004 	 0.0
0.4900219978922004 	 0.0
0.4910219978922004 	 0.0
0.4920219978922004 	 0.0
0.4930219978922004 	 0.0
0.4940219978922004 	 0.0
0.4950219978922004 	 0.0
0.4960219978922004 	 0.0
0.4970219978922004 	 0.0
0.4980219978922004 	 0.0
0.4990219978922004 	 0.0
0.5000219978922004 	 0.0
0.5010219978922004 	 0.0
0.5020219978922004 	 0.0
0.5030219978922004 	 0.0
0.5040219978922004 	 0.0
0.5050219978922004 	 0.0
0.5060219978922004 	 0.0
0.5070219978922004 	 0.0
0.5080219978922004 	 0.0
0.5090219978922004 	 0.0
0.5100219978922004 	 0.0
0.5110219978922004 	 0.0
0.5120219978922004 	 0.0
0.5130219978922004 	 0.0
0.5140219978922004 	 0.0
0.5150219978922004 	 0.0
0.5160219978922004 	 0.0
0.5170219978922004 	 0.0
0.5180219978922004 	 0.0
0.5190219978922004 	 0.0
0.5200219978922004 	 0.0
0.5210219978922004 	 0.0
0.5220219978922004 	 0.0
0.5230219978922004 	 0.0
0.5240219978922004 	 0.0
0.5250219978922004 	 0.0
0.5260219978922004 	 0.0
0.5270219978922004 	 0.0
0.5280219978922004 	 0.0
0.5290219978922004 	 0.0
0.5300219978922004 	 0.0
0.5310219978922004 	 0.0
0.5320219978922004 	 0.0
0.5330219978922004 	 0.0
0.5340219978922004 	 0.0
0.5350219978922004 	 0.0
0.5360219978922004 	 0.0
0.5370219978922004 	 0.0
0.5380219978922004 	 0.0
0.5390219978922004 	 0.0
0.5400219978922004 	 0.0
0.5410219978922004 	 0.0
0.5420219978922004 	 0.0
0.5430219978922004 	 0.0
0.5440219978922004 	 0.0
0.5450219978922004 	 0.0
0.5460219978922004 	 0.0
0.5470219978922004 	 0.0
0.5480219978922004 	 0.0
0.5490219978922004 	 0.0
0.5500219978922004 	 0.0
0.5510219978922004 	 0.0
0.5520219978922004 	 0.0
0.5530219978922004 	 0.0
0.5540219978922004 	 0.0
0.5550219978922004 	 0.0
0.5560219978922004 	 0.0
0.5570219978922004 	 0.0
0.5580219978922004 	 0.0
0.5590219978922004 	 0.0
0.5600219978922004 	 0.0
0.5610219978922004 	 0.0
0.5620219978922004 	 0.0
0.5630219978922004 	 0.0
0.5640219978922004 	 0.0
0.5650219978922004 	 0.0
0.5660219978922004 	 0.0
0.5670219978922004 	 0.0
0.5680219978922004 	 0.0
0.5690219978922004 	 0.0
0.5700219978922004 	 0.0
0.5710219978922004 	 0.0
0.5720219978922004 	 0.0
0.5730219978922004 	 0.0
0.5740219978922004 	 0.0
0.5750219978922004 	 0.0
0.5760219978922004 	 0.0
0.5770219978922004 	 0.0
0.5780219978922004 	 0.0
0.5790219978922004 	 0.0
0.5800219978922004 	 0.0
0.5810219978922004 	 0.0
0.5820219978922004 	 0.0
0.5830219978922004 	 0.0
0.5840219978922004 	 0.0
0.5850219978922004 	 0.0
0.5860219978922004 	 0.0
0.5870219978922004 	 0.0
0.5880219978922004 	 0.0
0.5890219978922004 	 0.0
0.5900219978922004 	 0.0
0.5910219978922004 	 0.0
0.5920219978922004 	 0.0
0.5930219978922004 	 0.0
0.5940219978922004 	 0.0
0.5950219978922004 	 0.0
0.5960219978922005 	 0.0
0.5970219978922005 	 0.0
0.5980219978922005 	 0.0
0.5990219978922005 	 0.0
0.6000219978922005 	 0.0
0.6010219978922005 	 0.0
0.6020219978922005 	 0.0
0.6030219978922005 	 0.0
0.6040219978922005 	 0.0
0.6050219978922005 	 0.0
0.6060219978922005 	 0.0
0.6070219978922005 	 0.0
0.6080219978922005 	 0.0
0.6090219978922005 	 0.0
0.6100219978922005 	 0.0
0.6110219978922005 	 0.0
0.6120219978922005 	 0.0
0.6130219978922005 	 0.0
0.6140219978922005 	 0.0
0.6150219978922005 	 0.0
0.6160219978922005 	 0.0
0.6170219978922005 	 0.0
0.6180219978922005 	 0.0
0.6190219978922005 	 0.0
0.6200219978922005 	 0.0
0.6210219978922005 	 0.0
0.6220219978922005 	 0.0
0.6230219978922005 	 0.0
0.6240219978922005 	 0.0
0.6250219978922005 	 0.0
0.6260219978922005 	 0.0
0.6270219978922005 	 0.0
0.6280219978922005 	 0.0
0.6290219978922005 	 0.0
0.6300219978922005 	 0.0
0.6310219978922005 	 0.0
0.6320219978922005 	 0.0
0.6330219978922005 	 0.0
0.6340219978922005 	 0.0
0.6350219978922005 	 0.0
0.6360219978922005 	 0.0
0.6370219978922005 	 0.0
0.6380219978922005 	 0.0
0.6390219978922005 	 0.0
0.6400219978922005 	 0.0
0.6410219978922005 	 0.0
0.6420219978922005 	 0.0
0.6430219978922005 	 0.0
0.6440219978922005 	 0.0
0.6450219978922005 	 0.0
0.6460219978922005 	 0.0
0.6470219978922005 	 0.0
0.6480219978922005 	 0.0
0.6490219978922005 	 0.0
0.6500219978922005 	 0.0
0.6510219978922005 	 0.0
0.6520219978922005 	 0.0
0.6530219978922005 	 0.0
0.6540219978922005 	 0.0
0.6550219978922005 	 0.0
0.6560219978922005 	 0.0
0.6570219978922005 	 0.0
0.6580219978922005 	 0.0
0.6590219978922005 	 0.0
0.6600219978922005 	 0.0
0.6610219978922005 	 0.0
0.6620219978922005 	 0.0
0.6630219978922005 	 0.0
0.6640219978922005 	 0.0
0.6650219978922005 	 0.0
0.6660219978922005 	 0.0
0.6670219978922005 	 0.0
0.6680219978922005 	 0.0
0.6690219978922005 	 0.0
0.6700219978922005 	 0.0
0.6710219978922005 	 0.0
0.6720219978922005 	 0.0
0.6730219978922005 	 0.0
0.6740219978922005 	 0.0
0.6750219978922005 	 0.0
0.6760219978922005 	 0.0
0.6770219978922005 	 0.0
0.6780219978922005 	 0.0
0.6790219978922005 	 0.0
0.6800219978922005 	 0.0
0.6810219978922005 	 0.0
0.6820219978922005 	 0.0
0.6830219978922005 	 0.0
0.6840219978922005 	 0.0
0.6850219978922005 	 0.0
0.6860219978922005 	 0.0
0.6870219978922005 	 0.0
0.6880219978922005 	 0.0
0.6890219978922005 	 0.0
0.6900219978922005 	 0.0
0.6910219978922005 	 0.0
0.6920219978922005 	 0.0
0.6930219978922005 	 0.0
0.6940219978922005 	 0.0
0.6950219978922005 	 0.0
0.6960219978922005 	 0.0
0.6970219978922005 	 0.0
0.6980219978922005 	 0.0
0.6990219978922005 	 0.0
0.7000219978922005 	 0.0
0.7010219978922005 	 0.0
0.7020219978922005 	 0.0
0.7030219978922005 	 0.0
0.7040219978922005 	 0.0
0.7050219978922005 	 0.0
0.7060219978922005 	 0.0
0.7070219978922005 	 0.0
0.7080219978922005 	 0.0
0.7090219978922006 	 0.0
0.7100219978922006 	 0.0
0.7110219978922006 	 0.0
0.7120219978922006 	 0.0
0.7130219978922006 	 0.0
0.7140219978922006 	 0.0
0.7150219978922006 	 0.0
0.7160219978922006 	 0.0
0.7170219978922006 	 0.0
0.7180219978922006 	 0.0
0.7190219978922006 	 0.0
0.7200219978922006 	 0.0
0.7210219978922006 	 0.0
0.7220219978922006 	 0.0
0.7230219978922006 	 0.0
0.7240219978922006 	 0.0
0.7250219978922006 	 0.0
0.7260219978922006 	 0.0
0.7270219978922006 	 0.0
0.7280219978922006 	 0.0
0.7290219978922006 	 0.0
0.7300219978922006 	 0.0
0.7310219978922006 	 0.0
0.7320219978922006 	 0.0
0.7330219978922006 	 0.0
0.7340219978922006 	 0.0
0.7350219978922006 	 0.0
0.7360219978922006 	 0.0
0.7370219978922006 	 0.0
0.7380219978922006 	 0.0
0.7390219978922006 	 0.0
0.7400219978922006 	 0.0
0.7410219978922006 	 0.0
0.7420219978922006 	 0.0
0.7430219978922006 	 0.0
0.7440219978922006 	 0.0
0.7450219978922006 	 0.0
0.7460219978922006 	 0.0
0.7470219978922006 	 0.0
0.7480219978922006 	 0.0
0.7490219978922006 	 0.0
0.7500219978922006 	 0.0
0.7510219978922006 	 0.0
0.7520219978922006 	 0.0
0.7530219978922006 	 0.0
0.7540219978922006 	 0.0
0.7550219978922006 	 0.0
0.7560219978922006 	 0.0
0.7570219978922006 	 0.0
0.7580219978922006 	 0.0
0.7590219978922006 	 0.0
0.7600219978922006 	 0.0
0.7610219978922006 	 0.0
0.7620219978922006 	 0.0
0.7630219978922006 	 0.0
0.7640219978922006 	 0.0
0.7650219978922006 	 0.0
0.7660219978922006 	 0.0
0.7670219978922006 	 0.0
0.7680219978922006 	 0.0
0.7690219978922006 	 0.0
0.7700219978922006 	 0.0
0.7710219978922006 	 0.0
0.7720219978922006 	 0.0
0.7730219978922006 	 0.0
0.7740219978922006 	 0.0
0.7750219978922006 	 0.0
0.7760219978922006 	 0.0
0.7770219978922006 	 0.0
0.7780219978922006 	 0.0
0.7790219978922006 	 0.0
0.7800219978922006 	 0.0
0.7810219978922006 	 0.0
0.7820219978922006 	 0.0
0.7830219978922006 	 0.0
0.7840219978922006 	 0.0
0.7850219978922006 	 0.0
0.7860219978922006 	 0.0
0.7870219978922006 	 0.0
0.7880219978922006 	 0.0
0.7890219978922006 	 0.0
0.7900219978922006 	 0.0
0.7910219978922006 	 0.0
0.7920219978922006 	 0.0
0.7930219978922006 	 0.0
0.7940219978922006 	 0.0
0.7950219978922006 	 0.0
0.7960219978922006 	 0.0
0.7970219978922006 	 0.0
0.7980219978922006 	 0.0
0.7990219978922006 	 0.0
0.8000219978922006 	 0.0
0.8010219978922006 	 0.0
0.8020219978922006 	 0.0
0.8030219978922006 	 0.0
0.8040219978922006 	 0.0
0.8050219978922006 	 0.0
0.8060219978922006 	 0.0
0.8070219978922006 	 0.0
0.8080219978922006 	 0.0
0.8090219978922006 	 0.0
0.8100219978922006 	 0.0
0.8110219978922006 	 0.0
0.8120219978922006 	 0.0
0.8130219978922006 	 0.0
0.8140219978922006 	 0.0
0.8150219978922006 	 0.0
0.8160219978922006 	 0.0
0.8170219978922006 	 0.0
0.8180219978922006 	 0.0
0.8190219978922006 	 0.0
0.8200219978922006 	 0.0
0.8210219978922007 	 0.0
0.8220219978922007 	 0.0
0.8230219978922007 	 0.0
0.8240219978922007 	 0.0
0.8250219978922007 	 0.0
0.8260219978922007 	 0.0
0.8270219978922007 	 0.0
0.8280219978922007 	 0.0
0.8290219978922007 	 0.0
0.8300219978922007 	 0.0
0.8310219978922007 	 0.0
0.8320219978922007 	 0.0
0.8330219978922007 	 0.0
0.8340219978922007 	 0.0
0.8350219978922007 	 0.0
0.8360219978922007 	 0.0
0.8370219978922007 	 0.0
0.8380219978922007 	 0.0
0.8390219978922007 	 0.0
0.8400219978922007 	 0.0
0.8410219978922007 	 0.0
0.8420219978922007 	 0.0
0.8430219978922007 	 0.0
0.8440219978922007 	 0.0
0.8450219978922007 	 0.0
0.8460219978922007 	 0.0
0.8470219978922007 	 0.0
0.8480219978922007 	 0.0
0.8490219978922007 	 0.0
0.8500219978922007 	 0.0
0.8510219978922007 	 0.0
0.8520219978922007 	 0.0
0.8530219978922007 	 0.0
0.8540219978922007 	 0.0
0.8550219978922007 	 0.0
0.8560219978922007 	 0.0
0.8570219978922007 	 0.0
0.8580219978922007 	 0.0
0.8590219978922007 	 0.0
0.8600219978922007 	 0.0
0.8610219978922007 	 0.0
0.8620219978922007 	 0.0
0.8630219978922007 	 0.0
0.8640219978922007 	 0.0
0.8650219978922007 	 0.0
0.8660219978922007 	 0.0
0.8670219978922007 	 0.0
0.8680219978922007 	 0.0
0.8690219978922007 	 0.0
0.8700219978922007 	 0.0
0.8710219978922007 	 0.0
0.8720219978922007 	 0.0
0.8730219978922007 	 0.0
0.8740219978922007 	 0.0
0.8750219978922007 	 0.0
0.8760219978922007 	 0.0
0.8770219978922007 	 0.0
0.8780219978922007 	 0.0
0.8790219978922007 	 0.0
0.8800219978922007 	 0.0
0.8810219978922007 	 0.0
0.8820219978922007 	 0.0
0.8830219978922007 	 0.0
0.8840219978922007 	 0.0
0.8850219978922007 	 0.0
0.8860219978922007 	 0.0
0.8870219978922007 	 0.0
0.8880219978922007 	 0.0
0.8890219978922007 	 0.0
0.8900219978922007 	 0.0
0.8910219978922007 	 0.0
0.8920219978922007 	 0.0
0.8930219978922007 	 0.0
0.8940219978922007 	 0.0
0.8950219978922007 	 0.0
0.8960219978922007 	 0.0
0.8970219978922007 	 0.0
0.8980219978922007 	 0.0
0.8990219978922007 	 0.0
0.9000219978922007 	 0.0
0.9010219978922007 	 0.0
0.9020219978922007 	 0.0
0.9030219978922007 	 0.0
0.9040219978922007 	 0.0
0.9050219978922007 	 0.0
0.9060219978922007 	 0.0
0.9070219978922007 	 0.0
0.9080219978922007 	 0.0
0.9090219978922007 	 0.0
0.9100219978922007 	 0.0
0.9110219978922007 	 0.0
0.9120219978922007 	 0.0
0.9130219978922007 	 0.0
0.9140219978922007 	 0.0
0.9150219978922007 	 0.0
0.9160219978922007 	 0.0
0.9170219978922007 	 0.0
0.9180219978922007 	 0.0
0.9190219978922007 	 0.0
0.9200219978922007 	 0.0
0.9210219978922007 	 0.0
0.9220219978922007 	 0.0
0.9230219978922007 	 0.0
0.9240219978922007 	 0.0
0.9250219978922007 	 0.0
0.9260219978922007 	 0.0
0.9270219978922007 	 0.0
0.9280219978922007 	 0.0
0.9290219978922007 	 0.0
0.9300219978922007 	 0.0
0.9310219978922007 	 0.0
0.9320219978922007 	 0.0
0.9330219978922007 	 0.0
0.9340219978922008 	 0.0
0.9350219978922008 	 0.0
0.9360219978922008 	 0.0
0.9370219978922008 	 0.0
0.9380219978922008 	 0.0
0.9390219978922008 	 0.0
0.9400219978922008 	 0.0
0.9410219978922008 	 0.0
0.9420219978922008 	 0.0
0.9430219978922008 	 0.0
0.9440219978922008 	 0.0
0.9450219978922008 	 0.0
0.9460219978922008 	 0.0
0.9470219978922008 	 0.0
0.9480219978922008 	 0.0
0.9490219978922008 	 0.0
0.9500219978922008 	 0.0
0.9510219978922008 	 0.0
0.9520219978922008 	 0.0
0.9530219978922008 	 0.0
0.9540219978922008 	 0.0
0.9550219978922008 	 0.0
0.9560219978922008 	 0.0
0.9570219978922008 	 0.0
0.9580219978922008 	 0.0
0.9590219978922008 	 0.0
0.9600219978922008 	 0.0
0.9610219978922008 	 0.0
0.9620219978922008 	 0.0
0.9630219978922008 	 0.0
0.9640219978922008 	 0.0
0.9650219978922008 	 0.0
0.9660219978922008 	 0.0
0.9670219978922008 	 0.0
0.9680219978922008 	 0.0
0.9690219978922008 	 0.0
0.9700219978922008 	 0.0
0.9710219978922008 	 0.0
0.9720219978922008 	 0.0
0.9730219978922008 	 0.0
0.9740219978922008 	 0.0
0.9750219978922008 	 0.0
0.9760219978922008 	 0.0
0.9770219978922008 	 0.0
0.9780219978922008 	 0.0
0.9790219978922008 	 0.0
0.9800219978922008 	 0.0
0.9810219978922008 	 0.0
0.9820219978922008 	 0.0
0.9830219978922008 	 0.0
0.9840219978922008 	 0.0
0.9850219978922008 	 0.0
0.9860219978922008 	 0.0
0.9870219978922008 	 0.0
0.9880219978922008 	 0.0
0.9890219978922008 	 0.0
0.9900219978922008 	 0.0
0.9910219978922008 	 0.0
0.9920219978922008 	 0.0
0.9930219978922008 	 0.0
0.9940219978922008 	 0.0
0.9950219978922008 	 0.0
0.9960219978922008 	 0.0
0.9970219978922008 	 0.0
0.9980219978922008 	 0.0
0.9990219978922008 	 0.0
1.0000219978922007 	 0.0
1.0010219978922006 	 0.0
1.0020219978922005 	 0.0
1.0030219978922004 	 0.0
1.0040219978922003 	 0.0
1.0050219978922001 	 0.0
1.0060219978922 	 0.0
1.0070219978922 	 0.0
1.0080219978921998 	 0.0
1.0090219978921997 	 0.0
1.0100219978921996 	 0.0
1.0110219978921995 	 0.0
1.0120219978921994 	 0.0
1.0130219978921993 	 0.0
1.0140219978921992 	 0.0
1.015021997892199 	 0.0
1.016021997892199 	 0.0
1.0170219978921988 	 0.0
1.0180219978921987 	 0.0
1.0190219978921986 	 0.0
1.0200219978921985 	 0.0
1.0210219978921984 	 0.0
1.0220219978921983 	 0.0
1.0230219978921982 	 0.0
1.024021997892198 	 0.0
1.025021997892198 	 0.0
1.0260219978921978 	 0.0
1.0270219978921977 	 0.0
1.0280219978921976 	 0.0
1.0290219978921975 	 0.0
1.0300219978921974 	 0.0
1.0310219978921973 	 0.0
1.0320219978921972 	 0.0
1.033021997892197 	 0.0
1.034021997892197 	 0.0
1.0350219978921968 	 0.0
1.0360219978921967 	 0.0
1.0370219978921966 	 0.0
1.0380219978921965 	 0.0
1.0390219978921964 	 0.0
1.0400219978921963 	 0.0
1.0410219978921962 	 0.0
1.042021997892196 	 0.0
1.043021997892196 	 0.0
1.0440219978921959 	 0.0
1.0450219978921957 	 0.0
1.0460219978921956 	 0.0
1.0470219978921955 	 0.0
1.0480219978921954 	 0.0
1.0490219978921953 	 0.0
1.0500219978921952 	 0.0
1.051021997892195 	 0.0
1.052021997892195 	 0.0
1.0530219978921949 	 0.0
1.0540219978921948 	 0.0
1.0550219978921946 	 0.0
1.0560219978921945 	 0.0
1.0570219978921944 	 0.0
1.0580219978921943 	 0.0
1.0590219978921942 	 0.0
1.060021997892194 	 0.0
1.061021997892194 	 0.0
1.0620219978921939 	 7.707266501539008e-10
1.0630219978921938 	 2.1926282889085322e-08
1.0640219978921936 	 7.27710244038628e-08
1.0650219978921935 	 1.5423754590715976e-07
1.0660219978921934 	 2.672008372903396e-07
1.0670219978921933 	 4.1249895072000815e-07
1.0680219978921932 	 5.909069936556523e-07
1.069021997892193 	 8.031850946263668e-07
1.070021997892193 	 1.0500284728128916e-06
1.0710219978921929 	 1.3321241349795161e-06
1.0720219978921928 	 1.650107204938239e-06
1.0730219978921927 	 2.00459005550156e-06
1.0740219978921925 	 2.396157925904278e-06
1.0750219978921924 	 2.8253710851733814e-06
1.0760219978921923 	 3.292766852790003e-06
1.0770219978921922 	 3.7988614888623945e-06
1.078021997892192 	 4.344151964882504e-06
1.079021997892192 	 4.929117625524939e-06
1.0800219978921919 	 5.554221750695615e-06
1.0810219978921918 	 6.219910542507282e-06
1.0820219978921917 	 6.9266054372981726e-06
1.0830219978921916 	 7.674707289669444e-06
1.0840219978921914 	 8.464598299840503e-06
1.0850219978921913 	 9.296649974630959e-06
1.0860219978921912 	 1.0171191724152047e-05
1.0870219978921911 	 1.1088568172057272e-05
1.088021997892191 	 1.2049140944772508e-05
1.089021997892191 	 1.3053275030141758e-05
1.0900219978921908 	 1.4101296340005268e-05
1.0910219978921907 	 1.519354694631891e-05
1.0920219978921906 	 1.6330339267677324e-05
1.0930219978921905 	 1.751198131004035e-05
1.0940219978921903 	 1.8738747661538687e-05
1.0950219978921902 	 2.0010928898398606e-05
1.0960219978921901 	 2.1328807064257702e-05
1.09702199789219 	 2.2692631052319367e-05
1.09802199789219 	 2.4102666757883904e-05
1.0990219978921898 	 2.555917191828059e-05
1.1000219978921897 	 2.7062369936605494e-05
1.1010219978921896 	 2.8612514193619503e-05
1.1020219978921895 	 3.0209842157832624e-05
1.1030219978921894 	 3.1854617310587925e-05
1.1040219978921892 	 3.354710290582963e-05
1.1050219978921891 	 3.528753756031995e-05
1.106021997892189 	 3.707619630208052e-05
1.107021997892189 	 3.891330352088251e-05
1.1080219978921888 	 4.079903899806313e-05
1.1090219978921887 	 4.27335512567965e-05
1.1100219978921886 	 4.471694561022528e-05
1.1110219978921885 	 4.674937330296735e-05
1.1120219978921884 	 4.883104801397438e-05
1.1130219978921883 	 5.0962245514991845e-05
1.1140219978921881 	 5.314318781852631e-05
1.115021997892188 	 5.537411297086368e-05
1.116021997892188 	 5.7655224554073106e-05
1.1170219978921878 	 5.998675666850623e-05
1.1180219978921877 	 6.236894656993028e-05
1.1190219978921876 	 6.480200905104491e-05
1.1200219978921875 	 6.728619911291197e-05
1.1210219978921874 	 6.982171533455545e-05
1.1220219978921873 	 7.240869320830322e-05
1.1230219978921872 	 7.504719094890754e-05
1.124021997892187 	 7.773728474049548e-05
1.125021997892187 	 8.047899665220641e-05
1.1260219978921868 	 8.327236670597681e-05
1.1270219978921867 	 8.611737951275652e-05
1.1280219978921866 	 8.90141298686593e-05
1.1290219978921865 	 9.196302847440361e-05
1.1300219978921864 	 9.496464811166699e-05
1.1310219978921863 	 9.801948677197776e-05
1.1320219978921862 	 0.00010112777558650201
1.133021997892186 	 0.00010428962342625428
1.134021997892186 	 0.00010750516611616325
1.1350219978921858 	 0.00011077264714545135
1.1360219978921857 	 0.00011409590510464017
1.1370219978921856 	 0.00011747314614293879
1.1380219978921855 	 0.00012090444170363448
1.1390219978921854 	 0.00012438992756647193
1.1400219978921853 	 0.0001279297409157963
1.1410219978921852 	 0.0001315240419611219
1.142021997892185 	 0.00013517288810184838
1.143021997892185 	 0.0001388763477866802
1.1440219978921848 	 0.00014263447076301317
1.1450219978921847 	 0.0001464474533762978
1.1460219978921846 	 0.00015031548636175413
1.1470219978921845 	 0.00015423880501936116
1.1480219978921844 	 0.0001582176239602107
1.1490219978921843 	 0.00016225216496078
1.1500219978921842 	 0.00016634268661225836
1.151021997892184 	 0.0001704893994799735
1.152021997892184 	 0.0001746924897505111
1.1530219978921838 	 0.0001789520868833619
1.1540219978921837 	 0.00018326835662914114
1.1550219978921836 	 0.0001876414322270665
1.1560219978921835 	 0.00019207144367497665
1.1570219978921834 	 0.00019655855657579676
1.1580219978921833 	 0.000201102894609416
1.1590219978921832 	 0.0002057046185285897
1.160021997892183 	 0.000210363849452921
1.161021997892183 	 0.00021508072595164098
1.1620219978921829 	 0.00021985527910072048
1.1630219978921827 	 0.00022468751478176452
1.1640219978921826 	 0.00022957755296892162
1.1650219978921825 	 0.00023452557961927117
1.1660219978921824 	 0.00023953188765879854
1.1670219978921823 	 0.0002445967660014038
1.1680219978921822 	 0.0002497205153628687
1.169021997892182 	 0.00025490347839212085
1.170021997892182 	 0.00026014597139656885
1.1710219978921819 	 0.000265448309663293
1.1720219978921818 	 0.0002708105762994496
1.1730219978921816 	 0.0002762328375037599
1.1740219978921815 	 0.0002817151209597547
1.1750219978921814 	 0.00028725744460697907
1.1760219978921813 	 0.0002928598446092102
1.1770219978921812 	 0.0002985223024429889
1.178021997892181 	 0.0003042448448266472
1.179021997892181 	 0.000310027450616029
1.1800219978921809 	 0.00031587008816276154
1.1810219978921808 	 0.00032177286496801405
1.1820219978921807 	 0.0003277363135968951
1.1830219978921805 	 0.0003337610466882295
1.1840219978921804 	 0.0003398478500909442
1.1850219978921803 	 0.000345997443123536
1.1860219978921802 	 0.0003522106400252514
1.18702199789218 	 0.0003584879153215371
1.18802199789218 	 0.00036482848225590555
1.1890219978921799 	 0.00037123183416720094
1.1900219978921798 	 0.0003776979783765563
1.1910219978921797 	 0.00038422698650759994
1.1920219978921796 	 0.0003908189319746771
1.1930219978921794 	 0.00039747389114448613
1.1940219978921793 	 0.00040419196555648663
1.1950219978921792 	 0.0004109732228874042
1.1960219978921791 	 0.0004178177262046686
1.197021997892179 	 0.0004247255641230946
1.198021997892179 	 0.0004316967810869329
1.1990219978921788 	 0.0004387314565890243
1.2000219978921787 	 0.00044582963611264375
1.2010219978921786 	 0.00045299150659902323
1.2020219978921785 	 0.00046021784366094277
1.2030219978921783 	 0.00046750955879886944
1.2040219978921782 	 0.00047486760550681474
1.2050219978921781 	 0.00048229284581085733
1.206021997892178 	 0.000489785512079891
1.207021997892178 	 0.0004973457295857621
1.2080219978921778 	 0.0005049735874654264
1.2090219978921777 	 0.0005126691679785139
1.2100219978921776 	 0.0005204325765463328
1.2110219978921775 	 0.0005282639442709237
1.2120219978921773 	 0.0005361636344691537
1.2130219978921772 	 0.000544132088570934
1.2140219978921771 	 0.0005521693951882472
1.215021997892177 	 0.0005602753177352872
1.216021997892177 	 0.0005684496147857268
1.2170219978921768 	 0.0005766919815154376
1.2180219978921767 	 0.0005850021293892265
1.2190219978921766 	 0.0005933797162821378
1.2200219978921765 	 0.0006018243758048224
1.2210219978921764 	 0.0006103360936681817
1.2220219978921762 	 0.0006189161304611155
1.2230219978921761 	 0.0006275661119022615
1.224021997892176 	 0.000636287763722947
1.225021997892176 	 0.0006450828523357718
1.2260219978921758 	 0.0006539527429274898
1.2270219978921757 	 0.0006628970911287735
1.2280219978921756 	 0.0006719150672288529
1.2290219978921755 	 0.0006810057900717508
1.2300219978921754 	 0.0006901683570216241
1.2310219978921753 	 0.0006994020567442963
1.2320219978921751 	 0.0007087072532500621
1.233021997892175 	 0.0007180845426537417
1.234021997892175 	 0.0007275345496160078
1.2350219978921748 	 0.0007370579175360063
1.2360219978921747 	 0.0007466553087226678
1.2370219978921746 	 0.0007563274045417715
1.2380219978921745 	 0.0007660748705240253
1.2390219978921744 	 0.000775897652566893
1.2400219978921743 	 0.0007857949795530629
1.2410219978921742 	 0.0007957661853993112
1.242021997892174 	 0.0008058112320504408
1.243021997892174 	 0.0008159302297109106
1.2440219978921738 	 0.0008261232854368976
1.2450219978921737 	 0.0008363905029291299
1.2460219978921736 	 0.0008467319824959172
1.2470219978921735 	 0.0008571481352693494
1.2480219978921734 	 0.0008676405702460327
1.2490219978921733 	 0.0008782112339510749
1.2500219978921732 	 0.0008888621409979008
1.251021997892173 	 0.0008995950131457778
1.252021997892173 	 0.0009104102603799141
1.2530219978921728 	 0.0009213079736246564
1.2540219978921727 	 0.0009322882344026156
1.2550219978921726 	 0.0009433511143560623
1.2560219978921725 	 0.0009544966751183478
1.2570219978921724 	 0.0009657249680976235
1.2580219978921723 	 0.0009770360344316276
1.2590219978921722 	 0.0009884299049650138
1.260021997892172 	 0.000999906600033156
1.261021997892172 	 0.0010114651404154777
1.2620219978921718 	 0.0010231007625168835
1.2630219978921717 	 0.001034807877289719
1.2640219978921716 	 0.0010465857173333796
1.2650219978921715 	 0.0010584382791937884
1.2660219978921714 	 0.0010703698917796493
1.2670219978921713 	 0.00108238441993632
1.2680219978921712 	 0.0010944835369733831
1.269021997892171 	 0.0011066684173734755
1.270021997892171 	 0.0011189402661560006
1.2710219978921709 	 0.0011313001078876205
1.2720219978921707 	 0.0011437481937033116
1.2730219978921706 	 0.0011562845852348175
1.2740219978921705 	 0.0011689093347150706
1.2750219978921704 	 0.0011816224843405828
1.2760219978921703 	 0.0011944240660675819
1.2770219978921702 	 0.0012073141014079965
1.27802199789217 	 0.0012202926013811194
1.27902199789217 	 0.001233359566588669
1.2800219978921699 	 0.0012465149870971137
1.2810219978921698 	 0.001259758743416599
1.2820219978921696 	 0.0012730903109859511
1.2830219978921695 	 0.001286509107791823
1.2840219978921694 	 0.0013000144689404788
1.2850219978921693 	 0.0013136057184315053
1.2860219978921692 	 0.0013272821506937684
1.287021997892169 	 0.0013410449406806289
1.288021997892169 	 0.0013549021139491598
1.2890219978921689 	 0.0013688554638398977
1.2900219978921688 	 0.0013828990425300601
1.2910219978921686 	 0.0013970278587093726
1.2920219978921685 	 0.0014112423198595488
1.2930219978921684 	 0.0014255441524005283
1.2940219978921683 	 0.0014399351300277685
1.2950219978921682 	 0.0014544170737182164
1.296021997892168 	 0.0014689918516600806
1.297021997892168 	 0.0014836613789679255
1.2980219978921679 	 0.00149842761843564
1.2990219978921678 	 0.0015132925774601611
1.3000219978921677 	 0.0015282582855064223
1.3010219978921675 	 0.001543325845033013
1.3020219978921674 	 0.001558492621615581
1.3030219978921673 	 0.0015737550035392139
1.3040219978921672 	 0.0015891092628520674
1.305021997892167 	 0.0016045515550198004
1.306021997892167 	 0.0016200792369910819
1.3070219978921669 	 0.0016356945576951921
1.3080219978921668 	 0.0016514009981719341
1.3090219978921667 	 0.0016672021329684355
1.3100219978921666 	 0.0016831016299449092
1.3110219978921664 	 0.001699101992632123
1.3120219978921663 	 0.0017152010387216728
1.3130219978921662 	 0.001731395543241617
1.3140219978921661 	 0.0017476853214382201
1.315021997892166 	 0.0017640731595693886
1.316021997892166 	 0.0017805620286959613
1.3170219978921658 	 0.001797154969119528
1.3180219978921657 	 0.0018138550923135724
1.3190219978921656 	 0.001830665581223311
1.3200219978921655 	 0.0018475896909942446
1.3210219978921653 	 0.0018646290253945348
1.3220219978921652 	 0.0018817787149221312
1.3230219978921651 	 0.0018990322062507224
1.324021997892165 	 0.001916382759477871
1.325021997892165 	 0.0019338234499917954
1.3260219978921648 	 0.0019513471675683285
1.3270219978921647 	 0.0019689466151820733
1.3280219978921646 	 0.001986619813323143
1.3290219978921645 	 0.0020043854681295933
1.3300219978921644 	 0.002022267636473096
1.3310219978921642 	 0.0020402852157375075
1.3320219978921641 	 0.00205843656061923
1.333021997892164 	 0.002076715986171928
1.334021997892164 	 0.0020951173994016308
1.3350219978921638 	 0.0021136344556990003
1.3360219978921637 	 0.00213226070905458
1.3370219978921636 	 0.0021509894351851152
1.3380219978921635 	 0.002169814091089386
1.3390219978921634 	 0.0021887348938961237
1.3400219978921633 	 0.002207758640753059
1.3410219978921631 	 0.002226891369047323
1.342021997892163 	 0.002246134823903453
1.343021997892163 	 0.0022654897139725836
1.3440219978921628 	 0.0022849567455774777
1.3450219978921627 	 0.002304536628501321
1.3460219978921626 	 0.0023242300731530293
1.3470219978921625 	 0.002344038028007636
1.3480219978921624 	 0.0023639623706234753
1.3490219978921623 	 0.0023840052248709238
1.3500219978921622 	 0.0024041687484870795
1.351021997892162 	 0.0024244552192471567
1.352021997892162 	 0.002444867267303646
1.3530219978921618 	 0.002465407611278641
1.3540219978921617 	 0.0024860790050785985
1.3550219978921616 	 0.002506884245860921
1.3560219978921615 	 0.0025278261687249393
1.3570219978921614 	 0.0025489076331873272
1.3580219978921613 	 0.002570131536729315
1.3590219978921612 	 0.002591500819341628
1.360021997892161 	 0.0026130184632881747
1.361021997892161 	 0.0026346742121348943
1.3620219978921608 	 0.0026564075404827015
1.3630219978921607 	 0.0026782075275527096
1.3640219978921606 	 0.002700165377143503
1.3650219978921605 	 0.0027222817527765633
1.3660219978921604 	 0.0027445511997339824
1.3670219978921603 	 0.0027669680864088326
1.3680219978921602 	 0.002789526626181256
1.36902199789216 	 0.0028122208837269825
1.37002199789216 	 0.002835044773868021
1.3710219978921598 	 0.002857993736383285
1.3720219978921597 	 0.00288106939525338
1.3730219978921596 	 0.0029042748502148153
1.3740219978921595 	 0.0029276132438774186
1.3750219978921594 	 0.002951087768394964
1.3760219978921593 	 0.0029747016566723434
1.3770219978921592 	 0.002998458156892979
1.378021997892159 	 0.0030223605603769787
1.379021997892159 	 0.003046412211185919
1.3800219978921588 	 0.0030706165081525005
1.3810219978921587 	 0.0030949762199782714
1.3820219978921586 	 0.003119491571830006
1.3830219978921585 	 0.003144162161869386
1.3840219978921584 	 0.003168987523757758
1.3850219978921583 	 0.0031939673132752827
1.3860219978921582 	 0.0032191010453822976
1.387021997892158 	 0.00324438829121088
1.388021997892158 	 0.00326982834169589
1.3890219978921579 	 0.0032954145963939654
1.3900219978921577 	 0.003321134749410184
1.3910219978921576 	 0.0033469798870325793
1.3920219978921575 	 0.003372955391883076
1.3930219978921574 	 0.0033990701906990864
1.3940219978921573 	 0.003425333426126844
1.3950219978921572 	 0.003451754461413887
1.396021997892157 	 0.0034783412861069682
1.397021997892157 	 0.003505096069720777
1.3980219978921569 	 0.0035320196547574136
1.3990219978921568 	 0.0035591129491542514
1.4000219978921566 	 0.0035861802458535454
1.4010219978921565 	 0.0036136203929403644
1.4020219978921564 	 0.0036412333890809274
1.4030219978921563 	 0.003669020531932907
1.4040219978921562 	 0.0036969831990736075
1.405021997892156 	 0.0037251228412732516
1.406021997892156 	 0.0037534409893529145
1.4070219978921559 	 0.0037819392788855403
1.4080219978921558 	 0.0038106194145690274
1.4090219978921557 	 0.003839483153575932
1.4100219978921555 	 0.0038685322967755642
1.4110219978921554 	 0.003897767636032731
1.4120219978921553 	 0.003927186053785256
1.4130219978921552 	 0.0039567836166928445
1.414021997892155 	 0.003986559571388482
1.415021997892155 	 0.0040165162173221355
1.4160219978921549 	 0.004046655959733873
1.4170219978921548 	 0.004076981178731048
1.4180219978921547 	 0.004107494215303635
1.4190219978921546 	 0.004138197359505891
1.4200219978921544 	 0.004169092840379852
1.4210219978921543 	 0.00420018282185764
1.4220219978921542 	 0.004231469421075873
1.4230219978921541 	 0.004262954718107235
1.424021997892154 	 0.004294640716358204
1.425021997892154 	 0.00432652933073091
1.4260219978921538 	 0.004358622371631928
1.4270219978921537 	 0.004390921505614284
1.4280219978921536 	 0.004423428297210411
1.4290219978921535 	 0.004456144224209333
1.4300219978921533 	 0.004489070682070574
1.4310219978921532 	 0.004522209009244972
1.4320219978921531 	 0.004555560495554436
1.433021997892153 	 0.0045891266217125805
1.434021997892153 	 0.004622908628122265
1.4350219978921528 	 0.004656907771616999
1.4360219978921527 	 0.0046911252528321155
1.4370219978921526 	 0.0047255621818633655
1.4380219978921525 	 0.004760219796300999
1.4390219978921523 	 0.004795098715637473
1.4400219978921522 	 0.004830198315878963
1.4410219978921521 	 0.00486551787306063
1.442021997892152 	 0.004901056633107515
1.443021997892152 	 0.004936813842840425
1.4440219978921518 	 0.004972788721677489
1.4450219978921517 	 0.005008980463024849
1.4460219978921516 	 0.005045388225657406
1.4470219978921515 	 0.005082011117652893
1.4480219978921514 	 0.00511884821656543
1.4490219978921512 	 0.005155898576762506
1.4500219978921511 	 0.00519316122954599
1.451021997892151 	 0.0052306354307745636
1.452021997892151 	 0.005268321355505285
1.4530219978921508 	 0.005306219424379034
1.4540219978921507 	 0.005344330067712621
1.4550219978921506 	 0.0053826537182446255
1.4560219978921505 	 0.005421190802661763
1.4570219978921504 	 0.005459941106522723
1.4580219978921503 	 0.005498902083893242
1.4590219978921501 	 0.0055380705877899955
1.46002199789215 	 0.005577443402453551
1.46102199789215 	 0.005617017233964823
1.4620219978921498 	 0.00565678869514099
1.4630219978921497 	 0.005696754556476662
1.4640219978921496 	 0.0057369160824837125
1.4650219978921495 	 0.005777278871891286
1.4660219978921494 	 0.005817848767359841
1.4670219978921493 	 0.005858631664039699
1.4680219978921492 	 0.005899633531131766
1.469021997892149 	 0.005940860417241353
1.470021997892149 	 0.005982318449062986
1.4710219978921488 	 0.006024011870925739
1.4720219978921487 	 0.006065937602777139
1.4730219978921486 	 0.006108090756118352
1.4740219978921485 	 0.006150466321572915
1.4750219978921484 	 0.006193059162592107
1.4760219978921483 	 0.0062358640026101315
1.4770219978921482 	 0.006278875394140455
1.478021997892148 	 0.006322087744838335
1.479021997892148 	 0.0063654952330812545
1.4800219978921478 	 0.006409092168600779
1.4810219978921477 	 0.006452872439967143
1.4820219978921476 	 0.006496829857716816
1.4830219978921475 	 0.006540964132491877
1.4840219978921474 	 0.006585297636904085
1.4850219978921473 	 0.00662985842588479
1.4860219978921472 	 0.0066746749644517635
1.487021997892147 	 0.006719776083606517
1.488021997892147 	 0.006765189507646537
1.4890219978921468 	 0.006810911490147841
1.4900219978921467 	 0.006856907916839317
1.4910219978921466 	 0.006903119480680421
1.4920219978921465 	 0.006949430245488063
1.4930219978921464 	 0.006995822948089782
1.4940219978921463 	 0.0070423085242958434
1.4950219978921462 	 0.0070888980680647124
1.496021997892146 	 0.007135602806657783
1.497021997892146 	 0.007182434040377604
1.4980219978921459 	 0.007229403195347062
1.4990219978921457 	 0.007276521837712972
1.5000219978921456 	 0.007323801670835824
1.5010219978921455 	 0.0073712545292736785
1.5020219978921454 	 0.007418892371308213
1.5030219978921453 	 0.007466727300759893
1.5040219978921452 	 0.007514771555933895
1.505021997892145 	 0.007563037506789834
1.506021997892145 	 0.007611534126994799
1.5070219978921449 	 0.007660257211321973
1.5080219978921447 	 0.007709189356134135
1.5090219978921446 	 0.007758275409335894
1.5100219978921445 	 0.007807450502110136
1.5110219978921444 	 0.007856669326438881
1.5120219978921443 	 0.007905963358912034
1.5130219978921442 	 0.007955381413498313
1.514021997892144 	 0.008004945004352887
1.515021997892144 	 0.008054649378906069
1.5160219978921439 	 0.008104488610125285
1.5170219978921438 	 0.008154456609714153
1.5180219978921436 	 0.008204547140235118
1.5190219978921435 	 0.008254753818529912
1.5200219978921434 	 0.00830507011530355
1.5210219978921433 	 0.008355489284394656
1.5220219978921432 	 0.008406004310217548
1.523021997892143 	 0.008456608246971815
1.524021997892143 	 0.008507294022883116
1.5250219978921429 	 0.008558054289616973
1.5260219978921428 	 0.008608881185583566
1.5270219978921427 	 0.008659766574319097
1.5280219978921425 	 0.00871070276982227
1.5290219978921424 	 0.00876168192597044
1.5300219978921423 	 0.008812695863807023
1.5310219978921422 	 0.008863737254877846
1.532021997892142 	 0.008914802169269105
1.533021997892142 	 0.008965887436566141
1.5340219978921419 	 0.009016989821056412
1.5350219978921418 	 0.00906810600919952
1.5360219978921417 	 0.009119232632808484
1.5370219978921416 	 0.009170366325868099
1.5380219978921414 	 0.009221503555628261
1.5390219978921413 	 0.00927263839842572
1.5400219978921412 	 0.009323762635083247
1.5410219978921411 	 0.009374867864602203
1.542021997892141 	 0.009425945695221568
1.543021997892141 	 0.009476987697276536
1.5440219978921408 	 0.009527985336330213
1.5450219978921407 	 0.009578929963519943
1.5460219978921406 	 0.009629812863466649
1.5470219978921405 	 0.009680628074622744
1.5480219978921403 	 0.00973137971297542
1.5490219978921402 	 0.009782074308163281
1.5500219978921401 	 0.009832705319703258
1.55102199789214 	 0.009883228026188141
1.55202199789214 	 0.009933627796431598
1.5530219978921398 	 0.00998389981346274
1.5540219978921397 	 0.010034039262085903
1.5550219978921396 	 0.01008404132208562
1.5560219978921395 	 0.010133901254560833
1.5570219978921394 	 0.01018361462219516
1.5580219978921392 	 0.0102331770898482
1.5590219978921391 	 0.010282584371772131
1.560021997892139 	 0.010331832250443663
1.561021997892139 	 0.010380916694351096
1.5620219978921388 	 0.010429834172887826
1.5630219978921387 	 0.01047858091764051
1.5640219978921386 	 0.010527142519379893
1.5650219978921385 	 0.010575494446167916
1.5660219978921384 	 0.010623611964847237
1.5670219978921383 	 0.010671470916341554
1.5680219978921381 	 0.010718939964450627
1.569021997892138 	 0.010765903713111872
1.570021997892138 	 0.01081241546580835
1.5710219978921378 	 0.010858479750943733
1.5720219978921377 	 0.010904121519179034
1.5730219978921376 	 0.010949369823888748
1.5740219978921375 	 0.010994252510179525
1.5750219978921374 	 0.011038797076874754
1.5760219978921373 	 0.011083031302562777
1.5770219978921372 	 0.011126983975443459
1.578021997892137 	 0.011170684431225347
1.579021997892137 	 0.011214162320662429
1.5800219978921368 	 0.01125744738363036
1.5810219978921367 	 0.011300569158999364
1.5820219978921366 	 0.011343556676645128
1.5830219978921365 	 0.011386437154596354
1.5840219978921364 	 0.011429234654555859
1.5850219978921363 	 0.011471968492729754
1.5860219978921362 	 0.011514651569485496
1.587021997892136 	 0.01155728891207834
1.588021997892136 	 0.011599838838173972
1.5890219978921358 	 0.011641768226658331
1.5900219978921357 	 0.011682852331023693
1.5910219978921356 	 0.011723069272910322
1.5920219978921355 	 0.01176238752684542
1.5930219978921354 	 0.01180077252829759
1.5940219978921353 	 0.0118381936673566
1.5950219978921352 	 0.011874631110615229
1.596021997892135 	 0.011910081698999481
1.597021997892135 	 0.011944562938465705
1.5980219978921348 	 0.011978113187246661
1.5990219978921347 	 0.012010789371293296
1.6000219978921346 	 0.012042662802140223
1.6010219978921345 	 0.012073802932225527
1.6020219978921344 	 0.012104241885563988
1.6030219978921343 	 0.012134001815140663
1.6040219978921342 	 0.01216310162871715
1.605021997892134 	 0.012191555121915044
1.606021997892134 	 0.012219370229161895
1.6070219978921338 	 0.012246549198263727
1.6080219978921337 	 0.012273088764651639
1.6090219978921336 	 0.012298980778808128
1.6100219978921335 	 0.012324213040082986
1.6110219978921334 	 0.01234877870084926
1.6120219978921333 	 0.012372700463325805
1.6130219978921332 	 0.012396005652633699
1.614021997892133 	 0.012418706277621119
1.615021997892133 	 0.012440800398870088
1.6160219978921329 	 0.012462284890214417
1.6170219978921327 	 0.012483156924591773
1.6180219978921326 	 0.01250341321320265
1.6190219978921325 	 0.012523050948286742
1.6200219978921324 	 0.012542067782695574
1.6210219978921323 	 0.012560461895951789
1.6220219978921322 	 0.012578231790773184
1.623021997892132 	 0.012595376466144951
1.624021997892132 	 0.012611895774211408
1.6250219978921319 	 0.012627790579121796
1.6260219978921318 	 0.012643062664294416
1.6270219978921316 	 0.012657714395003726
1.6280219978921315 	 0.012671749223318736
1.6290219978921314 	 0.01268517188133672
1.6300219978921313 	 0.012697988448692774
1.6310219978921312 	 0.012710195626218054
1.632021997892131 	 0.012721751336140707
1.633021997892131 	 0.01273260578789227
1.6340219978921309 	 0.012742727134407295
1.6350219978921308 	 0.012752144928841847
1.6360219978921307 	 0.012760903836183038
1.6370219978921305 	 0.012769048925437995
1.6380219978921304 	 0.01277662574445462
1.6390219978921303 	 0.012783667331454768
1.6400219978921302 	 0.012790195131095436
1.64102199789213 	 0.012796231423061834
1.64202199789213 	 0.012801798955242938
1.6430219978921299 	 0.01280692162955055
1.6440219978921298 	 0.012811624839501774
1.6450219978921297 	 0.012815935445506098
1.6460219978921296 	 0.012819881420850165
1.6470219978921294 	 0.012823490926236327
1.6480219978921293 	 0.012826793110227103
1.6490219978921292 	 0.012829818265911978
1.650021997892129 	 0.012832597711854942
1.651021997892129 	 0.012835160165123956
1.652021997892129 	 0.012837521955737084
1.6530219978921288 	 0.012839697080192485
1.6540219978921287 	 0.012841700204036672
1.6550219978921286 	 0.012843546550122039
1.6560219978921285 	 0.01284525145914453
1.6570219978921283 	 0.012846829473393141
1.6580219978921282 	 0.012848294988909225
1.6590219978921281 	 0.012849662313195055
1.660021997892128 	 0.012850945520590209
1.661021997892128 	 0.012852172220265473
1.6620219978921278 	 0.012853422627205655
1.6630219978921277 	 0.012854785678813924
1.6640219978921276 	 0.012856311231940098
1.6650219978921275 	 0.012858012261034692
1.6660219978921273 	 0.012859899089856165
1.6670219978921272 	 0.01286198015651292
1.6680219978921271 	 0.012864262445693882
1.669021997892127 	 0.012866751551436633
1.670021997892127 	 0.012869451583881688
1.6710219978921268 	 0.012872366924446963
1.6720219978921267 	 0.012875507204703995
1.6730219978921266 	 0.012878882017841334
1.6740219978921265 	 0.012882499195125607
1.6750219978921264 	 0.012886364758963419
1.6760219978921262 	 0.01289048282674991
1.6770219978921261 	 0.012894855381975493
1.678021997892126 	 0.01289948252360194
1.679021997892126 	 0.012904362563289565
1.6800219978921258 	 0.012909492049333055
1.6810219978921257 	 0.012914865787832287
1.6820219978921256 	 0.012920476824720386
1.6830219978921255 	 0.01292631671495425
1.6840219978921254 	 0.0129323755193275
1.6850219978921253 	 0.012938641850051258
1.6860219978921251 	 0.012945102958696024
1.687021997892125 	 0.01295174483610077
1.688021997892125 	 0.01295855274016215
1.6890219978921248 	 0.012965520086799302
1.6900219978921247 	 0.012972648048092866
1.6910219978921246 	 0.01297993379314676
1.6920219978921245 	 0.012987360701109688
1.6930219978921244 	 0.012994908583510196
1.6940219978921243 	 0.013002556727926355
1.6950219978921242 	 0.013010283960381286
1.696021997892124 	 0.0130180688026679
1.697021997892124 	 0.013025889735038381
1.6980219978921238 	 0.013033725110312316
1.6990219978921237 	 0.013041553186245055
1.7000219978921236 	 0.012716401025871168
1.7010219978921235 	 0.012705156035309403
1.7020219978921234 	 0.012693347199757921
1.7030219978921233 	 0.01268098036037927
1.7040219978921232 	 0.012668061457205
1.705021997892123 	 0.012654596525119821
1.706021997892123 	 0.012640591507893222
1.7070219978921228 	 0.012626052982011022
1.7080219978921227 	 0.012610987060781943
1.7090219978921226 	 0.012595400118294705
1.7100219978921225 	 0.012579298603408692
1.7110219978921224 	 0.012562689035763894
1.7120219978921223 	 0.012545578001807986
1.7130219978921222 	 0.012527972150844384
1.714021997892122 	 0.012509878191104428
1.715021997892122 	 0.012491302885847062
1.7160219978921218 	 0.012472253049489046
1.7170219978921217 	 0.012452735543768974
1.7180219978921216 	 0.012432757273947648
1.7190219978921215 	 0.012412325185048118
1.7200219978921214 	 0.0123914462581376
1.7210219978921213 	 0.012370127506654182
1.7220219978921212 	 0.012348375972780672
1.723021997892121 	 0.012326198723867823
1.724021997892121 	 0.012303602848909414
1.7250219978921209 	 0.012280595455070964
1.7260219978921207 	 0.012257183664274321
1.7270219978921206 	 0.012233374609839906
1.7280219978921205 	 0.012209175433188245
1.7290219978921204 	 0.01218459328060262
1.7300219978921203 	 0.012159635300054109
1.7310219978921202 	 0.012134308638090658
1.73202199789212 	 0.012108620436791213
1.73302199789212 	 0.01208257783078628
1.7340219978921199 	 0.012056187944345818
1.7350219978921197 	 0.012029457888535494
1.7360219978921196 	 0.012002394758442097
1.7370219978921195 	 0.011975005630468829
1.7380219978921194 	 0.011947297559701173
1.7390219978921193 	 0.011919277577343776
1.7400219978921192 	 0.011890952688228729
1.741021997892119 	 0.011862329868395801
1.742021997892119 	 0.011833416062744602
1.7430219978921189 	 0.011804218182758985
1.7440219978921188 	 0.01177474310430368
1.7450219978921186 	 0.011744997665493138
1.7460219978921185 	 0.011714988664632598
1.7470219978921184 	 0.011684722858230929
1.7480219978921183 	 0.01165420695908526
1.7490219978921182 	 0.011623447634436955
1.750021997892118 	 0.011592451504198471
1.751021997892118 	 0.011561224972792179
1.7520219978921179 	 0.011529774893675312
1.7530219978921178 	 0.01149810756805874
1.7540219978921177 	 0.01146622941020924
1.7550219978921175 	 0.011434146779244647
1.7560219978921174 	 0.011401865977774447
1.7570219978921173 	 0.011369393250606735
1.7580219978921172 	 0.011336734783520814
1.759021997892117 	 0.011303896702104356
1.760021997892117 	 0.011270885070654449
1.7610219978921169 	 0.0112377058911413
1.7620219978921168 	 0.011204365102233767
1.7630219978921167 	 0.011170868578385536
1.7640219978921166 	 0.011137222128981094
1.7650219978921164 	 0.011103431497540079
1.7660219978921163 	 0.011069502360979233
1.7670219978921162 	 0.011035440328930531
1.7680219978921161 	 0.011001250943114563
1.769021997892116 	 0.010966939676767712
1.770021997892116 	 0.010932511934122311
1.7710219978921158 	 0.010897973049938142
1.7720219978921157 	 0.01086332828908446
1.7730219978921156 	 0.010828582846171024
1.7740219978921155 	 0.01079374184522704
1.7750219978921153 	 0.01075881033942677
1.7760219978921152 	 0.010723793310860536
1.7770219978921151 	 0.010688695670349892
1.778021997892115 	 0.010653522257305746
1.779021997892115 	 0.010618277839628085
1.7800219978921148 	 0.010582967113646277
1.7810219978921147 	 0.010547594704098478
1.7820219978921146 	 0.010512165164149103
1.7830219978921145 	 0.010476682975443016
1.7840219978921144 	 0.01044115254819534
1.7850219978921142 	 0.010405578221315584
1.7860219978921141 	 0.01036996426256498
1.787021997892114 	 0.010334314868745802
1.788021997892114 	 0.010298634165921507
1.7890219978921138 	 0.010262926209666593
1.7900219978921137 	 0.01022719498534498
1.7910219978921136 	 0.010191444408415814
1.7920219978921135 	 0.010155678324765608
1.7930219978921134 	 0.01011990051106559
1.7940219978921133 	 0.01008411467515326
1.7950219978921131 	 0.010048324456436964
1.796021997892113 	 0.010012533282127612
1.797021997892113 	 0.00997674494487127
1.7980219978921128 	 0.0099409627368334
1.7990219978921127 	 0.009905190028178497
1.8000219978921126 	 0.009869430122976182
1.8010219978921125 	 0.009833686259723338
1.8020219978921124 	 0.009797961611882625
1.8030219978921123 	 0.00976225928843633
1.8040219978921122 	 0.00972658233445465
1.805021997892112 	 0.009690933731677679
1.806021997892112 	 0.009655316399110192
1.8070219978921118 	 0.009619733193628363
1.8080219978921117 	 0.009584186910597712
1.8090219978921116 	 0.009548680284501452
1.8100219978921115 	 0.00951321598957851
1.8110219978921114 	 0.009477796640470496
1.8120219978921113 	 0.009442424792876838
1.8130219978921112 	 0.009407102944217519
1.814021997892111 	 0.009371833534302609
1.815021997892111 	 0.00933661894600803
1.8160219978921108 	 0.009301461505956968
1.8170219978921107 	 0.009266363485206083
1.8180219978921106 	 0.00923132709993632
1.8190219978921105 	 0.00919635451214732
1.8200219978921104 	 0.009161447830355204
1.8210219978921103 	 0.009126609110293052
1.8220219978921102 	 0.009091840355613584
1.82302199789211 	 0.0090571435185935
1.82402199789211 	 0.009022520500839152
1.8250219978921098 	 0.008987973153992853
1.8260219978921097 	 0.008953503280439657
1.8270219978921096 	 0.008919112634013857
1.8280219978921095 	 0.008884802920705162
1.8290219978921094 	 0.008850575799363785
1.8300219978921093 	 0.008816432882404386
1.8310219978921092 	 0.008782375736508306
1.832021997892109 	 0.008748405883323774
1.833021997892109 	 0.008714524800163881
1.8340219978921088 	 0.008680733920701823
1.8350219978921087 	 0.008647034635663256
1.8360219978921086 	 0.008613428293515388
1.8370219978921085 	 0.008579916201152582
1.8380219978921084 	 0.008546499624578204
1.8390219978921083 	 0.008513179789582397
1.8400219978921082 	 0.008479957882415713
1.841021997892108 	 0.00844683492879272
1.842021997892108 	 0.008413812281601384
1.8430219978921079 	 0.008380890890419544
1.8440219978921077 	 0.008348071789982323
1.8450219978921076 	 0.008315355978781925
1.8460219978921075 	 0.008282744419711429
1.8470219978921074 	 0.008250238040702976
1.8480219978921073 	 0.008217837735360344
1.8490219978921072 	 0.008185544363585559
1.850021997892107 	 0.008153358752199604
1.851021997892107 	 0.008121281695556995
1.8520219978921069 	 0.008089313956154172
1.8530219978921068 	 0.00805745626523159
1.8540219978921066 	 0.008025709323369377
1.8550219978921065 	 0.007994073801076584
1.8560219978921064 	 0.00796255033937381
1.8570219978921063 	 0.007931139550369231
1.8580219978921062 	 0.007899842017827988
1.859021997892106 	 0.007868658297734744
1.860021997892106 	 0.007837588918849527
1.8610219978921059 	 0.007806634383256739
1.8620219978921058 	 0.007775795166907249
1.8630219978921057 	 0.007745071720153658
1.8640219978921055 	 0.007714464468278599
1.8650219978921054 	 0.007683973812016123
1.8660219978921053 	 0.007653600128066134
1.8670219978921052 	 0.007623343769601852
1.868021997892105 	 0.007593205066770338
1.869021997892105 	 0.007563184327186051
1.8700219978921049 	 0.007533281836417426
1.8710219978921048 	 0.007503497858466538
1.8720219978921047 	 0.007473832636241826
1.8730219978921046 	 0.007444286392023896
1.8740219978921044 	 0.00741485932792445
1.8750219978921043 	 0.007385551626338289
1.8760219978921042 	 0.007356363450388578
1.877021997892104 	 0.007327294944365183
1.878021997892104 	 0.0072983462341563035
1.879021997892104 	 0.007269517427673376
1.8800219978921038 	 0.0072408086152692085
1.8810219978921037 	 0.0072122198701495095
1.8820219978921036 	 0.007183751248777799
1.8830219978921034 	 0.007155402791273717
1.8840219978921033 	 0.007127174521804835
1.8850219978921032 	 0.007099066448971989
1.8860219978921031 	 0.00707107846433393
1.887021997892103 	 0.007043210750521961
1.888021997892103 	 0.007015463169504395
1.8890219978921028 	 0.006987835671340904
1.8900219978921027 	 0.006960328192355932
1.8910219978921026 	 0.0069329406554863
1.8920219978921025 	 0.006905672970622819
1.8930219978921023 	 0.006878525034945841
1.8940219978921022 	 0.006851496733254857
1.8950219978921021 	 0.006824587938292246
1.896021997892102 	 0.006797798511061164
1.897021997892102 	 0.006771128301137691
1.8980219978921018 	 0.006744577146977256
1.8990219978921017 	 0.00671814487621551
1.9000219978921016 	 0.0066918313059635475
1.9010219978921015 	 0.006665636243097712
1.9020219978921014 	 0.006639559484543904
1.9030219978921012 	 0.006613600817556624
1.9040219978921011 	 0.006587760019992651
1.905021997892101 	 0.006562036860579512
1.906021997892101 	 0.006536431099178853
1.9070219978921008 	 0.006510942487044668
1.9080219978921007 	 0.006485570767076552
1.9090219978921006 	 0.006460315674067984
1.9100219978921005 	 0.006435176934949746
1.9110219978921004 	 0.006410154269028552
1.9120219978921003 	 0.006385247388220906
1.9130219978921001 	 0.006360455997282296
1.9140219978921 	 0.006335779794031821
1.9150219978921 	 0.006311218469572231
1.9160219978920998 	 0.0062867717085055294
1.9170219978920997 	 0.006262439189144193
1.9180219978920996 	 0.0062382205837179785
1.9190219978920995 	 0.006214115558576608
1.9200219978920994 	 0.0061901237743880715
1.9210219978920993 	 0.0061662448863329606
1.9220219978920992 	 0.006142478544294617
1.923021997892099 	 0.0061188243930453455
1.924021997892099 	 0.0060952820724286295
1.9250219978920988 	 0.006071851217537548
1.9260219978920987 	 0.0060485314588892775
1.9270219978920986 	 0.006025322422595918
1.9280219978920985 	 0.0060022237305316275
1.9290219978920984 	 0.005979235000496056
1.9300219978920983 	 0.005956355846374345
1.9310219978920982 	 0.005933585878293444
1.932021997892098 	 0.005910924617575976
1.933021997892098 	 0.005888371837948452
1.9340219978920978 	 0.005865927053705496
1.9350219978920977 	 0.005843589861437607
1.9360219978920976 	 0.005821359854708685
1.9370219978920975 	 0.005799236624192626
1.9380219978920974 	 0.005777219757806853
1.9390219978920973 	 0.005755308840842751
1.9400219978920972 	 0.005733503456093161
1.941021997892097 	 0.005711803183976892
1.942021997892097 	 0.00569020760266037
1.9430219978920968 	 0.00566871628817646
1.9440219978920967 	 0.005647328814540487
1.9450219978920966 	 0.005626044753863558
1.9460219978920965 	 0.005604863676463162
1.9470219978920964 	 0.005583785150971195
1.9480219978920963 	 0.005562808744439358
1.9490219978920962 	 0.005541934022442049
1.950021997892096 	 0.005521160549176783
1.951021997892096 	 0.005500487887562109
1.9520219978920959 	 0.005479915599333247
1.9530219978920957 	 0.005459443245135285
1.9540219978920956 	 0.005439070384614112
1.9550219978920955 	 0.005418796576505115
1.9560219978920954 	 0.00539862137871963
1.9570219978920953 	 0.005378544348429235
1.9580219978920952 	 0.005358565042147961
1.959021997892095 	 0.005338683015812333
1.960021997892095 	 0.005318897824859442
1.9610219978920949 	 0.005299209024303004
1.9620219978920947 	 0.005279616168807419
1.9630219978920946 	 0.0052601188127599325
1.9640219978920945 	 0.005240716510340933
1.9650219978920944 	 0.005221408815592353
1.9660219978920943 	 0.005202195282484301
1.9670219978920942 	 0.005183075464979916
1.968021997892094 	 0.005164048917098463
1.969021997892094 	 0.005145115192976746
1.9700219978920939 	 0.005126273846928865
1.9710219978920938 	 0.005107524433504299
1.9720219978920936 	 0.00508886650754445
1.9730219978920935 	 0.005070299624237573
1.9740219978920934 	 0.005051823339172199
1.9750219978920933 	 0.005033437208389036
1.9760219978920932 	 0.005015140788431452
1.977021997892093 	 0.004996933564386181
1.978021997892093 	 0.004978815238172406
1.9790219978920929 	 0.004960785295912264
1.9800219978920928 	 0.004942843296635825
1.9810219978920927 	 0.004924988800107079
1.9820219978920925 	 0.004907221366866172
1.9830219978920924 	 0.004889540558270426
1.9840219978920923 	 0.004871945936534107
1.9850219978920922 	 0.004854437064766976
1.986021997892092 	 0.00483701350701165
1.987021997892092 	 0.004819674828279846
1.9880219978920919 	 0.0048024205945874435
1.9890219978920918 	 0.004785250372988457
1.9900219978920917 	 0.004768163731607946
1.9910219978920916 	 0.0047511602396738606
1.9920219978920914 	 0.004734239467547798
1.9930219978920913 	 0.00471740098675483
1.9940219978920912 	 0.004700644370012287
1.9950219978920911 	 0.004683969191257589
1.996021997892091 	 0.004667375025675135
1.997021997892091 	 0.004650861449722249
1.9980219978920908 	 0.0046344280411542566
1.9990219978920907 	 0.004618074379048642
