0.0010219978922 	 0
0.0020219978922 	 0.0
0.0030219978922 	 0.0
0.0040219978922 	 0.0
0.0050219978922 	 0.0
0.0060219978922 	 0.0
0.0070219978922 	 0.0
0.0080219978922 	 0.0
0.009021997892200002 	 0.0
0.010021997892200003 	 0.0
0.011021997892200004 	 0.0
0.012021997892200004 	 0.0
0.013021997892200005 	 0.0
0.014021997892200006 	 0.0
0.015021997892200007 	 0.0
0.016021997892200008 	 0.0
0.01702199789220001 	 0.0
0.01802199789220001 	 0.0
0.01902199789220001 	 0.0
0.02002199789220001 	 0.0
0.021021997892200012 	 0.0
0.022021997892200013 	 0.0
0.023021997892200014 	 0.0
0.024021997892200015 	 0.0
0.025021997892200016 	 0.0
0.026021997892200017 	 0.0
0.027021997892200018 	 0.0
0.02802199789220002 	 0.0
0.02902199789220002 	 0.0
0.03002199789220002 	 0.0
0.03102199789220002 	 0.0
0.03202199789220002 	 0.0
0.03302199789220002 	 0.0
0.03402199789220002 	 0.0
0.03502199789220002 	 0.0
0.03602199789220002 	 0.0
0.03702199789220002 	 0.0
0.038021997892200024 	 0.0
0.039021997892200025 	 0.0
0.040021997892200026 	 0.0
0.04102199789220003 	 0.0
0.04202199789220003 	 0.0
0.04302199789220003 	 0.0
0.04402199789220003 	 0.0
0.04502199789220003 	 0.0
0.04602199789220003 	 0.0
0.04702199789220003 	 0.0
0.04802199789220003 	 0.0
0.049021997892200034 	 0.0
0.050021997892200035 	 0.0
0.051021997892200036 	 0.0
0.052021997892200036 	 0.0
0.05302199789220004 	 0.0
0.05402199789220004 	 0.0
0.05502199789220004 	 0.0
0.05602199789220004 	 0.0
0.05702199789220004 	 0.0
0.05802199789220004 	 0.0
0.05902199789220004 	 0.0
0.060021997892200044 	 0.0
0.061021997892200044 	 0.0
0.062021997892200045 	 0.0
0.06302199789220005 	 0.0
0.06402199789220005 	 0.0
0.06502199789220005 	 0.0
0.06602199789220005 	 0.0
0.06702199789220005 	 0.0
0.06802199789220005 	 0.0
0.06902199789220005 	 0.0
0.07002199789220005 	 0.0
0.07102199789220005 	 0.0
0.07202199789220005 	 0.0
0.07302199789220006 	 0.0
0.07402199789220006 	 0.0
0.07502199789220006 	 0.0
0.07602199789220006 	 0.0
0.07702199789220006 	 0.0
0.07802199789220006 	 0.0
0.07902199789220006 	 0.0
0.08002199789220006 	 0.0
0.08102199789220006 	 0.0
0.08202199789220006 	 0.0
0.08302199789220006 	 0.0
0.08402199789220006 	 0.0
0.08502199789220007 	 0.0
0.08602199789220007 	 0.0
0.08702199789220007 	 0.0
0.08802199789220007 	 0.0
0.08902199789220007 	 0.0
0.09002199789220007 	 0.0
0.09102199789220007 	 0.0
0.09202199789220007 	 0.0
0.09302199789220007 	 0.0
0.09402199789220007 	 0.0
0.09502199789220007 	 0.0
0.09602199789220008 	 0.0
0.09702199789220008 	 0.0
0.09802199789220008 	 0.0
0.09902199789220008 	 0.0
0.10002199789220008 	 0.0
0.10102199789220008 	 0.0
0.10202199789220008 	 0.0
0.10302199789220008 	 0.0
0.10402199789220008 	 0.0
0.10502199789220008 	 0.0
0.10602199789220008 	 0.0
0.10702199789220009 	 0.0
0.10802199789220009 	 0.0
0.10902199789220009 	 0.0
0.11002199789220009 	 0.0
0.11102199789220009 	 0.0
0.11202199789220009 	 0.0
0.11302199789220009 	 0.0
0.11402199789220009 	 0.0
0.11502199789220009 	 0.0
0.1160219978922001 	 0.0
0.1170219978922001 	 0.0
0.1180219978922001 	 0.0
0.1190219978922001 	 0.0
0.1200219978922001 	 0.0
0.1210219978922001 	 0.0
0.1220219978922001 	 0.0
0.1230219978922001 	 0.0
0.1240219978922001 	 0.0
0.1250219978922001 	 0.0
0.1260219978922001 	 0.0
0.1270219978922001 	 0.0
0.1280219978922001 	 0.0
0.1290219978922001 	 0.0
0.1300219978922001 	 0.0
0.1310219978922001 	 0.0
0.1320219978922001 	 0.0
0.1330219978922001 	 0.0
0.1340219978922001 	 0.0
0.1350219978922001 	 0.0
0.1360219978922001 	 0.0
0.1370219978922001 	 0.0
0.1380219978922001 	 0.0
0.1390219978922001 	 0.0
0.1400219978922001 	 0.0
0.1410219978922001 	 0.0
0.1420219978922001 	 0.0
0.1430219978922001 	 0.0
0.1440219978922001 	 0.0
0.1450219978922001 	 0.0
0.1460219978922001 	 0.0
0.1470219978922001 	 0.0
0.1480219978922001 	 0.0
0.1490219978922001 	 0.0
0.1500219978922001 	 0.0
0.1510219978922001 	 0.0
0.1520219978922001 	 0.0
0.1530219978922001 	 0.0
0.1540219978922001 	 0.0
0.15502199789220011 	 0.0
0.15602199789220011 	 0.0
0.15702199789220012 	 0.0
0.15802199789220012 	 0.0
0.15902199789220012 	 0.0
0.16002199789220012 	 0.0
0.16102199789220012 	 0.0
0.16202199789220012 	 0.0
0.16302199789220012 	 0.0
0.16402199789220012 	 0.0
0.16502199789220012 	 0.0
0.16602199789220012 	 0.0
0.16702199789220012 	 0.0
0.16802199789220013 	 0.0
0.16902199789220013 	 0.0
0.17002199789220013 	 0.0
0.17102199789220013 	 0.0
0.17202199789220013 	 0.0
0.17302199789220013 	 0.0
0.17402199789220013 	 0.0
0.17502199789220013 	 0.0
0.17602199789220013 	 0.0
0.17702199789220013 	 0.0
0.17802199789220013 	 0.0
0.17902199789220014 	 0.0
0.18002199789220014 	 0.0
0.18102199789220014 	 0.0
0.18202199789220014 	 0.0
0.18302199789220014 	 0.0
0.18402199789220014 	 0.0
0.18502199789220014 	 0.0
0.18602199789220014 	 0.0
0.18702199789220014 	 0.0
0.18802199789220014 	 0.0
0.18902199789220014 	 0.0
0.19002199789220015 	 0.0
0.19102199789220015 	 0.0
0.19202199789220015 	 0.0
0.19302199789220015 	 0.0
0.19402199789220015 	 0.0
0.19502199789220015 	 0.0
0.19602199789220015 	 0.0
0.19702199789220015 	 0.0
0.19802199789220015 	 0.0
0.19902199789220015 	 0.0
0.20002199789220015 	 0.0
0.20102199789220015 	 0.0
0.20202199789220016 	 0.0
0.20302199789220016 	 0.0
0.20402199789220016 	 0.0
0.20502199789220016 	 0.0
0.20602199789220016 	 0.0
0.20702199789220016 	 0.0
0.20802199789220016 	 0.0
0.20902199789220016 	 0.0
0.21002199789220016 	 0.0
0.21102199789220016 	 0.0
0.21202199789220016 	 0.0
0.21302199789220017 	 0.0
0.21402199789220017 	 0.0
0.21502199789220017 	 0.0
0.21602199789220017 	 0.0
0.21702199789220017 	 0.0
0.21802199789220017 	 0.0
0.21902199789220017 	 0.0
0.22002199789220017 	 0.0
0.22102199789220017 	 0.0
0.22202199789220017 	 0.0
0.22302199789220017 	 0.0
0.22402199789220018 	 0.0
0.22502199789220018 	 0.0
0.22602199789220018 	 0.0
0.22702199789220018 	 0.0
0.22802199789220018 	 0.0
0.22902199789220018 	 0.0
0.23002199789220018 	 0.0
0.23102199789220018 	 0.0
0.23202199789220018 	 0.0
0.23302199789220018 	 0.0
0.23402199789220018 	 0.0
0.23502199789220019 	 0.0
0.23602199789220019 	 0.0
0.2370219978922002 	 0.0
0.2380219978922002 	 0.0
0.2390219978922002 	 0.0
0.2400219978922002 	 0.0
0.2410219978922002 	 0.0
0.2420219978922002 	 0.0
0.2430219978922002 	 0.0
0.2440219978922002 	 0.0
0.2450219978922002 	 0.0
0.2460219978922002 	 0.0
0.2470219978922002 	 0.0
0.2480219978922002 	 0.0
0.2490219978922002 	 0.0
0.2500219978922002 	 0.0
0.2510219978922002 	 0.0
0.2520219978922002 	 0.0
0.2530219978922002 	 0.0
0.2540219978922002 	 0.0
0.2550219978922002 	 0.0
0.2560219978922002 	 0.0
0.2570219978922002 	 0.0
0.2580219978922002 	 0.0
0.2590219978922002 	 0.0
0.2600219978922002 	 0.0
0.2610219978922002 	 0.0
0.2620219978922002 	 0.0
0.2630219978922002 	 0.0
0.2640219978922002 	 0.0
0.2650219978922002 	 0.0
0.2660219978922002 	 0.0
0.2670219978922002 	 0.0
0.2680219978922002 	 0.0
0.2690219978922002 	 0.0
0.2700219978922002 	 0.0
0.2710219978922002 	 0.0
0.2720219978922002 	 0.0
0.2730219978922002 	 0.0
0.2740219978922002 	 0.0
0.2750219978922002 	 0.0
0.2760219978922002 	 0.0
0.2770219978922002 	 0.0
0.2780219978922002 	 0.0
0.2790219978922002 	 0.0
0.2800219978922002 	 0.0
0.2810219978922002 	 0.0
0.2820219978922002 	 0.0
0.2830219978922002 	 0.0
0.28402199789220023 	 0.0
0.28502199789220023 	 0.0
0.28602199789220023 	 0.0
0.28702199789220023 	 0.0
0.28802199789220023 	 0.0
0.28902199789220023 	 0.0
0.29002199789220023 	 0.0
0.29102199789220023 	 0.0
0.29202199789220024 	 0.0
0.29302199789220024 	 0.0
0.29402199789220024 	 0.0
0.29502199789220024 	 0.0
0.29602199789220024 	 0.0
0.29702199789220024 	 0.0
0.29802199789220024 	 0.0
0.29902199789220024 	 0.0
0.30002199789220024 	 0.0
0.30102199789220024 	 0.0
0.30202199789220024 	 0.0
0.30302199789220025 	 0.0
0.30402199789220025 	 0.0
0.30502199789220025 	 0.0
0.30602199789220025 	 0.0
0.30702199789220025 	 0.0
0.30802199789220025 	 0.0
0.30902199789220025 	 0.0
0.31002199789220025 	 0.0
0.31102199789220025 	 0.0
0.31202199789220025 	 0.0
0.31302199789220025 	 0.0
0.31402199789220026 	 0.0
0.31502199789220026 	 0.0
0.31602199789220026 	 0.0
0.31702199789220026 	 0.0
0.31802199789220026 	 0.0
0.31902199789220026 	 0.0
0.32002199789220026 	 0.0
0.32102199789220026 	 0.0
0.32202199789220026 	 0.0
0.32302199789220026 	 0.0
0.32402199789220026 	 0.0
0.32502199789220027 	 0.0
0.32602199789220027 	 0.0
0.32702199789220027 	 0.0
0.32802199789220027 	 0.0
0.32902199789220027 	 0.0
0.33002199789220027 	 0.0
0.33102199789220027 	 0.0
0.33202199789220027 	 0.0
0.33302199789220027 	 0.0
0.3340219978922003 	 0.0
0.3350219978922003 	 0.0
0.3360219978922003 	 0.0
0.3370219978922003 	 0.0
0.3380219978922003 	 0.0
0.3390219978922003 	 0.0
0.3400219978922003 	 0.0
0.3410219978922003 	 0.0
0.3420219978922003 	 0.0
0.3430219978922003 	 0.0
0.3440219978922003 	 0.0
0.3450219978922003 	 0.0
0.3460219978922003 	 0.0
0.3470219978922003 	 0.0
0.3480219978922003 	 0.0
0.3490219978922003 	 0.0
0.3500219978922003 	 0.0
0.3510219978922003 	 0.0
0.3520219978922003 	 0.0
0.3530219978922003 	 0.0
0.3540219978922003 	 0.0
0.3550219978922003 	 0.0
0.3560219978922003 	 0.0
0.3570219978922003 	 0.0
0.3580219978922003 	 0.0
0.3590219978922003 	 0.0
0.3600219978922003 	 0.0
0.3610219978922003 	 0.0
0.3620219978922003 	 0.0
0.3630219978922003 	 0.0
0.3640219978922003 	 0.0
0.3650219978922003 	 0.0
0.3660219978922003 	 0.0
0.3670219978922003 	 0.0
0.3680219978922003 	 0.0
0.3690219978922003 	 0.0
0.3700219978922003 	 0.0
0.3710219978922003 	 0.0
0.3720219978922003 	 0.0
0.3730219978922003 	 0.0
0.3740219978922003 	 0.0
0.3750219978922003 	 0.0
0.3760219978922003 	 0.0
0.3770219978922003 	 0.0
0.3780219978922003 	 0.0
0.3790219978922003 	 0.0
0.3800219978922003 	 0.0
0.3810219978922003 	 0.0
0.3820219978922003 	 0.0
0.3830219978922003 	 0.0
0.3840219978922003 	 0.0
0.3850219978922003 	 0.0
0.3860219978922003 	 0.0
0.3870219978922003 	 0.0
0.3880219978922003 	 0.0
0.3890219978922003 	 0.0
0.3900219978922003 	 0.0
0.3910219978922003 	 0.0
0.3920219978922003 	 0.0
0.3930219978922003 	 0.0
0.3940219978922003 	 0.0
0.3950219978922003 	 0.0
0.39602199789220033 	 0.0
0.39702199789220033 	 0.0
0.39802199789220033 	 0.0
0.39902199789220033 	 0.0
0.40002199789220033 	 0.0
0.40102199789220033 	 0.0
0.40202199789220033 	 0.0
0.40302199789220033 	 0.0
0.40402199789220034 	 0.0
0.40502199789220034 	 0.0
0.40602199789220034 	 0.0
0.40702199789220034 	 0.0
0.40802199789220034 	 0.0
0.40902199789220034 	 0.0
0.41002199789220034 	 0.0
0.41102199789220034 	 0.0
0.41202199789220034 	 0.0
0.41302199789220034 	 0.0
0.41402199789220034 	 0.0
0.41502199789220034 	 0.0
0.41602199789220035 	 0.0
0.41702199789220035 	 0.0
0.41802199789220035 	 0.0
0.41902199789220035 	 0.0
0.42002199789220035 	 0.0
0.42102199789220035 	 0.0
0.42202199789220035 	 0.0
0.42302199789220035 	 0.0
0.42402199789220035 	 0.0
0.42502199789220035 	 0.0
0.42602199789220035 	 0.0
0.42702199789220036 	 0.0
0.42802199789220036 	 0.0
0.42902199789220036 	 0.0
0.43002199789220036 	 0.0
0.43102199789220036 	 0.0
0.43202199789220036 	 0.0
0.43302199789220036 	 0.0
0.43402199789220036 	 0.0
0.43502199789220036 	 0.0
0.43602199789220036 	 0.0
0.43702199789220036 	 0.0
0.43802199789220037 	 0.0
0.43902199789220037 	 0.0
0.44002199789220037 	 0.0
0.44102199789220037 	 0.0
0.44202199789220037 	 0.0
0.44302199789220037 	 0.0
0.44402199789220037 	 0.0
0.44502199789220037 	 0.0
0.4460219978922004 	 0.0
0.4470219978922004 	 0.0
0.4480219978922004 	 0.0
0.4490219978922004 	 0.0
0.4500219978922004 	 0.0
0.4510219978922004 	 0.0
0.4520219978922004 	 0.0
0.4530219978922004 	 0.0
0.4540219978922004 	 0.0
0.4550219978922004 	 0.0
0.4560219978922004 	 0.0
0.4570219978922004 	 0.0
0.4580219978922004 	 0.0
0.4590219978922004 	 0.0
0.4600219978922004 	 0.0
0.4610219978922004 	 0.0
0.4620219978922004 	 0.0
0.4630219978922004 	 0.0
0.4640219978922004 	 0.0
0.4650219978922004 	 0.0
0.4660219978922004 	 0.0
0.4670219978922004 	 0.0
0.4680219978922004 	 0.0
0.4690219978922004 	 0.0
0.4700219978922004 	 0.0
0.4710219978922004 	 0.0
0.4720219978922004 	 0.0
0.4730219978922004 	 0.0
0.4740219978922004 	 0.0
0.4750219978922004 	 0.0
0.4760219978922004 	 0.0
0.4770219978922004 	 0.0
0.4780219978922004 	 0.0
0.4790219978922004 	 0.0
0.4800219978922004 	 0.0
0.4810219978922004 	 0.0
0.4820219978922004 	 0.0
0.4830219978922004 	 0.0
0.4840219978922004 	 0.0
0.4850219978922004 	 0.0
0.4860219978922004 	 0.0
0.4870219978922004 	 0.0
0.4880219978922004 	 0.0
0.4890219978922004 	 0.0
0.4900219978922004 	 0.0
0.4910219978922004 	 0.0
0.4920219978922004 	 0.0
0.4930219978922004 	 0.0
0.4940219978922004 	 0.0
0.4950219978922004 	 0.0
0.4960219978922004 	 0.0
0.4970219978922004 	 0.0
0.4980219978922004 	 0.0
0.4990219978922004 	 0.0
0.5000219978922004 	 0.0
0.5010219978922004 	 0.0
0.5020219978922004 	 0.0
0.5030219978922004 	 0.0
0.5040219978922004 	 0.0
0.5050219978922004 	 0.0
0.5060219978922004 	 0.0
0.5070219978922004 	 0.0
0.5080219978922004 	 0.0
0.5090219978922004 	 0.0
0.5100219978922004 	 0.0
0.5110219978922004 	 0.0
0.5120219978922004 	 0.0
0.5130219978922004 	 0.0
0.5140219978922004 	 0.0
0.5150219978922004 	 0.0
0.5160219978922004 	 0.0
0.5170219978922004 	 0.0
0.5180219978922004 	 0.0
0.5190219978922004 	 0.0
0.5200219978922004 	 0.0
0.5210219978922004 	 0.0
0.5220219978922004 	 0.0
0.5230219978922004 	 0.0
0.5240219978922004 	 0.0
0.5250219978922004 	 0.0
0.5260219978922004 	 0.0
0.5270219978922004 	 0.0
0.5280219978922004 	 0.0
0.5290219978922004 	 0.0
0.5300219978922004 	 0.0
0.5310219978922004 	 0.0
0.5320219978922004 	 0.0
0.5330219978922004 	 0.0
0.5340219978922004 	 0.0
0.5350219978922004 	 0.0
0.5360219978922004 	 0.0
0.5370219978922004 	 0.0
0.5380219978922004 	 0.0
0.5390219978922004 	 0.0
0.5400219978922004 	 0.0
0.5410219978922004 	 0.0
0.5420219978922004 	 0.0
0.5430219978922004 	 0.0
0.5440219978922004 	 0.0
0.5450219978922004 	 0.0
0.5460219978922004 	 0.0
0.5470219978922004 	 0.0
0.5480219978922004 	 0.0
0.5490219978922004 	 0.0
0.5500219978922004 	 0.0
0.5510219978922004 	 0.0
0.5520219978922004 	 0.0
0.5530219978922004 	 0.0
0.5540219978922004 	 0.0
0.5550219978922004 	 0.0
0.5560219978922004 	 0.0
0.5570219978922004 	 0.0
0.5580219978922004 	 0.0
0.5590219978922004 	 0.0
0.5600219978922004 	 0.0
0.5610219978922004 	 0.0
0.5620219978922004 	 0.0
0.5630219978922004 	 0.0
0.5640219978922004 	 0.0
0.5650219978922004 	 0.0
0.5660219978922004 	 0.0
0.5670219978922004 	 0.0
0.5680219978922004 	 0.0
0.5690219978922004 	 0.0
0.5700219978922004 	 0.0
0.5710219978922004 	 0.0
0.5720219978922004 	 0.0
0.5730219978922004 	 0.0
0.5740219978922004 	 0.0
0.5750219978922004 	 0.0
0.5760219978922004 	 0.0
0.5770219978922004 	 0.0
0.5780219978922004 	 0.0
0.5790219978922004 	 0.0
0.5800219978922004 	 0.0
0.5810219978922004 	 0.0
0.5820219978922004 	 0.0
0.5830219978922004 	 0.0
0.5840219978922004 	 0.0
0.5850219978922004 	 0.0
0.5860219978922004 	 0.0
0.5870219978922004 	 0.0
0.5880219978922004 	 0.0
0.5890219978922004 	 0.0
0.5900219978922004 	 0.0
0.5910219978922004 	 0.0
0.5920219978922004 	 0.0
0.5930219978922004 	 0.0
0.5940219978922004 	 0.0
0.5950219978922004 	 0.0
0.5960219978922005 	 0.0
0.5970219978922005 	 0.0
0.5980219978922005 	 0.0
0.5990219978922005 	 0.0
0.6000219978922005 	 0.0
0.6010219978922005 	 0.0
0.6020219978922005 	 0.0
0.6030219978922005 	 0.0
0.6040219978922005 	 0.0
0.6050219978922005 	 0.0
0.6060219978922005 	 0.0
0.6070219978922005 	 0.0
0.6080219978922005 	 0.0
0.6090219978922005 	 0.0
0.6100219978922005 	 0.0
0.6110219978922005 	 0.0
0.6120219978922005 	 0.0
0.6130219978922005 	 0.0
0.6140219978922005 	 0.0
0.6150219978922005 	 0.0
0.6160219978922005 	 0.0
0.6170219978922005 	 0.0
0.6180219978922005 	 0.0
0.6190219978922005 	 0.0
0.6200219978922005 	 0.0
0.6210219978922005 	 0.0
0.6220219978922005 	 0.0
0.6230219978922005 	 0.0
0.6240219978922005 	 0.0
0.6250219978922005 	 0.0
0.6260219978922005 	 0.0
0.6270219978922005 	 0.0
0.6280219978922005 	 0.0
0.6290219978922005 	 0.0
0.6300219978922005 	 0.0
0.6310219978922005 	 0.0
0.6320219978922005 	 0.0
0.6330219978922005 	 0.0
0.6340219978922005 	 0.0
0.6350219978922005 	 0.0
0.6360219978922005 	 0.0
0.6370219978922005 	 0.0
0.6380219978922005 	 0.0
0.6390219978922005 	 0.0
0.6400219978922005 	 0.0
0.6410219978922005 	 0.0
0.6420219978922005 	 0.0
0.6430219978922005 	 0.0
0.6440219978922005 	 0.0
0.6450219978922005 	 0.0
0.6460219978922005 	 0.0
0.6470219978922005 	 0.0
0.6480219978922005 	 0.0
0.6490219978922005 	 0.0
0.6500219978922005 	 0.0
0.6510219978922005 	 0.0
0.6520219978922005 	 0.0
0.6530219978922005 	 0.0
0.6540219978922005 	 0.0
0.6550219978922005 	 0.0
0.6560219978922005 	 0.0
0.6570219978922005 	 0.0
0.6580219978922005 	 0.0
0.6590219978922005 	 0.0
0.6600219978922005 	 0.0
0.6610219978922005 	 0.0
0.6620219978922005 	 0.0
0.6630219978922005 	 0.0
0.6640219978922005 	 0.0
0.6650219978922005 	 0.0
0.6660219978922005 	 0.0
0.6670219978922005 	 0.0
0.6680219978922005 	 0.0
0.6690219978922005 	 0.0
0.6700219978922005 	 0.0
0.6710219978922005 	 0.0
0.6720219978922005 	 0.0
0.6730219978922005 	 0.0
0.6740219978922005 	 0.0
0.6750219978922005 	 0.0
0.6760219978922005 	 0.0
0.6770219978922005 	 0.0
0.6780219978922005 	 0.0
0.6790219978922005 	 0.0
0.6800219978922005 	 0.0
0.6810219978922005 	 0.0
0.6820219978922005 	 0.0
0.6830219978922005 	 0.0
0.6840219978922005 	 0.0
0.6850219978922005 	 0.0
0.6860219978922005 	 0.0
0.6870219978922005 	 0.0
0.6880219978922005 	 0.0
0.6890219978922005 	 0.0
0.6900219978922005 	 0.0
0.6910219978922005 	 0.0
0.6920219978922005 	 0.0
0.6930219978922005 	 0.0
0.6940219978922005 	 0.0
0.6950219978922005 	 0.0
0.6960219978922005 	 0.0
0.6970219978922005 	 0.0
0.6980219978922005 	 0.0
0.6990219978922005 	 0.0
0.7000219978922005 	 0.0
0.7010219978922005 	 0.0
0.7020219978922005 	 0.0
0.7030219978922005 	 0.0
0.7040219978922005 	 0.0
0.7050219978922005 	 0.0
0.7060219978922005 	 0.0
0.7070219978922005 	 0.0
0.7080219978922005 	 0.0
0.7090219978922006 	 0.0
0.7100219978922006 	 0.0
0.7110219978922006 	 0.0
0.7120219978922006 	 0.0
0.7130219978922006 	 0.0
0.7140219978922006 	 0.0
0.7150219978922006 	 0.0
0.7160219978922006 	 0.0
0.7170219978922006 	 0.0
0.7180219978922006 	 0.0
0.7190219978922006 	 0.0
0.7200219978922006 	 0.0
0.7210219978922006 	 0.0
0.7220219978922006 	 0.0
0.7230219978922006 	 0.0
0.7240219978922006 	 0.0
0.7250219978922006 	 0.0
0.7260219978922006 	 0.0
0.7270219978922006 	 0.0
0.7280219978922006 	 0.0
0.7290219978922006 	 0.0
0.7300219978922006 	 0.0
0.7310219978922006 	 0.0
0.7320219978922006 	 0.0
0.7330219978922006 	 0.0
0.7340219978922006 	 0.0
0.7350219978922006 	 0.0
0.7360219978922006 	 0.0
0.7370219978922006 	 0.0
0.7380219978922006 	 0.0
0.7390219978922006 	 0.0
0.7400219978922006 	 0.0
0.7410219978922006 	 0.0
0.7420219978922006 	 0.0
0.7430219978922006 	 0.0
0.7440219978922006 	 0.0
0.7450219978922006 	 0.0
0.7460219978922006 	 0.0
0.7470219978922006 	 0.0
0.7480219978922006 	 0.0
0.7490219978922006 	 0.0
0.7500219978922006 	 0.0
0.7510219978922006 	 0.0
0.7520219978922006 	 0.0
0.7530219978922006 	 0.0
0.7540219978922006 	 0.0
0.7550219978922006 	 0.0
0.7560219978922006 	 0.0
0.7570219978922006 	 0.0
0.7580219978922006 	 0.0
0.7590219978922006 	 0.0
0.7600219978922006 	 0.0
0.7610219978922006 	 0.0
0.7620219978922006 	 0.0
0.7630219978922006 	 0.0
0.7640219978922006 	 0.0
0.7650219978922006 	 0.0
0.7660219978922006 	 0.0
0.7670219978922006 	 0.0
0.7680219978922006 	 0.0
0.7690219978922006 	 0.0
0.7700219978922006 	 0.0
0.7710219978922006 	 0.0
0.7720219978922006 	 0.0
0.7730219978922006 	 0.0
0.7740219978922006 	 0.0
0.7750219978922006 	 0.0
0.7760219978922006 	 0.0
0.7770219978922006 	 0.0
0.7780219978922006 	 0.0
0.7790219978922006 	 0.0
0.7800219978922006 	 0.0
0.7810219978922006 	 0.0
0.7820219978922006 	 0.0
0.7830219978922006 	 0.0
0.7840219978922006 	 0.0
0.7850219978922006 	 0.0
0.7860219978922006 	 0.0
0.7870219978922006 	 0.0
0.7880219978922006 	 0.0
0.7890219978922006 	 0.0
0.7900219978922006 	 0.0
0.7910219978922006 	 0.0
0.7920219978922006 	 0.0
0.7930219978922006 	 0.0
0.7940219978922006 	 0.0
0.7950219978922006 	 0.0
0.7960219978922006 	 0.0
0.7970219978922006 	 0.0
0.7980219978922006 	 0.0
0.7990219978922006 	 0.0
0.8000219978922006 	 0.0
0.8010219978922006 	 0.0
0.8020219978922006 	 0.0
0.8030219978922006 	 0.0
0.8040219978922006 	 0.0
0.8050219978922006 	 0.0
0.8060219978922006 	 0.0
0.8070219978922006 	 0.0
0.8080219978922006 	 0.0
0.8090219978922006 	 0.0
0.8100219978922006 	 0.0
0.8110219978922006 	 0.0
0.8120219978922006 	 0.0
0.8130219978922006 	 0.0
0.8140219978922006 	 0.0
0.8150219978922006 	 0.0
0.8160219978922006 	 0.0
0.8170219978922006 	 0.0
0.8180219978922006 	 0.0
0.8190219978922006 	 0.0
0.8200219978922006 	 0.0
0.8210219978922007 	 0.0
0.8220219978922007 	 0.0
0.8230219978922007 	 0.0
0.8240219978922007 	 0.0
0.8250219978922007 	 0.0
0.8260219978922007 	 0.0
0.8270219978922007 	 0.0
0.8280219978922007 	 0.0
0.8290219978922007 	 0.0
0.8300219978922007 	 0.0
0.8310219978922007 	 0.0
0.8320219978922007 	 0.0
0.8330219978922007 	 0.0
0.8340219978922007 	 0.0
0.8350219978922007 	 0.0
0.8360219978922007 	 0.0
0.8370219978922007 	 0.0
0.8380219978922007 	 0.0
0.8390219978922007 	 0.0
0.8400219978922007 	 0.0
0.8410219978922007 	 0.0
0.8420219978922007 	 0.0
0.8430219978922007 	 0.0
0.8440219978922007 	 0.0
0.8450219978922007 	 0.0
0.8460219978922007 	 0.0
0.8470219978922007 	 0.0
0.8480219978922007 	 0.0
0.8490219978922007 	 0.0
0.8500219978922007 	 0.0
0.8510219978922007 	 0.0
0.8520219978922007 	 0.0
0.8530219978922007 	 0.0
0.8540219978922007 	 0.0
0.8550219978922007 	 0.0
0.8560219978922007 	 0.0
0.8570219978922007 	 0.0
0.8580219978922007 	 0.0
0.8590219978922007 	 0.0
0.8600219978922007 	 0.0
0.8610219978922007 	 0.0
0.8620219978922007 	 0.0
0.8630219978922007 	 0.0
0.8640219978922007 	 0.0
0.8650219978922007 	 0.0
0.8660219978922007 	 0.0
0.8670219978922007 	 0.0
0.8680219978922007 	 0.0
0.8690219978922007 	 0.0
0.8700219978922007 	 0.0
0.8710219978922007 	 0.0
0.8720219978922007 	 0.0
0.8730219978922007 	 0.0
0.8740219978922007 	 0.0
0.8750219978922007 	 0.0
0.8760219978922007 	 0.0
0.8770219978922007 	 0.0
0.8780219978922007 	 0.0
0.8790219978922007 	 0.0
0.8800219978922007 	 0.0
0.8810219978922007 	 0.0
0.8820219978922007 	 0.0
0.8830219978922007 	 0.0
0.8840219978922007 	 0.0
0.8850219978922007 	 0.0
0.8860219978922007 	 0.0
0.8870219978922007 	 0.0
0.8880219978922007 	 0.0
0.8890219978922007 	 0.0
0.8900219978922007 	 0.0
0.8910219978922007 	 0.0
0.8920219978922007 	 0.0
0.8930219978922007 	 0.0
0.8940219978922007 	 0.0
0.8950219978922007 	 0.0
0.8960219978922007 	 0.0
0.8970219978922007 	 0.0
0.8980219978922007 	 0.0
0.8990219978922007 	 0.0
0.9000219978922007 	 0.0
0.9010219978922007 	 0.0
0.9020219978922007 	 0.0
0.9030219978922007 	 0.0
0.9040219978922007 	 0.0
0.9050219978922007 	 0.0
0.9060219978922007 	 0.0
0.9070219978922007 	 0.0
0.9080219978922007 	 0.0
0.9090219978922007 	 0.0
0.9100219978922007 	 0.0
0.9110219978922007 	 0.0
0.9120219978922007 	 0.0
0.9130219978922007 	 0.0
0.9140219978922007 	 0.0
0.9150219978922007 	 0.0
0.9160219978922007 	 0.0
0.9170219978922007 	 0.0
0.9180219978922007 	 0.0
0.9190219978922007 	 0.0
0.9200219978922007 	 0.0
0.9210219978922007 	 0.0
0.9220219978922007 	 0.0
0.9230219978922007 	 0.0
0.9240219978922007 	 0.0
0.9250219978922007 	 0.0
0.9260219978922007 	 0.0
0.9270219978922007 	 0.0
0.9280219978922007 	 0.0
0.9290219978922007 	 0.0
0.9300219978922007 	 0.0
0.9310219978922007 	 0.0
0.9320219978922007 	 0.0
0.9330219978922007 	 0.0
0.9340219978922008 	 0.0
0.9350219978922008 	 0.0
0.9360219978922008 	 0.0
0.9370219978922008 	 0.0
0.9380219978922008 	 0.0
0.9390219978922008 	 0.0
0.9400219978922008 	 0.0
0.9410219978922008 	 0.0
0.9420219978922008 	 0.0
0.9430219978922008 	 0.0
0.9440219978922008 	 0.0
0.9450219978922008 	 0.0
0.9460219978922008 	 0.0
0.9470219978922008 	 0.0
0.9480219978922008 	 0.0
0.9490219978922008 	 0.0
0.9500219978922008 	 0.0
0.9510219978922008 	 0.0
0.9520219978922008 	 0.0
0.9530219978922008 	 0.0
0.9540219978922008 	 0.0
0.9550219978922008 	 0.0
0.9560219978922008 	 0.0
0.9570219978922008 	 0.0
0.9580219978922008 	 0.0
0.9590219978922008 	 0.0
0.9600219978922008 	 0.0
0.9610219978922008 	 0.0
0.9620219978922008 	 0.0
0.9630219978922008 	 0.0
0.9640219978922008 	 0.0
0.9650219978922008 	 0.0
0.9660219978922008 	 0.0
0.9670219978922008 	 0.0
0.9680219978922008 	 0.0
0.9690219978922008 	 0.0
0.9700219978922008 	 0.0
0.9710219978922008 	 0.0
0.9720219978922008 	 0.0
0.9730219978922008 	 0.0
0.9740219978922008 	 0.0
0.9750219978922008 	 0.0
0.9760219978922008 	 0.0
0.9770219978922008 	 0.0
0.9780219978922008 	 0.0
0.9790219978922008 	 0.0
0.9800219978922008 	 0.0
0.9810219978922008 	 0.0
0.9820219978922008 	 0.0
0.9830219978922008 	 0.0
0.9840219978922008 	 0.0
0.9850219978922008 	 0.0
0.9860219978922008 	 0.0
0.9870219978922008 	 0.0
0.9880219978922008 	 0.0004659463859355761
0.9890219978922008 	 0.0019582679840123734
0.9900219978922008 	 0.004224607266691925
0.9910219978922008 	 0.007271898616619028
0.9920219978922008 	 0.011163114172681163
0.9930219978922008 	 0.01599262823122472
0.9940219978922008 	 0.021880548254782927
0.9950219978922008 	 0.028971807273396263
0.9960219978922008 	 0.03738232970649423
0.9970219978922008 	 0.047225128767206005
0.9980219978922008 	 0.05866786475861239
0.9990219978922008 	 0.07186840835854477
1.0000219978922007 	 0.08697625203623027
1.0010219978922006 	 0.10412223969843554
1.0020219978922005 	 0.1234034343524171
1.0030219978922004 	 0.14486344702053666
1.0040219978922003 	 0.16847079433193402
1.0050219978922001 	 0.1940969689832632
1.0060219978922 	 0.22149006034682106
1.0070219978922 	 0.2502609969801165
1.0080219978921998 	 0.27987942430680374
1.0090219978921997 	 0.30968438154097944
1.0100219978921996 	 0.33891441272757966
1.0110219978921995 	 0.36675943290473506
1.0120219978921994 	 0.39241623440939094
1.0130219978921993 	 0.4151517071774038
1.0140219978921992 	 0.4343633182100919
1.015021997892199 	 0.44961463060616186
1.016021997892199 	 0.4606678103988676
1.0170219978921988 	 0.4675531118828992
1.0180219978921987 	 0.4710620893476848
1.0190219978921986 	 0.4733516613893053
1.0200219978921985 	 0.47466076221125886
1.0210219978921984 	 0.4726610876562487
1.0220219978921983 	 0.4671649790610382
1.0230219978921982 	 0.45940449116272314
1.024021997892198 	 0.4501464873761319
1.025021997892198 	 0.4399167448800746
1.0260219978921978 	 0.4290683333145904
1.0270219978921977 	 0.4178707130044345
1.0280219978921976 	 0.40652943128652635
1.0290219978921975 	 0.39520148512485737
1.0300219978921974 	 0.3840068662530814
1.0310219978921973 	 0.3730303565630134
1.0320219978921972 	 0.36233141168270144
1.033021997892197 	 0.3519545704888121
1.034021997892197 	 0.3419294170102171
1.0350219978921968 	 0.33227302914910795
1.0360219978921967 	 0.3229934315896794
1.0370219978921966 	 0.31409220000634336
1.0380219978921965 	 0.30556585130239616
1.0390219978921964 	 0.29740715718790184
1.0400219978921963 	 0.2896062146473492
1.0410219978921962 	 0.28215110020820994
1.042021997892196 	 0.27502786703401183
1.043021997892196 	 0.26822167975321876
1.0440219978921959 	 0.2617174052886416
1.0450219978921957 	 0.2554999073550192
1.0460219978921956 	 0.2495542626296048
1.0470219978921955 	 0.24386606160797702
1.0480219978921954 	 0.23842191576703223
1.0490219978921953 	 0.23320910689572535
1.0500219978921952 	 0.22821549676974778
1.051021997892195 	 0.22342950301677686
1.052021997892195 	 0.21883998876437333
1.0530219978921949 	 0.21443637940624286
1.0540219978921948 	 0.21020868681125726
1.0550219978921946 	 0.20614749104906216
1.0560219978921945 	 0.20224391839831155
1.0570219978921944 	 0.19848961620828867
1.0580219978921943 	 0.19487672507416343
1.0590219978921942 	 0.19139785505532683
1.060021997892194 	 0.18804606024127477
1.061021997892194 	 0.1848148062347965
1.0620219978921939 	 0.18169792602813503
1.0630219978921938 	 0.17868960823678648
1.0640219978921936 	 0.17578441863917607
1.0650219978921935 	 0.17297726503023667
1.0660219978921934 	 0.17026333465863058
1.0670219978921933 	 0.16763800981595253
1.0680219978921932 	 0.16509692141020935
1.069021997892193 	 0.16263595325485578
1.070021997892193 	 0.16025122591211996
1.0710219978921929 	 0.1579391198627216
1.0720219978921928 	 0.15569636393164718
1.0730219978921927 	 0.15351990777675698
1.0740219978921925 	 0.15140687542452846
1.0750219978921924 	 0.14935455383924287
1.0760219978921923 	 0.14736038229253373
1.0770219978921922 	 0.14542194248130447
1.078021997892192 	 0.1435369493361227
1.079021997892192 	 0.1417032424800955
1.0800219978921919 	 0.13991877828424237
1.0810219978921918 	 0.13818156729665043
1.0820219978921917 	 0.1364895197210511
1.0830219978921916 	 0.13484060360919492
1.0840219978921914 	 0.1332328878878911
1.0850219978921913 	 0.13166453654846838
1.0860219978921912 	 0.13013380322941842
1.0870219978921911 	 0.1286391416021645
1.088021997892191 	 0.12717950298831654
1.089021997892191 	 0.12575385953066054
1.0900219978921908 	 0.12436111104624004
1.0910219978921907 	 0.12300017190227873
1.0920219978921906 	 0.12166987786911446
1.0930219978921905 	 0.12036908875048506
1.0940219978921903 	 0.11909671695022282
1.0950219978921902 	 0.11785172457843214
1.0960219978921901 	 0.11663312075487972
1.09702199789219 	 0.11543995907630382
1.09802199789219 	 0.11427133522931546
1.0990219978921898 	 0.11312638450995507
1.1000219978921897 	 0.1120042741135899
1.1010219978921896 	 0.11090422350043831
1.1020219978921895 	 0.10982557831968362
1.1030219978921894 	 0.10876771698175713
1.1040219978921892 	 0.10773004659746324
1.1050219978921891 	 0.10671200266476884
1.106021997892189 	 0.10571304719890005
1.107021997892189 	 0.1047326187625457
1.1080219978921888 	 0.10377000124666123
1.1090219978921887 	 0.10282446685572418
1.1100219978921886 	 0.10189531783968436
1.1110219978921885 	 0.10098194712103055
1.1120219978921884 	 0.1000840001732129
1.1130219978921883 	 0.09920117874994809
1.1140219978921881 	 0.09833314618373581
1.115021997892188 	 0.09747953403755649
1.116021997892188 	 0.09663998763775403
1.1170219978921878 	 0.0958141671212889
1.1180219978921877 	 0.09500174667509881
1.1190219978921876 	 0.09420241381378613
1.1200219978921875 	 0.0934158686971421
1.1210219978921874 	 0.09264178946935059
1.1220219978921873 	 0.09187973900630197
1.1230219978921872 	 0.09112926166557074
1.124021997892187 	 0.09038991717670411
1.125021997892187 	 0.08966128126920503
1.1260219978921868 	 0.0889429450335549
1.1270219978921867 	 0.08823451433172531
1.1280219978921866 	 0.08753570086550558
1.1290219978921865 	 0.08684656727417865
1.1300219978921864 	 0.08616725406593688
1.1310219978921863 	 0.08549781999104027
1.1320219978921862 	 0.08483803232894464
1.133021997892186 	 0.0841875961500821
1.134021997892186 	 0.083546225795477
1.1350219978921858 	 0.08291226328955165
1.1360219978921857 	 0.08228827693143975
1.1370219978921856 	 0.08167255285866437
1.1380219978921855 	 0.08106484333644748
1.1390219978921854 	 0.0804649384555414
1.1400219978921853 	 0.07987266299376133
1.1410219978921852 	 0.07928783880894132
1.142021997892185 	 0.07871025680252454
1.143021997892185 	 0.07813970441904927
1.1440219978921848 	 0.0775759920676344
1.1450219978921847 	 0.07701899763031396
1.1460219978921846 	 0.0764686171370735
1.1470219978921845 	 0.07592474988512977
1.1480219978921844 	 0.07538729829855806
1.1490219978921843 	 0.07485616778481871
1.1500219978921842 	 0.07433126659934698
1.151021997892184 	 0.07381249796285656
1.152021997892184 	 0.07329973881269067
1.1530219978921838 	 0.07279286194633985
1.1540219978921837 	 0.07229174367125649
1.1550219978921836 	 0.071796262799488
1.1560219978921835 	 0.0713063011581937
1.1570219978921834 	 0.07082174687733
1.1580219978921833 	 0.07034249045950217
1.1590219978921832 	 0.06986842537756419
1.160021997892183 	 0.06939944808306836
1.161021997892183 	 0.06893545158965651
1.1620219978921829 	 0.06847630819567017
1.1630219978921827 	 0.06802188908370657
1.1640219978921826 	 0.06757209719062261
1.1650219978921825 	 0.06712686901025497
1.1660219978921824 	 0.06668616012509061
1.1670219978921823 	 0.06624993096919
1.1680219978921822 	 0.0658181428444074
1.169021997892182 	 0.06539075787448999
1.170021997892182 	 0.06496773896841733
1.1710219978921819 	 0.06454903688363453
1.1720219978921818 	 0.0641345554730442
1.1730219978921816 	 0.06372418960065926
1.1740219978921815 	 0.0633178368879709
1.1750219978921814 	 0.06291539773652939
1.1760219978921813 	 0.0625167749131151
1.1770219978921812 	 0.062121872606310836
1.178021997892181 	 0.061730601027703155
1.179021997892181 	 0.06134287093851022
1.1800219978921809 	 0.060958595518738105
1.1810219978921808 	 0.060577712899369404
1.1820219978921807 	 0.06020024668891237
1.1830219978921805 	 0.05982622875889733
1.1840219978921804 	 0.05945570907450518
1.1850219978921803 	 0.05908872417510065
1.1860219978921802 	 0.05872531222754781
1.18702199789218 	 0.05836545297950019
1.18802199789218 	 0.058008923167357146
1.1890219978921799 	 0.0576555547877024
1.1900219978921798 	 0.05730527547009736
1.1910219978921797 	 0.05695801971144053
1.1920219978921796 	 0.05661372915908646
1.1930219978921794 	 0.05627234800660326
1.1940219978921793 	 0.055933821762505054
1.1950219978921792 	 0.05559809726100285
1.1960219978921791 	 0.05526512262450222
1.197021997892179 	 0.054934847228863694
1.198021997892179 	 0.05460722167360816
1.1990219978921788 	 0.054282197747636825
1.2000219978921787 	 0.053959728401820076
1.2010219978921786 	 0.05363978503506379
1.2020219978921785 	 0.053322403933573605
1.2030219978921783 	 0.0530076347766753
1.2040219978921782 	 0.05269552533495809
1.2050219978921781 	 0.052386103656319974
1.206021997892178 	 0.05207933012815217
1.207021997892178 	 0.051775150527366
1.2080219978921778 	 0.05147351189892067
1.2090219978921777 	 0.051174362522488054
1.2100219978921776 	 0.050877651882690285
1.2110219978921775 	 0.050583336606207945
1.2120219978921773 	 0.05029139643360717
1.2130219978921772 	 0.05000181500628725
1.2140219978921771 	 0.04971454608435416
1.215021997892177 	 0.04942951636352469
1.216021997892177 	 0.049146653338696666
1.2170219978921768 	 0.04886588639212721
1.2180219978921767 	 0.04858714675057325
1.2190219978921766 	 0.048310367449398456
1.2200219978921765 	 0.04803548329508951
1.2210219978921764 	 0.04776245793394216
1.2220219978921762 	 0.04749135660433346
1.2230219978921761 	 0.04722226567440707
1.224021997892176 	 0.0469552685791799
1.225021997892176 	 0.046690445882611835
1.2260219978921758 	 0.046427841785738694
1.2270219978921757 	 0.04616737407895664
1.2280219978921756 	 0.0459089337217374
1.2290219978921755 	 0.04565241463212968
1.2300219978921754 	 0.045397713624206554
1.2310219978921753 	 0.04514474868332268
1.2320219978921751 	 0.0448935081429791
1.233021997892175 	 0.04464399627676024
1.234021997892175 	 0.044396216973243266
1.2350219978921748 	 0.04415017373728562
1.2360219978921747 	 0.04390586969482699
1.2370219978921746 	 0.04366330759650478
1.2380219978921745 	 0.04342248783553168
1.2390219978921744 	 0.04318336945286952
1.2400219978921743 	 0.04294587397581623
1.2410219978921742 	 0.0427099329796505
1.242021997892174 	 0.04247551492500993
1.243021997892174 	 0.04224259717723693
1.2440219978921738 	 0.04201115756978087
1.2450219978921737 	 0.04178117438416285
1.2460219978921736 	 0.04155262633954309
1.2470219978921735 	 0.04132550773360055
1.2480219978921734 	 0.04109986912853457
1.2490219978921733 	 0.04087577239766426
1.2500219978921732 	 0.04065327727761231
1.251021997892173 	 0.04043242516008382
1.252021997892173 	 0.04021319550062294
1.2530219978921728 	 0.03999555410944501
1.2540219978921727 	 0.03977946755263303
1.2550219978921726 	 0.03956490312028159
1.2560219978921725 	 0.039351828811050926
1.2570219978921724 	 0.039140213313557805
1.2580219978921723 	 0.038930025995325225
1.2590219978921722 	 0.03872123689263275
1.260021997892172 	 0.038513816692860955
1.261021997892172 	 0.03830769926710379
1.2620219978921718 	 0.03810268106911419
1.2630219978921717 	 0.03789854104207702
1.2640219978921716 	 0.03769524589520499
1.2650219978921715 	 0.037492933039349696
1.2660219978921714 	 0.03729174221259402
1.2670219978921713 	 0.03709178768929591
1.2680219978921712 	 0.03689310181718639
1.269021997892171 	 0.03669569756169122
1.270021997892171 	 0.03649958726217558
1.2710219978921709 	 0.03630477586632528
1.2720219978921707 	 0.03611124276101471
1.2730219978921706 	 0.03591896194158659
1.2740219978921705 	 0.035727907975135136
1.2750219978921704 	 0.03553805597261773
1.2760219978921703 	 0.03534938157569402
1.2770219978921702 	 0.03516186094411292
1.27802199789217 	 0.0349754707480964
1.27902199789217 	 0.034790188164294064
1.2800219978921699 	 0.034605990866157336
1.2810219978921698 	 0.034422854312087484
1.2820219978921696 	 0.034240744494817586
1.2830219978921695 	 0.034059625995038485
1.2840219978921694 	 0.03387946432520363
1.2850219978921693 	 0.03370022590087286
1.2860219978921692 	 0.033521878019619096
1.287021997892169 	 0.03334443634454391
1.288021997892169 	 0.03316808289012522
1.2890219978921689 	 0.03299283782669471
1.2900219978921688 	 0.03281853575090085
1.2910219978921686 	 0.032645043116571015
1.2920219978921685 	 0.032472358326517604
1.2930219978921684 	 0.032300509469071814
1.2940219978921683 	 0.03212952368062757
1.2950219978921682 	 0.031959427159095
1.296021997892168 	 0.031790245176183805
1.297021997892168 	 0.03162200208571577
1.2980219978921679 	 0.03145472135471115
1.2990219978921678 	 0.0312884255142577
1.3000219978921677 	 0.03112313572027054
1.3010219978921675 	 0.030958852769470253
1.3020219978921674 	 0.030795503053167788
1.3030219978921673 	 0.030632997817246998
1.3040219978921672 	 0.030471250934948995
1.305021997892167 	 0.030310178869923904
1.306021997892167 	 0.030149725175319338
1.3070219978921669 	 0.029989926312838967
1.3080219978921668 	 0.029830838792296154
1.3090219978921667 	 0.029672517368309913
1.3100219978921666 	 0.029515015067049614
1.3110219978921664 	 0.02935836148680494
1.3120219978921663 	 0.02920250446471423
1.3130219978921662 	 0.029047377123615107
1.3140219978921661 	 0.028892966545972162
1.315021997892166 	 0.028739308849509065
1.316021997892166 	 0.028586440927164756
1.3170219978921658 	 0.028434398508504564
1.3180219978921657 	 0.028283216219347748
1.3190219978921656 	 0.028132927614310528
1.3200219978921655 	 0.027983565216159315
1.3210219978921653 	 0.027835134814572202
1.3220219978921652 	 0.027687546396673823
1.3230219978921651 	 0.027540690481907715
1.324021997892165 	 0.02739446109840964
1.325021997892165 	 0.027248755776798497
1.3260219978921648 	 0.02710347550355294
1.3270219978921647 	 0.02695852467202696
1.3280219978921646 	 0.026813885344503414
1.3290219978921645 	 0.02666981643533529
1.3300219978921644 	 0.02652663302831928
1.3310219978921642 	 0.026384566082545205
1.3320219978921641 	 0.026243571738824252
1.333021997892164 	 0.02610355775815458
1.334021997892164 	 0.02596443204819474
1.3350219978921638 	 0.02582610514133189
1.3360219978921637 	 0.025688490572602012
1.3370219978921636 	 0.025551504932224724
1.3380219978921635 	 0.025415071834952483
1.3390219978921634 	 0.025279197972446266
1.3400219978921633 	 0.025143965484558873
1.3410219978921631 	 0.02500944435656175
1.342021997892163 	 0.024875654087941176
1.343021997892163 	 0.02474260271855991
1.3440219978921628 	 0.02461029882072247
1.3450219978921627 	 0.024478751610258104
1.3460219978921626 	 0.024347970963810216
1.3470219978921625 	 0.024217969922895117
1.3480219978921624 	 0.024088771619760384
1.3490219978921623 	 0.023960401827237344
1.3500219978921622 	 0.023832886765620138
1.351021997892162 	 0.02370625401062541
1.352021997892162 	 0.023580534744180336
1.3530219978921618 	 0.023455761105830357
1.3540219978921617 	 0.023331965737326474
1.3550219978921616 	 0.02320918193674274
1.3560219978921615 	 0.023087443686401206
1.3570219978921614 	 0.02296678561167815
1.3580219978921613 	 0.02284724319076927
1.3590219978921612 	 0.02272885287551344
1.360021997892161 	 0.022611652167226055
1.361021997892161 	 0.022495566297265547
1.3620219978921608 	 0.022380103849417497
1.3630219978921607 	 0.02226521492656303
1.3640219978921606 	 0.02215169375368866
1.3650219978921605 	 0.022039563648301255
1.3660219978921604 	 0.021928801229808455
1.3670219978921603 	 0.021819386489415553
1.3680219978921602 	 0.021711302962575774
1.36902199789216 	 0.021604537754445662
1.37002199789216 	 0.021499081489155136
1.3710219978921598 	 0.02139494078773513
1.3720219978921597 	 0.02129217182009978
1.3730219978921596 	 0.0211908428985549
1.3740219978921595 	 0.02109102340713318
1.3750219978921594 	 0.020992783758187597
1.3760219978921593 	 0.020896195205044394
1.3770219978921592 	 0.02080132950813119
1.378021997892159 	 0.020708258939970445
1.379021997892159 	 0.02061705610822529
1.3800219978921588 	 0.020527793675508145
1.3810219978921587 	 0.020440539489675707
1.3820219978921586 	 0.020355343967749483
1.3830219978921585 	 0.02027225298920085
1.3840219978921584 	 0.020191311453494152
1.3850219978921583 	 0.02011256268865596
1.3860219978921582 	 0.020036047813565244
1.387021997892158 	 0.019961805073806904
1.388021997892158 	 0.019889867233592956
1.3890219978921579 	 0.019820227026750348
1.3900219978921577 	 0.019752839272185088
1.3910219978921576 	 0.01968767515434266
1.3920219978921575 	 0.01962478335913902
1.3930219978921574 	 0.019564222518183932
1.3940219978921573 	 0.019506040162472017
1.3950219978921572 	 0.019450271722367133
1.396021997892157 	 0.019396930631588608
1.397021997892157 	 0.019345983281226928
1.3980219978921569 	 0.01929737434411526
1.3990219978921568 	 0.019251033844243527
1.4000219978921566 	 0.01920582310441201
1.4010219978921565 	 0.019163781353440847
1.4020219978921564 	 0.019123703230457412
1.4030219978921563 	 0.01908545533872323
1.4040219978921562 	 0.019048887955398597
1.405021997892156 	 0.019013835358091376
1.406021997892156 	 0.018980116507221312
1.4070219978921559 	 0.018947536110504995
1.4080219978921558 	 0.018915885677536083
1.4090219978921557 	 0.018884944966922956
1.4100219978921555 	 0.018854483749040158
1.4110219978921554 	 0.01882425877635785
1.4120219978921553 	 0.018794002400421783
1.4130219978921552 	 0.01876344053379326
1.414021997892155 	 0.018732314151016147
1.415021997892155 	 0.018700380629392273
1.4160219978921549 	 0.018667402133023734
1.4170219978921548 	 0.018633147573936904
1.4180219978921547 	 0.018597395019698662
1.4190219978921546 	 0.018559933942133792
1.4200219978921544 	 0.01852056725482486
1.4210219978921543 	 0.018479113115278927
1.4220219978921542 	 0.018435406528304107
1.4230219978921541 	 0.01838930058682781
1.424021997892154 	 0.018340667165725025
1.425021997892154 	 0.01828939740691153
1.4260219978921538 	 0.01823540186111371
1.4270219978921537 	 0.018178610224254207
1.4280219978921536 	 0.018118971127782303
1.4290219978921535 	 0.018056451551387343
1.4300219978921533 	 0.017991035963493853
1.4310219978921532 	 0.017922725356102284
1.4320219978921531 	 0.017851536314131885
1.433021997892153 	 0.017777499584814282
1.434021997892153 	 0.017700658508514266
1.4350219978921528 	 0.017621067561336728
1.4360219978921527 	 0.017538790875454402
1.4370219978921526 	 0.017453900684087933
1.4380219978921525 	 0.017366476741073198
1.4390219978921523 	 0.017276602273308964
1.4400219978921522 	 0.01718436064277189
1.4410219978921521 	 0.017089838482148352
1.442021997892152 	 0.016993124895189074
1.443021997892152 	 0.016894310607452095
1.4440219978921518 	 0.016793487012428495
1.4450219978921517 	 0.01669074542763614
1.4460219978921516 	 0.016586176418152337
1.4470219978921515 	 0.016479869194810877
1.4480219978921514 	 0.01637191122366208
1.4490219978921512 	 0.016262387874357857
1.4500219978921511 	 0.0161513821221718
1.451021997892151 	 0.01603897507985568
1.452021997892151 	 0.01592524787986508
1.4530219978921508 	 0.015810279357142274
1.4540219978921507 	 0.015694145244790313
1.4550219978921506 	 0.015576918136614134
1.4560219978921505 	 0.015458667485622338
1.4570219978921504 	 0.01533945787608038
1.4580219978921503 	 0.015219344560429721
1.4590219978921501 	 0.01509837876094747
1.46002199789215 	 0.014976609333037159
1.46102199789215 	 0.01485408287608452
1.4620219978921498 	 0.014730843841086461
1.4630219978921497 	 0.014606935330486745
1.4640219978921496 	 0.014482410155374133
1.4650219978921495 	 0.014357329699957507
1.4660219978921494 	 0.014231753233887229
1.4670219978921493 	 0.014105737581013559
1.4680219978921492 	 0.013979337335940412
1.469021997892149 	 0.013852605034845679
1.470021997892149 	 0.01372559130585332
1.4710219978921488 	 0.013598340592484028
1.4720219978921487 	 0.0134708795707425
1.4730219978921486 	 0.01334323066942681
1.4740219978921485 	 0.013215416128713747
1.4750219978921484 	 0.013087458102427924
1.4760219978921483 	 0.012959378739867645
1.4770219978921482 	 0.012831200225141984
1.478021997892148 	 0.012702944928979628
1.479021997892148 	 0.01257463550920845
1.4800219978921478 	 0.012446294978998552
1.4810219978921477 	 0.012317946765614766
1.4820219978921476 	 0.012189614734333068
1.4830219978921475 	 0.012061334437516018
1.4840219978921474 	 0.011933182571860622
1.4850219978921473 	 0.011805243217791571
1.4860219978921472 	 0.011677597856422405
1.487021997892147 	 0.011550325371175875
1.488021997892147 	 0.01142349964159625
1.4890219978921468 	 0.01129713947610295
1.4900219978921467 	 0.011171215170985562
1.4910219978921466 	 0.011045661200149772
1.4920219978921465 	 0.010920330296945542
1.4930219978921464 	 0.010795240875640232
1.4940219978921463 	 0.010670456015409032
1.4950219978921462 	 0.010546037786084678
1.496021997892146 	 0.010422047218620917
1.497021997892146 	 0.01029854422615613
1.4980219978921459 	 0.01017558769124718
1.4990219978921457 	 0.010053235489072441
1.5000219978921456 	 0.009931544483472575
1.5010219978921455 	 0.009810570517608851
1.5020219978921454 	 0.009690368402348869
1.5030219978921453 	 0.009570991942279599
1.5040219978921452 	 0.009452493916473738
1.505021997892145 	 0.009334926070616022
1.506021997892145 	 0.009218334840106087
1.5070219978921449 	 0.009102750123266803
1.5080219978921447 	 0.008988186732135348
1.5090219978921446 	 0.008874617708790115
1.5100219978921445 	 0.00876200976182645
1.5110219978921444 	 0.00865035628414254
1.5120219978921443 	 0.008539736839460155
1.5130219978921442 	 0.008430246099662402
1.514021997892144 	 0.008321945787830938
1.515021997892144 	 0.008214868578647965
1.5160219978921439 	 0.008109045796683968
1.5170219978921438 	 0.0080045084776035
1.5180219978921436 	 0.007901287348071903
1.5190219978921435 	 0.0077994127977288105
1.5200219978921434 	 0.007698914849067492
1.5210219978921433 	 0.0075998230653739835
1.5220219978921432 	 0.007502166484202694
1.523021997892143 	 0.007405973900973312
1.524021997892143 	 0.007311273661055066
1.5250219978921429 	 0.007218093615891835
1.5260219978921428 	 0.007126460504249852
1.5270219978921427 	 0.007036400785188566
1.5280219978921425 	 0.006947940793196335
1.5290219978921424 	 0.006861106309000291
1.5300219978921423 	 0.006775922419093906
1.5310219978921422 	 0.006692414415082284
1.532021997892142 	 0.006610609609616896
1.533021997892142 	 0.006530535179401105
1.5340219978921419 	 0.006452217528314771
1.5350219978921418 	 0.006375682288215329
1.5360219978921417 	 0.006300954345462419
1.5370219978921416 	 0.006228057888178416
1.5380219978921414 	 0.006157016297910685
1.5390219978921413 	 0.0060878507018005765
1.5400219978921412 	 0.006020580163802627
1.5410219978921411 	 0.0059552231371613135
1.542021997892141 	 0.005891797570888784
1.543021997892141 	 0.005830320852169344
1.5440219978921408 	 0.005770809732700529
1.5450219978921407 	 0.005713280284082927
1.5460219978921406 	 0.0056577478764303175
1.5470219978921405 	 0.005604228745976183
1.5480219978921403 	 0.005552743975608474
1.5490219978921402 	 0.005503314684870168
1.5500219978921401 	 0.005455953257342119
1.55102199789214 	 0.005410649969394932
1.55202199789214 	 0.005367411059441848
1.5530219978921398 	 0.005326246551938528
1.5540219978921397 	 0.005287164476703503
1.5550219978921396 	 0.005250170549404019
1.5560219978921395 	 0.005215267833968677
1.5570219978921394 	 0.00518245639138933
1.5580219978921392 	 0.00515173261668985
1.5590219978921391 	 0.005123088545054049
1.560021997892139 	 0.005096511062987217
1.561021997892139 	 0.005071981010468786
1.5620219978921388 	 0.005049472189435157
1.5630219978921387 	 0.005028949638830296
1.5640219978921386 	 0.0050103630688001005
1.5650219978921385 	 0.0049936453784523395
1.5660219978921384 	 0.0049787151754447645
1.5670219978921383 	 0.004965474392680904
1.5680219978921381 	 0.00495375525385759
1.569021997892138 	 0.004943374625562036
1.570021997892138 	 0.004934199010563565
1.5710219978921378 	 0.0049260381555490266
1.5720219978921377 	 0.0049186716426583175
1.5730219978921376 	 0.004911834534979745
1.5740219978921375 	 0.0049052078288801095
1.5750219978921374 	 0.004898411056821909
1.5760219978921373 	 0.00489099445227347
1.5770219978921372 	 0.004882431329518699
1.578021997892137 	 0.004872110931323413
1.579021997892137 	 0.004859333649947194
1.5800219978921368 	 0.004843310385099361
1.5810219978921367 	 0.004823168615489753
1.5820219978921366 	 0.00479796865888554
1.5830219978921365 	 0.004766733989302663
1.5840219978921364 	 0.004728500856091796
1.5850219978921363 	 0.004682391764502836
1.5860219978921362 	 0.004627715979739733
1.587021997892136 	 0.004564096576116614
1.588021997892136 	 0.004491602435765378
1.5890219978921358 	 0.004410731612920602
1.5900219978921357 	 0.004322855792072384
1.5910219978921356 	 0.004230238052911032
1.5920219978921355 	 0.0041359216622960234
1.5930219978921354 	 0.004043584970810885
1.5940219978921353 	 0.003957274999069396
1.5950219978921352 	 0.0038810511706296015
1.596021997892135 	 0.0038186002843593027
1.597021997892135 	 0.0037728972613164484
1.5980219978921348 	 0.0037459757786646414
1.5990219978921347 	 0.0037388434725035705
1.6000219978921346 	 0.0037515380176572017
1.6010219978921345 	 0.0037832860414146376
1.6020219978921344 	 0.0038327126945042994
1.6030219978921343 	 0.0038980795487301
1.6040219978921342 	 0.003977490389790773
1.605021997892134 	 0.004069050027348605
1.606021997892134 	 0.004170974394792233
1.6070219978921338 	 0.004281656431324492
1.6080219978921337 	 0.004399696535876404
1.6090219978921336 	 0.004523907855006511
1.6100219978921335 	 0.004653305395640421
1.6110219978921334 	 0.0047870893616752995
1.6120219978921333 	 0.004924630927044303
1.6130219978921332 	 0.005065438825004032
1.614021997892133 	 0.005209127825201541
1.615021997892133 	 0.005355397423920894
1.6160219978921329 	 0.005504018457793782
1.6170219978921327 	 0.005654817845437431
1.6180219978921326 	 0.005807665777870271
1.6190219978921325 	 0.00596246520814276
1.6200219978921324 	 0.006119143319469734
1.6210219978921323 	 0.006277644638705198
1.6220219978921322 	 0.006437925408496832
1.623021997892132 	 0.0065999492814869075
1.624021997892132 	 0.006763684050594515
1.6250219978921319 	 0.006929099043745249
1.6260219978921318 	 0.007096162990087205
1.6270219978921316 	 0.007264842220933774
1.6280219978921315 	 0.007435099725510899
1.6290219978921314 	 0.007606894368440123
1.6300219978921313 	 0.007780180295063687
1.6310219978921312 	 0.007954899788619695
1.632021997892131 	 0.008130963502594853
1.633021997892131 	 0.00830826790446516
1.6340219978921309 	 0.008486711678780354
1.6350219978921308 	 0.008666226402122513
1.6360219978921307 	 0.00884674867539963
1.6370219978921305 	 0.009028210912636647
1.6380219978921304 	 0.009210541636686798
1.6390219978921303 	 0.009393656226816182
1.6400219978921302 	 0.009577457025797596
1.64102199789213 	 0.009761842327778925
1.64202199789213 	 0.009946706497150272
1.6430219978921299 	 0.010131940917482166
1.6440219978921298 	 0.010317434743064279
1.6450219978921297 	 0.010503075404000367
1.6460219978921296 	 0.0106887488530522
1.6470219978921294 	 0.010874339312660526
1.6480219978921293 	 0.011059730442679484
1.6490219978921292 	 0.01124480602065625
1.650021997892129 	 0.011429450395069797
1.651021997892129 	 0.011613545756155164
1.652021997892129 	 0.011796963438402796
1.6530219978921288 	 0.011979572905130968
1.6540219978921287 	 0.012161244905619097
1.6550219978921286 	 0.012341851885855909
1.6560219978921285 	 0.012521268059844305
1.6570219978921283 	 0.012699368959501084
1.6580219978921282 	 0.012876032465024936
1.6590219978921281 	 0.013051139266673905
1.660021997892128 	 0.013224573101460978
1.661021997892128 	 0.013396235648424785
1.6620219978921278 	 0.013566088225395156
1.6630219978921277 	 0.0137341097514924
1.6640219978921276 	 0.013900245028161394
1.6650219978921275 	 0.01406440497833901
1.6660219978921273 	 0.014226502355952988
1.6670219978921272 	 0.01438645260217591
1.6680219978921271 	 0.01454417435224341
1.669021997892127 	 0.014699589519890985
1.670021997892127 	 0.014852623173537968
1.6710219978921268 	 0.015003205527600979
1.6720219978921267 	 0.01515127781297801
1.6730219978921266 	 0.015296786242744
1.6740219978921265 	 0.015439679854007413
1.6750219978921264 	 0.015579910231250075
1.6760219978921262 	 0.015717431137016447
1.6770219978921261 	 0.015852197945278965
1.678021997892126 	 0.015984167627382136
1.679021997892126 	 0.01611329853804024
1.6800219978921258 	 0.016239550091028766
1.6810219978921257 	 0.01636288241051725
1.6820219978921256 	 0.016483255913184135
1.6830219978921255 	 0.01660063123968782
1.6840219978921254 	 0.01671496883103371
1.6850219978921253 	 0.01682622855297031
1.6860219978921251 	 0.01693436936500438
1.687021997892125 	 0.017039348998472873
1.688021997892125 	 0.017141124196574726
1.6890219978921248 	 0.01723966209047188
1.6900219978921247 	 0.017334939505517413
1.6910219978921246 	 0.017426926965237153
1.6920219978921245 	 0.01751557489376684
1.6930219978921244 	 0.01760082659944208
1.6940219978921243 	 0.01768262189787063
1.6950219978921242 	 0.017760896787282578
1.696021997892124 	 0.01783558327518197
1.697021997892124 	 0.0179066093791637
1.6980219978921238 	 0.017973898684537696
1.6990219978921237 	 0.01803737009999528
1.7000219978921236 	 0.017635198577149125
1.7010219978921235 	 0.01766322333151429
1.7020219978921234 	 0.017686457274827497
1.7030219978921233 	 0.017704853161922617
1.7040219978921232 	 0.017718360486005717
1.705021997892123 	 0.017726925564612712
1.706021997892123 	 0.017730491725298888
1.7070219978921228 	 0.017728999601140133
1.7080219978921227 	 0.01772238754605773
1.7090219978921226 	 0.01771059217966999
1.7100219978921225 	 0.017693549070738578
1.7110219978921224 	 0.01767119356727813
1.7120219978921223 	 0.017643461779947387
1.7130219978921222 	 0.01761029172339176
1.714021997892122 	 0.017571624617688613
1.715021997892122 	 0.017527406348921803
1.7160219978921218 	 0.017477589084139506
1.7170219978921217 	 0.017422133031528092
1.7180219978921216 	 0.01736100833157982
1.7190219978921215 	 0.01729419705941241
1.7200219978921214 	 0.0172216953123044
1.7210219978921213 	 0.017143515350116843
1.7220219978921212 	 0.017059687749767197
1.723021997892121 	 0.01697026352859466
1.724021997892121 	 0.01687531618560029
1.7250219978921209 	 0.0167749436045481
1.7260219978921207 	 0.016669269759143828
1.7270219978921206 	 0.016558446158375567
1.7280219978921205 	 0.01644265296999748
1.7290219978921204 	 0.01632209976237957
1.7300219978921203 	 0.016197025809811364
1.7310219978921202 	 0.016067699913961765
1.73202199789212 	 0.015934419704566383
1.73302199789212 	 0.015797510395358955
1.7340219978921199 	 0.015657322986444643
1.7350219978921197 	 0.015514231921181025
1.7360219978921196 	 0.015368632223509246
1.7370219978921195 	 0.015220936159719705
1.7380219978921194 	 0.015071569485955916
1.7390219978921193 	 0.014920967358408055
1.7400219978921192 	 0.014769569996266075
1.741021997892119 	 0.014617818197309538
1.742021997892119 	 0.014466148811935487
1.7430219978921189 	 0.014314990283102918
1.7440219978921188 	 0.014164758357000984
1.7450219978921186 	 0.014015852062404107
1.7460219978921185 	 0.01386865004606712
1.7470219978921184 	 0.013723507337781398
1.7480219978921183 	 0.013580752602653574
1.7490219978921182 	 0.013440685920672475
1.750021997892118 	 0.013303577115635646
1.751021997892118 	 0.013169664637885195
1.7520219978921179 	 0.013039154988867816
1.7530219978921178 	 0.012912222660921032
1.7540219978921177 	 0.01278901055339885
1.7550219978921175 	 0.012669630816576783
1.7560219978921174 	 0.012554166067858613
1.7570219978921173 	 0.01244267092059606
1.7580219978921172 	 0.012335173764167947
1.759021997892117 	 0.012231678734565158
1.760021997892117 	 0.012132167817240339
1.7610219978921169 	 0.012036603028030444
1.7620219978921168 	 0.011944928623131268
1.7630219978921167 	 0.011857073295034905
1.7640219978921166 	 0.011772952317663024
1.7650219978921164 	 0.01169246961035953
1.7660219978921163 	 0.011615519696670408
1.7670219978921162 	 0.011541989539766045
1.7680219978921161 	 0.011471760241790759
1.769021997892116 	 0.011404708599268478
1.770021997892116 	 0.01134070851091061
1.7710219978921158 	 0.011279632237729563
1.7720219978921157 	 0.01122135151829209
1.7730219978921156 	 0.011165738544271296
1.7740219978921155 	 0.01111266680323229
1.7750219978921153 	 0.011062011796868129
1.7760219978921152 	 0.011013651643758754
1.7770219978921151 	 0.010967467576210855
1.778021997892115 	 0.010923344340925805
1.779021997892115 	 0.010881170513179066
1.7800219978921148 	 0.010840838733946515
1.7810219978921147 	 0.010802245879009775
1.7820219978921146 	 0.010765293168576417
1.7830219978921145 	 0.010729886225371002
1.7840219978921144 	 0.010695935088541797
1.7850219978921142 	 0.01066335419009275
1.7860219978921141 	 0.010632062299915
1.787021997892114 	 0.01060198244487329
1.788021997892114 	 0.010573041806805862
1.7890219978921138 	 0.010545171603732691
1.7900219978921137 	 0.01051830695804007
1.7910219978921136 	 0.010492386754922874
1.7920219978921135 	 0.010467353493918856
1.7930219978921134 	 0.010443153135966127
1.7940219978921133 	 0.010419734948049021
1.7950219978921131 	 0.010397051347172682
1.796021997892113 	 0.010375057745116401
1.797021997892113 	 0.010353712395161191
1.7980219978921128 	 0.010332976241761967
1.7990219978921127 	 0.010312812773940586
1.8000219978921126 	 0.010293187883006174
1.8010219978921125 	 0.01027406972506338
1.8020219978921124 	 0.01025542858864444
1.8030219978921123 	 0.010237236767697142
1.8040219978921122 	 0.010219468440067261
1.805021997892112 	 0.010202099551543801
1.806021997892112 	 0.010185107705470473
1.8070219978921118 	 0.010168472057877286
1.8080219978921117 	 0.01015217321804408
1.8090219978921116 	 0.010136193154376059
1.8100219978921115 	 0.010120515105444051
1.8110219978921114 	 0.010105123496024533
1.8120219978921113 	 0.010090003857957554
1.8130219978921112 	 0.01007514275563282
1.814021997892111 	 0.010060527715906396
1.815021997892111 	 0.010046147162246484
1.8160219978921108 	 0.010031990352908294
1.8170219978921107 	 0.010018047322935692
1.8180219978921106 	 0.010004308829792622
1.8190219978921105 	 0.009990766302430962
1.8200219978921104 	 0.009977411793604821
1.8210219978921103 	 0.00996423793525048
1.8220219978921102 	 0.009951237896753947
1.82302199789211 	 0.009938405345937752
1.82402199789211 	 0.009925734412604623
1.8250219978921098 	 0.00991321965448314
1.8260219978921097 	 0.009900856025428171
1.8270219978921096 	 0.00988863884573541
1.8280219978921095 	 0.009876563774437436
1.8290219978921094 	 0.009864626783456001
1.8300219978921093 	 0.009852824133490668
1.8310219978921092 	 0.009841152351532335
1.832021997892109 	 0.009829608209896415
1.833021997892109 	 0.009818188706674702
1.8340219978921088 	 0.009806891047514012
1.8350219978921087 	 0.009795712628633367
1.8360219978921086 	 0.009784651020996231
1.8370219978921085 	 0.0097737039555625
1.8380219978921084 	 0.009762869309546158
1.8390219978921083 	 0.009752145093611672
1.8400219978921082 	 0.009741529439946309
1.841021997892108 	 0.009731020591147553
1.842021997892108 	 0.009720616889871971
1.8430219978921079 	 0.009710316769192748
1.8440219978921077 	 0.009700118743618265
1.8450219978921076 	 0.009690021400726724
1.8460219978921075 	 0.009680023393373486
1.8470219978921074 	 0.00967012343243507
1.8480219978921073 	 0.009660320280049733
1.8490219978921072 	 0.009650612743323517
1.850021997892107 	 0.009640999668468379
1.851021997892107 	 0.009631479935344588
1.8520219978921069 	 0.009622052452378597
1.8530219978921068 	 0.009612716151831718
1.8540219978921066 	 0.009603469985396474
1.8550219978921065 	 0.009594312920096978
1.8560219978921064 	 0.009585243934475582
1.8570219978921063 	 0.009576262015044235
1.8580219978921062 	 0.00956736615298518
1.859021997892106 	 0.009558555341083429
1.860021997892106 	 0.009549828570876493
1.8610219978921059 	 0.009541184830007494
1.8620219978921058 	 0.009532623099768862
1.8630219978921057 	 0.009524142352824245
1.8640219978921055 	 0.0095157415510985
1.8650219978921054 	 0.009507419643824589
1.8660219978921053 	 0.009499175565739336
1.8670219978921052 	 0.00949100823541817
1.868021997892105 	 0.009482916553742003
1.869021997892105 	 0.009474899402488395
1.8700219978921049 	 0.009466955643040738
1.8710219978921048 	 0.009459084115209179
1.8720219978921047 	 0.009451283636157857
1.8730219978921046 	 0.009443552999433351
1.8740219978921044 	 0.009435890974090047
1.8750219978921043 	 0.009428296303907603
1.8760219978921042 	 0.009420767706697687
1.877021997892104 	 0.009413303873695883
1.878021997892104 	 0.00940590346903594
1.879021997892104 	 0.009398565129303708
1.8800219978921038 	 0.009391287463168797
1.8810219978921037 	 0.009384069051090536
1.8820219978921036 	 0.009376908445097963
1.8830219978921034 	 0.00936980416864115
1.8840219978921033 	 0.009362754716512595
1.8850219978921032 	 0.009355758554837954
1.8860219978921031 	 0.009348814121134323
1.887021997892103 	 0.009341919824436166
1.888021997892103 	 0.009335074045486887
1.8890219978921028 	 0.009328275136996904
1.8900219978921027 	 0.009321521423966566
1.8910219978921026 	 0.009314811204074357
1.8920219978921025 	 0.009308142748129588
1.8930219978921023 	 0.009301514300589942
1.8940219978921022 	 0.009294924080143048
1.8950219978921021 	 0.009288370280352927
1.896021997892102 	 0.009281851070370451
1.897021997892102 	 0.009275364595708383
1.8980219978921018 	 0.009268908979080866
1.8990219978921017 	 0.009262482321307292
1.9000219978921016 	 0.009256082702280883
1.9010219978921015 	 0.009249708182001862
1.9020219978921014 	 0.009243356801674908
1.9030219978921012 	 0.009237026584871645
1.9040219978921011 	 0.009230715538757222
1.905021997892101 	 0.00922442165538139
1.906021997892101 	 0.00921814291303379
1.9070219978921008 	 0.009211877277662945
1.9080219978921007 	 0.009205622704359168
1.9090219978921006 	 0.009199377138899786
1.9100219978921005 	 0.009193138519357644
1.9110219978921004 	 0.009186904777770911
1.9120219978921003 	 0.009180673841874102
1.9130219978921001 	 0.009174443636889119
1.9140219978921 	 0.009168212087375253
1.9150219978921 	 0.009161977119137138
1.9160219978920998 	 0.00915573666118893
1.9170219978920997 	 0.00914948864777334
1.9180219978920996 	 0.009143231020434324
1.9190219978920995 	 0.009136961730140565
1.9200219978920994 	 0.00913067873945832
1.9210219978920993 	 0.009124380024771938
1.9220219978920992 	 0.009118063578548124
1.923021997892099 	 0.009111727411643249
1.924021997892099 	 0.009105369555649282
1.9250219978920988 	 0.0090989880652764
1.9260219978920987 	 0.009092581020768896
1.9270219978920986 	 0.009086146530350642
1.9280219978920985 	 0.009079682732697473
1.9290219978920984 	 0.009073187799431467
1.9300219978920983 	 0.009066659937634756
1.9310219978920982 	 0.00906009739237755
1.932021997892098 	 0.009053498449256831
1.933021997892098 	 0.009046861436940997
1.9340219978920978 	 0.009040184729716232
1.9350219978920977 	 0.009033466750029456
1.9360219978920976 	 0.009026705971023488
1.9370219978920975 	 0.009019900919058823
1.9380219978920974 	 0.009013050176217764
1.9390219978920973 	 0.00900615238278488
1.9400219978920972 	 0.008999206239699192
1.941021997892097 	 0.00899221051097205
1.942021997892097 	 0.008985164026065874
1.9430219978920968 	 0.00897806568222806
1.9440219978920967 	 0.008970914446774184
1.9450219978920966 	 0.008963709359315777
1.9460219978920965 	 0.008956449533926212
1.9470219978920964 	 0.008949134161239951
1.9480219978920963 	 0.008941762510479576
1.9490219978920962 	 0.008934333931404501
1.950021997892096 	 0.008926847856177433
1.951021997892096 	 0.008919303801141759
1.9520219978920959 	 0.008911701368506249
1.9530219978920957 	 0.00890404024793111
1.9540219978920956 	 0.008896320218011221
1.9550219978920955 	 0.008888541147651523
1.9560219978920954 	 0.008880702997330531
1.9570219978920953 	 0.008872805820247718
1.9580219978920952 	 0.00886484976335061
1.959021997892095 	 0.008856835068238155
1.960021997892095 	 0.008848762071937327
1.9610219978920949 	 0.008840631207548695
1.9620219978920947 	 0.008832443004759731
1.9630219978920946 	 0.008824198090222253
1.9640219978920945 	 0.008815897187792084
1.9650219978920944 	 0.008807541118629887
1.9660219978920943 	 0.008799130801160458
1.9670219978920942 	 0.008790667250890765
1.968021997892094 	 0.00878215158008502
1.969021997892094 	 0.008773584997297086
1.9700219978920939 	 0.008764968806760252
1.9710219978920938 	 0.008756304407634431
1.9720219978920936 	 0.008747593293112163
1.9730219978920935 	 0.008738837049384544
1.9740219978920934 	 0.008730037354468501
1.9750219978920933 	 0.008721195976897696
1.9760219978920932 	 0.008712314774279407
1.977021997892093 	 0.008703395691720062
1.978021997892093 	 0.00869444076012285
1.9790219978920929 	 0.008685452094360266
1.9800219978920928 	 0.00867643189132641
1.9810219978920927 	 0.008667382427872374
1.9820219978920925 	 0.00865830605862917
1.9830219978920924 	 0.008649205213723945
1.9840219978920923 	 0.008640082396392952
1.9850219978920922 	 0.008630940180498311
1.986021997892092 	 0.008621781207952343
1.987021997892092 	 0.008612608186056815
1.9880219978920919 	 0.008603423884761856
1.9890219978920918 	 0.008594231133851207
1.9900219978920917 	 0.008585032820060182
1.9910219978920916 	 0.008575831884132041
1.9920219978920914 	 0.008566631317820398
1.9930219978920913 	 0.00855743416084286
1.9940219978920912 	 0.008548243497793845
1.9950219978920911 	 0.008539062455022324
1.996021997892091 	 0.008529894197481474
1.997021997892091 	 0.008520741925556952
1.9980219978920908 	 0.00851160887188051
1.9990219978920907 	 0.008502498298135009
