0.0010219978922 	 0
0.0020219978922 	 0.0
0.0030219978922 	 0.0
0.0040219978922 	 0.0
0.0050219978922 	 0.0
0.0060219978922 	 0.0
0.0070219978922 	 0.0
0.0080219978922 	 0.0
0.009021997892200002 	 0.0
0.010021997892200003 	 0.0
0.011021997892200004 	 0.0
0.012021997892200004 	 0.0
0.013021997892200005 	 0.0
0.014021997892200006 	 0.0
0.015021997892200007 	 0.0
0.016021997892200008 	 0.0
0.01702199789220001 	 0.0
0.01802199789220001 	 0.0
0.01902199789220001 	 0.0
0.02002199789220001 	 0.0
0.021021997892200012 	 0.0
0.022021997892200013 	 0.0
0.023021997892200014 	 0.0
0.024021997892200015 	 0.0
0.025021997892200016 	 0.0
0.026021997892200017 	 0.0
0.027021997892200018 	 0.0
0.02802199789220002 	 0.0
0.02902199789220002 	 0.0
0.03002199789220002 	 0.0
0.03102199789220002 	 0.0
0.03202199789220002 	 0.0
0.03302199789220002 	 0.0
0.03402199789220002 	 0.0
0.03502199789220002 	 0.0
0.03602199789220002 	 0.0
0.03702199789220002 	 0.0
0.038021997892200024 	 0.0
0.039021997892200025 	 0.0
0.040021997892200026 	 0.0
0.04102199789220003 	 0.0
0.04202199789220003 	 0.0
0.04302199789220003 	 0.0
0.04402199789220003 	 0.0
0.04502199789220003 	 0.0
0.04602199789220003 	 0.0
0.04702199789220003 	 0.0
0.04802199789220003 	 0.0
0.049021997892200034 	 0.0
0.050021997892200035 	 0.0
0.051021997892200036 	 0.0
0.052021997892200036 	 0.0
0.05302199789220004 	 0.0
0.05402199789220004 	 0.0
0.05502199789220004 	 0.0
0.05602199789220004 	 0.0
0.05702199789220004 	 0.0
0.05802199789220004 	 0.0
0.05902199789220004 	 0.0
0.060021997892200044 	 0.0
0.061021997892200044 	 0.0
0.062021997892200045 	 0.0
0.06302199789220005 	 0.0
0.06402199789220005 	 0.0
0.06502199789220005 	 0.0
0.06602199789220005 	 0.0
0.06702199789220005 	 0.0
0.06802199789220005 	 0.0
0.06902199789220005 	 0.0
0.07002199789220005 	 0.0
0.07102199789220005 	 0.0
0.07202199789220005 	 0.0
0.07302199789220006 	 0.0
0.07402199789220006 	 0.0
0.07502199789220006 	 0.0
0.07602199789220006 	 0.0
0.07702199789220006 	 0.0
0.07802199789220006 	 0.0
0.07902199789220006 	 0.0
0.08002199789220006 	 0.0
0.08102199789220006 	 0.0
0.08202199789220006 	 0.0
0.08302199789220006 	 0.0
0.08402199789220006 	 0.0
0.08502199789220007 	 0.0
0.08602199789220007 	 0.0
0.08702199789220007 	 0.0
0.08802199789220007 	 0.0
0.08902199789220007 	 0.0
0.09002199789220007 	 0.0
0.09102199789220007 	 0.0
0.09202199789220007 	 0.0
0.09302199789220007 	 0.0
0.09402199789220007 	 0.0
0.09502199789220007 	 0.0
0.09602199789220008 	 0.0
0.09702199789220008 	 0.0
0.09802199789220008 	 0.0
0.09902199789220008 	 0.0
0.10002199789220008 	 0.0
0.10102199789220008 	 0.0
0.10202199789220008 	 0.0
0.10302199789220008 	 0.0
0.10402199789220008 	 0.0
0.10502199789220008 	 0.0
0.10602199789220008 	 0.0
0.10702199789220009 	 0.0
0.10802199789220009 	 0.0
0.10902199789220009 	 0.0
0.11002199789220009 	 0.0
0.11102199789220009 	 0.0
0.11202199789220009 	 0.0
0.11302199789220009 	 0.0
0.11402199789220009 	 0.0
0.11502199789220009 	 0.0
0.1160219978922001 	 0.0
0.1170219978922001 	 0.0
0.1180219978922001 	 0.0
0.1190219978922001 	 0.0
0.1200219978922001 	 0.0
0.1210219978922001 	 0.0
0.1220219978922001 	 0.0
0.1230219978922001 	 0.0
0.1240219978922001 	 0.0
0.1250219978922001 	 0.0
0.1260219978922001 	 0.0
0.1270219978922001 	 0.0
0.1280219978922001 	 0.0
0.1290219978922001 	 0.0
0.1300219978922001 	 0.0
0.1310219978922001 	 0.0
0.1320219978922001 	 0.0
0.1330219978922001 	 0.0
0.1340219978922001 	 0.0
0.1350219978922001 	 0.0
0.1360219978922001 	 0.0
0.1370219978922001 	 0.0
0.1380219978922001 	 0.0
0.1390219978922001 	 0.0
0.1400219978922001 	 0.0
0.1410219978922001 	 0.0
0.1420219978922001 	 0.0
0.1430219978922001 	 0.0
0.1440219978922001 	 0.0
0.1450219978922001 	 0.0
0.1460219978922001 	 0.0
0.1470219978922001 	 0.0
0.1480219978922001 	 0.0
0.1490219978922001 	 0.0
0.1500219978922001 	 0.0
0.1510219978922001 	 0.0
0.1520219978922001 	 0.0
0.1530219978922001 	 0.0
0.1540219978922001 	 0.0
0.15502199789220011 	 0.0
0.15602199789220011 	 0.0
0.15702199789220012 	 0.0
0.15802199789220012 	 0.0
0.15902199789220012 	 0.0
0.16002199789220012 	 0.0
0.16102199789220012 	 0.0
0.16202199789220012 	 0.0
0.16302199789220012 	 0.0
0.16402199789220012 	 0.0
0.16502199789220012 	 0.0
0.16602199789220012 	 0.0
0.16702199789220012 	 0.0
0.16802199789220013 	 0.0
0.16902199789220013 	 0.0
0.17002199789220013 	 0.0
0.17102199789220013 	 0.0
0.17202199789220013 	 0.0
0.17302199789220013 	 0.0
0.17402199789220013 	 0.0
0.17502199789220013 	 0.0
0.17602199789220013 	 0.0
0.17702199789220013 	 0.0
0.17802199789220013 	 0.0
0.17902199789220014 	 0.0
0.18002199789220014 	 0.0
0.18102199789220014 	 0.0
0.18202199789220014 	 0.0
0.18302199789220014 	 0.0
0.18402199789220014 	 0.0
0.18502199789220014 	 0.0
0.18602199789220014 	 0.0
0.18702199789220014 	 0.0
0.18802199789220014 	 0.0
0.18902199789220014 	 0.0
0.19002199789220015 	 0.0
0.19102199789220015 	 0.0
0.19202199789220015 	 0.0
0.19302199789220015 	 0.0
0.19402199789220015 	 0.0
0.19502199789220015 	 0.0
0.19602199789220015 	 0.0
0.19702199789220015 	 0.0
0.19802199789220015 	 0.0
0.19902199789220015 	 0.0
0.20002199789220015 	 0.0
0.20102199789220015 	 0.0
0.20202199789220016 	 0.0
0.20302199789220016 	 0.0
0.20402199789220016 	 0.0
0.20502199789220016 	 0.0
0.20602199789220016 	 0.0
0.20702199789220016 	 0.0
0.20802199789220016 	 0.0
0.20902199789220016 	 0.0
0.21002199789220016 	 0.0
0.21102199789220016 	 0.0
0.21202199789220016 	 0.0
0.21302199789220017 	 0.0
0.21402199789220017 	 0.0
0.21502199789220017 	 0.0
0.21602199789220017 	 0.0
0.21702199789220017 	 0.0
0.21802199789220017 	 0.0
0.21902199789220017 	 0.0
0.22002199789220017 	 0.0
0.22102199789220017 	 0.0
0.22202199789220017 	 0.0
0.22302199789220017 	 0.0
0.22402199789220018 	 0.0
0.22502199789220018 	 0.0
0.22602199789220018 	 0.0
0.22702199789220018 	 0.0
0.22802199789220018 	 0.0
0.22902199789220018 	 0.0
0.23002199789220018 	 0.0
0.23102199789220018 	 0.0
0.23202199789220018 	 0.0
0.23302199789220018 	 0.0
0.23402199789220018 	 0.0
0.23502199789220019 	 0.0
0.23602199789220019 	 0.0
0.2370219978922002 	 0.0
0.2380219978922002 	 0.0
0.2390219978922002 	 0.0
0.2400219978922002 	 0.0
0.2410219978922002 	 0.0
0.2420219978922002 	 0.0
0.2430219978922002 	 0.0
0.2440219978922002 	 0.0
0.2450219978922002 	 0.0
0.2460219978922002 	 0.0
0.2470219978922002 	 0.0
0.2480219978922002 	 0.0
0.2490219978922002 	 0.0
0.2500219978922002 	 0.0
0.2510219978922002 	 0.0
0.2520219978922002 	 0.0
0.2530219978922002 	 0.0
0.2540219978922002 	 0.0
0.2550219978922002 	 0.0
0.2560219978922002 	 0.0
0.2570219978922002 	 0.0
0.2580219978922002 	 0.0
0.2590219978922002 	 0.0
0.2600219978922002 	 0.0
0.2610219978922002 	 0.0
0.2620219978922002 	 0.0
0.2630219978922002 	 0.0
0.2640219978922002 	 0.0
0.2650219978922002 	 0.0
0.2660219978922002 	 0.0
0.2670219978922002 	 0.0
0.2680219978922002 	 0.0
0.2690219978922002 	 0.0
0.2700219978922002 	 0.0
0.2710219978922002 	 0.0
0.2720219978922002 	 0.0
0.2730219978922002 	 0.0
0.2740219978922002 	 0.0
0.2750219978922002 	 0.0
0.2760219978922002 	 0.0
0.2770219978922002 	 0.0
0.2780219978922002 	 0.0
0.2790219978922002 	 0.0
0.2800219978922002 	 0.0
0.2810219978922002 	 0.0
0.2820219978922002 	 0.0
0.2830219978922002 	 0.0
0.28402199789220023 	 0.0
0.28502199789220023 	 0.0
0.28602199789220023 	 0.0
0.28702199789220023 	 0.0
0.28802199789220023 	 0.0
0.28902199789220023 	 0.0
0.29002199789220023 	 0.0
0.29102199789220023 	 0.0
0.29202199789220024 	 0.0
0.29302199789220024 	 0.0
0.29402199789220024 	 0.0
0.29502199789220024 	 0.0
0.29602199789220024 	 0.0
0.29702199789220024 	 0.0
0.29802199789220024 	 0.0
0.29902199789220024 	 0.0
0.30002199789220024 	 0.0
0.30102199789220024 	 0.0
0.30202199789220024 	 0.0
0.30302199789220025 	 0.0
0.30402199789220025 	 0.0
0.30502199789220025 	 0.0
0.30602199789220025 	 0.0
0.30702199789220025 	 0.0
0.30802199789220025 	 0.0
0.30902199789220025 	 0.0
0.31002199789220025 	 0.0
0.31102199789220025 	 0.0
0.31202199789220025 	 0.0
0.31302199789220025 	 0.0
0.31402199789220026 	 0.0
0.31502199789220026 	 0.0
0.31602199789220026 	 0.0
0.31702199789220026 	 0.0
0.31802199789220026 	 0.0
0.31902199789220026 	 0.0
0.32002199789220026 	 0.0
0.32102199789220026 	 0.0
0.32202199789220026 	 0.0
0.32302199789220026 	 0.0
0.32402199789220026 	 0.0
0.32502199789220027 	 0.0
0.32602199789220027 	 0.0
0.32702199789220027 	 0.0
0.32802199789220027 	 0.0
0.32902199789220027 	 0.0
0.33002199789220027 	 0.0
0.33102199789220027 	 0.0
0.33202199789220027 	 0.0
0.33302199789220027 	 0.0
0.3340219978922003 	 0.0
0.3350219978922003 	 0.0
0.3360219978922003 	 0.0
0.3370219978922003 	 0.0
0.3380219978922003 	 0.0
0.3390219978922003 	 0.0
0.3400219978922003 	 0.0
0.3410219978922003 	 0.0
0.3420219978922003 	 0.0
0.3430219978922003 	 0.0
0.3440219978922003 	 0.0
0.3450219978922003 	 0.0
0.3460219978922003 	 0.0
0.3470219978922003 	 0.0
0.3480219978922003 	 0.0
0.3490219978922003 	 0.0
0.3500219978922003 	 0.0
0.3510219978922003 	 0.0
0.3520219978922003 	 0.0
0.3530219978922003 	 0.0
0.3540219978922003 	 0.0
0.3550219978922003 	 0.0
0.3560219978922003 	 0.0
0.3570219978922003 	 0.0
0.3580219978922003 	 0.0
0.3590219978922003 	 0.0
0.3600219978922003 	 0.0
0.3610219978922003 	 0.0
0.3620219978922003 	 0.0
0.3630219978922003 	 0.0
0.3640219978922003 	 0.0
0.3650219978922003 	 0.0
0.3660219978922003 	 0.0
0.3670219978922003 	 0.0
0.3680219978922003 	 0.0
0.3690219978922003 	 0.0
0.3700219978922003 	 0.0
0.3710219978922003 	 0.0
0.3720219978922003 	 0.0
0.3730219978922003 	 0.0
0.3740219978922003 	 0.0
0.3750219978922003 	 0.0
0.3760219978922003 	 0.0
0.3770219978922003 	 0.0
0.3780219978922003 	 0.0
0.3790219978922003 	 0.0
0.3800219978922003 	 0.0
0.3810219978922003 	 0.0
0.3820219978922003 	 0.0
0.3830219978922003 	 0.0
0.3840219978922003 	 0.0
0.3850219978922003 	 0.0
0.3860219978922003 	 0.0
0.3870219978922003 	 0.0
0.3880219978922003 	 0.0
0.3890219978922003 	 0.0
0.3900219978922003 	 0.0
0.3910219978922003 	 0.0
0.3920219978922003 	 0.0
0.3930219978922003 	 0.0
0.3940219978922003 	 0.0
0.3950219978922003 	 0.0
0.39602199789220033 	 0.0
0.39702199789220033 	 0.0
0.39802199789220033 	 0.0
0.39902199789220033 	 0.0
0.40002199789220033 	 0.0
0.40102199789220033 	 0.0
0.40202199789220033 	 0.0
0.40302199789220033 	 0.0
0.40402199789220034 	 0.0
0.40502199789220034 	 0.0
0.40602199789220034 	 0.0
0.40702199789220034 	 0.0
0.40802199789220034 	 0.0
0.40902199789220034 	 0.0
0.41002199789220034 	 0.0
0.41102199789220034 	 0.0
0.41202199789220034 	 0.0
0.41302199789220034 	 0.0
0.41402199789220034 	 0.0
0.41502199789220034 	 0.0
0.41602199789220035 	 0.0
0.41702199789220035 	 0.0
0.41802199789220035 	 0.0
0.41902199789220035 	 0.0
0.42002199789220035 	 0.0
0.42102199789220035 	 0.0
0.42202199789220035 	 0.0
0.42302199789220035 	 0.0
0.42402199789220035 	 0.0
0.42502199789220035 	 0.0
0.42602199789220035 	 0.0
0.42702199789220036 	 0.0
0.42802199789220036 	 0.0
0.42902199789220036 	 0.0
0.43002199789220036 	 0.0
0.43102199789220036 	 0.0
0.43202199789220036 	 0.0
0.43302199789220036 	 0.0
0.43402199789220036 	 0.0
0.43502199789220036 	 0.0
0.43602199789220036 	 0.0
0.43702199789220036 	 0.0
0.43802199789220037 	 0.0
0.43902199789220037 	 0.0
0.44002199789220037 	 0.0
0.44102199789220037 	 0.0
0.44202199789220037 	 0.0
0.44302199789220037 	 0.0
0.44402199789220037 	 0.0
0.44502199789220037 	 0.0
0.4460219978922004 	 0.0
0.4470219978922004 	 0.0
0.4480219978922004 	 0.0
0.4490219978922004 	 0.0
0.4500219978922004 	 0.0
0.4510219978922004 	 0.0
0.4520219978922004 	 0.0
0.4530219978922004 	 0.0
0.4540219978922004 	 0.0
0.4550219978922004 	 0.0
0.4560219978922004 	 0.0
0.4570219978922004 	 0.0
0.4580219978922004 	 0.0
0.4590219978922004 	 0.0
0.4600219978922004 	 0.0
0.4610219978922004 	 0.0
0.4620219978922004 	 0.0
0.4630219978922004 	 0.0
0.4640219978922004 	 0.0
0.4650219978922004 	 0.0
0.4660219978922004 	 0.0
0.4670219978922004 	 0.0
0.4680219978922004 	 0.0
0.4690219978922004 	 0.0
0.4700219978922004 	 0.0
0.4710219978922004 	 0.0
0.4720219978922004 	 0.0
0.4730219978922004 	 0.0
0.4740219978922004 	 0.0
0.4750219978922004 	 0.0
0.4760219978922004 	 0.0
0.4770219978922004 	 0.0
0.4780219978922004 	 0.0
0.4790219978922004 	 0.0
0.4800219978922004 	 0.0
0.4810219978922004 	 0.0
0.4820219978922004 	 0.0
0.4830219978922004 	 0.0
0.4840219978922004 	 0.0
0.4850219978922004 	 0.0
0.4860219978922004 	 0.0
0.4870219978922004 	 0.0
0.4880219978922004 	 0.0
0.4890219978922004 	 0.0
0.4900219978922004 	 0.0
0.4910219978922004 	 0.0
0.4920219978922004 	 0.0
0.4930219978922004 	 0.0
0.4940219978922004 	 0.0
0.4950219978922004 	 0.0
0.4960219978922004 	 0.0
0.4970219978922004 	 0.0
0.4980219978922004 	 0.0
0.4990219978922004 	 0.0
0.5000219978922004 	 0.0
0.5010219978922004 	 0.0
0.5020219978922004 	 0.0
0.5030219978922004 	 0.0
0.5040219978922004 	 0.0
0.5050219978922004 	 0.0
0.5060219978922004 	 0.0
0.5070219978922004 	 0.0
0.5080219978922004 	 0.0
0.5090219978922004 	 0.0
0.5100219978922004 	 0.0
0.5110219978922004 	 0.0
0.5120219978922004 	 0.0
0.5130219978922004 	 0.0
0.5140219978922004 	 0.0
0.5150219978922004 	 0.0
0.5160219978922004 	 0.0
0.5170219978922004 	 0.0
0.5180219978922004 	 0.0
0.5190219978922004 	 0.0
0.5200219978922004 	 0.0
0.5210219978922004 	 0.0
0.5220219978922004 	 0.0
0.5230219978922004 	 0.0
0.5240219978922004 	 0.0
0.5250219978922004 	 0.0
0.5260219978922004 	 0.0
0.5270219978922004 	 0.0
0.5280219978922004 	 0.0
0.5290219978922004 	 0.0
0.5300219978922004 	 0.0
0.5310219978922004 	 0.0
0.5320219978922004 	 0.0
0.5330219978922004 	 0.0
0.5340219978922004 	 0.0
0.5350219978922004 	 0.0
0.5360219978922004 	 0.0
0.5370219978922004 	 0.0
0.5380219978922004 	 0.0
0.5390219978922004 	 0.0
0.5400219978922004 	 0.0
0.5410219978922004 	 0.0
0.5420219978922004 	 0.0
0.5430219978922004 	 0.0
0.5440219978922004 	 0.0
0.5450219978922004 	 0.0
0.5460219978922004 	 0.0
0.5470219978922004 	 0.0
0.5480219978922004 	 0.0
0.5490219978922004 	 0.0
0.5500219978922004 	 0.0
0.5510219978922004 	 0.0
0.5520219978922004 	 0.0
0.5530219978922004 	 0.0
0.5540219978922004 	 0.0
0.5550219978922004 	 0.0
0.5560219978922004 	 0.0
0.5570219978922004 	 0.0
0.5580219978922004 	 0.0
0.5590219978922004 	 0.0
0.5600219978922004 	 0.0
0.5610219978922004 	 0.0
0.5620219978922004 	 0.0
0.5630219978922004 	 0.0
0.5640219978922004 	 0.0
0.5650219978922004 	 0.0
0.5660219978922004 	 0.0
0.5670219978922004 	 0.0
0.5680219978922004 	 0.0
0.5690219978922004 	 0.0
0.5700219978922004 	 0.0
0.5710219978922004 	 0.0
0.5720219978922004 	 0.0
0.5730219978922004 	 0.0
0.5740219978922004 	 0.0
0.5750219978922004 	 0.0
0.5760219978922004 	 0.0
0.5770219978922004 	 0.0
0.5780219978922004 	 0.0
0.5790219978922004 	 0.0
0.5800219978922004 	 0.0
0.5810219978922004 	 0.0
0.5820219978922004 	 0.0
0.5830219978922004 	 0.0
0.5840219978922004 	 0.0
0.5850219978922004 	 0.0
0.5860219978922004 	 0.0
0.5870219978922004 	 0.0
0.5880219978922004 	 0.0
0.5890219978922004 	 0.0
0.5900219978922004 	 0.0
0.5910219978922004 	 0.0
0.5920219978922004 	 0.0
0.5930219978922004 	 0.0
0.5940219978922004 	 0.0
0.5950219978922004 	 0.0
0.5960219978922005 	 0.0
0.5970219978922005 	 0.0
0.5980219978922005 	 0.0
0.5990219978922005 	 0.0
0.6000219978922005 	 0.0
0.6010219978922005 	 0.0
0.6020219978922005 	 0.0
0.6030219978922005 	 0.0
0.6040219978922005 	 0.0
0.6050219978922005 	 0.0
0.6060219978922005 	 0.0
0.6070219978922005 	 0.0
0.6080219978922005 	 0.0
0.6090219978922005 	 0.0
0.6100219978922005 	 0.0
0.6110219978922005 	 0.0
0.6120219978922005 	 0.0
0.6130219978922005 	 0.0
0.6140219978922005 	 0.0
0.6150219978922005 	 0.0
0.6160219978922005 	 0.0
0.6170219978922005 	 0.0
0.6180219978922005 	 0.0
0.6190219978922005 	 0.0
0.6200219978922005 	 0.0
0.6210219978922005 	 0.0
0.6220219978922005 	 0.0
0.6230219978922005 	 0.0
0.6240219978922005 	 0.0
0.6250219978922005 	 0.0
0.6260219978922005 	 0.0
0.6270219978922005 	 0.0
0.6280219978922005 	 0.0
0.6290219978922005 	 0.0
0.6300219978922005 	 0.0
0.6310219978922005 	 0.0
0.6320219978922005 	 0.0
0.6330219978922005 	 0.0
0.6340219978922005 	 0.0
0.6350219978922005 	 0.0
0.6360219978922005 	 0.0
0.6370219978922005 	 0.0
0.6380219978922005 	 0.0
0.6390219978922005 	 0.0
0.6400219978922005 	 0.0
0.6410219978922005 	 0.0
0.6420219978922005 	 0.0
0.6430219978922005 	 0.0
0.6440219978922005 	 0.0
0.6450219978922005 	 0.0
0.6460219978922005 	 0.0
0.6470219978922005 	 0.0
0.6480219978922005 	 0.0
0.6490219978922005 	 0.0
0.6500219978922005 	 0.0
0.6510219978922005 	 0.0
0.6520219978922005 	 0.0
0.6530219978922005 	 0.0
0.6540219978922005 	 0.0
0.6550219978922005 	 0.0
0.6560219978922005 	 0.0
0.6570219978922005 	 0.0
0.6580219978922005 	 0.0
0.6590219978922005 	 0.0
0.6600219978922005 	 0.0
0.6610219978922005 	 0.0
0.6620219978922005 	 0.0
0.6630219978922005 	 0.0
0.6640219978922005 	 0.0
0.6650219978922005 	 0.0
0.6660219978922005 	 0.0
0.6670219978922005 	 0.0
0.6680219978922005 	 0.0
0.6690219978922005 	 0.0
0.6700219978922005 	 0.0
0.6710219978922005 	 0.0
0.6720219978922005 	 0.0
0.6730219978922005 	 0.0
0.6740219978922005 	 0.0
0.6750219978922005 	 0.0
0.6760219978922005 	 0.0
0.6770219978922005 	 0.0
0.6780219978922005 	 0.0
0.6790219978922005 	 0.0
0.6800219978922005 	 0.0
0.6810219978922005 	 0.0
0.6820219978922005 	 0.0
0.6830219978922005 	 0.0
0.6840219978922005 	 0.0
0.6850219978922005 	 0.0
0.6860219978922005 	 0.0
0.6870219978922005 	 0.0
0.6880219978922005 	 0.0
0.6890219978922005 	 0.0
0.6900219978922005 	 0.0
0.6910219978922005 	 0.0
0.6920219978922005 	 0.0
0.6930219978922005 	 0.0
0.6940219978922005 	 0.0
0.6950219978922005 	 0.0
0.6960219978922005 	 0.0
0.6970219978922005 	 0.0
0.6980219978922005 	 0.0
0.6990219978922005 	 0.0
0.7000219978922005 	 0.0
0.7010219978922005 	 0.0
0.7020219978922005 	 0.0
0.7030219978922005 	 0.0
0.7040219978922005 	 0.0
0.7050219978922005 	 0.0
0.7060219978922005 	 0.0
0.7070219978922005 	 0.0
0.7080219978922005 	 0.0
0.7090219978922006 	 0.0
0.7100219978922006 	 0.0
0.7110219978922006 	 0.0
0.7120219978922006 	 0.0
0.7130219978922006 	 0.0
0.7140219978922006 	 0.0
0.7150219978922006 	 0.0
0.7160219978922006 	 0.0
0.7170219978922006 	 0.0
0.7180219978922006 	 0.0
0.7190219978922006 	 0.0
0.7200219978922006 	 0.0
0.7210219978922006 	 0.0
0.7220219978922006 	 0.0
0.7230219978922006 	 0.0
0.7240219978922006 	 0.0
0.7250219978922006 	 0.0
0.7260219978922006 	 0.0
0.7270219978922006 	 0.0
0.7280219978922006 	 0.0
0.7290219978922006 	 0.0
0.7300219978922006 	 0.0
0.7310219978922006 	 0.0
0.7320219978922006 	 0.0
0.7330219978922006 	 0.0
0.7340219978922006 	 0.0
0.7350219978922006 	 0.0
0.7360219978922006 	 0.0
0.7370219978922006 	 0.0
0.7380219978922006 	 0.0
0.7390219978922006 	 0.0
0.7400219978922006 	 0.0
0.7410219978922006 	 0.0
0.7420219978922006 	 0.0
0.7430219978922006 	 0.0
0.7440219978922006 	 0.0
0.7450219978922006 	 0.0
0.7460219978922006 	 0.0
0.7470219978922006 	 0.0
0.7480219978922006 	 0.0
0.7490219978922006 	 0.0
0.7500219978922006 	 0.0
0.7510219978922006 	 0.0
0.7520219978922006 	 0.0
0.7530219978922006 	 0.0
0.7540219978922006 	 0.0
0.7550219978922006 	 0.0
0.7560219978922006 	 0.0
0.7570219978922006 	 0.0
0.7580219978922006 	 0.0
0.7590219978922006 	 0.0
0.7600219978922006 	 0.0
0.7610219978922006 	 0.0
0.7620219978922006 	 0.0
0.7630219978922006 	 0.0
0.7640219978922006 	 0.0
0.7650219978922006 	 0.0
0.7660219978922006 	 0.0
0.7670219978922006 	 0.0
0.7680219978922006 	 0.0
0.7690219978922006 	 0.0
0.7700219978922006 	 0.0
0.7710219978922006 	 0.0
0.7720219978922006 	 0.0
0.7730219978922006 	 0.0
0.7740219978922006 	 0.0
0.7750219978922006 	 0.0
0.7760219978922006 	 0.0
0.7770219978922006 	 0.0
0.7780219978922006 	 0.0
0.7790219978922006 	 0.0
0.7800219978922006 	 0.0
0.7810219978922006 	 0.0
0.7820219978922006 	 0.0
0.7830219978922006 	 0.0
0.7840219978922006 	 0.0
0.7850219978922006 	 0.0
0.7860219978922006 	 0.0
0.7870219978922006 	 0.0
0.7880219978922006 	 0.0
0.7890219978922006 	 0.0
0.7900219978922006 	 0.0
0.7910219978922006 	 0.0
0.7920219978922006 	 0.0
0.7930219978922006 	 0.0
0.7940219978922006 	 0.0
0.7950219978922006 	 0.0
0.7960219978922006 	 0.0
0.7970219978922006 	 0.0
0.7980219978922006 	 0.0
0.7990219978922006 	 0.0
0.8000219978922006 	 0.0
0.8010219978922006 	 0.0
0.8020219978922006 	 0.0
0.8030219978922006 	 0.0
0.8040219978922006 	 0.0
0.8050219978922006 	 0.0
0.8060219978922006 	 0.0
0.8070219978922006 	 0.0
0.8080219978922006 	 0.0
0.8090219978922006 	 0.0
0.8100219978922006 	 0.0
0.8110219978922006 	 0.0
0.8120219978922006 	 0.0
0.8130219978922006 	 0.0
0.8140219978922006 	 0.0
0.8150219978922006 	 0.0
0.8160219978922006 	 0.0
0.8170219978922006 	 0.0
0.8180219978922006 	 0.0
0.8190219978922006 	 0.0
0.8200219978922006 	 0.0
0.8210219978922007 	 0.0
0.8220219978922007 	 0.0
0.8230219978922007 	 0.0
0.8240219978922007 	 0.0
0.8250219978922007 	 0.0
0.8260219978922007 	 0.0
0.8270219978922007 	 0.0
0.8280219978922007 	 0.0
0.8290219978922007 	 0.0
0.8300219978922007 	 0.0
0.8310219978922007 	 0.0
0.8320219978922007 	 0.0
0.8330219978922007 	 0.0
0.8340219978922007 	 0.0
0.8350219978922007 	 0.0
0.8360219978922007 	 0.0
0.8370219978922007 	 0.0
0.8380219978922007 	 0.0
0.8390219978922007 	 0.0
0.8400219978922007 	 0.0
0.8410219978922007 	 0.0
0.8420219978922007 	 0.0
0.8430219978922007 	 0.0
0.8440219978922007 	 0.0
0.8450219978922007 	 0.0
0.8460219978922007 	 0.0
0.8470219978922007 	 0.0
0.8480219978922007 	 0.0
0.8490219978922007 	 0.0
0.8500219978922007 	 0.0
0.8510219978922007 	 0.0
0.8520219978922007 	 0.0
0.8530219978922007 	 0.0
0.8540219978922007 	 0.0
0.8550219978922007 	 0.0
0.8560219978922007 	 0.0
0.8570219978922007 	 0.0
0.8580219978922007 	 0.0
0.8590219978922007 	 0.0
0.8600219978922007 	 0.0
0.8610219978922007 	 0.0
0.8620219978922007 	 0.0
0.8630219978922007 	 0.0
0.8640219978922007 	 0.0
0.8650219978922007 	 0.0
0.8660219978922007 	 0.0
0.8670219978922007 	 0.0
0.8680219978922007 	 0.0
0.8690219978922007 	 0.0
0.8700219978922007 	 0.0
0.8710219978922007 	 0.0
0.8720219978922007 	 0.0
0.8730219978922007 	 0.0
0.8740219978922007 	 0.0
0.8750219978922007 	 0.0
0.8760219978922007 	 0.0
0.8770219978922007 	 0.0
0.8780219978922007 	 0.0
0.8790219978922007 	 0.0
0.8800219978922007 	 0.0
0.8810219978922007 	 0.0
0.8820219978922007 	 0.0
0.8830219978922007 	 0.0
0.8840219978922007 	 0.0
0.8850219978922007 	 0.0
0.8860219978922007 	 0.0
0.8870219978922007 	 0.0
0.8880219978922007 	 0.0
0.8890219978922007 	 0.0
0.8900219978922007 	 0.0
0.8910219978922007 	 0.0
0.8920219978922007 	 0.0
0.8930219978922007 	 0.0
0.8940219978922007 	 0.0
0.8950219978922007 	 0.0
0.8960219978922007 	 0.0
0.8970219978922007 	 0.0
0.8980219978922007 	 0.0
0.8990219978922007 	 0.0
0.9000219978922007 	 0.0
0.9010219978922007 	 0.0
0.9020219978922007 	 0.0
0.9030219978922007 	 0.0
0.9040219978922007 	 0.0
0.9050219978922007 	 0.0
0.9060219978922007 	 0.0
0.9070219978922007 	 0.0
0.9080219978922007 	 0.0
0.9090219978922007 	 0.0
0.9100219978922007 	 0.0
0.9110219978922007 	 0.0
0.9120219978922007 	 0.0
0.9130219978922007 	 0.0
0.9140219978922007 	 0.0
0.9150219978922007 	 0.0
0.9160219978922007 	 0.0
0.9170219978922007 	 0.0
0.9180219978922007 	 0.0
0.9190219978922007 	 0.0
0.9200219978922007 	 0.0
0.9210219978922007 	 0.0
0.9220219978922007 	 0.0
0.9230219978922007 	 0.0
0.9240219978922007 	 0.0
0.9250219978922007 	 0.0
0.9260219978922007 	 0.0
0.9270219978922007 	 0.0
0.9280219978922007 	 0.0
0.9290219978922007 	 0.0
0.9300219978922007 	 0.0
0.9310219978922007 	 0.0
0.9320219978922007 	 0.0
0.9330219978922007 	 0.0
0.9340219978922008 	 0.0
0.9350219978922008 	 0.0
0.9360219978922008 	 0.0
0.9370219978922008 	 0.0
0.9380219978922008 	 0.0
0.9390219978922008 	 0.0
0.9400219978922008 	 0.0
0.9410219978922008 	 0.0
0.9420219978922008 	 0.0
0.9430219978922008 	 0.0
0.9440219978922008 	 0.0
0.9450219978922008 	 0.0
0.9460219978922008 	 0.0
0.9470219978922008 	 0.0
0.9480219978922008 	 0.0
0.9490219978922008 	 0.0
0.9500219978922008 	 0.0
0.9510219978922008 	 0.0
0.9520219978922008 	 0.0
0.9530219978922008 	 0.0
0.9540219978922008 	 0.0
0.9550219978922008 	 0.0
0.9560219978922008 	 0.0
0.9570219978922008 	 0.0
0.9580219978922008 	 0.0
0.9590219978922008 	 0.0
0.9600219978922008 	 0.0
0.9610219978922008 	 0.0
0.9620219978922008 	 0.0
0.9630219978922008 	 0.0
0.9640219978922008 	 0.0
0.9650219978922008 	 0.0
0.9660219978922008 	 0.0
0.9670219978922008 	 0.0
0.9680219978922008 	 0.0
0.9690219978922008 	 0.0
0.9700219978922008 	 0.0
0.9710219978922008 	 0.0
0.9720219978922008 	 0.0
0.9730219978922008 	 0.0
0.9740219978922008 	 0.0
0.9750219978922008 	 0.0
0.9760219978922008 	 0.0
0.9770219978922008 	 0.0
0.9780219978922008 	 0.0
0.9790219978922008 	 0.0
0.9800219978922008 	 0.0
0.9810219978922008 	 0.0
0.9820219978922008 	 0.0
0.9830219978922008 	 0.0
0.9840219978922008 	 0.0
0.9850219978922008 	 0.0
0.9860219978922008 	 0.0
0.9870219978922008 	 0.0
0.9880219978922008 	 0.0
0.9890219978922008 	 0.0
0.9900219978922008 	 0.0
0.9910219978922008 	 0.0
0.9920219978922008 	 0.0
0.9930219978922008 	 0.0
0.9940219978922008 	 0.0
0.9950219978922008 	 0.0
0.9960219978922008 	 0.0
0.9970219978922008 	 0.0
0.9980219978922008 	 0.0
0.9990219978922008 	 0.0
1.0000219978922007 	 0.0
1.0010219978922006 	 0.0
1.0020219978922005 	 0.0
1.0030219978922004 	 0.0
1.0040219978922003 	 0.0
1.0050219978922001 	 0.0
1.0060219978922 	 0.0
1.0070219978922 	 0.0
1.0080219978921998 	 0.0
1.0090219978921997 	 0.0
1.0100219978921996 	 0.0
1.0110219978921995 	 0.0
1.0120219978921994 	 0.0
1.0130219978921993 	 0.0
1.0140219978921992 	 0.0
1.015021997892199 	 0.0
1.016021997892199 	 0.0
1.0170219978921988 	 0.0
1.0180219978921987 	 0.0
1.0190219978921986 	 0.0
1.0200219978921985 	 0.0
1.0210219978921984 	 0.0
1.0220219978921983 	 0.0
1.0230219978921982 	 0.0
1.024021997892198 	 0.0
1.025021997892198 	 0.0
1.0260219978921978 	 0.0
1.0270219978921977 	 0.0
1.0280219978921976 	 0.0
1.0290219978921975 	 0.0
1.0300219978921974 	 0.0
1.0310219978921973 	 0.0
1.0320219978921972 	 0.0
1.033021997892197 	 0.0
1.034021997892197 	 0.0
1.0350219978921968 	 0.0
1.0360219978921967 	 0.0
1.0370219978921966 	 0.0
1.0380219978921965 	 0.0
1.0390219978921964 	 0.0
1.0400219978921963 	 0.0
1.0410219978921962 	 0.0
1.042021997892196 	 0.0
1.043021997892196 	 0.0
1.0440219978921959 	 0.0
1.0450219978921957 	 0.0
1.0460219978921956 	 0.0
1.0470219978921955 	 0.0
1.0480219978921954 	 0.0
1.0490219978921953 	 0.0
1.0500219978921952 	 0.0
1.051021997892195 	 0.0
1.052021997892195 	 0.0
1.0530219978921949 	 0.0
1.0540219978921948 	 0.0
1.0550219978921946 	 0.0
1.0560219978921945 	 0.0
1.0570219978921944 	 0.0
1.0580219978921943 	 0.0
1.0590219978921942 	 0.0
1.060021997892194 	 0.0
1.061021997892194 	 0.0
1.0620219978921939 	 0.0
1.0630219978921938 	 0.0
1.0640219978921936 	 0.0
1.0650219978921935 	 0.0
1.0660219978921934 	 0.0
1.0670219978921933 	 0.0
1.0680219978921932 	 0.0
1.069021997892193 	 0.0
1.070021997892193 	 0.0
1.0710219978921929 	 0.0
1.0720219978921928 	 0.0
1.0730219978921927 	 0.0
1.0740219978921925 	 0.0
1.0750219978921924 	 0.0
1.0760219978921923 	 0.0
1.0770219978921922 	 0.0
1.078021997892192 	 0.0
1.079021997892192 	 0.0
1.0800219978921919 	 0.0
1.0810219978921918 	 0.0
1.0820219978921917 	 0.0
1.0830219978921916 	 0.0
1.0840219978921914 	 0.0
1.0850219978921913 	 0.0
1.0860219978921912 	 0.0
1.0870219978921911 	 0.0
1.088021997892191 	 0.0
1.089021997892191 	 0.0
1.0900219978921908 	 0.0
1.0910219978921907 	 0.0
1.0920219978921906 	 0.0
1.0930219978921905 	 0.0
1.0940219978921903 	 0.0
1.0950219978921902 	 0.0
1.0960219978921901 	 0.0
1.09702199789219 	 0.0
1.09802199789219 	 0.0
1.0990219978921898 	 0.0
1.1000219978921897 	 0.0
1.1010219978921896 	 0.0
1.1020219978921895 	 0.0
1.1030219978921894 	 0.0
1.1040219978921892 	 0.0
1.1050219978921891 	 0.0
1.106021997892189 	 0.0
1.107021997892189 	 0.0
1.1080219978921888 	 0.0
1.1090219978921887 	 0.0
1.1100219978921886 	 0.0
1.1110219978921885 	 0.0
1.1120219978921884 	 0.0
1.1130219978921883 	 0.0
1.1140219978921881 	 0.0
1.115021997892188 	 0.0
1.116021997892188 	 0.0
1.1170219978921878 	 0.0
1.1180219978921877 	 0.0
1.1190219978921876 	 0.0
1.1200219978921875 	 0.0
1.1210219978921874 	 0.0
1.1220219978921873 	 0.0
1.1230219978921872 	 0.0
1.124021997892187 	 0.0
1.125021997892187 	 0.0
1.1260219978921868 	 0.0
1.1270219978921867 	 0.0
1.1280219978921866 	 0.0
1.1290219978921865 	 0.0
1.1300219978921864 	 0.0
1.1310219978921863 	 0.0
1.1320219978921862 	 0.0
1.133021997892186 	 0.0
1.134021997892186 	 0.0
1.1350219978921858 	 0.0
1.1360219978921857 	 0.0
1.1370219978921856 	 0.0
1.1380219978921855 	 0.0
1.1390219978921854 	 0.0
1.1400219978921853 	 0.0
1.1410219978921852 	 0.0
1.142021997892185 	 0.0
1.143021997892185 	 0.0
1.1440219978921848 	 0.0
1.1450219978921847 	 0.0
1.1460219978921846 	 0.0
1.1470219978921845 	 0.0
1.1480219978921844 	 0.0
1.1490219978921843 	 0.0
1.1500219978921842 	 0.0
1.151021997892184 	 0.0
1.152021997892184 	 0.0
1.1530219978921838 	 0.0
1.1540219978921837 	 0.0
1.1550219978921836 	 0.0
1.1560219978921835 	 0.0
1.1570219978921834 	 0.0
1.1580219978921833 	 0.0
1.1590219978921832 	 0.0
1.160021997892183 	 0.0
1.161021997892183 	 0.0
1.1620219978921829 	 0.0
1.1630219978921827 	 0.0
1.1640219978921826 	 0.0
1.1650219978921825 	 0.0
1.1660219978921824 	 0.0
1.1670219978921823 	 0.0
1.1680219978921822 	 0.0
1.169021997892182 	 0.0
1.170021997892182 	 0.0
1.1710219978921819 	 0.0
1.1720219978921818 	 0.0
1.1730219978921816 	 0.0
1.1740219978921815 	 0.0
1.1750219978921814 	 0.0
1.1760219978921813 	 0.0
1.1770219978921812 	 0.0
1.178021997892181 	 0.0
1.179021997892181 	 0.0
1.1800219978921809 	 0.0
1.1810219978921808 	 0.0
1.1820219978921807 	 0.0
1.1830219978921805 	 0.0
1.1840219978921804 	 0.0
1.1850219978921803 	 0.0
1.1860219978921802 	 0.0
1.18702199789218 	 0.0
1.18802199789218 	 0.0
1.1890219978921799 	 0.0
1.1900219978921798 	 0.0
1.1910219978921797 	 0.0
1.1920219978921796 	 0.0
1.1930219978921794 	 0.0
1.1940219978921793 	 0.0
1.1950219978921792 	 0.0
1.1960219978921791 	 0.0
1.197021997892179 	 0.0
1.198021997892179 	 0.0
1.1990219978921788 	 0.0
1.2000219978921787 	 0.0
1.2010219978921786 	 0.0
1.2020219978921785 	 0.0
1.2030219978921783 	 0.0
1.2040219978921782 	 0.0
1.2050219978921781 	 0.0
1.206021997892178 	 0.0
1.207021997892178 	 0.0
1.2080219978921778 	 0.0
1.2090219978921777 	 0.0
1.2100219978921776 	 0.0
1.2110219978921775 	 0.0
1.2120219978921773 	 0.0
1.2130219978921772 	 0.0
1.2140219978921771 	 0.0
1.215021997892177 	 0.0
1.216021997892177 	 0.0
1.2170219978921768 	 0.0
1.2180219978921767 	 0.0
1.2190219978921766 	 0.0
1.2200219978921765 	 0.0
1.2210219978921764 	 0.0
1.2220219978921762 	 0.0
1.2230219978921761 	 0.0
1.224021997892176 	 0.0
1.225021997892176 	 0.0
1.2260219978921758 	 0.0
1.2270219978921757 	 0.0
1.2280219978921756 	 0.0
1.2290219978921755 	 0.0
1.2300219978921754 	 0.0
1.2310219978921753 	 0.0
1.2320219978921751 	 0.0
1.233021997892175 	 0.0
1.234021997892175 	 0.0
1.2350219978921748 	 0.0
1.2360219978921747 	 0.0
1.2370219978921746 	 0.0
1.2380219978921745 	 0.0
1.2390219978921744 	 0.0
1.2400219978921743 	 0.0
1.2410219978921742 	 0.0
1.242021997892174 	 0.0
1.243021997892174 	 0.0
1.2440219978921738 	 0.0
1.2450219978921737 	 0.0
1.2460219978921736 	 0.0
1.2470219978921735 	 0.0
1.2480219978921734 	 0.0
1.2490219978921733 	 0.0
1.2500219978921732 	 0.0
1.251021997892173 	 0.0
1.252021997892173 	 0.0
1.2530219978921728 	 0.0
1.2540219978921727 	 0.0
1.2550219978921726 	 0.0
1.2560219978921725 	 0.0
1.2570219978921724 	 0.0
1.2580219978921723 	 0.0
1.2590219978921722 	 0.0
1.260021997892172 	 0.0
1.261021997892172 	 0.0
1.2620219978921718 	 0.0
1.2630219978921717 	 0.0
1.2640219978921716 	 0.0
1.2650219978921715 	 0.0
1.2660219978921714 	 0.0
1.2670219978921713 	 0.0
1.2680219978921712 	 0.0
1.269021997892171 	 0.0
1.270021997892171 	 0.0
1.2710219978921709 	 0.0
1.2720219978921707 	 0.0
1.2730219978921706 	 0.0
1.2740219978921705 	 0.0
1.2750219978921704 	 0.0
1.2760219978921703 	 0.0
1.2770219978921702 	 0.0
1.27802199789217 	 0.0
1.27902199789217 	 0.0
1.2800219978921699 	 0.0
1.2810219978921698 	 0.0
1.2820219978921696 	 0.0
1.2830219978921695 	 0.0
1.2840219978921694 	 0.0
1.2850219978921693 	 0.0
1.2860219978921692 	 0.0
1.287021997892169 	 0.0
1.288021997892169 	 0.0
1.2890219978921689 	 0.0
1.2900219978921688 	 0.0
1.2910219978921686 	 0.0
1.2920219978921685 	 0.0
1.2930219978921684 	 0.0
1.2940219978921683 	 0.0
1.2950219978921682 	 0.0
1.296021997892168 	 0.0
1.297021997892168 	 0.0
1.2980219978921679 	 0.0
1.2990219978921678 	 0.0
1.3000219978921677 	 0.0
1.3010219978921675 	 0.0
1.3020219978921674 	 0.0
1.3030219978921673 	 0.0
1.3040219978921672 	 0.0
1.305021997892167 	 0.0
1.306021997892167 	 0.0
1.3070219978921669 	 0.0
1.3080219978921668 	 0.0
1.3090219978921667 	 0.0
1.3100219978921666 	 0.0
1.3110219978921664 	 0.0
1.3120219978921663 	 0.0
1.3130219978921662 	 0.0
1.3140219978921661 	 0.0
1.315021997892166 	 0.0
1.316021997892166 	 0.0
1.3170219978921658 	 0.0
1.3180219978921657 	 0.0
1.3190219978921656 	 0.0
1.3200219978921655 	 0.0
1.3210219978921653 	 0.0
1.3220219978921652 	 0.0
1.3230219978921651 	 0.0
1.324021997892165 	 0.0
1.325021997892165 	 0.0
1.3260219978921648 	 0.0
1.3270219978921647 	 0.0
1.3280219978921646 	 0.0
1.3290219978921645 	 0.0
1.3300219978921644 	 0.0
1.3310219978921642 	 1.2821093925622596e-07
1.3320219978921641 	 6.614490137195692e-07
1.333021997892164 	 1.4355171580135604e-06
1.334021997892164 	 2.4039776841106383e-06
1.3350219978921638 	 3.545764732782202e-06
1.3360219978921637 	 4.848969346074683e-06
1.3370219978921636 	 6.306236087414537e-06
1.3380219978921635 	 7.912857610785982e-06
1.3390219978921634 	 9.665851037906284e-06
1.3400219978921633 	 1.1563447833214996e-05
1.3410219978921631 	 1.3604752360031333e-05
1.342021997892163 	 1.57895058185395e-05
1.343021997892163 	 1.81179507308351e-05
1.3440219978921628 	 2.059073419685744e-05
1.3450219978921627 	 2.3208834068054744e-05
1.3460219978921626 	 2.5973503582743983e-05
1.3470219978921625 	 2.8886231829233552e-05
1.3480219978921624 	 3.194872122535073e-05
1.3490219978921623 	 3.516285669897124e-05
1.3500219978921622 	 3.853068272541258e-05
1.351021997892162 	 4.205438774231516e-05
1.352021997892162 	 4.5736294858534355e-05
1.3530219978921618 	 4.9578846794644264e-05
1.3540219978921617 	 5.358459498757097e-05
1.3550219978921616 	 5.775619100131094e-05
1.3560219978921615 	 6.209637873572209e-05
1.3570219978921614 	 6.660798720296e-05
1.3580219978921613 	 7.129392457663309e-05
1.3590219978921612 	 7.615717261328075e-05
1.360021997892161 	 8.120078136878727e-05
1.361021997892161 	 8.642742856101098e-05
1.3620219978921608 	 9.183801717901237e-05
1.3630219978921607 	 9.743484416943038e-05
1.3640219978921606 	 0.00010322403645528774
1.3650219978921605 	 0.00010920877560050194
1.3660219978921604 	 0.00011539200491299473
1.3670219978921603 	 0.0001217766250206945
1.3680219978921602 	 0.00012836548492489562
1.36902199789216 	 0.0001351613724323725
1.37002199789216 	 0.0001421670041500365
1.3710219978921598 	 0.00014938510291764073
1.3720219978921597 	 0.0001568186592506229
1.3730219978921596 	 0.00016447072458884932
1.3740219978921595 	 0.00017234433760573387
1.3750219978921594 	 0.00018044251970043466
1.3760219978921593 	 0.0001887682695064958
1.3770219978921592 	 0.000197324556086705
1.378021997892159 	 0.00020611431530358833
1.379021997892159 	 0.00021514044519789418
1.3800219978921588 	 0.00022440580086629643
1.3810219978921587 	 0.0002339131373736243
1.3820219978921586 	 0.0002436649462295134
1.3830219978921585 	 0.00025366357095946883
1.3840219978921584 	 0.00026391124222535525
1.3850219978921583 	 0.00027441007040028705
1.3860219978921582 	 0.00028516203853532813
1.387021997892158 	 0.00029616899613910087
1.388021997892158 	 0.0003074326243363498
1.3890219978921579 	 0.00031895388134422077
1.3900219978921577 	 0.00033073293101663404
1.3910219978921576 	 0.0003427699846280383
1.3920219978921575 	 0.00035506648645942295
1.3930219978921574 	 0.0003676241477466534
1.3940219978921573 	 0.00038044462354206994
1.3950219978921572 	 0.00039352951238762364
1.396021997892157 	 0.0004068801691884341
1.397021997892157 	 0.00042049714748742633
1.3980219978921569 	 0.0004343806602690303
1.3990219978921568 	 0.00044853073007849504
1.4000219978921566 	 0.00046292179634821234
1.4010219978921565 	 0.00047760424707858
1.4020219978921564 	 0.0004925521665663581
1.4030219978921563 	 0.0005077647958708643
1.4040219978921562 	 0.0005232411722340322
1.405021997892156 	 0.0005389801262692222
1.406021997892156 	 0.0005549802815290587
1.4070219978921559 	 0.0005712400574187861
1.4080219978921558 	 0.0005877576638204696
1.4090219978921557 	 0.0006045310985846974
1.4100219978921555 	 0.0006215581465423195
1.4110219978921554 	 0.0006388362078400779
1.4120219978921553 	 0.0006563617976339669
1.4130219978921552 	 0.000674131011145166
1.414021997892155 	 0.0006921402059733884
1.415021997892155 	 0.0007103860338181243
1.4160219978921549 	 0.0007288649627002503
1.4170219978921548 	 0.0007475732588298128
1.4180219978921547 	 0.0007665069883816018
1.4190219978921546 	 0.0007856620200452656
1.4200219978921544 	 0.0008050340283149738
1.4210219978921543 	 0.0008246184983855793
1.4220219978921542 	 0.0008444107360629372
1.4230219978921541 	 0.0008644058768979613
1.424021997892154 	 0.0008845988859401019
1.425021997892154 	 0.0009049845631136154
1.4260219978921538 	 0.0009255575480469121
1.4270219978921537 	 0.0009463123201035756
1.4280219978921536 	 0.0009672432159440012
1.4290219978921535 	 0.0009883444424873163
1.4300219978921533 	 0.0010096100881801624
1.4310219978921532 	 0.001031034139542039
1.4320219978921531 	 0.0010526105097717433
1.433021997892153 	 0.0010743330466970163
1.434021997892153 	 0.0010961955362057815
1.4350219978921528 	 0.0011181917140432997
1.4360219978921527 	 0.001140315276702279
1.4370219978921526 	 0.0011625598857975135
1.4380219978921525 	 0.001184919234788739
1.4390219978921523 	 0.0012073868769228778
1.4400219978921522 	 0.001229956071013511
1.4410219978921521 	 0.0012526200723437407
1.442021997892152 	 0.00127537216378051
1.443021997892152 	 0.0012982056777709737
1.4440219978921518 	 0.0013211140029544715
1.4450219978921517 	 0.0013440905980925176
1.4460219978921516 	 0.0013671290030827263
1.4470219978921515 	 0.00139022284753187
1.4480219978921514 	 0.001413365868782857
1.4490219978921512 	 0.0014365519263337897
1.4500219978921511 	 0.001459775013953433
1.451021997892151 	 0.0014830293415491985
1.452021997892151 	 0.0015063095479436513
1.4530219978921508 	 0.0015296105283807513
1.4540219978921507 	 0.001552927378790401
1.4550219978921506 	 0.0015762554030978781
1.4560219978921505 	 0.001599590119499453
1.4570219978921504 	 0.0016229270797879635
1.4580219978921503 	 0.0016462613640102655
1.4590219978921501 	 0.0016695880849760336
1.46002199789215 	 0.0016929025512825786
1.46102199789215 	 0.0017162002710346368
1.4620219978921498 	 0.0017394769531221955
1.4630219978921497 	 0.0017627285900773696
1.4640219978921496 	 0.0017859528150278023
1.4650219978921495 	 0.0018091488978516617
1.4660219978921494 	 0.0018323164982987224
1.4670219978921493 	 0.0018554556075202208
1.4680219978921492 	 0.0018785665547906571
1.469021997892149 	 0.0019016500087449548
1.470021997892149 	 0.001924706976025955
1.4710219978921488 	 0.001947738166004429
1.4720219978921487 	 0.0019707422056301394
1.4730219978921486 	 0.0019937173821388946
1.4740219978921485 	 0.0020166621833090106
1.4750219978921484 	 0.00203957529508891
1.4760219978921483 	 0.002062455596651936
1.4770219978921482 	 0.0020853021490161473
1.478021997892148 	 0.0021081142021050305
1.479021997892148 	 0.0021308911953771387
1.4800219978921478 	 0.0021536327543377827
1.4810219978921477 	 0.0021763386863599553
1.4820219978921476 	 0.0021990089711862045
1.4830219978921475 	 0.00222164581941278
1.4840219978921474 	 0.0022442594167115843
1.4850219978921473 	 0.002266862240979318
1.4860219978921472 	 0.0022894672745495015
1.487021997892147 	 0.0023120879796702863
1.488021997892147 	 0.002334737781032224
1.4890219978921468 	 0.0023574195397704405
1.4900219978921467 	 0.002380125770740698
1.4910219978921466 	 0.002402840295021373
1.4920219978921465 	 0.002425527153356972
1.4930219978921464 	 0.002448184701578033
1.4940219978921463 	 0.0024708213499618076
1.4950219978921462 	 0.002493445823498298
1.496021997892146 	 0.002516067147037357
1.497021997892146 	 0.002538694618103275
1.4980219978921459 	 0.0025613378197989886
1.4990219978921457 	 0.0025840066206474577
1.5000219978921456 	 0.002606711168828601
1.5010219978921455 	 0.0026294618856564224
1.5020219978921454 	 0.002652269458920786
1.5030219978921453 	 0.0026751448471182488
1.5040219978921452 	 0.0026980992724261734
1.505021997892145 	 0.0027211442170395604
1.506021997892145 	 0.0027442901490036505
1.5070219978921449 	 0.0027675429730929357
1.5080219978921447 	 0.002790903973646457
1.5090219978921446 	 0.0028143608599673913
1.5100219978921445 	 0.0028378978177244266
1.5110219978921444 	 0.0028615061375647194
1.5120219978921443 	 0.0028852051693999637
1.5130219978921442 	 0.0029090208623700846
1.514021997892144 	 0.002932969472052536
1.515021997892144 	 0.0029570578403537344
1.5160219978921439 	 0.00298129253030787
1.5170219978921438 	 0.003005680195517782
1.5180219978921436 	 0.0030302275844591373
1.5190219978921435 	 0.0030549415417571186
1.5200219978921434 	 0.003079829008191107
1.5210219978921433 	 0.003104896994699708
1.5220219978921432 	 0.0031301525629511616
1.523021997892143 	 0.0031556029519665524
1.524021997892143 	 0.0031812555064005426
1.5250219978921429 	 0.003207117667052615
1.5260219978921428 	 0.003233196698310681
1.5270219978921427 	 0.0032595000526787093
1.5280219978921425 	 0.0032860354616620867
1.5290219978921424 	 0.003312810754203225
1.5300219978921423 	 0.0033398337923671614
1.5310219978921422 	 0.003367112921294082
1.532021997892142 	 0.0033946579453125033
1.533021997892142 	 0.0034224791386391518
1.5340219978921419 	 0.0034505869363918376
1.5350219978921418 	 0.0034789919328124704
1.5360219978921417 	 0.003507704893304282
1.5370219978921416 	 0.003536736779725424
1.5380219978921414 	 0.003566098688889146
1.5390219978921413 	 0.003595800993128841
1.5400219978921412 	 0.0036258533683521453
1.5410219978921411 	 0.003656265609049883
1.542021997892141 	 0.003687047704976104
1.543021997892141 	 0.0037182098256783517
1.5440219978921408 	 0.003749762296943954
1.5450219978921407 	 0.003781715599325992
1.5460219978921406 	 0.003814080389339561
1.5470219978921405 	 0.003846868622664571
1.5480219978921403 	 0.003880096495568763
1.5490219978921402 	 0.003913781451756328
1.5500219978921401 	 0.003947935989910339
1.55102199789214 	 0.003982557458682022
1.55202199789214 	 0.004017655388423953
1.5530219978921398 	 0.004053243478088777
1.5540219978921397 	 0.004089335673013402
1.5550219978921396 	 0.004125946165765457
1.5560219978921395 	 0.00416308943506746
1.5570219978921394 	 0.00420078034070389
1.5580219978921392 	 0.004239034046762115
1.5590219978921391 	 0.004277866003743002
1.560021997892139 	 0.004317291959859401
1.561021997892139 	 0.0043573280138549265
1.5620219978921388 	 0.004397990752048906
1.5630219978921387 	 0.004439296942553729
1.5640219978921386 	 0.0044812591065279605
1.5650219978921385 	 0.004523885630441981
1.5660219978921384 	 0.0045671849185075315
1.5670219978921383 	 0.0046111657144214035
1.5680219978921381 	 0.004655790293605187
1.569021997892138 	 0.004701026973940396
1.570021997892138 	 0.004746917360283174
1.5710219978921378 	 0.004793482042266459
1.5720219978921377 	 0.004840751141921679
1.5730219978921376 	 0.004888757014336341
1.5740219978921375 	 0.004937531993245871
1.5750219978921374 	 0.004987108776065998
1.5760219978921373 	 0.005037520714169628
1.5770219978921372 	 0.0050888021601983545
1.578021997892137 	 0.0051409882789459375
1.579021997892137 	 0.005194114956581986
1.5800219978921368 	 0.005248218708277193
1.5810219978921367 	 0.005303336550686227
1.5820219978921366 	 0.005359505859249667
1.5830219978921365 	 0.005416763744487131
1.5840219978921364 	 0.005475146380049643
1.5850219978921363 	 0.005534688181170558
1.5860219978921362 	 0.005595420904416623
1.587021997892136 	 0.005657372807612555
1.588021997892136 	 0.005720549333051872
1.5890219978921358 	 0.00578471122176096
1.5900219978921357 	 0.005849765527554876
1.5910219978921356 	 0.00591571789351444
1.5920219978921355 	 0.0059825682621327154
1.5930219978921354 	 0.006050313982961454
1.5940219978921353 	 0.006118953266305489
1.5950219978921352 	 0.006188488716079231
1.596021997892135 	 0.006258930554573202
1.597021997892135 	 0.006330299002728873
1.5980219978921348 	 0.006402624753495154
1.5990219978921347 	 0.006475948140875108
1.6000219978921346 	 0.0065503172356099594
1.6010219978921345 	 0.006625779220402097
1.6020219978921344 	 0.006702360652530265
1.6030219978921343 	 0.006780081747873878
1.6040219978921342 	 0.006858959811151788
1.605021997892134 	 0.006939007963323288
1.606021997892134 	 0.007020234436916148
1.6070219978921338 	 0.007102642364826365
1.6080219978921337 	 0.007186229555466976
1.6090219978921336 	 0.007270988522376178
1.6100219978921335 	 0.007356906639356629
1.6110219978921334 	 0.007443971472697098
1.6120219978921333 	 0.007532185438042371
1.6130219978921332 	 0.007621551131534104
1.614021997892133 	 0.007712058869499806
1.615021997892133 	 0.00780368683943993
1.6160219978921329 	 0.007896408602155819
1.6170219978921327 	 0.007990193273358231
1.6180219978921326 	 0.008085005429516727
1.6190219978921325 	 0.008180804960168962
1.6200219978921324 	 0.008277546876041637
1.6210219978921323 	 0.008375181055446794
1.6220219978921322 	 0.008473651806802327
1.623021997892132 	 0.008572897675640583
1.624021997892132 	 0.008672851383724442
1.6250219978921319 	 0.00877343964659737
1.6260219978921318 	 0.008874582825074159
1.6270219978921316 	 0.008976194405872225
1.6280219978921315 	 0.009078181080750855
1.6290219978921314 	 0.00918044263524909
1.6300219978921313 	 0.009282871771304902
1.6310219978921312 	 0.009385345984132916
1.632021997892131 	 0.009487705064146515
1.633021997892131 	 0.009589772867744192
1.6340219978921309 	 0.009691376390140493
1.6350219978921308 	 0.00979237969515644
1.6360219978921307 	 0.009892650238175291
1.6370219978921305 	 0.009992047905415578
1.6380219978921304 	 0.010090425134516799
1.6390219978921303 	 0.010187616686913571
1.6400219978921302 	 0.010283440112009034
1.64102199789213 	 0.010377705675496333
1.64202199789213 	 0.010470216435258074
1.6430219978921299 	 0.010560769258239245
1.6440219978921298 	 0.010649155668169145
1.6450219978921297 	 0.010735162498320192
1.6460219978921296 	 0.010818572362645763
1.6470219978921294 	 0.010899163726933277
1.6480219978921293 	 0.010976712524251928
1.6490219978921292 	 0.011050993344407341
1.650021997892129 	 0.011121780485680556
1.651021997892129 	 0.011188846035874908
1.652021997892129 	 0.011251952536631705
1.6530219978921288 	 0.011310862957105518
1.6540219978921287 	 0.011365344808881897
1.6550219978921286 	 0.011415171637070388
1.6560219978921285 	 0.011460124263584991
1.6570219978921283 	 0.011499991626249973
1.6580219978921282 	 0.01153457302613107
1.6590219978921281 	 0.011563679848422171
1.660021997892128 	 0.011587137076215812
1.661021997892128 	 0.01160479748436307
1.6620219978921278 	 0.01161657786513615
1.6630219978921277 	 0.011622421814558586
1.6640219978921276 	 0.01162225684106739
1.6650219978921275 	 0.011615997440092006
1.6660219978921273 	 0.01160357701338553
1.6670219978921272 	 0.011584949414082711
1.6680219978921271 	 0.011560090013569778
1.669021997892127 	 0.011528996242380664
1.670021997892127 	 0.011491687789143301
1.6710219978921268 	 0.01144820823678969
1.6720219978921267 	 0.01139862929873775
1.6730219978921266 	 0.011343045652957129
1.6740219978921265 	 0.011281572803574134
1.6750219978921264 	 0.011214346251488623
1.6760219978921262 	 0.011141520441330651
1.6770219978921261 	 0.011063267430453152
1.678021997892126 	 0.010979775824583678
1.679021997892126 	 0.010891249445529301
1.6800219978921258 	 0.010797905824118414
1.6810219978921257 	 0.010699974602682226
1.6820219978921256 	 0.010597695840532294
1.6830219978921255 	 0.010491318512974945
1.6840219978921254 	 0.01038109876008999
1.6850219978921253 	 0.010267298178369388
1.6860219978921251 	 0.010150182168285274
1.687021997892125 	 0.010030018330844185
1.688021997892125 	 0.009907075247696212
1.6890219978921248 	 0.009781627616589215
1.6900219978921247 	 0.009653954014182523
1.6910219978921246 	 0.00952432643205333
1.6920219978921245 	 0.009393002080369648
1.6930219978921244 	 0.009260230204643588
1.6940219978921243 	 0.009126253350211572
1.6950219978921242 	 0.008991306496069325
1.696021997892124 	 0.008855616372028868
1.697021997892124 	 0.00871940095743797
1.6980219978921238 	 0.008582868851429762
1.6990219978921237 	 0.008446218839280836
1.7000219978921236 	 0.008097621078287884
1.7010219978921235 	 0.007953004000797325
1.7020219978921234 	 0.007808894710708338
1.7030219978921233 	 0.007665475194267489
1.7040219978921232 	 0.0075229149461484585
1.705021997892123 	 0.0073813710967754265
1.706021997892123 	 0.007240988612504757
1.7070219978921228 	 0.007101900559392739
1.7080219978921227 	 0.00696422842157209
1.7090219978921226 	 0.006828082465656081
1.7100219978921225 	 0.00669356214306283
1.7110219978921224 	 0.006560756522685971
1.7120219978921223 	 0.006429744746910498
1.7130219978921222 	 0.006300596504568629
1.714021997892122 	 0.006173372515036924
1.715021997892122 	 0.006048125018278221
1.7160219978921218 	 0.005924898266222766
1.7170219978921217 	 0.005803729011452176
1.7180219978921216 	 0.005684646989692887
1.7190219978921215 	 0.005567675393136298
1.7200219978921214 	 0.005452831332079148
1.7210219978921213 	 0.00534012628281691
1.7220219978921212 	 0.005229566520124299
1.723021997892121 	 0.005121153533020411
1.724021997892121 	 0.005014884422842325
1.7250219978921209 	 0.004910752282940914
1.7260219978921207 	 0.004808746559568235
1.7270219978921206 	 0.00470885339374879
1.7280219978921205 	 0.004611055944119702
1.7290219978921204 	 0.004515334690889049
1.7300219978921203 	 0.0044216677212003406
1.7310219978921202 	 0.0043300309963064595
1.73202199789212 	 0.004240398601050076
1.73302199789212 	 0.00415274297622312
1.7340219978921199 	 0.004067035134435666
1.7350219978921197 	 0.003983244860168672
1.7360219978921196 	 0.0039013408947150266
1.7370219978921195 	 0.0038212911067333115
1.7380219978921194 	 0.003743062649147885
1.7390219978921193 	 0.003666622103130945
1.7400219978921192 	 0.00359193560989657
1.741021997892119 	 0.0035189689910259114
1.742021997892119 	 0.003447687858026934
1.7430219978921189 	 0.0033780577118126274
1.7440219978921188 	 0.003310044032759203
1.7450219978921186 	 0.0032436123619810995
1.7460219978921185 	 0.0031787283744333095
1.7470219978921184 	 0.003115357944424062
1.7480219978921183 	 0.003053467204092824
1.7490219978921182 	 0.002993022595380193
1.750021997892118 	 0.0029339909159877635
1.751021997892118 	 0.002876339359798032
1.7520219978921179 	 0.0028200355521969082
1.7530219978921178 	 0.002765047580714134
1.7540219978921177 	 0.0027113440213712933
1.7550219978921175 	 0.002658893961101379
1.7560219978921174 	 0.0026076670165800266
1.7570219978921173 	 0.002557633349785307
1.7580219978921172 	 0.002508763680580618
1.759021997892117 	 0.002461029296594618
1.760021997892117 	 0.002414402060651899
1.7610219978921169 	 0.002368854415989626
1.7620219978921168 	 0.0023243593894772493
1.7630219978921167 	 0.0022808905930402036
1.7640219978921166 	 0.0022384222234724306
1.7650219978921164 	 0.0021969290608081487
1.7660219978921163 	 0.0021563864654096277
1.7670219978921162 	 0.002116770373914654
1.7680219978921161 	 0.0020780572941758078
1.769021997892116 	 0.0020402242993122566
1.770021997892116 	 0.0020032490209847325
1.7710219978921158 	 0.0019671096419944883
1.7720219978921157 	 0.0019317848882984883
1.7730219978921156 	 0.0018972540205245566
1.7740219978921155 	 0.0018634968250628196
1.7750219978921153 	 0.0018304936048026998
1.7760219978921152 	 0.0017982251695782224
1.7770219978921151 	 0.0017666728263783897
1.778021997892115 	 0.0017358183693740458
1.779021997892115 	 0.0017056440698073657
1.7800219978921148 	 0.001676132665785652
1.7810219978921147 	 0.0016472673520167666
1.7820219978921146 	 0.001619031769519644
1.7830219978921145 	 0.0015914099953396822
1.7840219978921144 	 0.001564386532295674
1.7850219978921142 	 0.0015379462987817716
1.7860219978921141 	 0.0015120746186453695
1.787021997892114 	 0.00148675721115926
1.788021997892114 	 0.0014619801811040362
1.7890219978921138 	 0.0014377300089748676
1.7900219978921137 	 0.0014139935413246204
1.7910219978921136 	 0.0013907579812538252
1.7920219978921135 	 0.0013680108790562718
1.7930219978921134 	 0.0013457401230276827
1.7940219978921133 	 0.0013239339304436516
1.7950219978921131 	 0.0013025808387118543
1.796021997892113 	 0.0012816696967025004
1.797021997892113 	 0.0012611896562601153
1.7980219978921128 	 0.0012411301638988307
1.7990219978921127 	 0.0012214809526826837
1.8000219978921126 	 0.0012022320342917024
1.8010219978921125 	 0.0011833736912739965
1.8020219978921124 	 0.0011648964694834843
1.8030219978921123 	 0.0011467911707025214
1.8040219978921122 	 0.0011290488454481302
1.805021997892112 	 0.001111660785960321
1.806021997892112 	 0.001094618519370542
1.8070219978921118 	 0.0010779138010481146
1.8080219978921117 	 0.001061538608122197
1.8090219978921116 	 0.0010454851331766668
1.8100219978921115 	 0.0010297457781150883
1.8110219978921114 	 0.0010143131481928224
1.8120219978921113 	 0.0009991800462131881
1.8130219978921112 	 0.0009843394668844789
1.814021997892111 	 0.0009697845913345824
1.815021997892111 	 0.0009555087817798574
1.8160219978921108 	 0.0009415055763449192
1.8170219978921107 	 0.0009277686840298718
1.8180219978921106 	 0.0009142919798216286
1.8190219978921105 	 0.0009010694999458271
1.8200219978921104 	 0.000888095437255956
1.8210219978921103 	 0.0008753641367562321
1.8220219978921102 	 0.0008628700912548776
1.82302199789211 	 0.0008506079371443932
1.82402199789211 	 0.0008385724503055102
1.8250219978921098 	 0.0008267585421315368
1.8260219978921097 	 0.0008151612556698304
1.8270219978921096 	 0.000803775761877205
1.8280219978921095 	 0.000792597355986138
1.8290219978921094 	 0.0007816214539786652
1.8300219978921093 	 0.0007708435891649407
1.8310219978921092 	 0.0007602594088634881
1.832021997892109 	 0.0007498646711802139
1.833021997892109 	 0.0007396552418833613
1.8340219978921088 	 0.0007296270913715811
1.8350219978921087 	 0.0007197762917324175
1.8360219978921086 	 0.0007100990138885482
1.8370219978921085 	 0.0007005915248291733
1.8380219978921084 	 0.000691250184924034
1.8390219978921083 	 0.0006820714453175739
1.8400219978921082 	 0.0006730518454008737
1.841021997892108 	 0.0006641880103589815
1.842021997892108 	 0.000655476648791388
1.8430219978921079 	 0.0006469145504034232
1.8440219978921077 	 0.0006384985837664108
1.8450219978921076 	 0.0006302256941445042
1.8460219978921075 	 0.0006220929013861608
1.8470219978921074 	 0.0006140972978782539
1.8480219978921073 	 0.0006062360465609557
1.8490219978921072 	 0.0005985063790014686
1.850021997892107 	 0.0005909055935248316
1.851021997892107 	 0.0005834310534000357
1.8520219978921069 	 0.0005760801850797351
1.8530219978921068 	 0.0005688504764919192
1.8540219978921066 	 0.0005617394753819186
1.8550219978921065 	 0.0005547447877032132
1.8560219978921064 	 0.000547864076055521
1.8570219978921063 	 0.0005410950581687084
1.8580219978921062 	 0.0005344355054311032
1.859021997892106 	 0.0005278832414608523
1.860021997892106 	 0.000521436140718968
1.8610219978921059 	 0.0005150921271627993
1.8620219978921058 	 0.00050884917293866
1.8630219978921057 	 0.0005027052971124182
1.8640219978921055 	 0.0004966585644368676
1.8650219978921054 	 0.0004907070841547401
1.8660219978921053 	 0.0004848490088362817
1.8670219978921052 	 0.00047908253325029394
1.868021997892105 	 0.0004734058932676485
1.869021997892105 	 0.0004678173647962393
1.8700219978921049 	 0.00046231526274643554
1.8710219978921048 	 0.0004568979400260739
1.8720219978921047 	 0.00045156378656410973
1.8730219978921046 	 0.00044631122836202825
1.8740219978921044 	 0.0004411387265721757
1.8750219978921043 	 0.00043604477660218297
1.8760219978921042 	 0.0004310279072446974
1.877021997892104 	 0.0004260866798316343
1.878021997892104 	 0.0004212196874122109
1.879021997892104 	 0.0004164255539540492
1.8800219978921038 	 0.00041170293356662094
1.8810219978921037 	 0.00040705050974639424
1.8820219978921036 	 0.00040246699464299045
1.8830219978921034 	 0.0003979511283457396
1.8840219978921033 	 0.00039350167819001395
1.8850219978921032 	 0.000389117438082738
1.8860219978921031 	 0.00038479722784651047
1.887021997892103 	 0.0003805398925817619
1.888021997892103 	 0.0003763443020464369
1.8890219978921028 	 0.00037220935005264066
1.8900219978921027 	 0.0003681339538797813
1.8910219978921026 	 0.000364117053703685
1.8920219978921025 	 0.000360157612041233
1.8930219978921023 	 0.0003562546132100466
1.8940219978921022 	 0.00035240706280277877
1.8950219978921021 	 0.00034861398717558423
1.896021997892102 	 0.00034487443295034425
1.897021997892102 	 0.0003411874665302491
1.8980219978921018 	 0.0003375521736283358
1.8990219978921017 	 0.0003339676588086152
1.9000219978921016 	 0.00033043304503940616
1.9010219978921015 	 0.00032694747325853437
1.9020219978921014 	 0.00032351010195003646
1.9030219978921012 	 0.000320120106732054
1.9040219978921011 	 0.0003167766799555717
1.905021997892101 	 0.00031347903031369966
1.906021997892101 	 0.00031022638246120163
1.9070219978921008 	 0.00030701797664394994
1.9080219978921007 	 0.0003038530683380525
1.9090219978921006 	 0.00030073092789835253
1.9100219978921005 	 0.00029765084021604024
1.9110219978921004 	 0.00029461210438512286
1.9120219978921003 	 0.000291614033377489
1.9130219978921001 	 0.00028865595372633393
1.9140219978921 	 0.0002857372052177022
1.9150219978921 	 0.000282857140589923
1.9160219978920998 	 0.0002800151252407134
1.9170219978920997 	 0.0002772105369417297
1.9180219978920996 	 0.0002744427655603718
1.9190219978920995 	 0.00027171121278861887
1.9200219978920994 	 0.00026901529187871174
1.9210219978920993 	 0.0002663544273854944
1.9220219978920992 	 0.00026372805491521633
1.923021997892099 	 0.00026113562088063056
1.924021997892099 	 0.0002585765822622021
1.9250219978920988 	 0.0002560504063752676
1.9260219978920987 	 0.0002535565706429743
1.9270219978920986 	 0.00025109456237484704
1.9280219978920985 	 0.00024866387855082333
1.9290219978920984 	 0.0002462640256106081
1.9300219978920983 	 0.00024389451924820921
1.9310219978920982 	 0.00024155488421150192
1.932021997892098 	 0.00023924465410669757
1.933021997892098 	 0.00023696337120757436
1.9340219978920978 	 0.00023471058626934785
1.9350219978920977 	 0.00023248585834705386
1.9360219978920976 	 0.00023028875461832127
1.9370219978920975 	 0.00022811885021042157
1.9380219978920974 	 0.0002259757280314749
1.9390219978920973 	 0.00022385897860570587
1.9400219978920972 	 0.00022176819991264366
1.941021997892097 	 0.0002197029972301534
1.942021997892097 	 0.00021766298298120542
1.9430219978920968 	 0.00021564777658428157
1.9440219978920967 	 0.00021365700430732128
1.9450219978920966 	 0.00021169029912511514
1.9460219978920965 	 0.00020974730058005594
1.9470219978920964 	 0.00020782765464616063
1.9480219978920963 	 0.00020593101359627565
1.9490219978920962 	 0.00020405703587238327
1.950021997892096 	 0.00020220538595893046
1.951021997892096 	 0.00020037573425910039
1.9520219978920959 	 0.00019856775697395167
1.9530219978920957 	 0.00019678113598434755
1.9540219978920956 	 0.0001950155587356117
1.9550219978920955 	 0.00019327071812483144
1.9560219978920954 	 0.00019154631239074805
1.9570219978920953 	 0.0001898420450061627
1.9580219978920952 	 0.00018815762457279907
1.959021997892095 	 0.0001864927647185549
1.960021997892095 	 0.00018484718399708683
1.9610219978920949 	 0.0001832206057896687
1.9620219978920947 	 0.00018161275820926232
1.9630219978920946 	 0.00018002337400674926
1.9640219978920945 	 0.00017845219047926946
1.9650219978920944 	 0.00017689894938061106
1.9660219978920943 	 0.0001753633968336013
1.9670219978920942 	 0.00017384528324445233
1.968021997892094 	 0.00017234436321900747
1.969021997892094 	 0.00017086039548084566
1.9700219978920939 	 0.00016939314279119615
1.9710219978920938 	 0.00016794237187061858
1.9720219978920936 	 0.0001665078533224073
1.9730219978920935 	 0.00016508936155767311
1.9740219978920934 	 0.00016368667472206868
1.9750219978920933 	 0.00016229957462410844
1.9760219978920932 	 0.00016092784666505363
1.977021997892093 	 0.00015957127977031594
1.978021997892093 	 0.00015822966632235
1.9790219978920929 	 0.0001569028020949945
1.9800219978920928 	 0.00015559048618922662
1.9810219978920927 	 0.00015429252097030094
1.9820219978920925 	 0.00015300871200623324
1.9830219978920924 	 0.00015173886800760148
1.9840219978920923 	 0.00015048280076863018
1.9850219978920922 	 0.00014924032510952928
1.986021997892092 	 0.00014801125882005567
1.987021997892092 	 0.00014679542260427145
1.9880219978920919 	 0.00014559264002646723
1.9890219978920918 	 0.0001444027374582259
1.9900219978920917 	 0.0001432255440265974
1.9910219978920916 	 0.00014206089156336245
1.9920219978920914 	 0.00014090861455535287
1.9930219978920913 	 0.00013976855009581321
1.9940219978920912 	 0.00013864053783677093
1.9950219978920911 	 0.000137524419942395
1.996021997892091 	 0.00013642004104332366
1.997021997892091 	 0.0001353272481919305
1.9980219978920908 	 0.00013424589081851624
1.9990219978920907 	 0.00013317582068839896
