0.0010219978922 	 0
0.0020219978922 	 0.0
0.0030219978922 	 0.0
0.0040219978922 	 0.0
0.0050219978922 	 0.0
0.0060219978922 	 0.0
0.0070219978922 	 0.0
0.0080219978922 	 0.0
0.009021997892200002 	 0.0
0.010021997892200003 	 0.0
0.011021997892200004 	 0.0
0.012021997892200004 	 0.0
0.013021997892200005 	 0.0
0.014021997892200006 	 0.0
0.015021997892200007 	 0.0
0.016021997892200008 	 0.0
0.01702199789220001 	 0.0
0.01802199789220001 	 0.0
0.01902199789220001 	 0.0
0.02002199789220001 	 0.0
0.021021997892200012 	 0.0
0.022021997892200013 	 0.0
0.023021997892200014 	 0.0
0.024021997892200015 	 0.0
0.025021997892200016 	 0.0
0.026021997892200017 	 0.0
0.027021997892200018 	 0.0
0.02802199789220002 	 0.0
0.02902199789220002 	 0.0
0.03002199789220002 	 0.0
0.03102199789220002 	 0.0
0.03202199789220002 	 0.0
0.03302199789220002 	 0.0
0.03402199789220002 	 0.0
0.03502199789220002 	 0.0
0.03602199789220002 	 0.0
0.03702199789220002 	 0.0
0.038021997892200024 	 0.0
0.039021997892200025 	 0.0
0.040021997892200026 	 0.0
0.04102199789220003 	 0.0
0.04202199789220003 	 0.0
0.04302199789220003 	 0.0
0.04402199789220003 	 0.0
0.04502199789220003 	 0.0
0.04602199789220003 	 0.0
0.04702199789220003 	 0.0
0.04802199789220003 	 0.0
0.049021997892200034 	 0.0
0.050021997892200035 	 0.0
0.051021997892200036 	 0.0
0.052021997892200036 	 0.0
0.05302199789220004 	 0.0
0.05402199789220004 	 0.0
0.05502199789220004 	 0.0
0.05602199789220004 	 0.0
0.05702199789220004 	 0.0
0.05802199789220004 	 0.0
0.05902199789220004 	 0.0
0.060021997892200044 	 0.0
0.061021997892200044 	 0.0
0.062021997892200045 	 0.0
0.06302199789220005 	 0.0
0.06402199789220005 	 0.0
0.06502199789220005 	 0.0
0.06602199789220005 	 0.0
0.06702199789220005 	 0.0
0.06802199789220005 	 0.0
0.06902199789220005 	 0.0
0.07002199789220005 	 0.0
0.07102199789220005 	 0.0
0.07202199789220005 	 0.0
0.07302199789220006 	 0.0
0.07402199789220006 	 0.0
0.07502199789220006 	 0.0
0.07602199789220006 	 0.0
0.07702199789220006 	 0.0
0.07802199789220006 	 0.0
0.07902199789220006 	 0.0
0.08002199789220006 	 0.0
0.08102199789220006 	 0.0
0.08202199789220006 	 0.0
0.08302199789220006 	 0.0
0.08402199789220006 	 0.0
0.08502199789220007 	 0.0
0.08602199789220007 	 0.0
0.08702199789220007 	 0.0
0.08802199789220007 	 0.0
0.08902199789220007 	 0.0
0.09002199789220007 	 0.0
0.09102199789220007 	 0.0
0.09202199789220007 	 0.0
0.09302199789220007 	 0.0
0.09402199789220007 	 0.0
0.09502199789220007 	 0.0
0.09602199789220008 	 0.0
0.09702199789220008 	 0.0
0.09802199789220008 	 0.0
0.09902199789220008 	 0.0
0.10002199789220008 	 0.0
0.10102199789220008 	 0.0
0.10202199789220008 	 0.0
0.10302199789220008 	 0.0
0.10402199789220008 	 0.0
0.10502199789220008 	 0.0
0.10602199789220008 	 0.0
0.10702199789220009 	 0.0
0.10802199789220009 	 0.0
0.10902199789220009 	 0.0
0.11002199789220009 	 0.0
0.11102199789220009 	 0.0
0.11202199789220009 	 0.0
0.11302199789220009 	 0.0
0.11402199789220009 	 0.0
0.11502199789220009 	 0.0
0.1160219978922001 	 0.0
0.1170219978922001 	 0.0
0.1180219978922001 	 0.0
0.1190219978922001 	 0.0
0.1200219978922001 	 0.0
0.1210219978922001 	 0.0
0.1220219978922001 	 0.0
0.1230219978922001 	 0.0
0.1240219978922001 	 0.0
0.1250219978922001 	 0.0
0.1260219978922001 	 0.0
0.1270219978922001 	 0.0
0.1280219978922001 	 0.0
0.1290219978922001 	 0.0
0.1300219978922001 	 0.0
0.1310219978922001 	 0.0
0.1320219978922001 	 0.0
0.1330219978922001 	 0.0
0.1340219978922001 	 0.0
0.1350219978922001 	 0.0
0.1360219978922001 	 0.0
0.1370219978922001 	 0.0
0.1380219978922001 	 0.0
0.1390219978922001 	 0.0
0.1400219978922001 	 0.0
0.1410219978922001 	 0.0
0.1420219978922001 	 0.0
0.1430219978922001 	 0.0
0.1440219978922001 	 0.0
0.1450219978922001 	 0.0
0.1460219978922001 	 0.0
0.1470219978922001 	 0.0
0.1480219978922001 	 0.0
0.1490219978922001 	 0.0
0.1500219978922001 	 0.0
0.1510219978922001 	 0.0
0.1520219978922001 	 0.0
0.1530219978922001 	 0.0
0.1540219978922001 	 0.0
0.15502199789220011 	 0.0
0.15602199789220011 	 0.0
0.15702199789220012 	 0.0
0.15802199789220012 	 0.0
0.15902199789220012 	 0.0
0.16002199789220012 	 0.0
0.16102199789220012 	 0.0
0.16202199789220012 	 0.0
0.16302199789220012 	 0.0
0.16402199789220012 	 0.0
0.16502199789220012 	 0.0
0.16602199789220012 	 0.0
0.16702199789220012 	 0.0
0.16802199789220013 	 0.0
0.16902199789220013 	 0.0
0.17002199789220013 	 0.0
0.17102199789220013 	 0.0
0.17202199789220013 	 0.0
0.17302199789220013 	 0.0
0.17402199789220013 	 0.0
0.17502199789220013 	 0.0
0.17602199789220013 	 0.0
0.17702199789220013 	 0.0
0.17802199789220013 	 0.0
0.17902199789220014 	 0.0
0.18002199789220014 	 0.0
0.18102199789220014 	 0.0
0.18202199789220014 	 0.0
0.18302199789220014 	 0.0
0.18402199789220014 	 0.0
0.18502199789220014 	 0.0
0.18602199789220014 	 0.0
0.18702199789220014 	 0.0
0.18802199789220014 	 0.0
0.18902199789220014 	 0.0
0.19002199789220015 	 0.0
0.19102199789220015 	 0.0
0.19202199789220015 	 0.0
0.19302199789220015 	 0.0
0.19402199789220015 	 0.0
0.19502199789220015 	 0.0
0.19602199789220015 	 0.0
0.19702199789220015 	 0.0
0.19802199789220015 	 0.0
0.19902199789220015 	 0.0
0.20002199789220015 	 0.0
0.20102199789220015 	 0.0
0.20202199789220016 	 0.0
0.20302199789220016 	 0.0
0.20402199789220016 	 0.0
0.20502199789220016 	 0.0
0.20602199789220016 	 0.0
0.20702199789220016 	 0.0
0.20802199789220016 	 0.0
0.20902199789220016 	 0.0
0.21002199789220016 	 0.0
0.21102199789220016 	 0.0
0.21202199789220016 	 0.0
0.21302199789220017 	 0.0
0.21402199789220017 	 0.0
0.21502199789220017 	 0.0
0.21602199789220017 	 0.0
0.21702199789220017 	 0.0
0.21802199789220017 	 0.0
0.21902199789220017 	 0.0
0.22002199789220017 	 0.0
0.22102199789220017 	 0.0
0.22202199789220017 	 0.0
0.22302199789220017 	 0.0
0.22402199789220018 	 0.0
0.22502199789220018 	 0.0
0.22602199789220018 	 0.0
0.22702199789220018 	 0.0
0.22802199789220018 	 0.0
0.22902199789220018 	 0.0
0.23002199789220018 	 0.0
0.23102199789220018 	 0.0
0.23202199789220018 	 0.0
0.23302199789220018 	 0.0
0.23402199789220018 	 0.0
0.23502199789220019 	 0.0
0.23602199789220019 	 0.0
0.2370219978922002 	 0.0
0.2380219978922002 	 0.0
0.2390219978922002 	 0.0
0.2400219978922002 	 0.0
0.2410219978922002 	 0.0
0.2420219978922002 	 0.0
0.2430219978922002 	 0.0
0.2440219978922002 	 0.0
0.2450219978922002 	 0.0
0.2460219978922002 	 0.0
0.2470219978922002 	 0.0
0.2480219978922002 	 0.0
0.2490219978922002 	 0.0
0.2500219978922002 	 0.0
0.2510219978922002 	 0.0
0.2520219978922002 	 0.0
0.2530219978922002 	 0.0
0.2540219978922002 	 0.0
0.2550219978922002 	 0.0
0.2560219978922002 	 0.0
0.2570219978922002 	 0.0
0.2580219978922002 	 0.0
0.2590219978922002 	 0.0
0.2600219978922002 	 0.0
0.2610219978922002 	 0.0
0.2620219978922002 	 0.0
0.2630219978922002 	 0.0
0.2640219978922002 	 0.0
0.2650219978922002 	 0.0
0.2660219978922002 	 0.0
0.2670219978922002 	 0.0
0.2680219978922002 	 0.0
0.2690219978922002 	 0.0
0.2700219978922002 	 0.0
0.2710219978922002 	 0.0
0.2720219978922002 	 0.0
0.2730219978922002 	 0.0
0.2740219978922002 	 0.0
0.2750219978922002 	 0.0
0.2760219978922002 	 0.0
0.2770219978922002 	 0.0
0.2780219978922002 	 0.0
0.2790219978922002 	 0.0
0.2800219978922002 	 0.0
0.2810219978922002 	 0.0
0.2820219978922002 	 0.0
0.2830219978922002 	 0.0
0.28402199789220023 	 0.0
0.28502199789220023 	 0.0
0.28602199789220023 	 0.0
0.28702199789220023 	 0.0
0.28802199789220023 	 0.0
0.28902199789220023 	 0.0
0.29002199789220023 	 0.0
0.29102199789220023 	 0.0
0.29202199789220024 	 0.0
0.29302199789220024 	 0.0
0.29402199789220024 	 0.0
0.29502199789220024 	 0.0
0.29602199789220024 	 0.0
0.29702199789220024 	 0.0
0.29802199789220024 	 0.0
0.29902199789220024 	 0.0
0.30002199789220024 	 0.0
0.30102199789220024 	 0.0
0.30202199789220024 	 0.0
0.30302199789220025 	 0.0
0.30402199789220025 	 0.0
0.30502199789220025 	 0.0
0.30602199789220025 	 0.0
0.30702199789220025 	 0.0
0.30802199789220025 	 0.0
0.30902199789220025 	 0.0
0.31002199789220025 	 0.0
0.31102199789220025 	 0.0
0.31202199789220025 	 0.0
0.31302199789220025 	 0.0
0.31402199789220026 	 0.0
0.31502199789220026 	 0.0
0.31602199789220026 	 0.0
0.31702199789220026 	 0.0
0.31802199789220026 	 0.0
0.31902199789220026 	 0.0
0.32002199789220026 	 0.0
0.32102199789220026 	 0.0
0.32202199789220026 	 0.0
0.32302199789220026 	 0.0
0.32402199789220026 	 0.0
0.32502199789220027 	 0.0
0.32602199789220027 	 0.0
0.32702199789220027 	 0.0
0.32802199789220027 	 0.0
0.32902199789220027 	 0.0
0.33002199789220027 	 0.0
0.33102199789220027 	 0.0
0.33202199789220027 	 0.0
0.33302199789220027 	 0.0
0.3340219978922003 	 0.0
0.3350219978922003 	 0.0
0.3360219978922003 	 0.0
0.3370219978922003 	 0.0
0.3380219978922003 	 0.0
0.3390219978922003 	 0.0
0.3400219978922003 	 0.0
0.3410219978922003 	 0.0
0.3420219978922003 	 0.0
0.3430219978922003 	 0.0
0.3440219978922003 	 0.0
0.3450219978922003 	 0.0
0.3460219978922003 	 0.0
0.3470219978922003 	 0.0
0.3480219978922003 	 0.0
0.3490219978922003 	 0.0
0.3500219978922003 	 0.0
0.3510219978922003 	 0.0
0.3520219978922003 	 0.0
0.3530219978922003 	 0.0
0.3540219978922003 	 0.0
0.3550219978922003 	 0.0
0.3560219978922003 	 0.0
0.3570219978922003 	 0.0
0.3580219978922003 	 0.0
0.3590219978922003 	 0.0
0.3600219978922003 	 0.0
0.3610219978922003 	 0.0
0.3620219978922003 	 0.0
0.3630219978922003 	 0.0
0.3640219978922003 	 0.0
0.3650219978922003 	 0.0
0.3660219978922003 	 0.0
0.3670219978922003 	 0.0
0.3680219978922003 	 0.0
0.3690219978922003 	 0.0
0.3700219978922003 	 0.0
0.3710219978922003 	 0.0
0.3720219978922003 	 0.0
0.3730219978922003 	 0.0
0.3740219978922003 	 0.0
0.3750219978922003 	 0.0
0.3760219978922003 	 0.0
0.3770219978922003 	 0.0
0.3780219978922003 	 0.0
0.3790219978922003 	 0.0
0.3800219978922003 	 0.0
0.3810219978922003 	 0.0
0.3820219978922003 	 0.0
0.3830219978922003 	 0.0
0.3840219978922003 	 0.0
0.3850219978922003 	 0.0
0.3860219978922003 	 0.0
0.3870219978922003 	 0.0
0.3880219978922003 	 0.0
0.3890219978922003 	 0.0
0.3900219978922003 	 0.0
0.3910219978922003 	 0.0
0.3920219978922003 	 0.0
0.3930219978922003 	 0.0
0.3940219978922003 	 0.0
0.3950219978922003 	 0.0
0.39602199789220033 	 0.0
0.39702199789220033 	 0.0
0.39802199789220033 	 0.0
0.39902199789220033 	 0.0
0.40002199789220033 	 0.0
0.40102199789220033 	 0.0
0.40202199789220033 	 0.0
0.40302199789220033 	 0.0
0.40402199789220034 	 0.0
0.40502199789220034 	 0.0
0.40602199789220034 	 0.0
0.40702199789220034 	 0.0
0.40802199789220034 	 0.0
0.40902199789220034 	 0.0
0.41002199789220034 	 0.0
0.41102199789220034 	 0.0
0.41202199789220034 	 0.0
0.41302199789220034 	 0.0
0.41402199789220034 	 0.0
0.41502199789220034 	 0.0
0.41602199789220035 	 0.0
0.41702199789220035 	 0.0
0.41802199789220035 	 0.0
0.41902199789220035 	 0.0
0.42002199789220035 	 0.0
0.42102199789220035 	 0.0
0.42202199789220035 	 0.0
0.42302199789220035 	 0.0
0.42402199789220035 	 0.0
0.42502199789220035 	 0.0
0.42602199789220035 	 0.0
0.42702199789220036 	 0.0
0.42802199789220036 	 0.0
0.42902199789220036 	 0.0
0.43002199789220036 	 0.0
0.43102199789220036 	 0.0
0.43202199789220036 	 0.0
0.43302199789220036 	 0.0
0.43402199789220036 	 0.0
0.43502199789220036 	 0.0
0.43602199789220036 	 0.0
0.43702199789220036 	 0.0
0.43802199789220037 	 0.0
0.43902199789220037 	 0.0
0.44002199789220037 	 0.0
0.44102199789220037 	 0.0
0.44202199789220037 	 0.0
0.44302199789220037 	 0.0
0.44402199789220037 	 0.0
0.44502199789220037 	 0.0
0.4460219978922004 	 0.0
0.4470219978922004 	 0.0
0.4480219978922004 	 0.0
0.4490219978922004 	 0.0
0.4500219978922004 	 0.0
0.4510219978922004 	 0.0
0.4520219978922004 	 0.0
0.4530219978922004 	 0.0
0.4540219978922004 	 0.0
0.4550219978922004 	 0.0
0.4560219978922004 	 0.0
0.4570219978922004 	 0.0
0.4580219978922004 	 0.0
0.4590219978922004 	 0.0
0.4600219978922004 	 0.0
0.4610219978922004 	 0.0
0.4620219978922004 	 0.0
0.4630219978922004 	 0.0
0.4640219978922004 	 0.0
0.4650219978922004 	 0.0
0.4660219978922004 	 0.0
0.4670219978922004 	 0.0
0.4680219978922004 	 0.0
0.4690219978922004 	 0.0
0.4700219978922004 	 0.0
0.4710219978922004 	 0.0
0.4720219978922004 	 0.0
0.4730219978922004 	 0.0
0.4740219978922004 	 0.0
0.4750219978922004 	 0.0
0.4760219978922004 	 0.0
0.4770219978922004 	 0.0
0.4780219978922004 	 0.0
0.4790219978922004 	 0.0
0.4800219978922004 	 0.0
0.4810219978922004 	 0.0
0.4820219978922004 	 0.0
0.4830219978922004 	 0.0
0.4840219978922004 	 0.0
0.4850219978922004 	 0.0
0.4860219978922004 	 0.0
0.4870219978922004 	 0.0
0.4880219978922004 	 0.0
0.4890219978922004 	 0.0
0.4900219978922004 	 0.0
0.4910219978922004 	 0.0
0.4920219978922004 	 0.0
0.4930219978922004 	 0.0
0.4940219978922004 	 0.0
0.4950219978922004 	 0.0
0.4960219978922004 	 0.0
0.4970219978922004 	 0.0
0.4980219978922004 	 0.0
0.4990219978922004 	 0.0
0.5000219978922004 	 0.0
0.5010219978922004 	 0.0
0.5020219978922004 	 0.0
0.5030219978922004 	 0.0
0.5040219978922004 	 0.0
0.5050219978922004 	 0.0
0.5060219978922004 	 0.0
0.5070219978922004 	 0.0
0.5080219978922004 	 0.0
0.5090219978922004 	 0.0
0.5100219978922004 	 0.0
0.5110219978922004 	 0.0
0.5120219978922004 	 0.0
0.5130219978922004 	 0.0
0.5140219978922004 	 0.0
0.5150219978922004 	 0.0
0.5160219978922004 	 0.0
0.5170219978922004 	 0.0
0.5180219978922004 	 0.0
0.5190219978922004 	 0.0
0.5200219978922004 	 0.0
0.5210219978922004 	 0.0
0.5220219978922004 	 0.0
0.5230219978922004 	 0.0
0.5240219978922004 	 0.0
0.5250219978922004 	 0.0
0.5260219978922004 	 0.0
0.5270219978922004 	 0.0
0.5280219978922004 	 0.0
0.5290219978922004 	 0.0
0.5300219978922004 	 0.0
0.5310219978922004 	 0.0
0.5320219978922004 	 0.0
0.5330219978922004 	 0.0
0.5340219978922004 	 0.0
0.5350219978922004 	 0.0
0.5360219978922004 	 0.0
0.5370219978922004 	 0.0
0.5380219978922004 	 0.0
0.5390219978922004 	 0.0
0.5400219978922004 	 0.0
0.5410219978922004 	 0.0
0.5420219978922004 	 0.0
0.5430219978922004 	 0.0
0.5440219978922004 	 0.0
0.5450219978922004 	 0.0
0.5460219978922004 	 0.0
0.5470219978922004 	 0.0
0.5480219978922004 	 4.153902872478289e-14
0.5490219978922004 	 1.584751060019304e-11
0.5500219978922004 	 1.0243231672410712e-10
0.5510219978922004 	 3.2109724078817777e-10
0.5520219978922004 	 7.334428514518759e-10
0.5530219978922004 	 1.4013860770240378e-09
0.5540219978922004 	 2.3871772616803118e-09
0.5550219978922004 	 3.753417203304346e-09
0.5560219978922004 	 5.5630741724858705e-09
0.5570219978922004 	 7.879500911955728e-09
0.5580219978922004 	 1.0766451615471777e-08
0.5590219978922004 	 1.4288098884900278e-08
0.5600219978922004 	 1.8509050663961106e-08
0.5610219978922004 	 2.3494367146813878e-08
0.5620219978922004 	 2.9309577659370204e-08
0.5630219978922004 	 3.6020697510917245e-08
0.5640219978922004 	 4.369424481331722e-08
0.5650219978922004 	 5.23972572647345e-08
0.5660219978922004 	 6.219730889451033e-08
0.5670219978922004 	 7.316252676545639e-08
0.5680219978922004 	 8.536160762951631e-08
0.5690219978922004 	 9.886383453232996e-08
0.5700219978922004 	 1.1373909336194361e-07
0.5710219978922004 	 1.3005788933645772e-07
0.5720219978922004 	 1.4789136342505847e-07
0.5730219978922004 	 1.6731130869645533e-07
0.5740219978922004 	 1.8839018658835856e-07
0.5750219978922004 	 2.1120114309117185e-07
0.5760219978922004 	 2.3581802483869725e-07
0.5770219978922004 	 2.6231539509813714e-07
0.5780219978922004 	 2.9076854965128123e-07
0.5790219978922004 	 3.212535325582707e-07
0.5800219978922004 	 3.5384715179486186e-07
0.5810219978922004 	 3.8862699475359834e-07
0.5820219978922004 	 4.2567144359885856e-07
0.5830219978922004 	 4.650596904651385e-07
0.5840219978922004 	 5.068717524875025e-07
0.5850219978922004 	 5.511884866526974e-07
0.5860219978922004 	 5.980916044582312e-07
0.5870219978922004 	 6.476636863674191e-07
0.5880219978922004 	 6.99988196046468e-07
0.5890219978922004 	 7.55149494370013e-07
0.5900219978922004 	 8.132328531804964e-07
0.5910219978922004 	 8.743244687864549e-07
0.5920219978922004 	 9.385114751836943e-07
0.5930219978922004 	 1.0058819569835096e-06
0.5940219978922004 	 1.0765249620307849e-06
0.5950219978922004 	 1.1505305136940974e-06
0.5960219978922005 	 1.2279896228102698e-06
0.5970219978922005 	 1.3089942992640046e-06
0.5980219978922005 	 1.3936375631832745e-06
0.5990219978922005 	 1.482013455730279e-06
0.6000219978922005 	 1.5742170494671465e-06
0.6010219978922005 	 1.6703444582749014e-06
0.6020219978922005 	 1.77049284680343e-06
0.6030219978922005 	 1.8747604394298108e-06
0.6040219978922005 	 1.9832465287013248e-06
0.6050219978922005 	 2.0960514832388184e-06
0.6060219978922005 	 2.2132767550764186e-06
0.6070219978922005 	 2.335024886410887e-06
0.6080219978922005 	 2.4613995157354337e-06
0.6090219978922005 	 2.5925053833307294e-06
0.6100219978922005 	 2.728448336086243e-06
0.6110219978922005 	 2.8693353316228455e-06
0.6120219978922005 	 3.0152744416893164e-06
0.6130219978922005 	 3.16637484395922e-06
0.6140219978922005 	 3.3227468523807384e-06
0.6150219978922005 	 3.4845018987176565e-06
0.6160219978922005 	 3.651752529687862e-06
0.6170219978922005 	 3.82461241116576e-06
0.6180219978922005 	 4.0031963265830726e-06
0.6190219978922005 	 4.187620174390789e-06
0.6200219978922005 	 4.378000964545167e-06
0.6210219978922005 	 4.574456813986448e-06
0.6220219978922005 	 4.77710694107704e-06
0.6230219978922005 	 4.986071658965684e-06
0.6240219978922005 	 5.2014723678438425e-06
0.6250219978922005 	 5.42343154606115e-06
0.6260219978922005 	 5.652072740065336e-06
0.6270219978922005 	 5.887520553133842e-06
0.6280219978922005 	 6.129900632862567e-06
0.6290219978922005 	 6.379339657379059e-06
0.6300219978922005 	 6.635965320246366e-06
0.6310219978922005 	 6.899906314024842e-06
0.6320219978922005 	 7.171292312459811e-06
0.6330219978922005 	 7.4502539512623405e-06
0.6340219978922005 	 7.736922807452887e-06
0.6350219978922005 	 8.031431377237143e-06
0.6360219978922005 	 8.333913052382512e-06
0.6370219978922005 	 8.644502095072173e-06
0.6380219978922005 	 8.963333611199598e-06
0.6390219978922005 	 9.290543522088921e-06
0.6400219978922005 	 9.626268534606507e-06
0.6410219978922005 	 9.970646109647947e-06
0.6420219978922005 	 1.0323814428973162e-05
0.6430219978922005 	 1.0685912360373859e-05
0.6440219978922005 	 1.1057079421154357e-05
0.6450219978922005 	 1.1437455739910476e-05
0.6460219978922005 	 1.1827182016594141e-05
0.6470219978922005 	 1.2226399480852599e-05
0.6480219978922005 	 1.263524984863493e-05
0.6490219978922005 	 1.3053875277061584e-05
0.6500219978922005 	 1.3482418317554413e-05
0.6510219978922005 	 1.3921021867229904e-05
0.6520219978922005 	 1.4369829118561194e-05
0.6530219978922005 	 1.482898350731483e-05
0.6540219978922005 	 1.5298628658778224e-05
0.6550219978922005 	 1.577890833229538e-05
0.6560219978922005 	 1.6269966364126835e-05
0.6570219978922005 	 1.677194660866372e-05
0.6580219978922005 	 1.728499287802377e-05
0.6590219978922005 	 1.7809248880064125e-05
0.6600219978922005 	 1.834485815485004e-05
0.6610219978922005 	 1.8891964009622314e-05
0.6620219978922005 	 1.9450709452315006e-05
0.6630219978922005 	 2.0021237123609973e-05
0.6640219978922005 	 2.0603689226440486e-05
0.6650219978922005 	 2.1198207455453884e-05
0.6660219978922005 	 2.1804932926456424e-05
0.6670219978922005 	 2.2424006103620607e-05
0.6680219978922005 	 2.3055566725595765e-05
0.6690219978922005 	 2.3699753730639834e-05
0.6700219978922005 	 2.435670518086875e-05
0.6710219978922005 	 2.5026558185697558e-05
0.6720219978922005 	 2.5709448824584e-05
0.6730219978922005 	 2.640551206915663e-05
0.6740219978922005 	 2.7114881704827762e-05
0.6750219978922005 	 2.783769025199038e-05
0.6760219978922005 	 2.8574068886892692e-05
0.6770219978922005 	 2.932414736229149e-05
0.6780219978922005 	 3.0088053927970946e-05
0.6790219978922005 	 3.0865915251225086e-05
0.6800219978922005 	 3.16578563373764e-05
0.6810219978922005 	 3.246400045042056e-05
0.6820219978922005 	 3.328446903385064e-05
0.6830219978922005 	 3.411938163171897e-05
0.6840219978922005 	 3.496885580997915e-05
0.6850219978922005 	 3.5833007078119484e-05
0.6860219978922005 	 3.6711948811096885e-05
0.6870219978922005 	 3.7605792171531785e-05
0.6880219978922005 	 3.85146460318039e-05
0.6890219978922005 	 3.943861689019075e-05
0.6900219978922005 	 4.0377808793394945e-05
0.6910219978922005 	 4.133232326471435e-05
0.6920219978922005 	 4.2302259226188315e-05
0.6930219978922005 	 4.3287712919780137e-05
0.6940219978922005 	 4.428877782748894e-05
0.6950219978922005 	 4.5305544589950014e-05
0.6960219978922005 	 4.6338100923002366e-05
0.6970219978922005 	 4.738653153160795e-05
0.6980219978922005 	 4.8450918020389835e-05
0.6990219978922005 	 4.953133879995904e-05
0.7000219978922005 	 5.062786898802729e-05
0.7010219978922005 	 5.174058030419022e-05
0.7020219978922005 	 5.286954095707454e-05
0.7030219978922005 	 5.401481552236999e-05
0.7040219978922005 	 5.517646481005235e-05
0.7050219978922005 	 5.635454571888233e-05
0.7060219978922005 	 5.754911107600405e-05
0.7070219978922005 	 5.8760209459196644e-05
0.7080219978922005 	 5.998788499900824e-05
0.7090219978922006 	 6.123217715766324e-05
0.7100219978922006 	 6.249312048125213e-05
0.7110219978922006 	 6.377074432127502e-05
0.7120219978922006 	 6.506507252114907e-05
0.7130219978922006 	 6.637612306196893e-05
0.7140219978922006 	 6.770390764800375e-05
0.7150219978922006 	 6.904843125644412e-05
0.7160219978922006 	 7.040969164270614e-05
0.7170219978922006 	 7.178767876551264e-05
0.7180219978922006 	 7.318237413633962e-05
0.7190219978922006 	 7.459375008405082e-05
0.7200219978922006 	 7.60217689237596e-05
0.7210219978922006 	 7.746638201754353e-05
0.7220219978922006 	 7.892752871308095e-05
0.7230219978922006 	 8.040513514444993e-05
0.7240219978922006 	 8.189911287723636e-05
0.7250219978922006 	 8.340935737768373e-05
0.7260219978922006 	 8.493574628275579e-05
0.7270219978922006 	 8.64781374447412e-05
0.7280219978922006 	 8.803636672010565e-05
0.7290219978922006 	 8.961024546780245e-05
0.7300219978922006 	 9.11995577168325e-05
0.7310219978922006 	 9.280405695651462e-05
0.7320219978922006 	 9.4423462495305e-05
0.7330219978922006 	 9.605745532500844e-05
0.7340219978922006 	 9.770567341630772e-05
0.7350219978922006 	 9.936770635858076e-05
0.7360219978922006 	 0.00010104308924117835
0.7370219978922006 	 0.00010273129565438496
0.7380219978922006 	 0.00010443172966577931
0.7390219978922006 	 0.00010614371661137453
0.7400219978922006 	 0.00010786649246692119
0.7410219978922006 	 0.00010959919155142494
0.7420219978922006 	 0.0001113408322862015
0.7430219978922006 	 0.00011309030063217038
0.7440219978922006 	 0.00011484633076002654
0.7450219978922006 	 0.00011660748240972068
0.7460219978922006 	 0.00011837211427241022
0.7470219978922006 	 0.00012013835257356604
0.7480219978922006 	 0.00012190405384146452
0.7490219978922006 	 0.00012366676059947433
0.7500219978922006 	 0.00012542364840864716
0.7510219978922006 	 0.00012717146228944992
0.7520219978922006 	 0.00012890644004229639
0.7530219978922006 	 0.00013062421933194752
0.7540219978922006 	 0.0001323197245552846
0.7550219978922006 	 0.0001339870284156034
0.7560219978922006 	 0.00013561918169912394
0.7570219978922006 	 0.00013720800288434504
0.7580219978922006 	 0.00013874381677093597
0.7590219978922006 	 0.00014021512810516275
0.7600219978922006 	 0.0001416082119602925
0.7610219978922006 	 0.00014290659709117917
0.7620219978922006 	 0.00014409041123697442
0.7630219978922006 	 0.00014513554795242338
0.7640219978922006 	 0.00014601260262745206
0.7650219978922006 	 0.00014668551014620273
0.7660219978922006 	 0.00014710979923179197
0.7670219978922006 	 0.0001472303599985231
0.7680219978922006 	 0.0001469786061084683
0.7690219978922006 	 0.000146268912976491
0.7700219978922006 	 0.00014499425552452977
0.7710219978922006 	 0.00014302110812754632
0.7720219978922006 	 0.00014018401929008712
0.7730219978922006 	 0.00013628105425884154
0.7740219978922006 	 0.00013107290670094773
0.7750219978922006 	 0.00012429153934545456
0.7760219978922006 	 0.00011566941128907545
0.7770219978922006 	 0.00010500746083966369
0.7780219978922006 	 9.230482739985882e-05
0.7790219978922006 	 7.79619327928996e-05
0.7800219978922006 	 6.301773986451775e-05
0.7810219978922006 	 4.9295902178264097e-05
0.7820219978922006 	 3.930056102638246e-05
0.7830219978922006 	 3.572114196049117e-05
0.7840219978922006 	 4.032099529787962e-05
0.7850219978922006 	 5.265548523207439e-05
0.7860219978922006 	 7.01888459230094e-05
0.7870219978922006 	 8.984800261452662e-05
0.7880219978922006 	 0.00010930650692647507
0.7890219978922006 	 0.0001272865269395181
0.7900219978922006 	 0.00014330656427972413
0.7910219978922006 	 0.00015734206648080384
0.7920219978922006 	 0.00016957881989775934
0.7930219978922006 	 0.0001802720250237529
0.7940219978922006 	 0.00018967763218058148
0.7950219978922006 	 0.00019802422551662484
0.7960219978922006 	 0.00020550505203780208
0.7970219978922006 	 0.00021227898947009065
0.7980219978922006 	 0.00021847485289308875
0.7990219978922006 	 0.00022419645690806398
0.8000219978922006 	 0.00022952735813814855
0.8010219978922006 	 0.0002345349135167442
0.8020219978922006 	 0.0002392736026369021
0.8030219978922006 	 0.00024378768537001533
0.8040219978922006 	 0.00024811330249841163
0.8050219978922006 	 0.0002522801270316208
0.8060219978922006 	 0.0002563126603345326
0.8070219978922006 	 0.0002602312504426405
0.8080219978922006 	 0.000264052894152035
0.8090219978922006 	 0.00026779187105298226
0.8100219978922006 	 0.00027146024683186826
0.8110219978922006 	 0.0002750682748380923
0.8120219978922006 	 0.0002786247182882222
0.8130219978922006 	 0.00028213710869738954
0.8140219978922006 	 0.00028561195442941247
0.8150219978922006 	 0.0002890549111048664
0.8160219978922006 	 0.00029247092166134866
0.8170219978922006 	 0.0002958643307453226
0.8180219978922006 	 0.0002992389790419467
0.8190219978922006 	 0.0003025982814347294
0.8200219978922006 	 0.00030594529205137555
0.8210219978922007 	 0.00030928275878720627
0.8220219978922007 	 0.00031261316939124864
0.8230219978922007 	 0.00031593878949103796
0.8240219978922007 	 0.000319261694981859
0.8250219978922007 	 0.00032258379964756364
0.8260219978922007 	 0.000325906878705872
0.8270219978922007 	 0.00032923258895419736
0.8280219978922007 	 0.0003325624860701588
0.8290219978922007 	 0.00033589803952277313
0.8300219978922007 	 0.0003392406454711568
0.8310219978922007 	 0.00034259163796317036
0.8320219978922007 	 0.0003459522986938856
0.8330219978922007 	 0.00034932386554092546
0.8340219978922007 	 0.0003527075400585756
0.8350219978922007 	 0.0003561044940835786
0.8360219978922007 	 0.0003595158755816121
0.8370219978922007 	 0.0003629428138436416
0.8380219978922007 	 0.00036638642404595147
0.8390219978922007 	 0.00036984780981864164
0.8400219978922007 	 0.00037332806695554346
0.8410219978922007 	 0.00037682828879610124
0.8420219978922007 	 0.00038034957096661626
0.8430219978922007 	 0.00038389301272843165
0.8440219978922007 	 0.00038745971911359413
0.8450219978922007 	 0.00039105080334132797
0.8460219978922007 	 0.00039466738907139085
0.8470219978922007 	 0.00039831061251883554
0.8480219978922007 	 0.0004019816244518282
0.8490219978922007 	 0.0004056815920915672
0.8500219978922007 	 0.000409355293086987
0.8510219978922007 	 0.0004131159476053944
0.8520219978922007 	 0.0004169089874272524
0.8530219978922007 	 0.0004207356625183173
0.8540219978922007 	 0.00042459724813728814
0.8550219978922007 	 0.00042849504645316394
0.8560219978922007 	 0.0004324303881521504
0.8570219978922007 	 0.0004364046340424857
0.8580219978922007 	 0.0004404191766650566
0.8590219978922007 	 0.00044447544191707054
0.8600219978922007 	 0.00044857489069576506
0.8610219978922007 	 0.00045271902056868583
0.8620219978922007 	 0.0004569093674768988
0.8630219978922007 	 0.00046114750746317914
0.8640219978922007 	 0.00046543505817656615
0.8650219978922007 	 0.00046977368070600327
0.8660219978922007 	 0.00047416508173063666
0.8670219978922007 	 0.00047861101548670793
0.8680219978922007 	 0.0004831132857920991
0.8690219978922007 	 0.0004876737481450731
0.8700219978922007 	 0.0004922943119031708
0.8710219978922007 	 0.000496976942548412
0.8720219978922007 	 0.0005017236640451815
0.8730219978922007 	 0.0005065365612970981
0.8740219978922007 	 0.0005114177827099034
0.8750219978922007 	 0.0005163695428671564
0.8760219978922007 	 0.0005213941253261588
0.8770219978922007 	 0.000526493885541775
0.8780219978922007 	 0.0005316712539261346
0.8790219978922007 	 0.0005369287390527621
0.8800219978922007 	 0.0005422689310139421
0.8810219978922007 	 0.0005476945049525555
0.8820219978922007 	 0.0005532082247883011
0.8830219978922007 	 0.000558812947062103
0.8840219978922007 	 0.0005645116249964574
0.8850219978922007 	 0.0005703073127720322
0.8860219978922007 	 0.0005762031700230595
0.8870219978922007 	 0.0005822024665649317
0.8880219978922007 	 0.0005883085873605933
0.8890219978922007 	 0.0005945250376002454
0.8900219978922007 	 0.0006008554482126864
0.8910219978922007 	 0.0006073035605500834
0.8920219978922007 	 0.0006138731718184939
0.8930219978922007 	 0.0006205681984936685
0.8940219978922007 	 0.0006273927009634088
0.8950219978922007 	 0.0006343508904072184
0.8960219978922007 	 0.000641447136057943
0.8970219978922007 	 0.0006486859728701182
0.8980219978922007 	 0.000656072109621475
0.8990219978922007 	 0.0006636104374759358
0.9000219978922007 	 0.0006713060390386797
0.9010219978922007 	 0.0006791641979360568
0.9020219978922007 	 0.0006871904089555854
0.9030219978922007 	 0.0006953903887840904
0.9040219978922007 	 0.0007037700873847308
0.9050219978922007 	 0.0007123357000569902
0.9060219978922007 	 0.0007210936802273271
0.9070219978922007 	 0.0007300507530215262
0.9080219978922007 	 0.0007392139296741852
0.9090219978922007 	 0.0007485905228351847
0.9100219978922007 	 0.0007581881628376683
0.9110219978922007 	 0.0007680148096983733
0.9120219978922007 	 0.0007780787563471734
0.9130219978922007 	 0.0007883886622385
0.9140219978922007 	 0.0007989535770519318
0.9150219978922007 	 0.0008097829627933276
0.9160219978922007 	 0.000820886718815787
0.9170219978922007 	 0.0008322752070598925
0.9180219978922007 	 0.0008439582820145301
0.9190219978922007 	 0.0008559436225895903
0.9200219978922007 	 0.0008682450076866916
0.9210219978922007 	 0.000880875544677199
0.9220219978922007 	 0.0008938486174524042
0.9230219978922007 	 0.0009071781477462895
0.9240219978922007 	 0.0009208786944418869
0.9250219978922007 	 0.0009349655208002464
0.9260219978922007 	 0.0009494546526942836
0.9270219978922007 	 0.0009643629350686023
0.9280219978922007 	 0.000979708089565918
0.9290219978922007 	 0.0009955087748216645
0.9300219978922007 	 0.00101178465036981
0.9310219978922007 	 0.0010285565432893347
0.9320219978922007 	 0.0010458468053713343
0.9330219978922007 	 0.0010636791341004878
0.9340219978922008 	 0.0010820785772956622
0.9350219978922008 	 0.0011010716280363607
0.9360219978922008 	 0.001120686327335835
0.9370219978922008 	 0.0011409523753312593
0.9380219978922008 	 0.001161901251027826
0.9390219978922008 	 0.001183566326737962
0.9400219978922008 	 0.0012059830095156538
0.9410219978922008 	 0.0012291889160956652
0.9420219978922008 	 0.0012532240587366532
0.9430219978922008 	 0.0012781310133406687
0.9440219978922008 	 0.0013039551147933808
0.9450219978922008 	 0.0013307446757903159
0.9460219978922008 	 0.0013585512261851868
0.9470219978922008 	 0.0013874297750909122
0.9480219978922008 	 0.0014174390982425714
0.9490219978922008 	 0.0014486420533945203
0.9500219978922008 	 0.001481105927084374
0.9510219978922008 	 0.0015149026816962206
0.9520219978922008 	 0.0015501089822890371
0.9530219978922008 	 0.0015868070006216598
0.9540219978922008 	 0.0016250850322137664
0.9550219978922008 	 0.001665038054590486
0.9560219978922008 	 0.0017067684229263595
0.9570219978922008 	 0.0017503867836939195
0.9580219978922008 	 0.0017960126443379667
0.9590219978922008 	 0.001843775139365882
0.9600219978922008 	 0.001893813912373378
0.9610219978922008 	 0.0019462802384013684
0.9620219978922008 	 0.002001338231415811
0.9630219978922008 	 0.00205916618005489
0.9640219978922008 	 0.0021199581356136
0.9650219978922008 	 0.002183925602315068
0.9660219978922008 	 0.002251299354032895
0.9670219978922008 	 0.0023223315735181023
0.9680219978922008 	 0.0023972982768883347
0.9690219978922008 	 0.002476502062854407
0.9700219978922008 	 0.0025602752369842732
0.9710219978922008 	 0.0026489832831937043
0.9720219978922008 	 0.002743028663496332
0.9730219978922008 	 0.002842855671030853
0.9740219978922008 	 0.002948955822617868
0.9750219978922008 	 0.003061873978484476
0.9760219978922008 	 0.003182215398627362
0.9770219978922008 	 0.0033106539009540507
0.9780219978922008 	 0.0034479413205753657
0.9790219978922008 	 0.0035949185067065195
0.9800219978922008 	 0.003752528149226992
0.9810219978922008 	 0.003921831437345498
0.9820219978922008 	 0.00410403080219881
0.9830219978922008 	 0.004300484751754679
0.9840219978922008 	 0.004512683609231946
0.9850219978922008 	 0.004742368099412317
0.9860219978922008 	 0.004991586402269589
0.9870219978922008 	 0.005262594848146694
0.9880219978922008 	 0.005555391652003175
0.9890219978922008 	 0.005869217909772469
0.9900219978922008 	 0.006207976238741737
0.9910219978922008 	 0.006574572988819527
0.9920219978922008 	 0.00697194752165721
0.9930219978922008 	 0.007403204648510012
0.9940219978922008 	 0.007871642035805326
0.9950219978922008 	 0.008380737349609238
0.9960219978922008 	 0.00892107370058929
0.9970219978922008 	 0.009485550925845895
0.9980219978922008 	 0.010078510911939374
0.9990219978922008 	 0.010699049532220641
1.0000219978922007 	 0.011344081152290469
1.0010219978922006 	 0.012008383550202405
1.0020219978922005 	 0.012684262868454744
1.0030219978922004 	 0.013361134640842291
1.0040219978922003 	 0.014025323045185946
1.0050219978922001 	 0.014660102256194331
1.0060219978922 	 0.01524556341084876
1.0070219978922 	 0.015759489341090192
1.0080219978921998 	 0.016178508088399973
1.0090219978921997 	 0.016479596322868814
1.0100219978921996 	 0.016641907536911187
1.0110219978921995 	 0.016648779073273504
1.0120219978921994 	 0.016488988704997196
1.0130219978921993 	 0.016157826953902332
1.0140219978921992 	 0.015658227188828682
1.015021997892199 	 0.015003335619951996
1.016021997892199 	 0.014228485263473539
1.0170219978921988 	 0.01343710753774827
1.0180219978921987 	 0.01294729313361195
1.0190219978921986 	 0.013390778326050156
1.0200219978921985 	 0.014449281729307243
1.0210219978921984 	 0.014481796130465295
1.0220219978921983 	 0.013614544325517787
1.0230219978921982 	 0.012546640559124213
1.024021997892198 	 0.011524312994278555
1.025021997892198 	 0.010594903033828136
1.0260219978921978 	 0.009756866797704166
1.0270219978921977 	 0.009000386812991716
1.0280219978921976 	 0.008315709920350653
1.0290219978921975 	 0.007694520884437388
1.0300219978921974 	 0.007129866139713214
1.0310219978921973 	 0.00661574536250782
1.0320219978921972 	 0.00614694785796303
1.033021997892197 	 0.005718970886032145
1.034021997892197 	 0.005327823130450764
1.0350219978921968 	 0.0049699311858943844
1.0360219978921967 	 0.004642094712191344
1.0370219978921966 	 0.004341447665589857
1.0380219978921965 	 0.004065416273079809
1.0390219978921964 	 0.0038116873641871473
1.0400219978921963 	 0.003578181407100569
1.0410219978921962 	 0.003363026407226915
1.042021997892196 	 0.0031645293356498453
1.043021997892196 	 0.002981165474607308
1.0440219978921959 	 0.0028115634324283696
1.0450219978921957 	 0.0026544892989399604
1.0460219978921956 	 0.0025088323368614275
1.0470219978921955 	 0.0023735935122023146
1.0480219978921954 	 0.0022478774568626017
1.0490219978921953 	 0.0021308774570482068
1.0500219978921952 	 0.002021864894333704
1.051021997892195 	 0.0019201806503876824
1.052021997892195 	 0.001825226874088605
1.0530219978921949 	 0.001736461635435175
1.0540219978921948 	 0.0016533934320765399
1.0550219978921946 	 0.0015755759964327558
1.0560219978921945 	 0.001502603671210997
1.0570219978921944 	 0.0014341072845374114
1.0580219978921943 	 0.0013697504652763516
1.0590219978921942 	 0.0013092263904917322
1.060021997892194 	 0.0012522548722317707
1.061021997892194 	 0.001198579708228348
1.0620219978921939 	 0.0011479662395528997
1.0630219978921938 	 0.0011001993662827735
1.0640219978921936 	 0.0010550819618711797
1.0650219978921935 	 0.0010124331025577107
1.0660219978921934 	 0.0009720863203877072
1.0670219978921933 	 0.0009338879175718838
1.0680219978921932 	 0.000897696211351187
1.069021997892193 	 0.000863380570824988
1.070021997892193 	 0.0008308204335519889
1.0710219978921929 	 0.0007999046132670626
1.0720219978921928 	 0.0007705309858342677
1.0730219978921927 	 0.0007426051371733021
1.0740219978921925 	 0.0007160395415457139
1.0750219978921924 	 0.0006907529823296411
1.0760219978921923 	 0.0006666700274668265
1.0770219978921922 	 0.0006437205539253147
1.078021997892192 	 0.0006218393161158523
1.079021997892192 	 0.0006009655538266545
1.0800219978921919 	 0.0005810426356572327
1.0810219978921918 	 0.0005620175099765054
1.0820219978921917 	 0.0005438398436515895
1.0830219978921916 	 0.000526462474666918
1.0840219978921914 	 0.0005098413616029324
1.0850219978921913 	 0.0004939353465551278
1.0860219978921912 	 0.0004787059382848143
1.0870219978921911 	 0.00046411753018506876
1.088021997892191 	 0.00045013824889638684
1.089021997892191 	 0.0004367380103722104
1.0900219978921908 	 0.0004238880914422242
1.0910219978921907 	 0.0004115613463344766
1.0920219978921906 	 0.0003997318046185392
1.0930219978921905 	 0.00038837494020719566
1.0940219978921903 	 0.0003774676740264085
1.0950219978921902 	 0.0003669882751143045
1.0960219978921901 	 0.0003569162694111904
1.09702199789219 	 0.00034723235551656145
1.09802199789219 	 0.00033791832680123005
1.0990219978921898 	 0.00032895699867650216
1.1000219978921897 	 0.00032033212595015996
1.1010219978921896 	 0.0003120284052950886
1.1020219978921895 	 0.0003040316240003758
1.1030219978921894 	 0.00029632833699561067
1.1040219978921892 	 0.0002889058122473942
1.1050219978921891 	 0.0002817519898375494
1.106021997892189 	 0.0002748554395857353
1.107021997892189 	 0.00026820519827514173
1.1080219978921888 	 0.00026179041546722814
1.1090219978921887 	 0.00025560071127492294
1.1100219978921886 	 0.00024962625433073526
1.1110219978921885 	 0.00024385787794887294
1.1120219978921884 	 0.0002382874268333387
1.1130219978921883 	 0.0002329072334001452
1.1140219978921881 	 0.00022770987178411146
1.115021997892188 	 0.00022268816284924336
1.116021997892188 	 0.00021783526600524397
1.1170219978921878 	 0.00021314466443534793
1.1180219978921877 	 0.00020861014714748468
1.1190219978921876 	 0.0002042257921625865
1.1200219978921875 	 0.0001999859507674074
1.1210219978921874 	 0.00019588516083197661
1.1220219978921873 	 0.0001919179438193416
1.1230219978921872 	 0.00018807900821125626
1.124021997892187 	 0.00018436330999283614
1.125021997892187 	 0.0001807660416510102
1.1260219978921868 	 0.0001772826192394424
1.1270219978921867 	 0.00017390867027108466
1.1280219978921866 	 0.00017064020096468633
1.1290219978921865 	 0.00016747404961367293
1.1300219978921864 	 0.00016440732266167097
1.1310219978921863 	 0.0001614370808527184
1.1320219978921862 	 0.0001585599510854409
1.133021997892186 	 0.00015577257350403548
1.134021997892186 	 0.00015307173239194734
1.1350219978921858 	 0.00015045184256985724
1.1360219978921857 	 0.0001479151246503822
1.1370219978921856 	 0.00014545608971926123
1.1380219978921855 	 0.00014307203778739474
1.1390219978921854 	 0.00014076043319533366
1.1400219978921853 	 0.00013851889196645918
1.1410219978921852 	 0.00013634511062264444
1.142021997892185 	 0.0001342368149341038
1.143021997892185 	 0.00013219180507072453
1.1440219978921848 	 0.0001302079967025656
1.1450219978921847 	 0.00012828349031783896
1.1460219978921846 	 0.00012641648238800965
1.1470219978921845 	 0.00012460523716842698
1.1480219978921844 	 0.00012284808378133067
1.1490219978921843 	 0.00012114341342949877
1.1500219978921842 	 0.00011948967675145343
1.151021997892184 	 0.0001178853689247176
1.152021997892184 	 0.00011632899413926883
1.1530219978921838 	 0.00011481909980857238
1.1540219978921837 	 0.00011335428675409703
1.1550219978921836 	 0.00011193320554370302
1.1560219978921835 	 0.00011055455532888051
1.1570219978921834 	 0.00010921708702633305
1.1580219978921833 	 0.00010791959535481042
1.1590219978921832 	 0.00010666091806127307
1.160021997892183 	 0.00010543993430015558
1.161021997892183 	 0.00010425555336903138
1.1620219978921829 	 0.00010310668741693896
1.1630219978921827 	 0.00010199228013898987
1.1640219978921826 	 0.00010091135453691256
1.1650219978921825 	 9.98630133806272e-05
1.1660219978921824 	 9.884641568430326e-05
1.1670219978921823 	 9.786075416031315e-05
1.1680219978921822 	 9.69052483036924e-05
1.169021997892182 	 9.597914342145428e-05
1.170021997892182 	 9.508170971384908e-05
1.1710219978921819 	 9.421222256370859e-05
1.1720219978921818 	 9.336991138584238e-05
1.1730219978921816 	 9.255401471593707e-05
1.1740219978921815 	 9.176379649406766e-05
1.1750219978921814 	 9.099854518209715e-05
1.1760219978921813 	 9.025757228975191e-05
1.1770219978921812 	 8.95402101837295e-05
1.178021997892181 	 8.884581792471406e-05
1.179021997892181 	 8.817377260280928e-05
1.1800219978921809 	 8.752347131494131e-05
1.1810219978921808 	 8.689436279151001e-05
1.1820219978921807 	 8.628603336148483e-05
1.1830219978921805 	 8.569809540761851e-05
1.1840219978921804 	 8.51302010733765e-05
1.1850219978921803 	 8.458199680067864e-05
1.1860219978921802 	 8.405314463246051e-05
1.18702199789218 	 8.354323599090734e-05
1.18802199789218 	 8.305158431359123e-05
1.1890219978921799 	 8.257759402186694e-05
1.1900219978921798 	 8.212081775905239e-05
1.1910219978921797 	 8.16808288913746e-05
1.1920219978921796 	 8.125722150218824e-05
1.1930219978921794 	 8.084960340299201e-05
1.1940219978921793 	 8.045759398593081e-05
1.1950219978921792 	 8.00808238711641e-05
1.1960219978921791 	 7.971893450009722e-05
1.197021997892179 	 7.937157774691648e-05
1.198021997892179 	 7.903841555095146e-05
1.1990219978921788 	 7.871911955564466e-05
1.2000219978921787 	 7.841337076994892e-05
1.2010219978921786 	 7.812088445702478e-05
1.2020219978921785 	 7.784147794918388e-05
1.2030219978921783 	 7.757499622178169e-05
1.2040219978921782 	 7.732128959580563e-05
1.2050219978921781 	 7.708018741929266e-05
1.206021997892178 	 7.685142683872096e-05
1.207021997892178 	 7.663472970068826e-05
1.2080219978921778 	 7.642982554731791e-05
1.2090219978921777 	 7.623645133470795e-05
1.2100219978921776 	 7.605435116580757e-05
1.2110219978921775 	 7.588328498332855e-05
1.2120219978921773 	 7.572305257784455e-05
1.2130219978921772 	 7.557346499332264e-05
1.2140219978921771 	 7.543429321856501e-05
1.215021997892177 	 7.530527140907303e-05
1.216021997892177 	 7.51861384459059e-05
1.2170219978921768 	 7.507663937354438e-05
1.2180219978921767 	 7.497652514333238e-05
1.2190219978921766 	 7.488555237584073e-05
1.2200219978921765 	 7.480348312876573e-05
1.2210219978921764 	 7.473012708326303e-05
1.2220219978921762 	 7.466545679190089e-05
1.2230219978921761 	 7.460948433784957e-05
1.224021997892176 	 7.456222401544298e-05
1.225021997892176 	 7.45236924035633e-05
1.2260219978921758 	 7.449385459861265e-05
1.2270219978921757 	 7.447247748559563e-05
1.2280219978921756 	 7.445928570490827e-05
1.2290219978921755 	 7.445400879053078e-05
1.2300219978921754 	 7.445638091300582e-05
1.2310219978921753 	 7.446617087823969e-05
1.2320219978921751 	 7.448326446025178e-05
1.233021997892175 	 7.450757682183466e-05
1.234021997892175 	 7.453902582131816e-05
1.2350219978921748 	 7.45775319468651e-05
1.2360219978921747 	 7.462301825770598e-05
1.2370219978921746 	 7.467541032447218e-05
1.2380219978921745 	 7.473463275288638e-05
1.2390219978921744 	 7.480054146473542e-05
1.2400219978921743 	 7.487292801462485e-05
1.2410219978921742 	 7.495160077289417e-05
1.242021997892174 	 7.503643271480746e-05
1.243021997892174 	 7.512731366462519e-05
1.2440219978921738 	 7.522413562011428e-05
1.2450219978921737 	 7.532679265717569e-05
1.2460219978921736 	 7.543518085303644e-05
1.2470219978921735 	 7.554922591004579e-05
1.2480219978921734 	 7.566895898946144e-05
1.2490219978921733 	 7.579443701154455e-05
1.2500219978921732 	 7.592571837057791e-05
1.251021997892173 	 7.606283239862281e-05
1.252021997892173 	 7.620569558965363e-05
1.2530219978921728 	 7.635419950702797e-05
1.2540219978921727 	 7.650823743723798e-05
1.2550219978921726 	 7.666770428136644e-05
1.2560219978921725 	 7.683249647878095e-05
1.2570219978921724 	 7.700251192609107e-05
1.2580219978921723 	 7.71776499121849e-05
1.2590219978921722 	 7.735781105674292e-05
1.260021997892172 	 7.754289723531755e-05
1.261021997892172 	 7.773273551353142e-05
1.2620219978921718 	 7.792686936414407e-05
1.2630219978921717 	 7.81247945171075e-05
1.2640219978921716 	 7.832638357672711e-05
1.2650219978921715 	 7.85318654251851e-05
1.2660219978921714 	 7.874148404240514e-05
1.2670219978921713 	 7.895543983991668e-05
1.2680219978921712 	 7.917376657701577e-05
1.269021997892171 	 7.939645971438796e-05
1.270021997892171 	 7.96235156584569e-05
1.2710219978921709 	 7.98549168365439e-05
1.2720219978921707 	 8.009059073553468e-05
1.2730219978921706 	 8.033045263429498e-05
1.2740219978921705 	 8.057441848171624e-05
1.2750219978921704 	 8.082240481084884e-05
1.2760219978921703 	 8.107432868550892e-05
1.2770219978921702 	 8.133010764842374e-05
1.27802199789217 	 8.158965968128579e-05
1.27902199789217 	 8.185290317398165e-05
1.2800219978921699 	 8.211975688173062e-05
1.2810219978921698 	 8.239013341495522e-05
1.2820219978921696 	 8.266392143600461e-05
1.2830219978921695 	 8.294100420339545e-05
1.2840219978921694 	 8.322126508027279e-05
1.2850219978921693 	 8.350458746024373e-05
1.2860219978921692 	 8.379085471117091e-05
1.287021997892169 	 8.408006990468208e-05
1.288021997892169 	 8.437266122438408e-05
1.2890219978921689 	 8.466865845063252e-05
1.2900219978921688 	 8.49676135733331e-05
1.2910219978921686 	 8.526914742400975e-05
1.2920219978921685 	 8.557321670730171e-05
1.2930219978921684 	 8.587985725596055e-05
1.2940219978921683 	 8.618910535122965e-05
1.2950219978921682 	 8.650099770040244e-05
1.296021997892168 	 8.68155714097277e-05
1.297021997892168 	 8.713286394469491e-05
1.2980219978921679 	 8.745291315132462e-05
1.2990219978921678 	 8.777575705348226e-05
1.3000219978921677 	 8.810143253477734e-05
1.3010219978921675 	 8.842992097822034e-05
1.3020219978921674 	 8.876098989095454e-05
1.3030219978921673 	 8.90943555032546e-05
1.3040219978921672 	 8.942973270523801e-05
1.305021997892167 	 8.976683502248031e-05
1.306021997892167 	 9.01054479217153e-05
1.3070219978921669 	 9.04456307478552e-05
1.3080219978921668 	 9.078750758897394e-05
1.3090219978921667 	 9.113120317100623e-05
1.3100219978921666 	 9.147684281776902e-05
1.3110219978921664 	 9.182448445420855e-05
1.3120219978921663 	 9.217393124005282e-05
1.3130219978921662 	 9.252493334897233e-05
1.3140219978921661 	 9.287740638590155e-05
1.315021997892166 	 9.323142314009375e-05
1.316021997892166 	 9.358706281009878e-05
1.3170219978921658 	 9.39444047681239e-05
1.3180219978921657 	 9.430352863434788e-05
1.3190219978921656 	 9.466451426293108e-05
1.3200219978921655 	 9.502744174895658e-05
1.3210219978921653 	 9.539230322001242e-05
1.3220219978921652 	 9.57587597697815e-05
1.3230219978921651 	 9.612639260759313e-05
1.324021997892165 	 9.649478053019984e-05
1.325021997892165 	 9.6863500066968e-05
1.3260219978921648 	 9.723212548745331e-05
1.3270219978921647 	 9.76002287996649e-05
1.3280219978921646 	 9.796765125069207e-05
1.3290219978921645 	 9.833525037177369e-05
1.3300219978921644 	 9.870412545848482e-05
1.3310219978921642 	 9.907510095383357e-05
1.3320219978921641 	 9.944799013557964e-05
1.333021997892164 	 9.982241391270438e-05
1.334021997892164 	 0.00010019797934986937
1.3350219978921638 	 0.00010057428890868723
1.3360219978921637 	 0.0001009509419539651
1.3370219978921636 	 0.00010132753505099738
1.3380219978921635 	 0.00010170367794965046
1.3390219978921634 	 0.00010207930151260406
1.3400219978921633 	 0.00010245464140598278
1.3410219978921631 	 0.00010282989160679263
1.342021997892163 	 0.00010320504307315242
1.343021997892163 	 0.00010358003756907832
1.3440219978921628 	 0.00010395481590727653
1.3450219978921627 	 0.00010432931822342668
1.3460219978921626 	 0.00010470348385468133
1.3470219978921625 	 0.0001050772619934125
1.3480219978921624 	 0.00010545064226120368
1.3490219978921623 	 0.00010582362340068415
1.3500219978921622 	 0.00010619620365063478
1.351021997892162 	 0.00010656838452657592
1.352021997892162 	 0.0001069401808838298
1.3530219978921618 	 0.00010731160908409233
1.3540219978921617 	 0.00010768268463139575
1.3550219978921616 	 0.00010805342251214092
1.3560219978921615 	 0.00010842383695552411
1.3570219978921614 	 0.00010879394085000333
1.3580219978921613 	 0.00010916374632650095
1.3590219978921612 	 0.00010953326494403596
1.360021997892161 	 0.00010990250766864305
1.361021997892161 	 0.00011027092900446881
1.3620219978921608 	 0.00011063589833612034
1.3630219978921607 	 0.00011099689039148399
1.3640219978921606 	 0.00011135760030019746
1.3650219978921605 	 0.00011171793339957488
1.3660219978921604 	 0.00011207754484973373
1.3670219978921603 	 0.00011243608723309288
1.3680219978921602 	 0.00011279321159144839
1.36902199789216 	 0.00011314856781295991
1.37002199789216 	 0.00011350180471572808
1.3710219978921598 	 0.00011385263689996484
1.3720219978921597 	 0.00011420102790999665
1.3730219978921596 	 0.0001145469984196227
1.3740219978921595 	 0.00011489056858226614
1.3750219978921594 	 0.00011523175829303403
1.3760219978921593 	 0.00011557058684216385
1.3770219978921592 	 0.00011590707193409486
1.378021997892159 	 0.00011624123078751153
1.379021997892159 	 0.00011657308050423915
1.3800219978921588 	 0.00011690263813862984
1.3810219978921587 	 0.0001172298947454938
1.3820219978921586 	 0.00011755474392874461
1.3830219978921585 	 0.000117877056191401
1.3840219978921584 	 0.00011819670224960469
1.3850219978921583 	 0.00011851355326947213
1.3860219978921582 	 0.00011882748123891174
1.387021997892158 	 0.00011913835960082101
1.388021997892158 	 0.00011944605263684407
1.3890219978921579 	 0.00011975021186919223
1.3900219978921577 	 0.00012005028844507387
1.3910219978921576 	 0.00012034586572143895
1.3920219978921575 	 0.00012063704604051564
1.3930219978921574 	 0.00012092405462761214
1.3940219978921573 	 0.00012120711850621689
1.3950219978921572 	 0.00012148646651938826
1.396021997892157 	 0.000121762273371014
1.397021997892157 	 0.00012203450618244023
1.3980219978921569 	 0.00012230308563830839
1.3990219978921568 	 0.00012256793523966324
1.4000219978921566 	 0.0001228222452232185
1.4010219978921565 	 0.00012307960544618462
1.4020219978921564 	 0.00012333302210863737
1.4030219978921563 	 0.00012358243409344157
1.4040219978921562 	 0.0001238277833980256
1.405021997892156 	 0.00012406901487974016
1.406021997892156 	 0.00012430607645891328
1.4070219978921559 	 0.00012453891990189377
1.4080219978921558 	 0.00012476749960111516
1.4090219978921557 	 0.00012499177201318493
1.4100219978921555 	 0.00012521169537053705
1.4110219978921554 	 0.00012542719581024788
1.4120219978921553 	 0.0001256380755740458
1.4130219978921552 	 0.00012584411510391933
1.414021997892155 	 0.0001260452001794155
1.415021997892155 	 0.00012624131498490995
1.4160219978921549 	 0.0001264324472217406
1.4170219978921548 	 0.00012661858398711504
1.4180219978921547 	 0.00012679971140925844
1.4190219978921546 	 0.00012697581436414107
1.4200219978921544 	 0.00012714687625794277
1.4210219978921543 	 0.00012731287900135145
1.4220219978921542 	 0.0001274738036628988
1.4230219978921541 	 0.00012762963084414795
1.424021997892154 	 0.00012778033957542992
1.425021997892154 	 0.00012792590707585137
1.4260219978921538 	 0.00012806630840355522
1.4270219978921537 	 0.00012820151544055532
1.4280219978921536 	 0.00012833149827573754
1.4290219978921535 	 0.00012845622577469415
1.4300219978921533 	 0.00012857566582030413
1.4310219978921532 	 0.00012868978614219496
1.4320219978921531 	 0.00012879855648783724
1.433021997892153 	 0.0001289019480292484
1.434021997892153 	 0.00012899993227444265
1.4350219978921528 	 0.0001290924810436293
1.4360219978921527 	 0.00012917956632799878
1.4370219978921526 	 0.00012926115942775537
1.4380219978921525 	 0.00012933723698361116
1.4390219978921523 	 0.00012940776076149964
1.4400219978921522 	 0.0001294726614756972
1.4410219978921521 	 0.0001295318703851611
1.442021997892152 	 0.0001295853212459326
1.443021997892152 	 0.00012963295116488245
1.4440219978921518 	 0.00012967469987128566
1.4450219978921517 	 0.00012971050978616465
1.4460219978921516 	 0.0001297403258307304
1.4470219978921515 	 0.000129764095052001
1.4480219978921514 	 0.00012978176718250444
1.4490219978921512 	 0.00012979329485283855
1.4500219978921511 	 0.0001297986336138175
1.451021997892151 	 0.00012979774809807618
1.452021997892151 	 0.00012979062892656357
1.4530219978921508 	 0.00012977727540622086
1.4540219978921507 	 0.0001297576895781845
1.4550219978921506 	 0.00012973187602815473
1.4560219978921505 	 0.00012969984167363725
1.4570219978921504 	 0.00012966158067803587
1.4580219978921503 	 0.00012961703516032734
1.4590219978921501 	 0.00012956613771431932
1.46002199789215 	 0.00012950882426653677
1.46102199789215 	 0.00012944503388609635
1.4620219978921498 	 0.00012937470847055306
1.4630219978921497 	 0.0001292977984827706
1.4640219978921496 	 0.00012921436044014935
1.4650219978921495 	 0.00012912454941341742
1.4660219978921494 	 0.00012902852455425764
1.4670219978921493 	 0.0001289264446729908
1.4680219978921492 	 0.00012881846866568533
1.469021997892149 	 0.00012870475556837468
1.470021997892149 	 0.0001285854644630127
1.4710219978921488 	 0.00012846071260720176
1.4720219978921487 	 0.00012833046189528782
1.4730219978921486 	 0.00012819464077709917
1.4740219978921485 	 0.0001280531808526433
1.4750219978921484 	 0.00012790601677314104
1.4760219978921483 	 0.00012775308601054377
1.4770219978921482 	 0.00012759432826918673
1.478021997892148 	 0.0001274296860724802
1.479021997892148 	 0.00012725910493984328
1.4800219978921478 	 0.00012708253332251447
1.4810219978921477 	 0.00012689992251651045
1.4820219978921476 	 0.00012671122628667822
1.4830219978921475 	 0.00012651651829305398
1.4840219978921474 	 0.00012631630877206856
1.4850219978921473 	 0.00012611120338437636
1.4860219978921472 	 0.00012590179936343678
1.487021997892147 	 0.0001256886845308402
1.488021997892147 	 0.00012547240986749038
1.4890219978921468 	 0.00012525293216627845
1.4900219978921467 	 0.00012502965885390673
1.4910219978921466 	 0.00012480156502699902
1.4920219978921465 	 0.00012456664907011685
1.4930219978921464 	 0.00012432473547761353
1.4940219978921463 	 0.00012407615687239814
1.4950219978921462 	 0.00012382124261014314
1.496021997892146 	 0.00012356031825723658
1.497021997892146 	 0.00012329370448728867
1.4980219978921459 	 0.0001230217179590169
1.4990219978921457 	 0.00012274467149952766
1.5000219978921456 	 0.00012246287399431002
1.5010219978921455 	 0.00012217663023051775
1.5020219978921454 	 0.00012188624072547383
1.5030219978921453 	 0.0001215920020424492
1.5040219978921452 	 0.00012129420656080827
1.505021997892145 	 0.00012099314239118752
1.506021997892145 	 0.00012068903740240353
1.5070219978921449 	 0.00012038190794294836
1.5080219978921447 	 0.00012007156779516528
1.5090219978921446 	 0.00011975725830478208
1.5100219978921445 	 0.0001194381030584932
1.5110219978921444 	 0.00011911355783855062
1.5120219978921443 	 0.00011878425639313709
1.5130219978921442 	 0.00011845107289627401
1.514021997892144 	 0.00011811445193078374
1.515021997892144 	 0.00011777444220766174
1.5160219978921439 	 0.00011743107767787266
1.5170219978921438 	 0.00011708439275612385
1.5180219978921436 	 0.00011673442249242857
1.5190219978921435 	 0.00011638120260988756
1.5200219978921434 	 0.00011602476948479085
1.5210219978921433 	 0.00011566515915233969
1.5220219978921432 	 0.00011530240661394677
1.523021997892143 	 0.0001149365505064058
1.524021997892143 	 0.0001145676303105364
1.5250219978921429 	 0.00011419568595113952
1.5260219978921428 	 0.00011382074815639485
1.5270219978921427 	 0.00011344285164186977
1.5280219978921425 	 0.0001130620379965968
1.5290219978921424 	 0.0001126783490905462
1.5300219978921423 	 0.00011229182485746946
1.5310219978921422 	 0.00011190251831806437
1.532021997892142 	 0.00011151052684425637
1.533021997892142 	 0.00011111595739100597
1.5340219978921419 	 0.00011071891586742712
1.5350219978921418 	 0.00011031950696323388
1.5360219978921417 	 0.00010991783441466038
1.5370219978921416 	 0.0001095140016570181
1.5380219978921414 	 0.00010910810976968173
1.5390219978921413 	 0.00010870023144010711
1.5400219978921412 	 0.00010829041331193777
1.5410219978921411 	 0.00010787870146236782
1.542021997892141 	 0.0001074651435796047
1.543021997892141 	 0.00010704978832811455
1.5440219978921408 	 0.00010663268452454324
1.5450219978921407 	 0.00010621388099075701
1.5460219978921406 	 0.00010579342704550976
1.5470219978921405 	 0.00010537140314455796
1.5480219978921403 	 0.00010494799839123572
1.5490219978921402 	 0.00010452342358106775
1.5500219978921401 	 0.00010409774612878135
1.55102199789214 	 0.00010367063309135251
1.55202199789214 	 0.00010324207905576421
1.5530219978921398 	 0.00010281218255714716
1.5540219978921397 	 0.00010238104118876034
1.5550219978921396 	 0.00010194875149290966
1.5560219978921395 	 0.00010151540979027414
1.5570219978921394 	 0.00010108111429284903
1.5580219978921392 	 0.00010064596297231732
1.5590219978921391 	 0.00010021005297054857
1.560021997892139 	 9.977348073279844e-05
1.561021997892139 	 9.933634308014358e-05
1.5620219978921388 	 9.889874009203509e-05
1.5630219978921387 	 9.846076793053057e-05
1.5640219978921386 	 9.802242206144873e-05
1.5650219978921385 	 9.758360649361255e-05
1.5660219978921384 	 9.714422860128389e-05
1.5670219978921383 	 9.670420603293114e-05
1.5680219978921381 	 9.626249860932608e-05
1.569021997892138 	 9.581824700408617e-05
1.570021997892138 	 9.537211406236663e-05
1.5710219978921378 	 9.492431082381867e-05
1.5720219978921377 	 9.44752237844463e-05
1.5730219978921376 	 9.40252614874792e-05
1.5740219978921375 	 9.357480939794569e-05
1.5750219978921374 	 9.312423792323673e-05
1.5760219978921373 	 9.267390805840423e-05
1.5770219978921372 	 9.222417760893181e-05
1.578021997892137 	 9.177539730382631e-05
1.579021997892137 	 9.132790898789834e-05
1.5800219978921368 	 9.088204396970429e-05
1.5810219978921367 	 9.043812095153449e-05
1.5820219978921366 	 8.999644393616955e-05
1.5830219978921365 	 8.955729242951024e-05
1.5840219978921364 	 8.912091183777788e-05
1.5850219978921363 	 8.868750248687645e-05
1.5860219978921362 	 8.825720860808795e-05
1.587021997892136 	 8.783010953737519e-05
1.588021997892136 	 8.740592974404129e-05
1.5890219978921358 	 8.698073099843359e-05
1.5900219978921357 	 8.655299205658233e-05
1.5910219978921356 	 8.612273371439738e-05
1.5920219978921355 	 8.568990673039282e-05
1.5930219978921354 	 8.525444239916966e-05
1.5940219978921353 	 8.48163034092139e-05
1.5950219978921352 	 8.437553097001525e-05
1.596021997892135 	 8.39322830864105e-05
1.597021997892135 	 8.348685758552686e-05
1.5980219978921348 	 8.30396875969623e-05
1.5990219978921347 	 8.259132019568565e-05
1.6000219978921346 	 8.21423830825202e-05
1.6010219978921345 	 8.169347121324525e-05
1.6020219978921344 	 8.12449098037917e-05
1.6030219978921343 	 8.079694701257736e-05
1.6040219978921342 	 8.034980128694709e-05
1.605021997892134 	 7.990365018759674e-05
1.606021997892134 	 7.945862702116421e-05
1.6070219978921338 	 7.901482360578836e-05
1.6080219978921337 	 7.85722929218706e-05
1.6090219978921336 	 7.81310545327854e-05
1.6100219978921335 	 7.76911010688912e-05
1.6110219978921334 	 7.725245803892051e-05
1.6120219978921333 	 7.681533276681693e-05
1.6130219978921332 	 7.63799539025996e-05
1.614021997892133 	 7.594644861818326e-05
1.615021997892133 	 7.551485462558636e-05
1.6160219978921329 	 7.508520140780095e-05
1.6170219978921327 	 7.465751508399417e-05
1.6180219978921326 	 7.423182035849907e-05
1.6190219978921325 	 7.380814187615316e-05
1.6200219978921324 	 7.338650511888318e-05
1.6210219978921323 	 7.296693672831904e-05
1.6220219978921322 	 7.254946326104294e-05
1.623021997892132 	 7.213411215432786e-05
1.624021997892132 	 7.172091369770476e-05
1.6250219978921319 	 7.130990180480289e-05
1.6260219978921318 	 7.090111334354611e-05
1.6270219978921316 	 7.049458613279351e-05
1.6280219978921315 	 7.009036168196536e-05
1.6290219978921314 	 6.968848610833227e-05
1.6300219978921313 	 6.92890103330353e-05
1.6310219978921312 	 6.889193176636201e-05
1.632021997892131 	 6.849703777437e-05
1.633021997892131 	 6.810407874395752e-05
1.6340219978921309 	 6.77129055940772e-05
1.6350219978921308 	 6.73236959061069e-05
1.6360219978921307 	 6.69367005864534e-05
1.6370219978921305 	 6.655216487366394e-05
1.6380219978921304 	 6.6170328920885e-05
1.6390219978921303 	 6.579136113066553e-05
1.6400219978921302 	 6.541536509790269e-05
1.64102199789213 	 6.50424448034581e-05
1.64202199789213 	 6.467270276405185e-05
1.6430219978921299 	 6.430624353800437e-05
1.6440219978921298 	 6.394317536899387e-05
1.6450219978921297 	 6.35836099769594e-05
1.6460219978921296 	 6.322766073612573e-05
1.6470219978921294 	 6.287543811894796e-05
1.6480219978921293 	 6.252705371519587e-05
1.6490219978921292 	 6.218262099429052e-05
1.650021997892129 	 6.184225471599543e-05
1.651021997892129 	 6.150605355443818e-05
1.652021997892129 	 6.117405395988362e-05
1.6530219978921288 	 6.084627956323031e-05
1.6540219978921287 	 6.052275570715213e-05
1.6550219978921286 	 6.020350890321687e-05
1.6560219978921285 	 5.988856478023676e-05
1.6570219978921283 	 5.957794388832705e-05
1.6580219978921282 	 5.9271664871277705e-05
1.6590219978921281 	 5.8969744810778466e-05
1.660021997892128 	 5.8672198636297884e-05
1.661021997892128 	 5.837910258917493e-05
1.6620219978921278 	 5.8090765946834286e-05
1.6630219978921277 	 5.780753291313332e-05
1.6640219978921276 	 5.752956466067524e-05
1.6650219978921275 	 5.725685453522846e-05
1.6660219978921273 	 5.698938387975774e-05
1.6670219978921272 	 5.6727125725058715e-05
1.6680219978921271 	 5.6470046909468477e-05
1.669021997892127 	 5.621810852092523e-05
1.670021997892127 	 5.597126564498133e-05
1.6710219978921268 	 5.572947511898797e-05
1.6720219978921267 	 5.549271696782633e-05
1.6730219978921266 	 5.526097121372291e-05
1.6740219978921265 	 5.5034210537165754e-05
1.6750219978921264 	 5.4812400259630646e-05
1.6760219978921262 	 5.459549811413072e-05
1.6770219978921261 	 5.438345345742324e-05
1.678021997892126 	 5.417620850602138e-05
1.679021997892126 	 5.397369890020152e-05
1.6800219978921258 	 5.377585394440955e-05
1.6810219978921257 	 5.3582596826079344e-05
1.6820219978921256 	 5.3393844663221604e-05
1.6830219978921255 	 5.320950972874048e-05
1.6840219978921254 	 5.3029499525323296e-05
1.6850219978921253 	 5.285371705422654e-05
1.6860219978921251 	 5.268206124681635e-05
1.687021997892125 	 5.251442743159782e-05
1.688021997892125 	 5.2350709516377215e-05
1.6890219978921248 	 5.219083578520772e-05
1.6900219978921247 	 5.203476665911206e-05
1.6910219978921246 	 5.188244712637533e-05
1.6920219978921245 	 5.1733768027577036e-05
1.6930219978921244 	 5.1588607552585635e-05
1.6940219978921243 	 5.144684347126201e-05
1.6950219978921242 	 5.130835335773501e-05
1.696021997892124 	 5.1173015182455105e-05
1.697021997892124 	 5.104070830494007e-05
1.6980219978921238 	 5.0911313085784106e-05
1.6990219978921237 	 5.078471096653491e-05
1.7000219978921236 	 4.936818661983249e-05
1.7010219978921235 	 4.917716629727002e-05
1.7020219978921234 	 4.8987053588203005e-05
1.7030219978921233 	 4.879784626628808e-05
1.7040219978921232 	 4.860954204385778e-05
1.705021997892123 	 4.842213857383222e-05
1.706021997892123 	 4.823563345159293e-05
1.7070219978921228 	 4.8050024216819247e-05
1.7080219978921227 	 4.786530835528753e-05
1.7090219978921226 	 4.768148330063404e-05
1.7100219978921225 	 4.74985464360818e-05
1.7110219978921224 	 4.731649509613242e-05
1.7120219978921223 	 4.713532656822254e-05
1.7130219978921222 	 4.6955038094346186e-05
1.714021997892122 	 4.677562687264335e-05
1.715021997892122 	 4.6597090058955134e-05
1.7160219978921218 	 4.64194247683461e-05
1.7170219978921217 	 4.6242628076594316e-05
1.7180219978921216 	 4.606669702164966e-05
1.7190219978921215 	 4.58916286050608e-05
1.7200219978921214 	 4.5717419793371454e-05
1.7210219978921213 	 4.554406751948614e-05
1.7220219978921212 	 4.5371568684006546e-05
1.723021997892121 	 4.519992015653808e-05
1.724021997892121 	 4.502911877696807e-05
1.7250219978921209 	 4.48591613567153e-05
1.7260219978921207 	 4.4690044679951844e-05
1.7270219978921206 	 4.452176550479751e-05
1.7280219978921205 	 4.4354320564487074e-05
1.7290219978921204 	 4.4187706568511824e-05
1.7300219978921203 	 4.40219202037339e-05
1.7310219978921202 	 4.3856958135476315e-05
1.73202199789212 	 4.369281700858701e-05
1.73302199789212 	 4.352949344847874e-05
1.7340219978921199 	 4.3366984062144506e-05
1.7350219978921197 	 4.320528543914928e-05
1.7360219978921196 	 4.3044394152598394e-05
1.7370219978921195 	 4.288430676008295e-05
1.7380219978921194 	 4.272501980460284e-05
1.7390219978921193 	 4.256652981546748e-05
1.7400219978921192 	 4.240883330917497e-05
1.741021997892119 	 4.2251926790270084e-05
1.742021997892119 	 4.209580675218104e-05
1.7430219978921189 	 4.194046967803626e-05
1.7440219978921188 	 4.1785912041460354e-05
1.7450219978921186 	 4.163213030735113e-05
1.7460219978921185 	 4.147912093263679e-05
1.7470219978921184 	 4.132688036701412e-05
1.7480219978921183 	 4.117540505366838e-05
1.7490219978921182 	 4.102469142997457e-05
1.750021997892118 	 4.0874735928181136e-05
1.751021997892118 	 4.0725534976075904e-05
1.7520219978921179 	 4.057708499763505e-05
1.7530219978921178 	 4.0429382413654734e-05
1.7540219978921177 	 4.028242364236687e-05
1.7550219978921175 	 4.013620510003807e-05
1.7560219978921174 	 3.9990723201553244e-05
1.7570219978921173 	 3.9845974360983114e-05
1.7580219978921172 	 3.970195499213709e-05
1.759021997892117 	 3.955866150910071e-05
1.760021997892117 	 3.94160903267586e-05
1.7610219978921169 	 3.927423786130334e-05
1.7620219978921168 	 3.913310053073001e-05
1.7630219978921167 	 3.8992674755317025e-05
1.7640219978921166 	 3.885295695809371e-05
1.7650219978921164 	 3.871394356529446e-05
1.7660219978921163 	 3.857563100680034e-05
1.7670219978921162 	 3.843801571656749e-05
1.7680219978921161 	 3.8301094133043765e-05
1.769021997892116 	 3.8164862699572914e-05
1.770021997892116 	 3.802931786478695e-05
1.7710219978921158 	 3.789445608298715e-05
1.7720219978921157 	 3.77602738145134e-05
1.7730219978921156 	 3.7626767526102694e-05
1.7740219978921155 	 3.749393369123655e-05
1.7750219978921153 	 3.736176879047808e-05
1.7760219978921152 	 3.72302693117983e-05
1.7770219978921151 	 3.7099431750892584e-05
1.778021997892115 	 3.696925261148713e-05
1.779021997892115 	 3.683972840563549e-05
1.7800219978921148 	 3.671085565400583e-05
1.7810219978921147 	 3.658263088615872e-05
1.7820219978921146 	 3.645505064081597e-05
1.7830219978921145 	 3.632811146612051e-05
1.7840219978921144 	 3.620180991988748e-05
1.7850219978921142 	 3.6076142569846945e-05
1.7860219978921141 	 3.595110599387844e-05
1.787021997892114 	 3.5826696780237036e-05
1.788021997892114 	 3.570291152777172e-05
1.7890219978921138 	 3.557974684613617e-05
1.7900219978921137 	 3.545719935599146e-05
1.7910219978921136 	 3.5335265689202e-05
1.7920219978921135 	 3.521394248902373e-05
1.7930219978921134 	 3.509322641028543e-05
1.7940219978921133 	 3.4973114119563455e-05
1.7950219978921131 	 3.485360229534897e-05
1.796021997892113 	 3.473468762820963e-05
1.797021997892113 	 3.46163668209438e-05
1.7980219978921128 	 3.449863658872932e-05
1.7990219978921127 	 3.4381493659265736e-05
1.8000219978921126 	 3.4264934772910664e-05
1.8010219978921125 	 3.4148956682810234e-05
1.8020219978921124 	 3.403355615502411e-05
1.8030219978921123 	 3.3918729968644554e-05
1.8040219978921122 	 3.380447491591041e-05
1.805021997892112 	 3.3690787802315697e-05
1.806021997892112 	 3.357766544671301e-05
1.8070219978921118 	 3.346510468141186e-05
1.8080219978921117 	 3.335310235227221e-05
1.8090219978921116 	 3.3241655318793116e-05
1.8100219978921115 	 3.3130760454196836e-05
1.8110219978921114 	 3.302041464550824e-05
1.8120219978921113 	 3.291061479362993e-05
1.8130219978921112 	 3.2801357813412864e-05
1.814021997892111 	 3.269264063372297e-05
1.815021997892111 	 3.2584460197503353e-05
1.8160219978921108 	 3.247681346183304e-05
1.8170219978921107 	 3.2369697397981074e-05
1.8180219978921106 	 3.226310899145748e-05
1.8190219978921105 	 3.215704524206013e-05
1.8200219978921104 	 3.2051503163918186e-05
1.8210219978921103 	 3.1946479785531964e-05
1.8220219978921102 	 3.1841972149809447e-05
1.82302199789211 	 3.173797731409925e-05
1.82402199789211 	 3.1634492350220736e-05
1.8250219978921098 	 3.153151434449056e-05
1.8260219978921097 	 3.142904039774649e-05
1.8270219978921096 	 3.13270676253679e-05
1.8280219978921095 	 3.122559315729376e-05
1.8290219978921094 	 3.112461413803746e-05
1.8300219978921093 	 3.1024127726699036e-05
1.8310219978921092 	 3.092413109697464e-05
1.832021997892109 	 3.0824621437163605e-05
1.833021997892109 	 3.072559595017274e-05
1.8340219978921088 	 3.0627051853518356e-05
1.8350219978921087 	 3.052898637932566e-05
1.8360219978921086 	 3.0431396774326187e-05
1.8370219978921085 	 3.033428029985274e-05
1.8380219978921084 	 3.0237634231832138e-05
1.8390219978921083 	 3.0141455860775955e-05
1.8400219978921082 	 3.004574249176907e-05
1.841021997892108 	 2.9950491444456344e-05
1.842021997892108 	 2.985570005302729e-05
1.8430219978921079 	 2.9761365666198823e-05
1.8440219978921077 	 2.966748564719623e-05
1.8450219978921076 	 2.9574057373732455e-05
1.8460219978921075 	 2.948107823798539e-05
1.8470219978921074 	 2.9388545646573843e-05
1.8480219978921073 	 2.929645702053162e-05
1.8490219978921072 	 2.9204809795280227e-05
1.850021997892107 	 2.911360142059992e-05
1.851021997892107 	 2.9022829360599417e-05
1.8520219978921069 	 2.893249109368406e-05
1.8530219978921068 	 2.8842584112522727e-05
1.8540219978921066 	 2.875310592401326e-05
1.8550219978921065 	 2.8664054049246848e-05
1.8560219978921064 	 2.8575426023470916e-05
1.8570219978921063 	 2.848721939605092e-05
1.8580219978921062 	 2.8399431730431035e-05
1.859021997892106 	 2.8312060604093676e-05
1.860021997892106 	 2.8225103608517895e-05
1.8610219978921059 	 2.8138558349136752e-05
1.8620219978921058 	 2.8052422445293765e-05
1.8630219978921057 	 2.7966693530198293e-05
1.8640219978921055 	 2.78813692508801e-05
1.8650219978921054 	 2.7796447268142664e-05
1.8660219978921053 	 2.771192525651632e-05
1.8670219978921052 	 2.7627800904209758e-05
1.868021997892105 	 2.754407191306133e-05
1.869021997892105 	 2.7460735998489264e-05
1.8700219978921049 	 2.7377790889441258e-05
1.8710219978921048 	 2.7295234328343322e-05
1.8720219978921047 	 2.7213064071048e-05
1.8730219978921046 	 2.7131277886781892e-05
1.8740219978921044 	 2.7049873558092495e-05
1.8750219978921043 	 2.696884888079452e-05
1.8760219978921042 	 2.688820166391573e-05
1.877021997892104 	 2.680792972964192e-05
1.878021997892104 	 2.6728030913261814e-05
1.879021997892104 	 2.6648503063111028e-05
1.8800219978921038 	 2.6569344040515856e-05
1.8810219978921037 	 2.6490551719736505e-05
1.8820219978921036 	 2.6412123987909916e-05
1.8830219978921034 	 2.6334058744992112e-05
1.8840219978921033 	 2.6256353903700298e-05
1.8850219978921032 	 2.6179007389454413e-05
1.8860219978921031 	 2.6102017140318558e-05
1.887021997892103 	 2.6025381106941936e-05
1.888021997892103 	 2.5949097252499482e-05
1.8890219978921028 	 2.5873163552632345e-05
1.8900219978921027 	 2.5797577995388e-05
1.8910219978921026 	 2.5722338581160015e-05
1.8920219978921025 	 2.5647443322627957e-05
1.8930219978921023 	 2.5572890244696542e-05
1.8940219978921022 	 2.5498677384435004e-05
1.8950219978921021 	 2.5424802791016134e-05
1.896021997892102 	 2.5351264525655176e-05
1.897021997892102 	 2.5278060661548543e-05
1.8980219978921018 	 2.52051892838123e-05
1.8990219978921017 	 2.5132648489420897e-05
1.9000219978921016 	 2.5060436387145207e-05
1.9010219978921015 	 2.498855109749102e-05
1.9020219978921014 	 2.4916990752637066e-05
1.9030219978921012 	 2.4845753496373237e-05
1.9040219978921011 	 2.477483748403861e-05
1.905021997892101 	 2.4704240882459364e-05
1.906021997892101 	 2.4633961869886853e-05
1.9070219978921008 	 2.4563998635935476e-05
1.9080219978921007 	 2.449434938152069e-05
1.9090219978921006 	 2.4425012318796825e-05
1.9100219978921005 	 2.435598567109515e-05
1.9110219978921004 	 2.428726767286176e-05
1.9120219978921003 	 2.4218856569595555e-05
1.9130219978921001 	 2.4150750617786308e-05
1.9140219978921 	 2.4082948084852773e-05
1.9150219978921 	 2.401544724908068e-05
1.9160219978920998 	 2.3948246399561133e-05
1.9170219978920997 	 2.3881343836128678e-05
1.9180219978920996 	 2.3814737869299846e-05
1.9190219978920995 	 2.3748426820211428e-05
1.9200219978920994 	 2.3682409020559197e-05
1.9210219978920993 	 2.3616682812536356e-05
1.9220219978920992 	 2.3551246548772485e-05
1.923021997892099 	 2.3486098592272308e-05
1.924021997892099 	 2.3421237316354764e-05
1.9250219978920988 	 2.3356661104592075e-05
1.9260219978920987 	 2.329236835074912e-05
1.9270219978920986 	 2.3228357458722787e-05
1.9280219978920985 	 2.3164626842481585e-05
1.9290219978920984 	 2.3101174926005353e-05
1.9300219978920983 	 2.3038000143225166e-05
1.9310219978920982 	 2.297510093796345e-05
1.932021997892098 	 2.2912475763874095e-05
1.933021997892098 	 2.285012308438303e-05
1.9340219978920978 	 2.278804137262868e-05
1.9350219978920977 	 2.2726229111402826e-05
1.9360219978920976 	 2.2664684793091578e-05
1.9370219978920975 	 2.2603406919616496e-05
1.9380219978920974 	 2.2542394002376056e-05
1.9390219978920973 	 2.2481644562187092e-05
1.9400219978920972 	 2.242115712922678e-05
1.941021997892097 	 2.2360930242974413e-05
1.942021997892097 	 2.2300962452153738e-05
1.9430219978920968 	 2.2241252314675388e-05
1.9440219978920967 	 2.2181798397579494e-05
1.9450219978920966 	 2.212259927697861e-05
1.9460219978920965 	 2.2063653538000764e-05
1.9470219978920964 	 2.2004959774732774e-05
1.9480219978920963 	 2.194651659016397e-05
1.9490219978920962 	 2.1888322596129806e-05
1.950021997892096 	 2.183037641325599e-05
1.951021997892096 	 2.1772676670902817e-05
1.9520219978920959 	 2.171522200710965e-05
1.9530219978920957 	 2.1658011068539648e-05
1.9540219978920956 	 2.1601042510424904e-05
1.9550219978920955 	 2.154431499651159e-05
1.9560219978920954 	 2.1487827199005554e-05
1.9570219978920953 	 2.1431577798518116e-05
1.9580219978920952 	 2.1375565484012028e-05
1.959021997892095 	 2.1319788952747825e-05
1.960021997892095 	 2.126424691023031e-05
1.9610219978920949 	 2.120893807015541e-05
1.9620219978920947 	 2.1153861154357258e-05
1.9630219978920946 	 2.109901489275542e-05
1.9640219978920945 	 2.1044398023302618e-05
1.9650219978920944 	 2.0990009291932462e-05
1.9660219978920943 	 2.0935847452507642e-05
1.9670219978920942 	 2.0881911266768308e-05
1.968021997892094 	 2.0828199504280688e-05
1.969021997892094 	 2.0774710942386035e-05
1.9700219978920939 	 2.0721444366149803e-05
1.9710219978920938 	 2.066839856831109e-05
1.9720219978920936 	 2.0615572349232385e-05
1.9730219978920935 	 2.056296451684961e-05
1.9740219978920934 	 2.0510573886622236e-05
1.9750219978920933 	 2.045839928148398e-05
1.9760219978920932 	 2.040643953179352e-05
1.977021997892093 	 2.0354693475285604e-05
1.978021997892093 	 2.0303159957022405e-05
1.9790219978920929 	 2.0251837829345137e-05
1.9800219978920928 	 2.0200725951825895e-05
1.9810219978920927 	 2.0149823191219962e-05
1.9820219978920925 	 2.0099128421418057e-05
1.9830219978920924 	 2.004864052339919e-05
1.9840219978920923 	 1.9998358385183615e-05
1.9850219978920922 	 1.9948280901785986e-05
1.986021997892092 	 1.9898406975169048e-05
1.987021997892092 	 1.9848735514197233e-05
1.9880219978920919 	 1.9799265434590938e-05
1.9890219978920918 	 1.974999565888068e-05
1.9900219978920917 	 1.970092511636178e-05
1.9910219978920916 	 1.9652052743049268e-05
1.9920219978920914 	 1.9603377481633e-05
1.9930219978920913 	 1.9554898281433032e-05
1.9940219978920912 	 1.9506614098355357e-05
1.9950219978920911 	 1.9458523894847852e-05
1.996021997892091 	 1.941062663985649e-05
1.997021997892091 	 1.9362921308781797e-05
1.9980219978920908 	 1.931540688343565e-05
1.9990219978920907 	 1.9268082351998267e-05
