0.0010219978922 	 0
0.0020219978922 	 0.0
0.0030219978922 	 0.0
0.0040219978922 	 0.0
0.0050219978922 	 0.0
0.0060219978922 	 0.0
0.0070219978922 	 0.0
0.0080219978922 	 0.0
0.009021997892200002 	 0.0
0.010021997892200003 	 0.0
0.011021997892200004 	 0.0
0.012021997892200004 	 0.0
0.013021997892200005 	 0.0
0.014021997892200006 	 0.0
0.015021997892200007 	 0.0
0.016021997892200008 	 0.0
0.01702199789220001 	 0.0
0.01802199789220001 	 0.0
0.01902199789220001 	 0.0
0.02002199789220001 	 0.0
0.021021997892200012 	 0.0
0.022021997892200013 	 0.0
0.023021997892200014 	 0.0
0.024021997892200015 	 0.0
0.025021997892200016 	 0.0
0.026021997892200017 	 0.0
0.027021997892200018 	 0.0
0.02802199789220002 	 0.0
0.02902199789220002 	 0.0
0.03002199789220002 	 0.0
0.03102199789220002 	 0.0
0.03202199789220002 	 0.0
0.03302199789220002 	 0.0
0.03402199789220002 	 0.0
0.03502199789220002 	 0.0
0.03602199789220002 	 0.0
0.03702199789220002 	 0.0
0.038021997892200024 	 0.0
0.039021997892200025 	 0.0
0.040021997892200026 	 0.0
0.04102199789220003 	 0.0
0.04202199789220003 	 0.0
0.04302199789220003 	 0.0
0.04402199789220003 	 0.0
0.04502199789220003 	 0.0
0.04602199789220003 	 0.0
0.04702199789220003 	 0.0
0.04802199789220003 	 0.0
0.049021997892200034 	 0.0
0.050021997892200035 	 0.0
0.051021997892200036 	 0.0
0.052021997892200036 	 0.0
0.05302199789220004 	 0.0
0.05402199789220004 	 0.0
0.05502199789220004 	 0.0
0.05602199789220004 	 0.0
0.05702199789220004 	 0.0
0.05802199789220004 	 0.0
0.05902199789220004 	 0.0
0.060021997892200044 	 0.0
0.061021997892200044 	 0.0
0.062021997892200045 	 0.0
0.06302199789220005 	 0.0
0.06402199789220005 	 0.0
0.06502199789220005 	 0.0
0.06602199789220005 	 0.0
0.06702199789220005 	 0.0
0.06802199789220005 	 0.0
0.06902199789220005 	 0.0
0.07002199789220005 	 0.0
0.07102199789220005 	 0.0
0.07202199789220005 	 0.0
0.07302199789220006 	 0.0
0.07402199789220006 	 0.0
0.07502199789220006 	 0.0
0.07602199789220006 	 0.0
0.07702199789220006 	 0.0
0.07802199789220006 	 0.0
0.07902199789220006 	 0.0
0.08002199789220006 	 0.0
0.08102199789220006 	 0.0
0.08202199789220006 	 0.0
0.08302199789220006 	 0.0
0.08402199789220006 	 0.0
0.08502199789220007 	 0.0
0.08602199789220007 	 0.0
0.08702199789220007 	 0.0
0.08802199789220007 	 0.0
0.08902199789220007 	 0.0
0.09002199789220007 	 0.0
0.09102199789220007 	 0.0
0.09202199789220007 	 0.0
0.09302199789220007 	 0.0
0.09402199789220007 	 0.0
0.09502199789220007 	 0.0
0.09602199789220008 	 0.0
0.09702199789220008 	 0.0
0.09802199789220008 	 0.0
0.09902199789220008 	 0.0
0.10002199789220008 	 0.0
0.10102199789220008 	 0.0
0.10202199789220008 	 0.0
0.10302199789220008 	 0.0
0.10402199789220008 	 0.0
0.10502199789220008 	 0.0
0.10602199789220008 	 0.0
0.10702199789220009 	 0.0
0.10802199789220009 	 0.0
0.10902199789220009 	 0.0
0.11002199789220009 	 0.0
0.11102199789220009 	 0.0
0.11202199789220009 	 0.0
0.11302199789220009 	 0.0
0.11402199789220009 	 0.0
0.11502199789220009 	 0.0
0.1160219978922001 	 0.0
0.1170219978922001 	 0.0
0.1180219978922001 	 0.0
0.1190219978922001 	 0.0
0.1200219978922001 	 0.0
0.1210219978922001 	 0.0
0.1220219978922001 	 0.0
0.1230219978922001 	 0.0
0.1240219978922001 	 0.0
0.1250219978922001 	 0.0
0.1260219978922001 	 0.0
0.1270219978922001 	 0.0
0.1280219978922001 	 0.0
0.1290219978922001 	 0.0
0.1300219978922001 	 0.0
0.1310219978922001 	 0.0
0.1320219978922001 	 0.0
0.1330219978922001 	 0.0
0.1340219978922001 	 0.0
0.1350219978922001 	 0.0
0.1360219978922001 	 0.0
0.1370219978922001 	 0.0
0.1380219978922001 	 0.0
0.1390219978922001 	 0.0
0.1400219978922001 	 0.0
0.1410219978922001 	 0.0
0.1420219978922001 	 0.0
0.1430219978922001 	 0.0
0.1440219978922001 	 0.0
0.1450219978922001 	 0.0
0.1460219978922001 	 0.0
0.1470219978922001 	 0.0
0.1480219978922001 	 0.0
0.1490219978922001 	 0.0
0.1500219978922001 	 0.0
0.1510219978922001 	 0.0
0.1520219978922001 	 0.0
0.1530219978922001 	 0.0
0.1540219978922001 	 0.0
0.15502199789220011 	 0.0
0.15602199789220011 	 0.0
0.15702199789220012 	 0.0
0.15802199789220012 	 0.0
0.15902199789220012 	 0.0
0.16002199789220012 	 0.0
0.16102199789220012 	 0.0
0.16202199789220012 	 0.0
0.16302199789220012 	 0.0
0.16402199789220012 	 0.0
0.16502199789220012 	 0.0
0.16602199789220012 	 0.0
0.16702199789220012 	 0.0
0.16802199789220013 	 0.0
0.16902199789220013 	 0.0
0.17002199789220013 	 0.0
0.17102199789220013 	 0.0
0.17202199789220013 	 0.0
0.17302199789220013 	 0.0
0.17402199789220013 	 0.0
0.17502199789220013 	 0.0
0.17602199789220013 	 0.0
0.17702199789220013 	 0.0
0.17802199789220013 	 0.0
0.17902199789220014 	 0.0
0.18002199789220014 	 0.0
0.18102199789220014 	 0.0
0.18202199789220014 	 0.0
0.18302199789220014 	 0.0
0.18402199789220014 	 0.0
0.18502199789220014 	 0.0
0.18602199789220014 	 0.0
0.18702199789220014 	 0.0
0.18802199789220014 	 0.0
0.18902199789220014 	 0.0
0.19002199789220015 	 0.0
0.19102199789220015 	 0.0
0.19202199789220015 	 0.0
0.19302199789220015 	 0.0
0.19402199789220015 	 0.0
0.19502199789220015 	 0.0
0.19602199789220015 	 0.0
0.19702199789220015 	 0.0
0.19802199789220015 	 0.0
0.19902199789220015 	 0.0
0.20002199789220015 	 0.0
0.20102199789220015 	 0.0
0.20202199789220016 	 0.0
0.20302199789220016 	 0.0
0.20402199789220016 	 0.0
0.20502199789220016 	 0.0
0.20602199789220016 	 0.0
0.20702199789220016 	 0.0
0.20802199789220016 	 0.0
0.20902199789220016 	 0.0
0.21002199789220016 	 0.0
0.21102199789220016 	 0.0
0.21202199789220016 	 0.0
0.21302199789220017 	 0.0
0.21402199789220017 	 0.0
0.21502199789220017 	 0.0
0.21602199789220017 	 0.0
0.21702199789220017 	 0.0
0.21802199789220017 	 0.0
0.21902199789220017 	 0.0
0.22002199789220017 	 0.0
0.22102199789220017 	 0.0
0.22202199789220017 	 0.0
0.22302199789220017 	 0.0
0.22402199789220018 	 0.0
0.22502199789220018 	 0.0
0.22602199789220018 	 0.0
0.22702199789220018 	 0.0
0.22802199789220018 	 0.0
0.22902199789220018 	 0.0
0.23002199789220018 	 0.0
0.23102199789220018 	 0.0
0.23202199789220018 	 0.0
0.23302199789220018 	 0.0
0.23402199789220018 	 0.0
0.23502199789220019 	 0.0
0.23602199789220019 	 0.0
0.2370219978922002 	 0.0
0.2380219978922002 	 0.0
0.2390219978922002 	 0.0
0.2400219978922002 	 0.0
0.2410219978922002 	 0.0
0.2420219978922002 	 0.0
0.2430219978922002 	 0.0
0.2440219978922002 	 0.0
0.2450219978922002 	 0.0
0.2460219978922002 	 0.0
0.2470219978922002 	 0.0
0.2480219978922002 	 0.0
0.2490219978922002 	 0.0
0.2500219978922002 	 0.0
0.2510219978922002 	 0.0
0.2520219978922002 	 0.0
0.2530219978922002 	 0.0
0.2540219978922002 	 0.0
0.2550219978922002 	 0.0
0.2560219978922002 	 0.0
0.2570219978922002 	 0.0
0.2580219978922002 	 0.0
0.2590219978922002 	 0.0
0.2600219978922002 	 0.0
0.2610219978922002 	 0.0
0.2620219978922002 	 0.0
0.2630219978922002 	 0.0
0.2640219978922002 	 0.0
0.2650219978922002 	 0.0
0.2660219978922002 	 0.0
0.2670219978922002 	 0.0
0.2680219978922002 	 0.0
0.2690219978922002 	 0.0
0.2700219978922002 	 0.0
0.2710219978922002 	 0.0
0.2720219978922002 	 0.0
0.2730219978922002 	 0.0
0.2740219978922002 	 0.0
0.2750219978922002 	 0.0
0.2760219978922002 	 0.0
0.2770219978922002 	 0.0
0.2780219978922002 	 0.0
0.2790219978922002 	 0.0
0.2800219978922002 	 0.0
0.2810219978922002 	 0.0
0.2820219978922002 	 0.0
0.2830219978922002 	 0.0
0.28402199789220023 	 0.0
0.28502199789220023 	 0.0
0.28602199789220023 	 0.0
0.28702199789220023 	 0.0
0.28802199789220023 	 0.0
0.28902199789220023 	 0.0
0.29002199789220023 	 0.0
0.29102199789220023 	 0.0
0.29202199789220024 	 0.0
0.29302199789220024 	 0.0
0.29402199789220024 	 0.0
0.29502199789220024 	 0.0
0.29602199789220024 	 0.0
0.29702199789220024 	 0.0
0.29802199789220024 	 0.0
0.29902199789220024 	 0.0
0.30002199789220024 	 0.0
0.30102199789220024 	 0.0
0.30202199789220024 	 0.0
0.30302199789220025 	 0.0
0.30402199789220025 	 0.0
0.30502199789220025 	 0.0
0.30602199789220025 	 0.0
0.30702199789220025 	 0.0
0.30802199789220025 	 0.0
0.30902199789220025 	 0.0
0.31002199789220025 	 0.0
0.31102199789220025 	 0.0
0.31202199789220025 	 0.0
0.31302199789220025 	 0.0
0.31402199789220026 	 0.0
0.31502199789220026 	 0.0
0.31602199789220026 	 0.0
0.31702199789220026 	 0.0
0.31802199789220026 	 0.0
0.31902199789220026 	 0.0
0.32002199789220026 	 0.0
0.32102199789220026 	 0.0
0.32202199789220026 	 0.0
0.32302199789220026 	 0.0
0.32402199789220026 	 0.0
0.32502199789220027 	 0.0
0.32602199789220027 	 0.0
0.32702199789220027 	 0.0
0.32802199789220027 	 0.0
0.32902199789220027 	 0.0
0.33002199789220027 	 0.0
0.33102199789220027 	 0.0
0.33202199789220027 	 0.0
0.33302199789220027 	 0.0
0.3340219978922003 	 0.0
0.3350219978922003 	 0.0
0.3360219978922003 	 0.0
0.3370219978922003 	 0.0
0.3380219978922003 	 0.0
0.3390219978922003 	 0.0
0.3400219978922003 	 0.0
0.3410219978922003 	 0.0
0.3420219978922003 	 0.0
0.3430219978922003 	 0.0
0.3440219978922003 	 0.0
0.3450219978922003 	 0.0
0.3460219978922003 	 0.0
0.3470219978922003 	 0.0
0.3480219978922003 	 0.0
0.3490219978922003 	 0.0
0.3500219978922003 	 0.0
0.3510219978922003 	 0.0
0.3520219978922003 	 0.0
0.3530219978922003 	 0.0
0.3540219978922003 	 0.0
0.3550219978922003 	 0.0
0.3560219978922003 	 0.0
0.3570219978922003 	 0.0
0.3580219978922003 	 0.0
0.3590219978922003 	 0.0
0.3600219978922003 	 0.0
0.3610219978922003 	 0.0
0.3620219978922003 	 0.0
0.3630219978922003 	 0.0
0.3640219978922003 	 0.0
0.3650219978922003 	 0.0
0.3660219978922003 	 0.0
0.3670219978922003 	 0.0
0.3680219978922003 	 0.0
0.3690219978922003 	 0.0
0.3700219978922003 	 0.0
0.3710219978922003 	 0.0
0.3720219978922003 	 0.0
0.3730219978922003 	 0.0
0.3740219978922003 	 0.0
0.3750219978922003 	 0.0
0.3760219978922003 	 0.0
0.3770219978922003 	 0.0
0.3780219978922003 	 0.0
0.3790219978922003 	 0.0
0.3800219978922003 	 0.0
0.3810219978922003 	 0.0
0.3820219978922003 	 0.0
0.3830219978922003 	 0.0
0.3840219978922003 	 0.0
0.3850219978922003 	 0.0
0.3860219978922003 	 0.0
0.3870219978922003 	 0.0
0.3880219978922003 	 0.0
0.3890219978922003 	 0.0
0.3900219978922003 	 0.0
0.3910219978922003 	 0.0
0.3920219978922003 	 0.0
0.3930219978922003 	 0.0
0.3940219978922003 	 0.0
0.3950219978922003 	 0.0
0.39602199789220033 	 0.0
0.39702199789220033 	 0.0
0.39802199789220033 	 0.0
0.39902199789220033 	 0.0
0.40002199789220033 	 0.0
0.40102199789220033 	 0.0
0.40202199789220033 	 0.0
0.40302199789220033 	 0.0
0.40402199789220034 	 0.0
0.40502199789220034 	 0.0
0.40602199789220034 	 0.0
0.40702199789220034 	 0.0
0.40802199789220034 	 0.0
0.40902199789220034 	 0.0
0.41002199789220034 	 0.0
0.41102199789220034 	 0.0
0.41202199789220034 	 0.0
0.41302199789220034 	 0.0
0.41402199789220034 	 0.0
0.41502199789220034 	 0.0
0.41602199789220035 	 0.0
0.41702199789220035 	 0.0
0.41802199789220035 	 0.0
0.41902199789220035 	 2.326766476015002e-12
0.42002199789220035 	 4.395157291958119e-13
0.42102199789220035 	 2.7498906184629008e-14
0.42202199789220035 	 3.8864439080224294e-13
0.42302199789220035 	 1.9519803133165275e-12
0.42402199789220035 	 6.154477443716868e-12
0.42502199789220035 	 1.5034968573141043e-11
0.42602199789220035 	 3.1241683163447104e-11
0.42702199789220036 	 5.80494116755144e-11
0.42802199789220036 	 9.93745642376454e-11
0.42902199789220036 	 1.5979127413358633e-10
0.43002199789220036 	 2.4454771299944224e-10
0.43102199789220036 	 3.5958285094421844e-10
0.43202199789220036 	 5.115436096733309e-10
0.43302199789220036 	 7.078024332332348e-10
0.43402199789220036 	 9.564752807576921e-10
0.43502199789220036 	 1.2664400512585173e-09
0.43602199789220036 	 1.6473554492338943e-09
0.43702199789220036 	 2.109680300469523e-09
0.43802199789220037 	 2.664693327506865e-09
0.43902199789220037 	 3.324513394490306e-09
0.44002199789220037 	 4.1021202313136016e-09
0.44102199789220037 	 5.0113756472100554e-09
0.44202199789220037 	 6.0670452441562934e-09
0.44302199789220037 	 7.2848206406754885e-09
0.44402199789220037 	 8.681342216883794e-09
0.44502199789220037 	 1.027422239183004e-08
0.4460219978922004 	 1.2082069444451954e-08
0.4470219978922004 	 1.4124511889699397e-08
0.4480219978922004 	 1.6422223421642587e-08
0.4490219978922004 	 1.8996948435618978e-08
0.4500219978922004 	 2.1871528141774834e-08
0.4510219978922004 	 2.506992728256898e-08
0.4520219978922004 	 2.8617261467155487e-08
0.4530219978922004 	 3.253982513575813e-08
0.4540219978922004 	 3.686512016749888e-08
0.4550219978922004 	 4.1621885145419933e-08
0.4560219978922004 	 4.6840125292700836e-08
0.4570219978922004 	 5.2551143094427175e-08
0.4580219978922004 	 5.8787569619539685e-08
0.4590219978922004 	 6.558339655792491e-08
0.4600219978922004 	 7.297400898794161e-08
0.4610219978922004 	 8.09962188899455e-08
0.4620219978922004 	 8.968829942183611e-08
0.4630219978922004 	 9.909001997284218e-08
0.4640219978922004 	 1.0924268201221899e-07
0.4650219978922004 	 1.2018915574982983e-07
0.4660219978922004 	 1.3197391762604494e-07
0.4670219978922004 	 1.446430886485772e-07
0.4680219978922004 	 1.582444735944503e-07
0.4690219978922004 	 1.728276010956106e-07
0.4700219978922004 	 1.8844376462698772e-07
0.4710219978922004 	 2.051460644164355e-07
0.4720219978922004 	 2.229894502961853e-07
0.4730219978922004 	 2.420307655159222e-07
0.4740219978922004 	 2.623287915382129e-07
0.4750219978922004 	 2.8394429383704854e-07
0.4760219978922004 	 3.0694006872120684e-07
0.4770219978922004 	 3.313809912042087e-07
0.4780219978922004 	 3.573340639433237e-07
0.4790219978922004 	 3.8486846727021884e-07
0.4800219978922004 	 4.1405561033774936e-07
0.4810219978922004 	 4.449691834028424e-07
0.4820219978922004 	 4.776852112835307e-07
0.4830219978922004 	 5.122821079648149e-07
0.4840219978922004 	 5.48840732565729e-07
0.4850219978922004 	 5.874444459964005e-07
0.4860219978922004 	 6.281791709304964e-07
0.4870219978922004 	 6.711334822397353e-07
0.4880219978922004 	 7.163985363273112e-07
0.4890219978922004 	 7.640683330412624e-07
0.4900219978922004 	 8.142396449771551e-07
0.4910219978922004 	 8.670121180984162e-07
0.4920219978922004 	 9.224883368472583e-07
0.4930219978922004 	 9.80773892541096e-07
0.4940219978922004 	 1.041977452783108e-06
0.4950219978922004 	 1.106210832534954e-06
0.4960219978922004 	 1.1735890667198558e-06
0.4970219978922004 	 1.2442304844338282e-06
0.4980219978922004 	 1.3182567847869672e-06
0.4990219978922004 	 1.3957931144139347e-06
0.5000219978922004 	 1.4769681466876902e-06
0.5010219978922004 	 1.5619141626738113e-06
0.5020219978922004 	 1.650767133862791e-06
0.5030219978922004 	 1.7436668067180682e-06
0.5040219978922004 	 1.8407567890796637e-06
0.5050219978922004 	 1.9421846384625323e-06
0.5060219978922004 	 2.0481019522911593e-06
0.5070219978922004 	 2.1586644601116686e-06
0.5080219978922004 	 2.2740321178246553e-06
0.5090219978922004 	 2.394369203981937e-06
0.5100219978922004 	 2.5198444181921464e-06
0.5110219978922004 	 2.650630981680768e-06
0.5120219978922004 	 2.786906740051696e-06
0.5130219978922004 	 2.9288542682972956e-06
0.5140219978922004 	 3.0766609781070076e-06
0.5150219978922004 	 3.2305192275234937e-06
0.5160219978922004 	 3.3906264329985167e-06
0.5170219978922004 	 3.5571851839002077e-06
0.5180219978922004 	 3.7304033595258244e-06
0.5190219978922004 	 3.9104942486751526e-06
0.5200219978922004 	 4.097676671840756e-06
0.5210219978922004 	 4.2921751060702845e-06
0.5220219978922004 	 4.494219812572655e-06
0.5230219978922004 	 4.704046967079059e-06
0.5240219978922004 	 4.9218987932057515e-06
0.5250219978922004 	 5.148023698195122e-06
0.5260219978922004 	 5.382676413656229e-06
0.5270219978922004 	 5.626118169730514e-06
0.5280219978922004 	 5.87861670312127e-06
0.5290219978922004 	 6.14044661740348e-06
0.5300219978922004 	 6.411889476215177e-06
0.5310219978922004 	 6.693233643315194e-06
0.5320219978922004 	 6.984774977235152e-06
0.5330219978922004 	 7.286816629506085e-06
0.5340219978922004 	 7.599669306897545e-06
0.5350219978922004 	 7.923651436809091e-06
0.5360219978922004 	 8.259089341287411e-06
0.5370219978922004 	 8.60631741356339e-06
0.5380219978922004 	 8.965678298855612e-06
0.5390219978922004 	 9.337523079088564e-06
0.5400219978922004 	 9.722211461741195e-06
0.5410219978922004 	 1.0120111972887044e-05
0.5420219978922004 	 1.0531602154552367e-05
0.5430219978922004 	 1.0957068766432773e-05
0.5440219978922004 	 1.1396907992303699e-05
0.5450219978922004 	 1.1851525650386314e-05
0.5460219978922004 	 1.2321337410948215e-05
0.5470219978922004 	 1.2806769053177317e-05
0.5480219978922004 	 1.3308256533591816e-05
0.5490219978922004 	 1.3826246455402039e-05
0.5500219978922004 	 1.4361196108491737e-05
0.5510219978922004 	 1.4913573893100855e-05
0.5520219978922004 	 1.5483859353028195e-05
0.5530219978922004 	 1.6072543572009332e-05
0.5540219978922004 	 1.668012939355031e-05
0.5550219978922004 	 1.7307131686574225e-05
0.5560219978922004 	 1.7954077615203453e-05
0.5570219978922004 	 1.8621506915352854e-05
0.5580219978922004 	 1.9309972177637442e-05
0.5590219978922004 	 2.002003913695131e-05
0.5600219978922004 	 2.0752286968858822e-05
0.5610219978922004 	 2.1507308592999284e-05
0.5620219978922004 	 2.2285710983717885e-05
0.5630219978922004 	 2.3088115488082113e-05
0.5640219978922004 	 2.3915158151689455e-05
0.5650219978922004 	 2.4767490051800793e-05
0.5660219978922004 	 2.5645777640607503e-05
0.5670219978922004 	 2.655070312533732e-05
0.5680219978922004 	 2.74829646971349e-05
0.5690219978922004 	 2.8443277096834907e-05
0.5700219978922004 	 2.9432371857200247e-05
0.5710219978922004 	 3.0450997724821616e-05
0.5720219978922004 	 3.149992105459975e-05
0.5730219978922004 	 3.257992621612922e-05
0.5740219978922004 	 3.369181601002572e-05
0.5750219978922004 	 3.483641209515897e-05
0.5760219978922004 	 3.6014555427003596e-05
0.5770219978922004 	 3.7227106707536166e-05
0.5780219978922004 	 3.847494684706893e-05
0.5790219978922004 	 3.9758977438482516e-05
0.5800219978922004 	 4.108012124418568e-05
0.5810219978922004 	 4.2439322696720085e-05
0.5820219978922004 	 4.383754841185379e-05
0.5830219978922004 	 4.5275787720817776e-05
0.5840219978922004 	 4.675505328513079e-05
0.5850219978922004 	 4.827638134620344e-05
0.5860219978922004 	 4.98408327730963e-05
0.5870219978922004 	 5.144949333286052e-05
0.5880219978922004 	 5.310347438452787e-05
0.5890219978922004 	 5.4803913503995826e-05
0.5900219978922004 	 5.655197515765282e-05
0.5910219978922004 	 5.83488512510409e-05
0.5920219978922004 	 6.0195761994350785e-05
0.5930219978922004 	 6.209395652978702e-05
0.5940219978922004 	 6.404471351691265e-05
0.5950219978922004 	 6.604934215425605e-05
0.5960219978922005 	 6.810918277306077e-05
0.5970219978922005 	 7.022560768871818e-05
0.5980219978922005 	 7.240002202800226e-05
0.5990219978922005 	 7.463386458659802e-05
0.6000219978922005 	 7.692860871518421e-05
0.6010219978922005 	 7.928576323611854e-05
0.6020219978922005 	 8.170687339263753e-05
0.6030219978922005 	 8.41935218297363e-05
0.6040219978922005 	 8.674732958299923e-05
0.6050219978922005 	 8.936995725793949e-05
0.6060219978922005 	 9.206310593302509e-05
0.6070219978922005 	 9.482851842331126e-05
0.6080219978922005 	 9.766798042470033e-05
0.6090219978922005 	 0.00010058332176104247
0.6100219978922005 	 0.0001035764175546935
0.6110219978922005 	 0.00010664918969919262
0.6120219978922005 	 0.00010980360812906626
0.6130219978922005 	 0.00011304169188984093
0.6140219978922005 	 0.00011636551165681014
0.6150219978922005 	 0.00011977719052691175
0.6160219978922005 	 0.00012327890573574267
0.6170219978922005 	 0.00012687289003581308
0.6180219978922005 	 0.00013056143402208242
0.6190219978922005 	 0.0001343468876359591
0.6200219978922005 	 0.00013823166216031288
0.6210219978922005 	 0.00014221823221748455
0.6220219978922005 	 0.00014630913786289632
0.6230219978922005 	 0.0001505069867739681
0.6240219978922005 	 0.00015481445654151902
0.6250219978922005 	 0.00015923429706933258
0.6260219978922005 	 0.00016376933308842983
0.6270219978922005 	 0.00016842246679294286
0.6280219978922005 	 0.00017319668060492466
0.6290219978922005 	 0.00017809504007598002
0.6300219978922005 	 0.00018312069693402953
0.6310219978922005 	 0.00018827689228433298
0.6320219978922005 	 0.00019356695997371816
0.6330219978922005 	 0.00019899433013048016
0.6340219978922005 	 0.00020456253290929494
0.6350219978922005 	 0.00021027520231687736
0.6360219978922005 	 0.00021613608054555467
0.6370219978922005 	 0.0002221490219797525
0.6380219978922005 	 0.0002283179981824338
0.6390219978922005 	 0.0002346471024563047
0.6400219978922005 	 0.00024114055511826254
0.6410219978922005 	 0.00024780270873716
0.6420219978922005 	 0.0002546380539350433
0.6430219978922005 	 0.0002616512253806162
0.6440219978922005 	 0.00026884700815741947
0.6450219978922005 	 0.00027623034449932905
0.6460219978922005 	 0.0002838063409199131
0.6470219978922005 	 0.0002915802757615837
0.6480219978922005 	 0.0002995576071931793
0.6490219978922005 	 0.000307743981686078
0.6500219978922005 	 0.000316145243002747
0.6510219978922005 	 0.00032476744174655026
0.6520219978922005 	 0.00033361684541460335
0.6530219978922005 	 0.0003426999492171385
0.6540219978922005 	 0.00035202348752517586
0.6550219978922005 	 0.0003615944458595614
0.6560219978922005 	 0.00037142007389103903
0.6570219978922005 	 0.0003815078991265847
0.6580219978922005 	 0.0003918657415040099
0.6590219978922005 	 0.0004025017289272659
0.6600219978922005 	 0.00041342431381218475
0.6610219978922005 	 0.00042464229071549376
0.6620219978922005 	 0.00043616481512655497
0.6630219978922005 	 0.00044800142350512995
0.6640219978922005 	 0.00046016205463409485
0.6650219978922005 	 0.00047265707246406136
0.6660219978922005 	 0.0004854972903953437
0.6670219978922005 	 0.0004986939974809498
0.6680219978922005 	 0.0005122589861341315
0.6690219978922005 	 0.0005262045819446815
0.6700219978922005 	 0.0005405436753456795
0.6710219978922005 	 0.0005552897559139129
0.6720219978922005 	 0.0005704569486762038
0.6730219978922005 	 0.0005860600532219382
0.6740219978922005 	 0.0006021145855742468
0.6750219978922005 	 0.0006186368230914756
0.6760219978922005 	 0.0006356438526465204
0.6770219978922005 	 0.0006531536222937192
0.6780219978922005 	 0.0006711849968537745
0.6790219978922005 	 0.0006897578175155092
0.6800219978922005 	 0.0007088929660781763
0.6810219978922005 	 0.000728612433802962
0.6820219978922005 	 0.0007489393957589059
0.6830219978922005 	 0.000769898290752097
0.6840219978922005 	 0.0007915149074638098
0.6850219978922005 	 0.0008138164773702508
0.6860219978922005 	 0.0008368317748593826
0.6870219978922005 	 0.000860591225456853
0.6880219978922005 	 0.0008851270224370563
0.6890219978922005 	 0.0009104732531603984
0.6900219978922005 	 0.0009366660354098978
0.6910219978922005 	 0.0009637436653164598
0.6920219978922005 	 0.0009917467772877896
0.6930219978922005 	 0.0010207185174753138
0.6940219978922005 	 0.00105070473173519
0.6950219978922005 	 0.0010817541697040322
0.6960219978922005 	 0.0011139187064282705
0.6970219978922005 	 0.001147253583250026
0.6980219978922005 	 0.0011818176699461625
0.6990219978922005 	 0.0012176737499208954
0.7000219978922005 	 0.0012548888311720056
0.7010219978922005 	 0.0012935344853137899
0.7020219978922005 	 0.0013336872176596681
0.7030219978922005 	 0.0013754288715502488
0.7040219978922005 	 0.0014188470705100793
0.7050219978922005 	 0.0014640357022363587
0.7060219978922005 	 0.0015110954488996983
0.7070219978922005 	 0.0015601343687774367
0.7080219978922005 	 0.0016112685348523927
0.7090219978922006 	 0.0016646227367065878
0.7100219978922006 	 0.0017203312528318688
0.7110219978922006 	 0.0017785387013825212
0.7120219978922006 	 0.0018394009784265134
0.7130219978922006 	 0.0019030862939088205
0.7140219978922006 	 0.00196977631650389
0.7150219978922006 	 0.002039667441355619
0.7160219978922006 	 0.0021129721956286984
0.7170219978922006 	 0.002189920797967173
0.7180219978922006 	 0.0022707628916825476
0.7190219978922006 	 0.0023557694737464958
0.7200219978922006 	 0.002445235044686604
0.7210219978922006 	 0.002539480008511621
0.7220219978922006 	 0.002638853355769663
0.7230219978922006 	 0.002743735668000243
0.7240219978922006 	 0.002854542487565945
0.7250219978922006 	 0.0029717281037073356
0.7260219978922006 	 0.0030957898137969186
0.7270219978922006 	 0.0032272727280052466
0.7280219978922006 	 0.003366775196790513
0.7290219978922006 	 0.0035149549538043357
0.7300219978922006 	 0.003672536082323056
0.7310219978922006 	 0.0038403169318559937
0.7320219978922006 	 0.0040191791336497
0.7330219978922006 	 0.004210097890124257
0.7340219978922006 	 0.004414153745090362
0.7350219978922006 	 0.004632546079282211
0.7360219978922006 	 0.004866608621980881
0.7370219978922006 	 0.005117827324577245
0.7380219978922006 	 0.005387861009944984
0.7390219978922006 	 0.005678565293376958
0.7400219978922006 	 0.005992020369948121
0.7410219978922006 	 0.006330563387209844
0.7420219978922006 	 0.006696826274855541
0.7430219978922006 	 0.00709378008934659
0.7440219978922006 	 0.007524787163905604
0.7450219978922006 	 0.007993662644901296
0.7460219978922006 	 0.00850474735839837
0.7470219978922006 	 0.00906299440697034
0.7480219978922006 	 0.009674072472916604
0.7490219978922006 	 0.010344489534585426
0.7500219978922006 	 0.011081741633414603
0.7510219978922006 	 0.011894492520519136
0.7520219978922006 	 0.012792791544581125
0.7530219978922006 	 0.013788339122626732
0.7540219978922006 	 0.014894811706777334
0.7550219978922006 	 0.016128261514099886
0.7560219978922006 	 0.01750761068145748
0.7570219978922006 	 0.01905526529089672
0.7580219978922006 	 0.020797882349801313
0.7590219978922006 	 0.022767332932926432
0.7600219978922006 	 0.025001918135410486
0.7610219978922006 	 0.027547912349330645
0.7620219978922006 	 0.03046153208020932
0.7630219978922006 	 0.03381145982203233
0.7640219978922006 	 0.037682093447114824
0.7650219978922006 	 0.04217774397317996
0.7660219978922006 	 0.047428069556897594
0.7670219978922006 	 0.05359510877747708
0.7680219978922006 	 0.06088235105601996
0.7690219978922006 	 0.06954632644832814
0.7700219978922006 	 0.0799111387095861
0.7710219978922006 	 0.09238604116109049
0.7720219978922006 	 0.10748521587581945
0.7730219978922006 	 0.12584665199718653
0.7740219978922006 	 0.14824206362395115
0.7750219978922006 	 0.175559773159864
0.7760219978922006 	 0.20872411676547972
0.7770219978922006 	 0.2484863287385311
0.7780219978922006 	 0.29499221430092604
0.7790219978922006 	 0.3470457891219155
0.7800219978922006 	 0.40115542163795
0.7810219978922006 	 0.45089015864351323
0.7820219978922006 	 0.4876127977117336
0.7830219978922006 	 0.503424200463189
0.7840219978922006 	 0.4952373702790231
0.7850219978922006 	 0.46652718014629835
0.7860219978922006 	 0.42492735017506295
0.7870219978922006 	 0.3783214130937679
0.7880219978922006 	 0.3324465834373948
0.7890219978922006 	 0.29048274147955927
0.7900219978922006 	 0.2536782889906521
0.7910219978922006 	 0.22214146973056786
0.7920219978922006 	 0.1954317656169956
0.7930219978922006 	 0.17291143856090113
0.7940219978922006 	 0.15392461316820547
0.7950219978922006 	 0.13787515153109317
0.7960219978922006 	 0.1242520221587535
0.7970219978922006 	 0.1126301786115407
0.7980219978922006 	 0.10266154050864552
0.7990219978922006 	 0.09406310981441401
0.8000219978922006 	 0.08660532500304913
0.8010219978922006 	 0.0801018289192165
0.8020219978922006 	 0.07440093673418584
0.8030219978922006 	 0.06937871430169615
0.8040219978922006 	 0.0649334444455832
0.8050219978922006 	 0.060981234946322176
0.8060219978922006 	 0.05745254249718347
0.8070219978922006 	 0.05428942164642531
0.8080219978922006 	 0.05144334362127603
0.8090219978922006 	 0.048873461861791465
0.8100219978922006 	 0.04654522765132005
0.8110219978922006 	 0.044429280578424976
0.8120219978922006 	 0.04250055531745153
0.8130219978922006 	 0.040737559007771706
0.8140219978922006 	 0.03912178399893053
0.8150219978922006 	 0.037637228561251894
0.8160219978922006 	 0.036270003880622036
0.8170219978922006 	 0.0350080101574196
0.8180219978922006 	 0.03384066855023854
0.8190219978922006 	 0.03275869837887788
0.8200219978922006 	 0.03175393116617253
0.8210219978922007 	 0.03081915481067919
0.8220219978922007 	 0.02994798250722747
0.8230219978922007 	 0.029134741956671168
0.8240219978922007 	 0.0283743814791414
0.8250219978922007 	 0.02766239015677053
0.8260219978922007 	 0.026994729665439154
0.8270219978922007 	 0.026367775891567132
0.8280219978922007 	 0.025778268769295534
0.8290219978922007 	 0.02522326904742482
0.8300219978922007 	 0.02470012091763821
0.8310219978922007 	 0.024206419616307918
0.8320219978922007 	 0.023739983259823638
0.8330219978922007 	 0.023298828294415336
0.8340219978922007 	 0.022881148041000925
0.8350219978922007 	 0.022485293897761827
0.8360219978922007 	 0.02210975883119975
0.8370219978922007 	 0.021753162842969794
0.8380219978922007 	 0.021414240142290368
0.8390219978922007 	 0.02109182771673102
0.8400219978922007 	 0.020784855293111595
0.8410219978922007 	 0.020492336532760235
0.8420219978922007 	 0.020213361176262632
0.8430219978922007 	 0.019947087875480683
0.8440219978922007 	 0.01969273784456952
0.8450219978922007 	 0.01944958920269043
0.8460219978922007 	 0.01921697190254173
0.8470219978922007 	 0.01899426317613295
0.8480219978922007 	 0.01878088343813584
0.8490219978922007 	 0.01857629259469112
0.8500219978922007 	 0.018377454358206233
0.8510219978922007 	 0.01818897617197558
0.8520219978922007 	 0.018007863304164987
0.8530219978922007 	 0.017833703805337293
0.8540219978922007 	 0.017666111417380673
0.8550219978922007 	 0.01750472353560605
0.8560219978922007 	 0.017349199353245345
0.8570219978922007 	 0.017199218169719768
0.8580219978922007 	 0.01705447784616531
0.8590219978922007 	 0.016914693393550697
0.8600219978922007 	 0.01677959568035146
0.8610219978922007 	 0.016648930248166757
0.8620219978922007 	 0.016522456224925385
0.8630219978922007 	 0.016399945325930983
0.8640219978922007 	 0.016281180925628073
0.8650219978922007 	 0.016165957212563444
0.8660219978922007 	 0.01605407841912293
0.8670219978922007 	 0.015945358102246697
0.8680219978922007 	 0.015839618478458783
0.8690219978922007 	 0.015736689808770382
0.8700219978922007 	 0.015636409829110357
0.8710219978922007 	 0.015538623222381432
0.8720219978922007 	 0.015443181128454577
0.8730219978922007 	 0.015349940689307465
0.8740219978922007 	 0.01525876462579988
0.8750219978922007 	 0.015169520843998821
0.8760219978922007 	 0.015082082068393052
0.8770219978922007 	 0.01499632549991978
0.8780219978922007 	 0.014912132496827215
0.8790219978922007 	 0.014829388276591507
0.8800219978922007 	 0.0147479816372616
0.8810219978922007 	 0.014667804697067454
0.8820219978922007 	 0.014588752651172245
0.8830219978922007 	 0.01451072354202367
0.8840219978922007 	 0.01443361804457795
0.8850219978922007 	 0.014357339265013666
0.8860219978922007 	 0.014281792551715038
0.8870219978922007 	 0.014206885317662392
0.8880219978922007 	 0.014132526873253197
0.8890219978922007 	 0.014058628265520904
0.8900219978922007 	 0.013985102130500509
0.8910219978922007 	 0.013911862070347848
0.8920219978922007 	 0.01383882119264728
0.8930219978922007 	 0.013765893397350728
0.8940219978922007 	 0.013692993690693453
0.8950219978922007 	 0.013620038077470812
0.8960219978922007 	 0.013546943459869069
0.8970219978922007 	 0.013473627542305671
0.8980219978922007 	 0.013400008742099801
0.8990219978922007 	 0.013326006105612225
0.9000219978922007 	 0.013251539229514463
0.9010219978922007 	 0.013176528186967941
0.9020219978922007 	 0.013100893458483106
0.9030219978922007 	 0.013024555867106092
0.9040219978922007 	 0.012947436517953066
0.9050219978922007 	 0.012869456741884966
0.9060219978922007 	 0.012790538042857633
0.9070219978922007 	 0.012710602049220858
0.9080219978922007 	 0.012629570468627631
0.9090219978922007 	 0.012547365046537452
0.9100219978922007 	 0.012463907528220528
0.9110219978922007 	 0.012379119538866099
0.9120219978922007 	 0.012292922321038088
0.9130219978922007 	 0.01220523695676067
0.9140219978922007 	 0.012115984396012847
0.9150219978922007 	 0.012025085439379243
0.9160219978922007 	 0.01193246074550973
0.9170219978922007 	 0.011838030820398159
0.9180219978922007 	 0.011741702139916483
0.9190219978922007 	 0.011643345608231753
0.9200219978922007 	 0.011542910311430735
0.9210219978922007 	 0.0114403265803041
0.9220219978922007 	 0.011335519519131693
0.9230219978922007 	 0.011228412317003129
0.9240219978922007 	 0.0111189271629395
0.9250219978922007 	 0.011006985646656673
0.9260219978922007 	 0.010892508982945257
0.9270219978922007 	 0.010775418164317659
0.9280219978922007 	 0.010655634082817883
0.9290219978922007 	 0.010533077640051198
0.9300219978922007 	 0.010407669855700751
0.9310219978922007 	 0.010279332964378465
0.9320219978922007 	 0.01014799315073851
0.9330219978922007 	 0.010013577707583463
0.9340219978922008 	 0.009876014284944732
0.9350219978922008 	 0.00973523103804422
0.9360219978922008 	 0.009591156796506326
0.9370219978922008 	 0.009443721258120135
0.9380219978922008 	 0.00929285520410674
0.9390219978922008 	 0.009138490627809337
0.9400219978922008 	 0.008980561043238898
0.9410219978922008 	 0.008819001986944255
0.9420219978922008 	 0.008653751513993682
0.9430219978922008 	 0.008484750501483155
0.9440219978922008 	 0.008311943105093296
0.9450219978922008 	 0.008135277323417553
0.9460219978922008 	 0.007954705641456299
0.9470219978922008 	 0.0077701857637027605
0.9480219978922008 	 0.0075816814462379535
0.9490219978922008 	 0.007389163474053073
0.9500219978922008 	 0.007192610689413239
0.9510219978922008 	 0.006992010681239786
0.9520219978922008 	 0.006787359581761467
0.9530219978922008 	 0.006578665719171023
0.9540219978922008 	 0.006365952046704437
0.9550219978922008 	 0.006149258266486569
0.9560219978922008 	 0.005928643521706289
0.9570219978922008 	 0.005704189818510878
0.9580219978922008 	 0.0054760042872501625
0.9590219978922008 	 0.005244222469681166
0.9600219978922008 	 0.005009012317323852
0.9610219978922008 	 0.004770579127613317
0.9620219978922008 	 0.004529171119251799
0.9630219978922008 	 0.004285085699196121
0.9640219978922008 	 0.004038676881200042
0.9650219978922008 	 0.003790363573921335
0.9660219978922008 	 0.0035406390320602403
0.9670219978922008 	 0.003290082025262625
0.9680219978922008 	 0.0030393698007633945
0.9690219978922008 	 0.002789293147214532
0.9700219978922008 	 0.0025407739297338126
0.9710219978922008 	 0.002294885474243245
0.9720219978922008 	 0.0020528763396539845
0.9730219978922008 	 0.001816198656190654
0.9740219978922008 	 0.0015865411065248956
0.9750219978922008 	 0.0013658676524397474
0.9760219978922008 	 0.0011564632319779576
0.9770219978922008 	 0.0009609878968156416
0.9780219978922008 	 0.0007825408071403846
0.9790219978922008 	 0.000624736904580452
0.9800219978922008 	 0.0004917977425907247
0.9810219978922008 	 0.00038866100209532565
0.9820219978922008 	 0.0003211117646899605
0.9830219978922008 	 0.00029594004656182646
0.9840219978922008 	 0.0003211295471479755
0.9850219978922008 	 0.00040609519484456906
0.9860219978922008 	 0.0005619695621475845
0.9870219978922008 	 0.0008019409065779804
0.9880219978922008 	 0.0011411506534034633
0.9890219978922008 	 0.001596746196845024
0.9900219978922008 	 0.0021895898570410675
0.9910219978922008 	 0.002943940998883046
0.9920219978922008 	 0.0038881743719366355
0.9930219978922008 	 0.0050554726873463934
0.9940219978922008 	 0.0064845890408135555
0.9950219978922008 	 0.008220676857349597
0.9960219978922008 	 0.010301120308416086
0.9970219978922008 	 0.012764549315239624
0.9980219978922008 	 0.015666082589342403
0.9990219978922008 	 0.01905958656854334
1.0000219978922007 	 0.02299856416297112
1.0010219978922006 	 0.02753358120700899
1.0020219978922005 	 0.03270820304353031
1.0030219978922004 	 0.038553471117669096
1.0040219978922003 	 0.04508152011513666
1.0050219978922001 	 0.05227872122284916
1.0060219978922 	 0.06009719482004978
1.0070219978922 	 0.06844929177814324
1.0080219978921998 	 0.07720442090011997
1.0090219978921997 	 0.08618990020086427
1.0100219978921996 	 0.09519745714832249
1.0110219978921995 	 0.10399672960716712
1.0120219978921994 	 0.11235090165134805
1.0130219978921993 	 0.12003789261341535
1.0140219978921992 	 0.12687213190548427
1.015021997892199 	 0.1327368264369418
1.016021997892199 	 0.13761719202334294
1.0170219978921988 	 0.14175506841222252
1.0180219978921987 	 0.14580341048735446
1.0190219978921986 	 0.1503472814043859
1.0200219978921985 	 0.15354016854964053
1.0210219978921984 	 0.15350938814818013
1.0220219978921983 	 0.15219705431425148
1.0230219978921982 	 0.1503390322566802
1.024021997892198 	 0.14822995157692279
1.025021997892198 	 0.14591556811095457
1.0260219978921978 	 0.14345133402463245
1.0270219978921977 	 0.1408780898480319
1.0280219978921976 	 0.13823848137545428
1.0290219978921975 	 0.135568471642072
1.0300219978921974 	 0.13289921808262306
1.0310219978921973 	 0.13025432355951566
1.0320219978921972 	 0.1276517737430176
1.033021997892197 	 0.1251064305196526
1.034021997892197 	 0.12262934334653604
1.0350219978921968 	 0.1202280962364503
1.0360219978921967 	 0.11790767536248704
1.0370219978921966 	 0.11567115010798143
1.0380219978921965 	 0.11351999412225187
1.0390219978921964 	 0.11145443081337666
1.0400219978921963 	 0.10947373037372649
1.0410219978921962 	 0.10757638128456025
1.042021997892196 	 0.10576003055195808
1.043021997892196 	 0.10402187126236562
1.0440219978921959 	 0.10235884414366597
1.0450219978921957 	 0.1007677372187198
1.0460219978921956 	 0.09924526262646761
1.0470219978921955 	 0.09778817354535747
1.0480219978921954 	 0.09639347197397304
1.0490219978921953 	 0.09505827804357495
1.0500219978921952 	 0.09377980024567045
1.051021997892195 	 0.09255533198141179
1.052021997892195 	 0.0913822122447928
1.0530219978921949 	 0.09025787994612226
1.0540219978921948 	 0.08917989191493353
1.0550219978921946 	 0.08814592330929868
1.0560219978921945 	 0.08715376638252235
1.0570219978921944 	 0.08620132762371331
1.0580219978921943 	 0.08528662338335828
1.0590219978921942 	 0.08440777685963385
1.060021997892194 	 0.08356301398745962
1.061021997892194 	 0.0827506557415771
1.0620219978921939 	 0.08196910463002305
1.0630219978921938 	 0.08121684507144207
1.0640219978921936 	 0.08049245884607635
1.0650219978921935 	 0.07979461489083911
1.0660219978921934 	 0.07912204568778362
1.0670219978921933 	 0.07847351219057135
1.0680219978921932 	 0.0778478321206398
1.069021997892193 	 0.07724388598102121
1.070021997892193 	 0.07666061340617279
1.0710219978921929 	 0.07609702815434713
1.0720219978921928 	 0.07555226526901888
1.0730219978921927 	 0.07502552456744876
1.0740219978921925 	 0.07451605140923005
1.0750219978921924 	 0.0740231338851476
1.0760219978921923 	 0.07354610018294731
1.0770219978921922 	 0.07308431612766333
1.078021997892192 	 0.07263718287282735
1.079021997892192 	 0.07220413474889951
1.0800219978921919 	 0.07178463724857427
1.0810219978921918 	 0.07137815663955052
1.0820219978921917 	 0.07098408044702459
1.0830219978921916 	 0.07060179840680837
1.0840219978921914 	 0.07023072604909779
1.0850219978921913 	 0.0698703032821881
1.0860219978921912 	 0.06951999307289711
1.0870219978921911 	 0.06917934229464338
1.088021997892191 	 0.06884814630428888
1.089021997892191 	 0.06852619791568092
1.0900219978921908 	 0.06821323663168719
1.0910219978921907 	 0.06790899525875475
1.0920219978921906 	 0.06761314834760228
1.0930219978921905 	 0.06732536811611778
1.0940219978921903 	 0.06704534089637543
1.0950219978921902 	 0.06677276637898975
1.0960219978921901 	 0.0665073569171871
1.09702199789219 	 0.06624883684673068
1.09802199789219 	 0.0659969419322673
1.0990219978921898 	 0.06575141835907686
1.1000219978921897 	 0.06551201993388411
1.1010219978921896 	 0.06527851670673517
1.1020219978921895 	 0.06505062054489101
1.1030219978921894 	 0.06482822794971899
1.1040219978921892 	 0.064611275101069
1.1050219978921891 	 0.06439968257964525
1.106021997892189 	 0.06419335596664581
1.107021997892189 	 0.06399215694552383
1.1080219978921888 	 0.06379582325860228
1.1090219978921887 	 0.06360405522775836
1.1100219978921886 	 0.06341654243122274
1.1110219978921885 	 0.06323300311121072
1.1120219978921884 	 0.0630533182490093
1.1130219978921883 	 0.06287749432976562
1.1140219978921881 	 0.06270552086485712
1.115021997892188 	 0.06253734880134612
1.116021997892188 	 0.06237291990669131
1.1170219978921878 	 0.06221216829081591
1.1180219978921877 	 0.062055020742794564
1.1190219978921876 	 0.061901397047827184
1.1200219978921875 	 0.06175121028793573
1.1210219978921874 	 0.06160434450773274
1.1220219978921873 	 0.06146060810675611
1.1230219978921872 	 0.06131984053918322
1.124021997892187 	 0.06118189035784401
1.125021997892187 	 0.06104660249782126
1.1260219978921868 	 0.06091381846105914
1.1270219978921867 	 0.060783376505208556
1.1280219978921866 	 0.060655175316487904
1.1290219978921865 	 0.06052934723686021
1.1300219978921864 	 0.06040607422521187
1.1310219978921863 	 0.06028547718823187
1.1320219978921862 	 0.06016747582525444
1.133021997892186 	 0.060051973857110766
1.134021997892186 	 0.05993888084568688
1.1350219978921858 	 0.059827106951885
1.1360219978921857 	 0.059718597643522796
1.1370219978921856 	 0.05961221148289959
1.1380219978921855 	 0.05950785082348928
1.1390219978921854 	 0.05940543803461271
1.1400219978921853 	 0.05930491410877457
1.1410219978921852 	 0.059206211452165154
1.142021997892185 	 0.05910923909857665
1.143021997892185 	 0.05901391999090623
1.1440219978921848 	 0.058920193395929486
1.1450219978921847 	 0.05882804407750326
1.1460219978921846 	 0.05873746596339682
1.1470219978921845 	 0.058648451148978036
1.1480219978921844 	 0.05856098996278942
1.1490219978921843 	 0.05847507102213345
1.1500219978921842 	 0.058390681287476744
1.151021997892184 	 0.058307799989780126
1.152021997892184 	 0.05822638580180551
1.1530219978921838 	 0.058146405228055434
1.1540219978921837 	 0.058067827078783316
1.1550219978921836 	 0.057990618236201164
1.1560219978921835 	 0.057914744187602146
1.1570219978921834 	 0.05784017183781216
1.1580219978921833 	 0.05776686648110697
1.1590219978921832 	 0.05769479240366328
1.160021997892183 	 0.057623913011004224
1.161021997892183 	 0.05755418558954347
1.1620219978921829 	 0.057485549487635984
1.1630219978921827 	 0.05741794969029902
1.1640219978921826 	 0.05735135695451781
1.1650219978921825 	 0.05728576774199755
1.1660219978921824 	 0.0572211926256141
1.1670219978921823 	 0.05715764449589334
1.1680219978921822 	 0.05709513526325919
1.169021997892182 	 0.057033675881521514
1.170021997892182 	 0.05697327637672076
1.1710219978921819 	 0.05691393449931357
1.1720219978921818 	 0.05685560650593486
1.1730219978921816 	 0.056798244922680895
1.1740219978921815 	 0.05674180359733897
1.1750219978921814 	 0.05668623619122539
1.1760219978921813 	 0.056631495889011146
1.1770219978921812 	 0.05657753461443022
1.178021997892181 	 0.05652430729458804
1.179021997892181 	 0.05647176698502537
1.1800219978921809 	 0.056419866628670705
1.1810219978921808 	 0.0563685800969222
1.1820219978921807 	 0.056317960698552355
1.1830219978921805 	 0.056268074147314884
1.1840219978921804 	 0.05621900451877854
1.1850219978921803 	 0.05617082368550257
1.1860219978921802 	 0.056123605400697656
1.18702199789218 	 0.05607736768166734
1.18802199789218 	 0.05603193168381897
1.1890219978921799 	 0.05598716729830838
1.1900219978921798 	 0.055943033968210466
1.1910219978921797 	 0.05589949603990824
1.1920219978921796 	 0.0558565240572434
1.1930219978921794 	 0.055814092664350216
1.1940219978921793 	 0.05577217707520759
1.1950219978921792 	 0.05573075240066863
1.1960219978921791 	 0.055689793653479425
1.197021997892179 	 0.055649275754750864
1.198021997892179 	 0.05560917354421402
1.1990219978921788 	 0.055569461784797596
1.2000219978921787 	 0.05553011517305873
1.2010219978921786 	 0.05549112625966864
1.2020219978921785 	 0.05545255476690919
1.2030219978921783 	 0.055414476951289926
1.2040219978921782 	 0.05537696843374034
1.2050219978921781 	 0.05534008490325919
1.206021997892178 	 0.0553038106920487
1.207021997892178 	 0.05526811354825062
1.2080219978921778 	 0.05523296127213492
1.2090219978921777 	 0.05519832171685256
1.2100219978921776 	 0.055164162791977917
1.2110219978921775 	 0.05513045896934556
1.2120219978921773 	 0.05509720925341743
1.2130219978921772 	 0.05506441742046559
1.2140219978921771 	 0.05503205396912633
1.215021997892177 	 0.055000058169683626
1.216021997892177 	 0.054968368449366374
1.2170219978921768 	 0.05493692363265201
1.2180219978921767 	 0.05490566294134563
1.2190219978921766 	 0.05487452600146106
1.2200219978921765 	 0.054843452847421134
1.2210219978921764 	 0.05481241503250014
1.2220219978921762 	 0.05478150045787097
1.2230219978921761 	 0.05475082326695455
1.224021997892176 	 0.054720496272793274
1.225021997892176 	 0.054690630916477155
1.2260219978921758 	 0.054661297778021624
1.2270219978921757 	 0.05463241895117909
1.2280219978921756 	 0.05460388268395107
1.2290219978921755 	 0.054575578166191456
1.2300219978921754 	 0.05454739552703368
1.2310219978921753 	 0.054519247976696446
1.2320219978921751 	 0.0544911320150091
1.233021997892175 	 0.054463062896225545
1.234021997892175 	 0.054435055438778024
1.2350219978921748 	 0.05440712412344066
1.2360219978921747 	 0.05437928309504946
1.2370219978921746 	 0.05435154616258272
1.2380219978921745 	 0.05432392431477865
1.2390219978921744 	 0.05429637662289701
1.2400219978921743 	 0.054268813792512985
1.2410219978921742 	 0.05424115737528184
1.242021997892174 	 0.0542133740586363
1.243021997892174 	 0.05418544019586811
1.2440219978921738 	 0.05415733199634268
1.2450219978921737 	 0.05412902575404055
1.2460219978921736 	 0.05410049784922862
1.2470219978921735 	 0.05407174457429268
1.2480219978921734 	 0.054042836137961216
1.2490219978921733 	 0.05401385909568442
1.2500219978921732 	 0.05398489887539508
1.251021997892173 	 0.05395601809480501
1.252021997892173 	 0.05392719711257543
1.2530219978921728 	 0.0538983959688198
1.2540219978921727 	 0.053869574603828775
1.2550219978921726 	 0.05384069319283752
1.2560219978921725 	 0.05381171214623285
1.2570219978921724 	 0.05378259210500774
1.2580219978921723 	 0.05375329394611457
1.2590219978921722 	 0.05372377878882545
1.260021997892172 	 0.05369400799041491
1.261021997892172 	 0.053663890679321445
1.2620219978921718 	 0.05363314040498658
1.2630219978921717 	 0.053601438704568245
1.2640219978921716 	 0.053568727652657536
1.2650219978921715 	 0.05353519227001474
1.2660219978921714 	 0.05350102475644262
1.2670219978921713 	 0.053466384532610045
1.2680219978921712 	 0.05343131561986401
1.269021997892171 	 0.05339583486911412
1.270021997892171 	 0.053359958724276145
1.2710219978921709 	 0.053323693266446585
1.2720219978921707 	 0.05328700660888247
1.2730219978921706 	 0.05324985643468556
1.2740219978921705 	 0.05321220025463146
1.2750219978921704 	 0.05317399586004136
1.2760219978921703 	 0.05313520132019461
1.2770219978921702 	 0.05309577498015154
1.27802199789217 	 0.05305567546574754
1.27902199789217 	 0.05301486169381607
1.2800219978921699 	 0.05297329287379215
1.2810219978921698 	 0.052930924353866024
1.2820219978921696 	 0.05288769585545322
1.2830219978921695 	 0.052843542301696196
1.2840219978921694 	 0.05279839882735771
1.2850219978921693 	 0.05275220119463437
1.2860219978921692 	 0.052704885790966376
1.287021997892169 	 0.05265646464399235
1.288021997892169 	 0.05260721422814472
1.2890219978921689 	 0.052557158397407884
1.2900219978921688 	 0.05250602482461954
1.2910219978921686 	 0.052453587962579346
1.2920219978921685 	 0.05239983136719956
1.2930219978921684 	 0.052344785707429245
1.2940219978921683 	 0.052288480779633634
1.2950219978921682 	 0.052230945752799955
1.296021997892168 	 0.052172209150368506
1.297021997892168 	 0.05211229882507204
1.2980219978921679 	 0.05205124197084721
1.2990219978921678 	 0.05198906500177823
1.3000219978921677 	 0.05192579277720848
1.3010219978921675 	 0.05186141674234297
1.3020219978921674 	 0.05179580340087629
1.3030219978921673 	 0.05172879207365777
1.3040219978921672 	 0.05166022431345168
1.305021997892167 	 0.05158994387505866
1.306021997892167 	 0.051517838675427106
1.3070219978921669 	 0.05144395460977178
1.3080219978921668 	 0.05136837316585848
1.3090219978921667 	 0.051291174376609704
1.3100219978921666 	 0.0512124367822168
1.3110219978921664 	 0.05113219955205069
1.3120219978921663 	 0.051050360368673754
1.3130219978921662 	 0.0509667921836004
1.3140219978921661 	 0.050881461808295496
1.315021997892166 	 0.050794422369783716
1.316021997892166 	 0.05070572925242606
1.3170219978921658 	 0.0506154366386013
1.3180219978921657 	 0.050523597543135436
1.3190219978921656 	 0.05043026379964754
1.3200219978921655 	 0.05033548605851662
1.3210219978921653 	 0.05023926732553011
1.3220219978921652 	 0.05014143842956974
1.3230219978921651 	 0.05004179765208706
1.324021997892165 	 0.04994014798279768
1.325021997892165 	 0.04983629599863777
1.3260219978921648 	 0.04973005190387766
1.3270219978921647 	 0.04962122956257372
1.3280219978921646 	 0.04950978373715568
1.3290219978921645 	 0.04939618124252594
1.3300219978921644 	 0.04928099876654459
1.3310219978921642 	 0.049164662822747764
1.3320219978921641 	 0.049047093039147255
1.333021997892164 	 0.04892812502952018
1.334021997892164 	 0.04880759379278888
1.3350219978921638 	 0.04868533641411376
1.3360219978921637 	 0.04856119284864622
1.3370219978921636 	 0.048435006096944795
1.3380219978921635 	 0.04830662982291296
1.3390219978921634 	 0.048176073460997795
1.3400219978921633 	 0.048043489693363826
1.3410219978921631 	 0.04790900840543325
1.342021997892163 	 0.04777266562294994
1.343021997892163 	 0.047634485473702394
1.3440219978921628 	 0.04749449435310264
1.3450219978921627 	 0.04735271843135075
1.3460219978921626 	 0.04720918359882406
1.3470219978921625 	 0.047063920239678474
1.3480219978921624 	 0.046916976677701984
1.3490219978921623 	 0.04676840472931821
1.3500219978921622 	 0.0466182553366727
1.351021997892162 	 0.046466580218012976
1.352021997892162 	 0.04631343954471188
1.3530219978921618 	 0.04615890587418728
1.3540219978921617 	 0.04600305338653124
1.3550219978921616 	 0.04584595507630684
1.3560219978921615 	 0.04568768265774959
1.3570219978921614 	 0.04552830633080513
1.3580219978921613 	 0.04536789504270579
1.3590219978921612 	 0.045206516575806335
1.360021997892161 	 0.045044237547981474
1.361021997892161 	 0.044880897180659504
1.3620219978921608 	 0.04471550056325422
1.3630219978921607 	 0.04454793859873994
1.3640219978921606 	 0.044379791739689964
1.3650219978921605 	 0.044211098153529485
1.3660219978921604 	 0.04404179787124811
1.3670219978921603 	 0.04387183284797337
1.3680219978921602 	 0.0437011473501902
1.36902199789216 	 0.0435296880726212
1.37002199789216 	 0.043357404130030044
1.3710219978921598 	 0.043184272370349816
1.3720219978921597 	 0.04301036781657112
1.3730219978921596 	 0.04283579514006118
1.3740219978921595 	 0.04266065956417884
1.3750219978921594 	 0.042485064862917386
1.3760219978921593 	 0.042309113243928456
1.3770219978921592 	 0.04213290500744757
1.378021997892159 	 0.04195653897239329
1.379021997892159 	 0.04178011262427003
1.3800219978921588 	 0.04160372215182386
1.3810219978921587 	 0.04142745328804035
1.3820219978921586 	 0.04125135768579538
1.3830219978921585 	 0.0410754830759668
1.3840219978921584 	 0.04089987838499421
1.3850219978921583 	 0.04072459281443046
1.3860219978921582 	 0.040549675942355846
1.387021997892158 	 0.04037517790806472
1.388021997892158 	 0.0402011458018642
1.3890219978921579 	 0.04002755569614279
1.3900219978921577 	 0.039854319158123916
1.3910219978921576 	 0.03968139509015677
1.3920219978921575 	 0.039508914459406304
1.3930219978921574 	 0.03933704472148305
1.3940219978921573 	 0.03916595036578285
1.3950219978921572 	 0.03899579327186
1.396021997892157 	 0.0388267149234504
1.397021997892157 	 0.03865878844451842
1.3980219978921569 	 0.03849207151931134
1.3990219978921568 	 0.038326622272940626
1.4000219978921566 	 0.038160406363242146
1.4010219978921565 	 0.03799773994042114
1.4020219978921564 	 0.03783651504090958
1.4030219978921563 	 0.037676785044442454
1.4040219978921562 	 0.03751860233892926
1.405021997892156 	 0.037362019600842754
1.406021997892156 	 0.03720708983145268
1.4070219978921559 	 0.037053866564862196
1.4080219978921558 	 0.03690240347687519
1.4090219978921557 	 0.03675275420187984
1.4100219978921555 	 0.036604972236741265
1.4110219978921554 	 0.03645910108675909
1.4120219978921553 	 0.036315145650952285
1.4130219978921552 	 0.03617309613281385
1.414021997892155 	 0.036032971292536076
1.415021997892155 	 0.03589481767959427
1.4160219978921549 	 0.035758682037438316
1.4170219978921548 	 0.035624610132288834
1.4180219978921547 	 0.03549264667065062
1.4190219978921546 	 0.03536283524227219
1.4200219978921544 	 0.03523521828310824
1.4210219978921543 	 0.035109837092201786
1.4220219978921542 	 0.034986729449002885
1.4230219978921541 	 0.034865922663664346
1.424021997892154 	 0.034747440750099105
1.425021997892154 	 0.034631306653357334
1.4260219978921538 	 0.03451754217658192
1.4270219978921537 	 0.0344061677306482
1.4280219978921536 	 0.03429720273022363
1.4290219978921535 	 0.03419066576252804
1.4300219978921533 	 0.03408657466402106
1.4310219978921532 	 0.03398494675019141
1.4320219978921531 	 0.03388579700592403
1.433021997892153 	 0.03378913139696884
1.434021997892153 	 0.03369495346749052
1.4350219978921528 	 0.03360326643337287
1.4360219978921527 	 0.033514073148149706
1.4370219978921526 	 0.03342737588300772
1.4380219978921525 	 0.033343177887760075
1.4390219978921523 	 0.03326147817698755
1.4400219978921522 	 0.03318226744309528
1.4410219978921521 	 0.03310553624064712
1.442021997892152 	 0.033031273530820006
1.443021997892152 	 0.032959461571550636
1.4440219978921518 	 0.03289008130611465
1.4450219978921517 	 0.03282311406651405
1.4460219978921516 	 0.03275854150724373
1.4470219978921515 	 0.032696345494470334
1.4480219978921514 	 0.03263650823198765
1.4490219978921512 	 0.03257901229905574
1.4500219978921511 	 0.032523840640790905
1.451021997892151 	 0.032470978095268783
1.452021997892151 	 0.03242041416283755
1.4530219978921508 	 0.03237213473081863
1.4540219978921507 	 0.03232612469823757
1.4550219978921506 	 0.03228236918318161
1.4560219978921505 	 0.032240853470334924
1.4570219978921504 	 0.03220155926565165
1.4580219978921503 	 0.03216445496339882
1.4590219978921501 	 0.03212950623477679
1.46002199789215 	 0.032096679206055835
1.46102199789215 	 0.03206594039119699
1.4620219978921498 	 0.03203725561194001
1.4630219978921497 	 0.03201058871079877
1.4640219978921496 	 0.031985928500308264
1.4650219978921495 	 0.0319632877535494
1.4660219978921494 	 0.03194267984295367
1.4670219978921493 	 0.03192411768747841
1.4680219978921492 	 0.031907613899706914
1.469021997892149 	 0.03189318083988292
1.470021997892149 	 0.0318808306325035
1.4710219978921488 	 0.031870564817639106
1.4720219978921487 	 0.0318623454883078
1.4730219978921486 	 0.031856123608549024
1.4740219978921485 	 0.031851849997506836
1.4750219978921484 	 0.03184947587464141
1.4760219978921483 	 0.03184895278293059
1.4770219978921482 	 0.03185023242344125
1.478021997892148 	 0.03185326678343928
1.479021997892148 	 0.03185800816403205
1.4800219978921478 	 0.03186440914879617
1.4810219978921477 	 0.031872422567578065
1.4820219978921476 	 0.03188200087214817
1.4830219978921475 	 0.03189312431200853
1.4840219978921474 	 0.031905882693967894
1.4850219978921473 	 0.03192039064508871
1.4860219978921472 	 0.031936761653464624
1.487021997892147 	 0.03195510793747314
1.488021997892147 	 0.031975533567832067
1.4890219978921468 	 0.031997992105106995
1.4900219978921467 	 0.03202229627278109
1.4910219978921466 	 0.032048146135369014
1.4920219978921465 	 0.032074986748174376
1.4930219978921464 	 0.03210272670744353
1.4940219978921463 	 0.03213140464036253
1.4950219978921462 	 0.03216105873584411
1.496021997892146 	 0.032191726669088136
1.497021997892146 	 0.0322234453696676
1.4980219978921459 	 0.03225625130146222
1.4990219978921457 	 0.03229018056201574
1.5000219978921456 	 0.03232526890339789
1.5010219978921455 	 0.03236155173813282
1.5020219978921454 	 0.032399063515757755
1.5030219978921453 	 0.0324378361456356
1.5040219978921452 	 0.03247790077195677
1.505021997892145 	 0.03251928833607979
1.506021997892145 	 0.03256201451073249
1.5070219978921449 	 0.0326060384642829
1.5080219978921447 	 0.03265126419905287
1.5090219978921446 	 0.03269743844594216
1.5100219978921445 	 0.03274427205382654
1.5110219978921444 	 0.03279156300876348
1.5120219978921443 	 0.03283943116084379
1.5130219978921442 	 0.03288806251095045
1.514021997892144 	 0.032937526355758216
1.515021997892144 	 0.03298778300126223
1.5160219978921439 	 0.03303878859532369
1.5170219978921438 	 0.03309049933935014
1.5180219978921436 	 0.033142871540238865
1.5190219978921435 	 0.03319586162588115
1.5200219978921434 	 0.03324942614486067
1.5210219978921433 	 0.03330352148585854
1.5220219978921432 	 0.03335810257889091
1.523021997892143 	 0.03341312124423436
1.524021997892143 	 0.03346852856924373
1.5250219978921429 	 0.03352427576396871
1.5260219978921428 	 0.033580311323441275
1.5270219978921427 	 0.03363658487247789
1.5280219978921425 	 0.033693048057770014
1.5290219978921424 	 0.033749652628649957
1.5300219978921423 	 0.03380634977658444
1.5310219978921422 	 0.03386309467146234
1.532021997892142 	 0.0339198547115714
1.533021997892142 	 0.03397659551011496
1.5340219978921419 	 0.034033281666274035
1.5350219978921418 	 0.03408987792261109
1.5360219978921417 	 0.03414634925510833
1.5370219978921416 	 0.03420266108620342
1.5380219978921414 	 0.034258778653906696
1.5390219978921413 	 0.03431465878952777
1.5400219978921412 	 0.03437025043672576
1.5410219978921411 	 0.03442550256899255
1.542021997892141 	 0.0344803633209816
1.543021997892141 	 0.03453477551059741
1.5440219978921408 	 0.03458868091777061
1.5450219978921407 	 0.03464202162652215
1.5460219978921406 	 0.034694740195666554
1.5470219978921405 	 0.034746789776699746
1.5480219978921403 	 0.03479816010765723
1.5490219978921402 	 0.03484884953057039
1.5500219978921401 	 0.03489880987689025
1.55102199789214 	 0.03494785853748605
1.55202199789214 	 0.034995919868283196
1.5530219978921398 	 0.03504294763741971
1.5540219978921397 	 0.03508889468928449
1.5550219978921396 	 0.035133714323774434
1.5560219978921395 	 0.03517736058961085
1.5570219978921394 	 0.0352197890338468
1.5580219978921392 	 0.03526095598810949
1.5590219978921391 	 0.03530081837320058
1.560021997892139 	 0.035339333752297225
1.561021997892139 	 0.03537646071954101
1.5620219978921388 	 0.03541215860065241
1.5630219978921387 	 0.03544638122713965
1.5640219978921386 	 0.03547904576991173
1.5650219978921385 	 0.035510036317149336
1.5660219978921384 	 0.03553923768275263
1.5670219978921383 	 0.035566537989083824
1.5680219978921381 	 0.03559147083850637
1.569021997892138 	 0.03561362923315744
1.570021997892138 	 0.03563316851352301
1.5710219978921378 	 0.03565007982313474
1.5720219978921377 	 0.035664421847666335
1.5730219978921376 	 0.03567626244984279
1.5740219978921375 	 0.03568566365228991
1.5750219978921374 	 0.035692685088936346
1.5760219978921373 	 0.035697386028271466
1.5770219978921372 	 0.035699827679947845
1.578021997892137 	 0.03570007163437343
1.579021997892137 	 0.03569817906504348
1.5800219978921368 	 0.03569420996626265
1.5810219978921367 	 0.03568822220246191
1.5820219978921366 	 0.03568027096908334
1.5830219978921365 	 0.03567040593531094
1.5840219978921364 	 0.03565866583527444
1.5850219978921363 	 0.035645073301665456
1.5860219978921362 	 0.035629629965238004
1.587021997892136 	 0.03561231234239625
1.588021997892136 	 0.03559295314592045
1.5890219978921358 	 0.03556988548707612
1.5900219978921357 	 0.035542408304475685
1.5910219978921356 	 0.035510446806217275
1.5920219978921355 	 0.03547390025364617
1.5930219978921354 	 0.03543266787020143
1.5940219978921353 	 0.03538666424529184
1.5950219978921352 	 0.03533583764417441
1.596021997892135 	 0.03528018676486396
1.597021997892135 	 0.035219771378532105
1.5980219978921348 	 0.035154711459874984
1.5990219978921347 	 0.035085179055984066
1.6000219978921346 	 0.03501138480118837
1.6010219978921345 	 0.034933529855226304
1.6020219978921344 	 0.034851707486435075
1.6030219978921343 	 0.03476599399142028
1.6040219978921342 	 0.03467645797723044
1.605021997892134 	 0.03458315205205948
1.606021997892134 	 0.03448611104867745
1.6070219978921338 	 0.03438535291370297
1.6080219978921337 	 0.03428087958923037
1.6090219978921336 	 0.03417267914670843
1.6100219978921335 	 0.03406072844396539
1.6110219978921334 	 0.0339450192741726
1.6120219978921333 	 0.0338256291434662
1.6130219978921332 	 0.03370266499030844
1.614021997892133 	 0.03357619436076575
1.615021997892133 	 0.03344624580012448
1.6160219978921329 	 0.03331284449649484
1.6170219978921327 	 0.03317601439835633
1.6180219978921326 	 0.03303577905884105
1.6190219978921325 	 0.03289216222441889
1.6200219978921324 	 0.032745188223848316
1.6210219978921323 	 0.03259488210291248
1.6220219978921322 	 0.03244127469323606
1.623021997892132 	 0.03228441841702587
1.624021997892132 	 0.03212437185764243
1.6250219978921319 	 0.03196119513862779
1.6260219978921318 	 0.031794949611720906
1.6270219978921316 	 0.031625696942402276
1.6280219978921315 	 0.03145350031937064
1.6290219978921314 	 0.03127842484601974
1.6300219978921313 	 0.031100537604691617
1.6310219978921312 	 0.030919881455922667
1.632021997892131 	 0.030736409984473103
1.633021997892131 	 0.03055007946568627
1.6340219978921309 	 0.030360895659271362
1.6350219978921308 	 0.030169010583304078
1.6360219978921307 	 0.02997460863778904
1.6370219978921305 	 0.029777871025280116
1.6380219978921304 	 0.029578975883198577
1.6390219978921303 	 0.02937806839134125
1.6400219978921302 	 0.029175263926887927
1.64102199789213 	 0.028970677199969926
1.64202199789213 	 0.02876442512553211
1.6430219978921299 	 0.02855663857951287
1.6440219978921298 	 0.028347452216440257
1.6450219978921297 	 0.02813700101031114
1.6460219978921296 	 0.0279254193834882
1.6470219978921294 	 0.02771283913917558
1.6480219978921293 	 0.027499391191707894
1.6490219978921292 	 0.027285205847339605
1.650021997892129 	 0.02707041248940028
1.651021997892129 	 0.026855131938302447
1.652021997892129 	 0.026639458135776138
1.6530219978921288 	 0.026423484662678687
1.6540219978921287 	 0.026207306121916827
1.6550219978921286 	 0.0259910163818211
1.6560219978921285 	 0.025774707693200918
1.6570219978921283 	 0.025558468903987656
1.6580219978921282 	 0.025342386862097745
1.6590219978921281 	 0.02512654658974354
1.660021997892128 	 0.02491103106032257
1.661021997892128 	 0.024695948079647215
1.6620219978921278 	 0.02448150186923866
1.6630219978921277 	 0.024267907123836897
1.6640219978921276 	 0.024055298415361522
1.6650219978921275 	 0.02384373827070848
1.6660219978921273 	 0.023633283230050445
1.6670219978921272 	 0.023423985518803574
1.6680219978921271 	 0.0232158940408614
1.669021997892127 	 0.023009054666698413
1.670021997892127 	 0.022803510237321703
1.6710219978921268 	 0.022599303820834745
1.6720219978921267 	 0.022396485484505443
1.6730219978921266 	 0.022195097545808975
1.6740219978921265 	 0.021995177199398797
1.6750219978921264 	 0.021796758311961238
1.6760219978921262 	 0.021599871453241784
1.6770219978921261 	 0.021404543713292198
1.678021997892126 	 0.02121079932478886
1.679021997892126 	 0.021018660011007835
1.6800219978921258 	 0.02082814520346598
1.6810219978921257 	 0.020639272249816338
1.6820219978921256 	 0.020452053702994105
1.6830219978921255 	 0.020266490072915946
1.6840219978921254 	 0.020082578121973137
1.6850219978921253 	 0.01990031356239854
1.6860219978921251 	 0.01971969131390126
1.687021997892125 	 0.019540705768666684
1.688021997892125 	 0.019363351684124678
1.6890219978921248 	 0.019187637404081852
1.6900219978921247 	 0.01901358369863665
1.6910219978921246 	 0.01884120616723625
1.6920219978921245 	 0.01867049834688233
1.6930219978921244 	 0.018501438624656235
1.6940219978921243 	 0.018334003709698364
1.6950219978921242 	 0.01816817148410637
1.696021997892124 	 0.018003921240683937
1.697021997892124 	 0.01784123405122015
1.6980219978921238 	 0.017680092640197598
1.6990219978921237 	 0.017520481423647687
1.7000219978921236 	 0.016919389361155935
1.7010219978921235 	 0.01674202683033572
1.7020219978921234 	 0.01656594931539633
1.7030219978921233 	 0.016391180815578638
1.7040219978921232 	 0.016217742845285116
1.705021997892123 	 0.016045656919735276
1.706021997892123 	 0.01587494455496421
1.7070219978921228 	 0.01570562726782117
1.7080219978921227 	 0.015537726575968157
1.7090219978921226 	 0.015371263997878448
1.7100219978921225 	 0.015206261052835176
1.7110219978921224 	 0.015042739260906827
1.7120219978921223 	 0.014880717827813993
1.7130219978921222 	 0.014720207290374394
1.714021997892122 	 0.014561216156800429
1.715021997892122 	 0.014403752935586359
1.7160219978921218 	 0.01424782613550774
1.7170219978921217 	 0.014093444265620788
1.7180219978921216 	 0.013940615835261815
1.7190219978921215 	 0.01378934935404665
1.7200219978921214 	 0.013639653331870033
1.7210219978921213 	 0.013491536278887968
1.7220219978921212 	 0.013345004995939765
1.723021997892121 	 0.013200059882115114
1.724021997892121 	 0.013056699838192942
1.7250219978921209 	 0.01291492376484607
1.7260219978921207 	 0.012774730562641211
1.7270219978921206 	 0.01263611913203907
1.7280219978921205 	 0.01249908837339431
1.7290219978921204 	 0.012363637186955665
1.7300219978921203 	 0.012229764472865919
1.7310219978921202 	 0.012097469131150573
1.73202199789212 	 0.011966748917361122
1.73302199789212 	 0.011837597301555843
1.7340219978921199 	 0.011710006750564566
1.7350219978921197 	 0.011583969730857301
1.7360219978921196 	 0.011459478708544723
1.7370219978921195 	 0.011336526149378603
1.7380219978921194 	 0.011215104518752315
1.7390219978921193 	 0.011095206281701261
1.7400219978921192 	 0.010976823902903339
1.741021997892119 	 0.010859949846672635
1.742021997892119 	 0.010744575896720536
1.7430219978921189 	 0.010630691289042173
1.7440219978921188 	 0.010518284662992296
1.7450219978921186 	 0.010407344657420428
1.7460219978921185 	 0.010297859910671604
1.7470219978921184 	 0.01018981906058708
1.7480219978921183 	 0.010083210744505033
1.7490219978921182 	 0.009978023599261303
1.750021997892118 	 0.009874246261190095
1.751021997892118 	 0.0097718673661214
1.7520219978921179 	 0.009670875216711129
1.7530219978921178 	 0.009571256869331371
1.7540219978921177 	 0.009472999088243299
1.7550219978921175 	 0.009376088637137146
1.7560219978921174 	 0.009280512279133077
1.7570219978921173 	 0.009186256776782012
1.7580219978921172 	 0.009093308892066465
1.759021997892117 	 0.009001655386401412
1.760021997892117 	 0.008911283020635102
1.7610219978921169 	 0.00882217855504902
1.7620219978921168 	 0.008734328657670877
1.7630219978921167 	 0.008647719652611727
1.7640219978921166 	 0.008562337783047737
1.7650219978921164 	 0.008478169291572645
1.7660219978921163 	 0.008395200420198637
1.7670219978921162 	 0.008313417410357203
1.7680219978921161 	 0.008232806502900045
1.769021997892116 	 0.008153353938099949
1.770021997892116 	 0.008075045955651656
1.7710219978921158 	 0.00799786879467339
1.7720219978921157 	 0.007921808756914532
1.7730219978921156 	 0.00784685238024578
1.7740219978921155 	 0.007772986257368942
1.7750219978921153 	 0.007700196980425854
1.7760219978921152 	 0.007628471140999261
1.7770219978921151 	 0.00755779533011366
1.778021997892115 	 0.00748815613823618
1.779021997892115 	 0.007419540155277416
1.7800219978921148 	 0.007351933970592312
1.7810219978921147 	 0.007285324172982546
1.7820219978921146 	 0.007219697504804015
1.7830219978921145 	 0.007155041284957648
1.7840219978921144 	 0.007091342966878237
1.7850219978921142 	 0.007028590003482305
1.7860219978921141 	 0.006966769847168944
1.787021997892114 	 0.006905869949820572
1.788021997892114 	 0.006845877762803775
1.7890219978921138 	 0.006786780736970104
1.7900219978921137 	 0.006728566322656875
1.7910219978921136 	 0.0066712219696899834
1.7920219978921135 	 0.006614735327801114
1.7930219978921134 	 0.006559094796728995
1.7940219978921133 	 0.006504288951381203
1.7950219978921131 	 0.006450306366197845
1.796021997892113 	 0.0063971356151523275
1.797021997892113 	 0.00634476527175206
1.7980219978921128 	 0.006293183909039213
1.7990219978921127 	 0.006242380099591434
1.8000219978921126 	 0.006192342415522587
1.8010219978921125 	 0.0061430594284856595
1.8020219978921124 	 0.006094519927055637
1.8030219978921123 	 0.006046713513397912
1.8040219978921122 	 0.005999629979768286
1.805021997892112 	 0.005953259118008519
1.806021997892112 	 0.005907590719546953
1.8070219978921118 	 0.005862614575399199
1.8080219978921117 	 0.005818320476168753
1.8090219978921116 	 0.005774698212047683
1.8100219978921115 	 0.0057317375728172665
1.8110219978921114 	 0.005689428347850817
1.8120219978921113 	 0.005647760542261415
1.8130219978921112 	 0.005606724970180204
1.814021997892111 	 0.005566312634798524
1.815021997892111 	 0.005526514538945695
1.8160219978921108 	 0.0054873216850895926
1.8170219978921107 	 0.005448725075337196
1.8180219978921106 	 0.005410715711435212
1.8190219978921105 	 0.005373284594770612
1.8200219978921104 	 0.005336422726371215
1.8210219978921103 	 0.005300121106908315
1.8220219978921102 	 0.005264370941108835
1.82302199789211 	 0.0052291641988218935
1.82402199789211 	 0.005194493028720845
1.8250219978921098 	 0.005160349579165509
1.8260219978921097 	 0.005126725998202668
1.8270219978921096 	 0.005093614433566542
1.8280219978921095 	 0.005061007032679338
1.8290219978921094 	 0.005028895942651711
1.8300219978921093 	 0.004997273310283285
1.8310219978921092 	 0.004966131282065018
1.832021997892109 	 0.004935462191429611
1.833021997892109 	 0.00490525907271281
1.8340219978921088 	 0.004875515124078764
1.8350219978921087 	 0.004846223543421957
1.8360219978921086 	 0.004817377528367661
1.8370219978921085 	 0.004788970276272341
1.8380219978921084 	 0.004760994984224119
1.8390219978921083 	 0.004733444849043184
1.8400219978921082 	 0.00470631306728224
1.841021997892108 	 0.004679592835228606
1.842021997892108 	 0.004653277516771755
1.8430219978921079 	 0.004627361104162825
1.8440219978921077 	 0.004601837736534043
1.8450219978921076 	 0.004576701552786929
1.8460219978921075 	 0.004551946691592648
1.8470219978921074 	 0.004527567291392405
1.8480219978921073 	 0.004503557490397801
1.8490219978921072 	 0.004479911426591215
1.850021997892107 	 0.0044566232377261684
1.851021997892107 	 0.004433687061329184
1.8520219978921069 	 0.004411097182901461
1.8530219978921068 	 0.0043888484426999035
1.8540219978921066 	 0.0043669358106623035
1.8550219978921065 	 0.004345354256529813
1.8560219978921064 	 0.004324098749847255
1.8570219978921063 	 0.0043031642599634335
1.8580219978921062 	 0.004282545756031473
1.859021997892106 	 0.004262238207009125
1.860021997892106 	 0.004242236581659077
1.8610219978921059 	 0.004222535848550583
1.8620219978921058 	 0.004203131105431991
1.8630219978921057 	 0.004184017934329883
1.8640219978921055 	 0.004165192030480216
1.8650219978921054 	 0.004146649088951796
1.8660219978921053 	 0.0041283848046465435
1.8670219978921052 	 0.0041103948722997705
1.868021997892105 	 0.004092674986480448
1.869021997892105 	 0.0040752208415914875
1.8700219978921049 	 0.004058028131869996
1.8710219978921048 	 0.004041092551388678
1.8720219978921047 	 0.004024409906038415
1.8730219978921046 	 0.004007976420895734
1.8740219978921044 	 0.003991788419032075
1.8750219978921043 	 0.0039758422233770515
1.8760219978921042 	 0.003960134156718695
1.877021997892104 	 0.003944660541703667
1.878021997892104 	 0.003929417700837511
1.879021997892104 	 0.003914401956484865
1.8800219978921038 	 0.003899609630869701
1.8810219978921037 	 0.003885037046076519
1.8820219978921036 	 0.003870680620359887
1.8830219978921034 	 0.003856537132492816
1.8840219978921033 	 0.003842603445529701
1.8850219978921032 	 0.003828876422404731
1.8860219978921031 	 0.003815352925932105
1.887021997892103 	 0.0038020298188062166
1.888021997892103 	 0.0037889039636018564
1.8890219978921028 	 0.0037759722227744008
1.8900219978921027 	 0.0037632314586600168
1.8910219978921026 	 0.0037506785334766755
1.8920219978921025 	 0.0037383103917582794
1.8930219978921023 	 0.0037261242866180695
1.8940219978921022 	 0.003714117543309231
1.8950219978921021 	 0.003702287486983136
1.896021997892102 	 0.0036906314426895185
1.897021997892102 	 0.003679146735376626
1.8980219978921018 	 0.0036678306898914
1.8990219978921017 	 0.0036566806309796347
1.9000219978921016 	 0.003645693883286144
1.9010219978921015 	 0.0036348677713556347
1.9020219978921014 	 0.0036241996899525797
1.9030219978921012 	 0.0036136872970736807
1.9040219978921011 	 0.003603328312254761
1.905021997892101 	 0.0035931204549454064
1.906021997892101 	 0.0035830614445091164
1.9070219978921008 	 0.0035731490002234288
1.9080219978921007 	 0.0035633808412800796
1.9090219978921006 	 0.003553754686785131
1.9100219978921005 	 0.0035442682557591185
1.9110219978921004 	 0.0035349192671377846
1.9120219978921003 	 0.003525705499611701
1.9130219978921001 	 0.0035166249558726778
1.9140219978921 	 0.0035076756909803693
1.9150219978921 	 0.0034988557599213597
1.9160219978920998 	 0.0034901632176092953
1.9170219978920997 	 0.003481596118884989
1.9180219978920996 	 0.0034731525185165545
1.9190219978920995 	 0.0034648304711995177
1.9200219978920994 	 0.0034566280315569374
1.9210219978920993 	 0.003448543254140038
1.9220219978920992 	 0.0034405742442815586
1.923021997892099 	 0.0034327192976768843
1.924021997892099 	 0.0034249767545251864
1.9250219978920988 	 0.0034173449549636976
1.9260219978920987 	 0.0034098222390678045
1.9270219978920986 	 0.0034024069468511567
1.9280219978920985 	 0.0033950974182657663
1.9290219978920984 	 0.003387891993202103
1.9300219978920983 	 0.003380789011489209
1.9310219978920982 	 0.0033737868128952183
1.932021997892098 	 0.0033668837803127387
1.933021997892098 	 0.0033600784582930436
1.9340219978920978 	 0.0033533694291806894
1.9350219978920977 	 0.003346755275267674
1.9360219978920976 	 0.003340234578793528
1.9370219978920975 	 0.003333805921945391
1.9380219978920974 	 0.0033274678868581127
1.9390219978920973 	 0.0033212190556143207
1.9400219978920972 	 0.0033150580102445253
1.941021997892097 	 0.003308983332727562
1.942021997892097 	 0.0033029936416615023
1.9430219978920968 	 0.003297087692917115
1.9440219978920967 	 0.0032912642744573825
1.9450219978920966 	 0.003285522174200648
1.9460219978920965 	 0.0032798601800206996
1.9470219978920964 	 0.0032742770797468215
1.9480219978920963 	 0.0032687716611638972
1.9490219978920962 	 0.0032633427120124575
1.950021997892096 	 0.0032579890199887673
1.951021997892096 	 0.0032527093727452074
1.9520219978920959 	 0.00324750258904145
1.9530219978920957 	 0.003242367604247438
1.9540219978920956 	 0.0032373033809947587
1.9550219978920955 	 0.0032323088818770433
1.9560219978920954 	 0.003227383069450043
1.9570219978920953 	 0.0032225249062316835
1.9580219978920952 	 0.0032177333547021326
1.959021997892095 	 0.0032130073773038526
1.960021997892095 	 0.003208345936441679
1.9610219978920949 	 0.0032037479944831302
1.9620219978920947 	 0.0031992125402388683
1.9630219978920946 	 0.0031947386616455516
1.9640219978920945 	 0.0031903254698139
1.9650219978920944 	 0.003185972075822337
1.9660219978920943 	 0.0031816775907170408
1.9670219978920942 	 0.003177441125512
1.968021997892094 	 0.003173261791189065
1.969021997892094 	 0.0031691386986979985
1.9700219978920939 	 0.0031650709589565377
1.9710219978920938 	 0.0031610576828506615
1.9720219978920936 	 0.003157098003771663
1.9730219978920935 	 0.0031531911394753233
1.9740219978920934 	 0.003149336327440445
1.9750219978920933 	 0.003145532805118317
1.9760219978920932 	 0.0031417798099327584
1.977021997892093 	 0.003138076579280156
1.978021997892093 	 0.003134422350529524
1.9790219978920929 	 0.0031308163610225346
1.9800219978920928 	 0.0031272578480735684
1.9810219978920927 	 0.0031237460489699598
1.9820219978920925 	 0.0031202802201627557
1.9830219978920924 	 0.0031168596899410696
1.9840219978920923 	 0.003113483803388537
1.9850219978920922 	 0.0031101519055653257
1.986021997892092 	 0.00310686334150817
1.987021997892092 	 0.0031036174562304093
1.9880219978920919 	 0.003100413594722028
1.9890219978920918 	 0.003097251101949696
1.9900219978920917 	 0.0030941293228568013
1.9910219978920916 	 0.003091047602363662
1.9920219978920914 	 0.003088005301754381
1.9930219978920913 	 0.0030850018436550876
1.9940219978920912 	 0.0030820366650326403
1.9950219978920911 	 0.003079109202833861
1.996021997892091 	 0.0030762188939855682
1.997021997892091 	 0.003073365175394608
1.9980219978920908 	 0.0030705474839478855
1.9990219978920907 	 0.0030677652565124034
