0.0010219978922 	 0
0.0020219978922 	 0.0
0.0030219978922 	 0.0
0.0040219978922 	 0.0
0.0050219978922 	 0.0
0.0060219978922 	 0.0
0.0070219978922 	 0.0
0.0080219978922 	 0.0
0.009021997892200002 	 0.0
0.010021997892200003 	 0.0
0.011021997892200004 	 0.0
0.012021997892200004 	 0.0
0.013021997892200005 	 0.0
0.014021997892200006 	 0.0
0.015021997892200007 	 0.0
0.016021997892200008 	 0.0
0.01702199789220001 	 0.0
0.01802199789220001 	 0.0
0.01902199789220001 	 0.0
0.02002199789220001 	 0.0
0.021021997892200012 	 0.0
0.022021997892200013 	 0.0
0.023021997892200014 	 0.0
0.024021997892200015 	 0.0
0.025021997892200016 	 0.0
0.026021997892200017 	 0.0
0.027021997892200018 	 0.0
0.02802199789220002 	 0.0
0.02902199789220002 	 0.0
0.03002199789220002 	 0.0
0.03102199789220002 	 0.0
0.03202199789220002 	 0.0
0.03302199789220002 	 0.0
0.03402199789220002 	 0.0
0.03502199789220002 	 0.0
0.03602199789220002 	 0.0
0.03702199789220002 	 0.0
0.038021997892200024 	 0.0
0.039021997892200025 	 0.0
0.040021997892200026 	 0.0
0.04102199789220003 	 0.0
0.04202199789220003 	 0.0
0.04302199789220003 	 0.0
0.04402199789220003 	 0.0
0.04502199789220003 	 0.0
0.04602199789220003 	 0.0
0.04702199789220003 	 0.0
0.04802199789220003 	 0.0
0.049021997892200034 	 0.0
0.050021997892200035 	 0.0
0.051021997892200036 	 0.0
0.052021997892200036 	 0.0
0.05302199789220004 	 0.0
0.05402199789220004 	 0.0
0.05502199789220004 	 0.0
0.05602199789220004 	 0.0
0.05702199789220004 	 0.0
0.05802199789220004 	 0.0
0.05902199789220004 	 0.0
0.060021997892200044 	 0.0
0.061021997892200044 	 0.0
0.062021997892200045 	 0.0
0.06302199789220005 	 0.0
0.06402199789220005 	 0.0
0.06502199789220005 	 0.0
0.06602199789220005 	 0.0
0.06702199789220005 	 0.0
0.06802199789220005 	 0.0
0.06902199789220005 	 0.0
0.07002199789220005 	 0.0
0.07102199789220005 	 0.0
0.07202199789220005 	 0.0
0.07302199789220006 	 0.0
0.07402199789220006 	 0.0
0.07502199789220006 	 0.0
0.07602199789220006 	 0.0
0.07702199789220006 	 0.0
0.07802199789220006 	 0.0
0.07902199789220006 	 0.0
0.08002199789220006 	 0.0
0.08102199789220006 	 0.0
0.08202199789220006 	 0.0
0.08302199789220006 	 0.0
0.08402199789220006 	 0.0
0.08502199789220007 	 0.0
0.08602199789220007 	 0.0
0.08702199789220007 	 0.0
0.08802199789220007 	 0.0
0.08902199789220007 	 0.0
0.09002199789220007 	 0.0
0.09102199789220007 	 0.0
0.09202199789220007 	 0.0
0.09302199789220007 	 0.0
0.09402199789220007 	 0.0
0.09502199789220007 	 0.0
0.09602199789220008 	 0.0
0.09702199789220008 	 0.0
0.09802199789220008 	 0.0
0.09902199789220008 	 0.0
0.10002199789220008 	 0.0
0.10102199789220008 	 0.0
0.10202199789220008 	 0.0
0.10302199789220008 	 0.0
0.10402199789220008 	 0.0
0.10502199789220008 	 0.0
0.10602199789220008 	 0.0
0.10702199789220009 	 0.0
0.10802199789220009 	 0.0
0.10902199789220009 	 0.0
0.11002199789220009 	 0.0
0.11102199789220009 	 0.0
0.11202199789220009 	 0.0
0.11302199789220009 	 0.0
0.11402199789220009 	 0.0
0.11502199789220009 	 0.0
0.1160219978922001 	 0.0
0.1170219978922001 	 0.0
0.1180219978922001 	 0.0
0.1190219978922001 	 0.0
0.1200219978922001 	 0.0
0.1210219978922001 	 0.0
0.1220219978922001 	 0.0
0.1230219978922001 	 0.0
0.1240219978922001 	 0.0
0.1250219978922001 	 0.0
0.1260219978922001 	 0.0
0.1270219978922001 	 0.0
0.1280219978922001 	 0.0
0.1290219978922001 	 0.0
0.1300219978922001 	 0.0
0.1310219978922001 	 0.0
0.1320219978922001 	 0.0
0.1330219978922001 	 0.0
0.1340219978922001 	 0.0
0.1350219978922001 	 0.0
0.1360219978922001 	 0.0
0.1370219978922001 	 0.0
0.1380219978922001 	 0.0
0.1390219978922001 	 0.0
0.1400219978922001 	 0.0
0.1410219978922001 	 0.0
0.1420219978922001 	 0.0
0.1430219978922001 	 0.0
0.1440219978922001 	 0.0
0.1450219978922001 	 0.0
0.1460219978922001 	 0.0
0.1470219978922001 	 0.0
0.1480219978922001 	 0.0
0.1490219978922001 	 0.0
0.1500219978922001 	 0.0
0.1510219978922001 	 0.0
0.1520219978922001 	 0.0
0.1530219978922001 	 0.0
0.1540219978922001 	 0.0
0.15502199789220011 	 0.0
0.15602199789220011 	 0.0
0.15702199789220012 	 0.0
0.15802199789220012 	 0.0
0.15902199789220012 	 0.0
0.16002199789220012 	 0.0
0.16102199789220012 	 0.0
0.16202199789220012 	 0.0
0.16302199789220012 	 0.0
0.16402199789220012 	 0.0
0.16502199789220012 	 0.0
0.16602199789220012 	 0.0
0.16702199789220012 	 0.0
0.16802199789220013 	 0.0
0.16902199789220013 	 0.0
0.17002199789220013 	 0.0
0.17102199789220013 	 0.0
0.17202199789220013 	 0.0
0.17302199789220013 	 0.0
0.17402199789220013 	 0.0
0.17502199789220013 	 0.0
0.17602199789220013 	 0.0
0.17702199789220013 	 0.0
0.17802199789220013 	 0.0
0.17902199789220014 	 0.0
0.18002199789220014 	 0.0
0.18102199789220014 	 0.0
0.18202199789220014 	 0.0
0.18302199789220014 	 0.0
0.18402199789220014 	 0.0
0.18502199789220014 	 0.0
0.18602199789220014 	 0.0
0.18702199789220014 	 0.0
0.18802199789220014 	 0.0
0.18902199789220014 	 0.0
0.19002199789220015 	 0.0
0.19102199789220015 	 0.0
0.19202199789220015 	 0.0
0.19302199789220015 	 0.0
0.19402199789220015 	 0.0
0.19502199789220015 	 0.0
0.19602199789220015 	 0.0
0.19702199789220015 	 0.0
0.19802199789220015 	 0.0
0.19902199789220015 	 0.0
0.20002199789220015 	 0.0
0.20102199789220015 	 0.0
0.20202199789220016 	 0.0
0.20302199789220016 	 0.0
0.20402199789220016 	 0.0
0.20502199789220016 	 0.0
0.20602199789220016 	 0.0
0.20702199789220016 	 0.0
0.20802199789220016 	 0.0
0.20902199789220016 	 0.0
0.21002199789220016 	 0.0
0.21102199789220016 	 0.0
0.21202199789220016 	 0.0
0.21302199789220017 	 0.0
0.21402199789220017 	 0.0
0.21502199789220017 	 0.0
0.21602199789220017 	 0.0
0.21702199789220017 	 0.0
0.21802199789220017 	 0.0
0.21902199789220017 	 0.0
0.22002199789220017 	 0.0
0.22102199789220017 	 0.0
0.22202199789220017 	 0.0
0.22302199789220017 	 0.0
0.22402199789220018 	 0.0
0.22502199789220018 	 0.0
0.22602199789220018 	 0.0
0.22702199789220018 	 0.0
0.22802199789220018 	 0.0
0.22902199789220018 	 0.0
0.23002199789220018 	 0.0
0.23102199789220018 	 0.0
0.23202199789220018 	 0.0
0.23302199789220018 	 0.0
0.23402199789220018 	 0.0
0.23502199789220019 	 0.0
0.23602199789220019 	 0.0
0.2370219978922002 	 0.0
0.2380219978922002 	 0.0
0.2390219978922002 	 0.0
0.2400219978922002 	 0.0
0.2410219978922002 	 0.0
0.2420219978922002 	 0.0
0.2430219978922002 	 0.0
0.2440219978922002 	 0.0
0.2450219978922002 	 0.0
0.2460219978922002 	 0.0
0.2470219978922002 	 0.0
0.2480219978922002 	 0.0
0.2490219978922002 	 0.0
0.2500219978922002 	 0.0
0.2510219978922002 	 0.0
0.2520219978922002 	 0.0
0.2530219978922002 	 0.0
0.2540219978922002 	 0.0
0.2550219978922002 	 0.0
0.2560219978922002 	 0.0
0.2570219978922002 	 0.0
0.2580219978922002 	 0.0
0.2590219978922002 	 0.0
0.2600219978922002 	 0.0
0.2610219978922002 	 0.0
0.2620219978922002 	 0.0
0.2630219978922002 	 0.0
0.2640219978922002 	 0.0
0.2650219978922002 	 0.0
0.2660219978922002 	 0.0
0.2670219978922002 	 0.0
0.2680219978922002 	 0.0
0.2690219978922002 	 0.0
0.2700219978922002 	 0.0
0.2710219978922002 	 0.0
0.2720219978922002 	 0.0
0.2730219978922002 	 0.0
0.2740219978922002 	 0.0
0.2750219978922002 	 0.0
0.2760219978922002 	 0.0
0.2770219978922002 	 0.0
0.2780219978922002 	 0.0
0.2790219978922002 	 0.0
0.2800219978922002 	 0.0
0.2810219978922002 	 0.0
0.2820219978922002 	 0.0
0.2830219978922002 	 0.0
0.28402199789220023 	 0.0
0.28502199789220023 	 0.0
0.28602199789220023 	 0.0
0.28702199789220023 	 0.0
0.28802199789220023 	 0.0
0.28902199789220023 	 0.0
0.29002199789220023 	 0.0
0.29102199789220023 	 0.0
0.29202199789220024 	 0.0
0.29302199789220024 	 0.0
0.29402199789220024 	 0.0
0.29502199789220024 	 0.0
0.29602199789220024 	 0.0
0.29702199789220024 	 0.0
0.29802199789220024 	 0.0
0.29902199789220024 	 0.0
0.30002199789220024 	 0.0
0.30102199789220024 	 0.0
0.30202199789220024 	 0.0
0.30302199789220025 	 0.0
0.30402199789220025 	 0.0
0.30502199789220025 	 0.0
0.30602199789220025 	 0.0
0.30702199789220025 	 0.0
0.30802199789220025 	 0.0
0.30902199789220025 	 0.0
0.31002199789220025 	 0.0
0.31102199789220025 	 0.0
0.31202199789220025 	 0.0
0.31302199789220025 	 0.0
0.31402199789220026 	 0.0
0.31502199789220026 	 0.0
0.31602199789220026 	 0.0
0.31702199789220026 	 0.0
0.31802199789220026 	 0.0
0.31902199789220026 	 0.0
0.32002199789220026 	 0.0
0.32102199789220026 	 0.0
0.32202199789220026 	 0.0
0.32302199789220026 	 0.0
0.32402199789220026 	 0.0
0.32502199789220027 	 0.0
0.32602199789220027 	 0.0
0.32702199789220027 	 0.0
0.32802199789220027 	 0.0
0.32902199789220027 	 0.0
0.33002199789220027 	 0.0
0.33102199789220027 	 0.0
0.33202199789220027 	 0.0
0.33302199789220027 	 0.0
0.3340219978922003 	 0.0
0.3350219978922003 	 0.0
0.3360219978922003 	 0.0
0.3370219978922003 	 0.0
0.3380219978922003 	 0.0
0.3390219978922003 	 0.0
0.3400219978922003 	 0.0
0.3410219978922003 	 0.0
0.3420219978922003 	 0.0
0.3430219978922003 	 0.0
0.3440219978922003 	 0.0
0.3450219978922003 	 0.0
0.3460219978922003 	 0.0
0.3470219978922003 	 0.0
0.3480219978922003 	 0.0
0.3490219978922003 	 0.0
0.3500219978922003 	 0.0
0.3510219978922003 	 0.0
0.3520219978922003 	 0.0
0.3530219978922003 	 0.0
0.3540219978922003 	 0.0
0.3550219978922003 	 0.0
0.3560219978922003 	 0.0
0.3570219978922003 	 0.0
0.3580219978922003 	 0.0
0.3590219978922003 	 0.0
0.3600219978922003 	 0.0
0.3610219978922003 	 0.0
0.3620219978922003 	 0.0
0.3630219978922003 	 0.0
0.3640219978922003 	 0.0
0.3650219978922003 	 0.0
0.3660219978922003 	 0.0
0.3670219978922003 	 0.0
0.3680219978922003 	 0.0
0.3690219978922003 	 0.0
0.3700219978922003 	 0.0
0.3710219978922003 	 0.0
0.3720219978922003 	 0.0
0.3730219978922003 	 0.0
0.3740219978922003 	 0.0
0.3750219978922003 	 0.0
0.3760219978922003 	 0.0
0.3770219978922003 	 0.0
0.3780219978922003 	 0.0
0.3790219978922003 	 0.0
0.3800219978922003 	 0.0
0.3810219978922003 	 0.0
0.3820219978922003 	 0.0
0.3830219978922003 	 0.0
0.3840219978922003 	 0.0
0.3850219978922003 	 0.0
0.3860219978922003 	 0.0
0.3870219978922003 	 0.0
0.3880219978922003 	 0.0
0.3890219978922003 	 0.0
0.3900219978922003 	 0.0
0.3910219978922003 	 0.0
0.3920219978922003 	 0.0
0.3930219978922003 	 0.0
0.3940219978922003 	 0.0
0.3950219978922003 	 0.0
0.39602199789220033 	 0.0
0.39702199789220033 	 0.0
0.39802199789220033 	 0.0
0.39902199789220033 	 0.0
0.40002199789220033 	 0.0
0.40102199789220033 	 0.0
0.40202199789220033 	 0.0
0.40302199789220033 	 0.0
0.40402199789220034 	 0.0
0.40502199789220034 	 0.0
0.40602199789220034 	 0.0
0.40702199789220034 	 0.0
0.40802199789220034 	 0.0
0.40902199789220034 	 0.0
0.41002199789220034 	 0.0
0.41102199789220034 	 0.0
0.41202199789220034 	 0.0
0.41302199789220034 	 0.0
0.41402199789220034 	 0.0
0.41502199789220034 	 0.0
0.41602199789220035 	 0.0
0.41702199789220035 	 0.0
0.41802199789220035 	 0.0
0.41902199789220035 	 0.0
0.42002199789220035 	 0.0
0.42102199789220035 	 0.0
0.42202199789220035 	 0.0
0.42302199789220035 	 0.0
0.42402199789220035 	 0.0
0.42502199789220035 	 0.0
0.42602199789220035 	 0.0
0.42702199789220036 	 0.0
0.42802199789220036 	 0.0
0.42902199789220036 	 0.0
0.43002199789220036 	 0.0
0.43102199789220036 	 0.0
0.43202199789220036 	 0.0
0.43302199789220036 	 0.0
0.43402199789220036 	 0.0
0.43502199789220036 	 0.0
0.43602199789220036 	 0.0
0.43702199789220036 	 0.0
0.43802199789220037 	 0.0
0.43902199789220037 	 0.0
0.44002199789220037 	 0.0
0.44102199789220037 	 0.0
0.44202199789220037 	 0.0
0.44302199789220037 	 0.0
0.44402199789220037 	 0.0
0.44502199789220037 	 0.0
0.4460219978922004 	 0.0
0.4470219978922004 	 0.0
0.4480219978922004 	 0.0
0.4490219978922004 	 0.0
0.4500219978922004 	 0.0
0.4510219978922004 	 0.0
0.4520219978922004 	 0.0
0.4530219978922004 	 0.0
0.4540219978922004 	 0.0
0.4550219978922004 	 0.0
0.4560219978922004 	 0.0
0.4570219978922004 	 0.0
0.4580219978922004 	 0.0
0.4590219978922004 	 0.0
0.4600219978922004 	 0.0
0.4610219978922004 	 0.0
0.4620219978922004 	 0.0
0.4630219978922004 	 0.0
0.4640219978922004 	 0.0
0.4650219978922004 	 0.0
0.4660219978922004 	 0.0
0.4670219978922004 	 0.0
0.4680219978922004 	 0.0
0.4690219978922004 	 0.0
0.4700219978922004 	 0.0
0.4710219978922004 	 0.0
0.4720219978922004 	 0.0
0.4730219978922004 	 0.0
0.4740219978922004 	 0.0
0.4750219978922004 	 0.0
0.4760219978922004 	 0.0
0.4770219978922004 	 0.0
0.4780219978922004 	 0.0
0.4790219978922004 	 0.0
0.4800219978922004 	 0.0
0.4810219978922004 	 0.0
0.4820219978922004 	 0.0
0.4830219978922004 	 0.0
0.4840219978922004 	 0.0
0.4850219978922004 	 0.0
0.4860219978922004 	 0.0
0.4870219978922004 	 0.0
0.4880219978922004 	 0.0
0.4890219978922004 	 0.0
0.4900219978922004 	 0.0
0.4910219978922004 	 0.0
0.4920219978922004 	 0.0
0.4930219978922004 	 0.0
0.4940219978922004 	 0.0
0.4950219978922004 	 0.0
0.4960219978922004 	 0.0
0.4970219978922004 	 0.0
0.4980219978922004 	 0.0
0.4990219978922004 	 0.0
0.5000219978922004 	 0.0
0.5010219978922004 	 0.0
0.5020219978922004 	 0.0
0.5030219978922004 	 0.0
0.5040219978922004 	 0.0
0.5050219978922004 	 0.0
0.5060219978922004 	 0.0
0.5070219978922004 	 0.0
0.5080219978922004 	 0.0
0.5090219978922004 	 0.0
0.5100219978922004 	 0.0
0.5110219978922004 	 0.0
0.5120219978922004 	 0.0
0.5130219978922004 	 0.0
0.5140219978922004 	 0.0
0.5150219978922004 	 0.0
0.5160219978922004 	 0.0
0.5170219978922004 	 0.0
0.5180219978922004 	 0.0
0.5190219978922004 	 0.0
0.5200219978922004 	 0.0
0.5210219978922004 	 0.0
0.5220219978922004 	 0.0
0.5230219978922004 	 0.0
0.5240219978922004 	 0.0
0.5250219978922004 	 0.0
0.5260219978922004 	 0.0
0.5270219978922004 	 0.0
0.5280219978922004 	 0.0
0.5290219978922004 	 0.0
0.5300219978922004 	 0.0
0.5310219978922004 	 0.0
0.5320219978922004 	 0.0
0.5330219978922004 	 0.0
0.5340219978922004 	 0.0
0.5350219978922004 	 0.0
0.5360219978922004 	 0.0
0.5370219978922004 	 0.0
0.5380219978922004 	 0.0
0.5390219978922004 	 0.0
0.5400219978922004 	 0.0
0.5410219978922004 	 0.0
0.5420219978922004 	 0.0
0.5430219978922004 	 0.0
0.5440219978922004 	 0.0
0.5450219978922004 	 0.0
0.5460219978922004 	 0.0
0.5470219978922004 	 0.0
0.5480219978922004 	 0.0
0.5490219978922004 	 0.0
0.5500219978922004 	 0.0
0.5510219978922004 	 0.0
0.5520219978922004 	 0.0
0.5530219978922004 	 0.0
0.5540219978922004 	 0.0
0.5550219978922004 	 0.0
0.5560219978922004 	 0.0
0.5570219978922004 	 0.0
0.5580219978922004 	 0.0
0.5590219978922004 	 0.0
0.5600219978922004 	 0.0
0.5610219978922004 	 0.0
0.5620219978922004 	 0.0
0.5630219978922004 	 0.0
0.5640219978922004 	 0.0
0.5650219978922004 	 0.0
0.5660219978922004 	 0.0
0.5670219978922004 	 0.0
0.5680219978922004 	 0.0
0.5690219978922004 	 0.0
0.5700219978922004 	 0.0
0.5710219978922004 	 0.0
0.5720219978922004 	 0.0
0.5730219978922004 	 0.0
0.5740219978922004 	 0.0
0.5750219978922004 	 0.0
0.5760219978922004 	 0.0
0.5770219978922004 	 0.0
0.5780219978922004 	 0.0
0.5790219978922004 	 0.0
0.5800219978922004 	 0.0
0.5810219978922004 	 0.0
0.5820219978922004 	 0.0
0.5830219978922004 	 0.0
0.5840219978922004 	 0.0
0.5850219978922004 	 0.0
0.5860219978922004 	 0.0
0.5870219978922004 	 0.0
0.5880219978922004 	 0.0
0.5890219978922004 	 0.0
0.5900219978922004 	 0.0
0.5910219978922004 	 0.0
0.5920219978922004 	 0.0
0.5930219978922004 	 0.0
0.5940219978922004 	 0.0
0.5950219978922004 	 0.0
0.5960219978922005 	 0.0
0.5970219978922005 	 0.0
0.5980219978922005 	 0.0
0.5990219978922005 	 0.0
0.6000219978922005 	 0.0
0.6010219978922005 	 0.0
0.6020219978922005 	 0.0
0.6030219978922005 	 0.0
0.6040219978922005 	 0.0
0.6050219978922005 	 0.0
0.6060219978922005 	 0.0
0.6070219978922005 	 0.0
0.6080219978922005 	 0.0
0.6090219978922005 	 0.0
0.6100219978922005 	 0.0
0.6110219978922005 	 0.0
0.6120219978922005 	 0.0
0.6130219978922005 	 0.0
0.6140219978922005 	 0.0
0.6150219978922005 	 0.0
0.6160219978922005 	 0.0
0.6170219978922005 	 0.0
0.6180219978922005 	 0.0
0.6190219978922005 	 0.0
0.6200219978922005 	 0.0
0.6210219978922005 	 0.0
0.6220219978922005 	 0.0
0.6230219978922005 	 0.0
0.6240219978922005 	 0.0
0.6250219978922005 	 0.0
0.6260219978922005 	 0.0
0.6270219978922005 	 0.0
0.6280219978922005 	 0.0
0.6290219978922005 	 0.0
0.6300219978922005 	 0.0
0.6310219978922005 	 0.0
0.6320219978922005 	 0.0
0.6330219978922005 	 0.0
0.6340219978922005 	 0.0
0.6350219978922005 	 0.0
0.6360219978922005 	 0.0
0.6370219978922005 	 0.0
0.6380219978922005 	 0.0
0.6390219978922005 	 0.0
0.6400219978922005 	 0.0
0.6410219978922005 	 0.0
0.6420219978922005 	 0.0
0.6430219978922005 	 0.0
0.6440219978922005 	 0.0
0.6450219978922005 	 0.0
0.6460219978922005 	 0.0
0.6470219978922005 	 0.0
0.6480219978922005 	 0.0
0.6490219978922005 	 0.0
0.6500219978922005 	 0.0
0.6510219978922005 	 0.0
0.6520219978922005 	 0.0
0.6530219978922005 	 0.0
0.6540219978922005 	 0.0
0.6550219978922005 	 0.0
0.6560219978922005 	 0.0
0.6570219978922005 	 0.0
0.6580219978922005 	 0.0
0.6590219978922005 	 0.0
0.6600219978922005 	 0.0
0.6610219978922005 	 0.0
0.6620219978922005 	 0.0
0.6630219978922005 	 0.0
0.6640219978922005 	 0.0
0.6650219978922005 	 0.0
0.6660219978922005 	 0.0
0.6670219978922005 	 0.0
0.6680219978922005 	 0.0
0.6690219978922005 	 0.0
0.6700219978922005 	 0.0
0.6710219978922005 	 0.0
0.6720219978922005 	 0.0
0.6730219978922005 	 0.0
0.6740219978922005 	 0.0
0.6750219978922005 	 0.0
0.6760219978922005 	 0.0
0.6770219978922005 	 0.0
0.6780219978922005 	 0.0
0.6790219978922005 	 0.0
0.6800219978922005 	 0.0
0.6810219978922005 	 0.0
0.6820219978922005 	 0.0
0.6830219978922005 	 0.0
0.6840219978922005 	 0.0
0.6850219978922005 	 0.0
0.6860219978922005 	 0.0
0.6870219978922005 	 0.0
0.6880219978922005 	 0.0
0.6890219978922005 	 0.0
0.6900219978922005 	 0.0
0.6910219978922005 	 0.0
0.6920219978922005 	 0.0
0.6930219978922005 	 0.0
0.6940219978922005 	 0.0
0.6950219978922005 	 0.0
0.6960219978922005 	 0.0
0.6970219978922005 	 0.0
0.6980219978922005 	 0.0
0.6990219978922005 	 0.0
0.7000219978922005 	 0.0
0.7010219978922005 	 0.0
0.7020219978922005 	 0.0
0.7030219978922005 	 0.0
0.7040219978922005 	 0.0
0.7050219978922005 	 0.0
0.7060219978922005 	 0.0
0.7070219978922005 	 0.0
0.7080219978922005 	 0.0
0.7090219978922006 	 0.0
0.7100219978922006 	 0.0
0.7110219978922006 	 0.0
0.7120219978922006 	 0.0
0.7130219978922006 	 0.0
0.7140219978922006 	 0.0
0.7150219978922006 	 0.0
0.7160219978922006 	 0.0
0.7170219978922006 	 0.0
0.7180219978922006 	 0.0
0.7190219978922006 	 0.0
0.7200219978922006 	 0.0
0.7210219978922006 	 0.0
0.7220219978922006 	 0.0
0.7230219978922006 	 0.0
0.7240219978922006 	 0.0
0.7250219978922006 	 0.0
0.7260219978922006 	 0.0
0.7270219978922006 	 0.0
0.7280219978922006 	 0.0
0.7290219978922006 	 0.0
0.7300219978922006 	 0.0
0.7310219978922006 	 0.0
0.7320219978922006 	 0.0
0.7330219978922006 	 0.0
0.7340219978922006 	 0.0
0.7350219978922006 	 0.0
0.7360219978922006 	 0.0
0.7370219978922006 	 0.0
0.7380219978922006 	 0.0
0.7390219978922006 	 0.0
0.7400219978922006 	 0.0
0.7410219978922006 	 0.0
0.7420219978922006 	 0.0
0.7430219978922006 	 0.0
0.7440219978922006 	 0.0
0.7450219978922006 	 0.0
0.7460219978922006 	 0.0
0.7470219978922006 	 0.0
0.7480219978922006 	 0.0
0.7490219978922006 	 0.0
0.7500219978922006 	 0.0
0.7510219978922006 	 0.0
0.7520219978922006 	 0.0
0.7530219978922006 	 0.0
0.7540219978922006 	 0.0
0.7550219978922006 	 0.0
0.7560219978922006 	 0.0
0.7570219978922006 	 0.0
0.7580219978922006 	 0.0
0.7590219978922006 	 0.0
0.7600219978922006 	 0.0
0.7610219978922006 	 0.0
0.7620219978922006 	 0.0
0.7630219978922006 	 0.0
0.7640219978922006 	 0.0
0.7650219978922006 	 0.0
0.7660219978922006 	 0.0
0.7670219978922006 	 0.0
0.7680219978922006 	 0.0
0.7690219978922006 	 0.0
0.7700219978922006 	 0.0
0.7710219978922006 	 0.0
0.7720219978922006 	 0.0
0.7730219978922006 	 0.0
0.7740219978922006 	 0.0
0.7750219978922006 	 0.0
0.7760219978922006 	 0.0
0.7770219978922006 	 0.0
0.7780219978922006 	 0.0
0.7790219978922006 	 0.0
0.7800219978922006 	 0.0
0.7810219978922006 	 0.0
0.7820219978922006 	 0.0
0.7830219978922006 	 0.0
0.7840219978922006 	 0.0
0.7850219978922006 	 0.0
0.7860219978922006 	 0.0
0.7870219978922006 	 0.0
0.7880219978922006 	 0.0
0.7890219978922006 	 0.0
0.7900219978922006 	 0.0
0.7910219978922006 	 0.0
0.7920219978922006 	 0.0
0.7930219978922006 	 0.0
0.7940219978922006 	 0.0
0.7950219978922006 	 0.0
0.7960219978922006 	 0.0
0.7970219978922006 	 0.0
0.7980219978922006 	 0.0
0.7990219978922006 	 0.0
0.8000219978922006 	 0.0
0.8010219978922006 	 0.0
0.8020219978922006 	 0.0
0.8030219978922006 	 0.0
0.8040219978922006 	 0.0
0.8050219978922006 	 0.0
0.8060219978922006 	 0.0
0.8070219978922006 	 0.0
0.8080219978922006 	 0.0
0.8090219978922006 	 0.0
0.8100219978922006 	 0.0
0.8110219978922006 	 0.0
0.8120219978922006 	 0.0
0.8130219978922006 	 0.0
0.8140219978922006 	 0.0
0.8150219978922006 	 0.0
0.8160219978922006 	 0.0
0.8170219978922006 	 0.0
0.8180219978922006 	 0.0
0.8190219978922006 	 0.0
0.8200219978922006 	 0.0
0.8210219978922007 	 0.0
0.8220219978922007 	 0.0
0.8230219978922007 	 0.0
0.8240219978922007 	 0.0
0.8250219978922007 	 0.0
0.8260219978922007 	 0.0
0.8270219978922007 	 0.0
0.8280219978922007 	 0.0
0.8290219978922007 	 0.0
0.8300219978922007 	 0.0
0.8310219978922007 	 0.0
0.8320219978922007 	 0.0
0.8330219978922007 	 0.0
0.8340219978922007 	 0.0
0.8350219978922007 	 0.0
0.8360219978922007 	 0.0
0.8370219978922007 	 0.0
0.8380219978922007 	 0.0
0.8390219978922007 	 0.0
0.8400219978922007 	 0.0
0.8410219978922007 	 0.0
0.8420219978922007 	 0.0
0.8430219978922007 	 0.0
0.8440219978922007 	 0.0
0.8450219978922007 	 0.0
0.8460219978922007 	 0.0
0.8470219978922007 	 0.0
0.8480219978922007 	 0.0
0.8490219978922007 	 0.0
0.8500219978922007 	 0.0
0.8510219978922007 	 0.0
0.8520219978922007 	 0.0
0.8530219978922007 	 0.0
0.8540219978922007 	 0.0
0.8550219978922007 	 0.0
0.8560219978922007 	 0.0
0.8570219978922007 	 0.0
0.8580219978922007 	 0.0
0.8590219978922007 	 0.0
0.8600219978922007 	 0.0
0.8610219978922007 	 0.0
0.8620219978922007 	 0.0
0.8630219978922007 	 0.0
0.8640219978922007 	 0.0
0.8650219978922007 	 0.0
0.8660219978922007 	 0.0
0.8670219978922007 	 0.0
0.8680219978922007 	 0.0
0.8690219978922007 	 0.0
0.8700219978922007 	 0.0
0.8710219978922007 	 0.0
0.8720219978922007 	 0.0
0.8730219978922007 	 0.0
0.8740219978922007 	 0.0
0.8750219978922007 	 0.0
0.8760219978922007 	 0.0
0.8770219978922007 	 0.0
0.8780219978922007 	 0.0
0.8790219978922007 	 0.0
0.8800219978922007 	 0.0
0.8810219978922007 	 0.0
0.8820219978922007 	 0.0
0.8830219978922007 	 0.0
0.8840219978922007 	 0.0
0.8850219978922007 	 0.0
0.8860219978922007 	 0.0
0.8870219978922007 	 0.0
0.8880219978922007 	 0.0
0.8890219978922007 	 0.0
0.8900219978922007 	 0.0
0.8910219978922007 	 0.0
0.8920219978922007 	 0.0
0.8930219978922007 	 0.0
0.8940219978922007 	 0.0
0.8950219978922007 	 0.0
0.8960219978922007 	 0.0
0.8970219978922007 	 0.0
0.8980219978922007 	 0.0
0.8990219978922007 	 0.0
0.9000219978922007 	 0.0
0.9010219978922007 	 0.0
0.9020219978922007 	 0.0
0.9030219978922007 	 0.0
0.9040219978922007 	 0.0
0.9050219978922007 	 0.0
0.9060219978922007 	 0.0
0.9070219978922007 	 0.0
0.9080219978922007 	 0.0
0.9090219978922007 	 0.0
0.9100219978922007 	 0.0
0.9110219978922007 	 0.0
0.9120219978922007 	 0.0
0.9130219978922007 	 0.0
0.9140219978922007 	 0.0
0.9150219978922007 	 0.0
0.9160219978922007 	 0.0
0.9170219978922007 	 0.0
0.9180219978922007 	 0.0
0.9190219978922007 	 0.0
0.9200219978922007 	 0.0
0.9210219978922007 	 0.0
0.9220219978922007 	 0.0
0.9230219978922007 	 0.0
0.9240219978922007 	 0.0
0.9250219978922007 	 0.0
0.9260219978922007 	 0.0
0.9270219978922007 	 0.0
0.9280219978922007 	 0.0
0.9290219978922007 	 0.0
0.9300219978922007 	 0.0
0.9310219978922007 	 0.0
0.9320219978922007 	 0.0
0.9330219978922007 	 0.0
0.9340219978922008 	 0.0
0.9350219978922008 	 0.0
0.9360219978922008 	 0.0
0.9370219978922008 	 0.0
0.9380219978922008 	 0.0
0.9390219978922008 	 0.0
0.9400219978922008 	 0.0
0.9410219978922008 	 0.0
0.9420219978922008 	 0.0
0.9430219978922008 	 0.0
0.9440219978922008 	 0.0
0.9450219978922008 	 0.0
0.9460219978922008 	 0.0
0.9470219978922008 	 0.0
0.9480219978922008 	 0.0
0.9490219978922008 	 0.0
0.9500219978922008 	 0.0
0.9510219978922008 	 0.0
0.9520219978922008 	 0.0
0.9530219978922008 	 0.0
0.9540219978922008 	 0.0
0.9550219978922008 	 0.0
0.9560219978922008 	 0.0
0.9570219978922008 	 0.0
0.9580219978922008 	 0.0
0.9590219978922008 	 0.0
0.9600219978922008 	 0.0
0.9610219978922008 	 0.0
0.9620219978922008 	 0.0
0.9630219978922008 	 0.0
0.9640219978922008 	 0.0
0.9650219978922008 	 0.0
0.9660219978922008 	 0.0
0.9670219978922008 	 0.0
0.9680219978922008 	 0.0
0.9690219978922008 	 0.0
0.9700219978922008 	 0.0
0.9710219978922008 	 0.0
0.9720219978922008 	 0.0
0.9730219978922008 	 0.0
0.9740219978922008 	 0.0
0.9750219978922008 	 0.0
0.9760219978922008 	 0.0
0.9770219978922008 	 0.0
0.9780219978922008 	 0.0
0.9790219978922008 	 0.0
0.9800219978922008 	 0.0
0.9810219978922008 	 0.0
0.9820219978922008 	 0.0
0.9830219978922008 	 0.0
0.9840219978922008 	 0.0
0.9850219978922008 	 0.0
0.9860219978922008 	 0.0
0.9870219978922008 	 0.0
0.9880219978922008 	 0.0
0.9890219978922008 	 0.0
0.9900219978922008 	 0.0
0.9910219978922008 	 0.0
0.9920219978922008 	 0.0
0.9930219978922008 	 0.0
0.9940219978922008 	 0.0
0.9950219978922008 	 0.0
0.9960219978922008 	 0.0
0.9970219978922008 	 0.0
0.9980219978922008 	 0.0
0.9990219978922008 	 0.0
1.0000219978922007 	 0.0
1.0010219978922006 	 0.0
1.0020219978922005 	 0.0
1.0030219978922004 	 0.0
1.0040219978922003 	 0.0
1.0050219978922001 	 0.0
1.0060219978922 	 0.0
1.0070219978922 	 0.0
1.0080219978921998 	 0.0
1.0090219978921997 	 0.0
1.0100219978921996 	 0.0
1.0110219978921995 	 0.0
1.0120219978921994 	 0.0
1.0130219978921993 	 0.0
1.0140219978921992 	 0.0
1.015021997892199 	 0.0
1.016021997892199 	 0.0
1.0170219978921988 	 0.0
1.0180219978921987 	 0.0
1.0190219978921986 	 0.0
1.0200219978921985 	 0.0
1.0210219978921984 	 0.0
1.0220219978921983 	 0.0
1.0230219978921982 	 0.0
1.024021997892198 	 0.0
1.025021997892198 	 0.0
1.0260219978921978 	 0.0
1.0270219978921977 	 0.0
1.0280219978921976 	 0.0
1.0290219978921975 	 0.0
1.0300219978921974 	 0.0
1.0310219978921973 	 0.0
1.0320219978921972 	 0.0
1.033021997892197 	 0.0
1.034021997892197 	 0.0
1.0350219978921968 	 0.0
1.0360219978921967 	 0.0
1.0370219978921966 	 0.0
1.0380219978921965 	 0.0
1.0390219978921964 	 0.0
1.0400219978921963 	 0.0
1.0410219978921962 	 0.0
1.042021997892196 	 0.0
1.043021997892196 	 0.0
1.0440219978921959 	 0.0
1.0450219978921957 	 0.0
1.0460219978921956 	 0.0
1.0470219978921955 	 0.0
1.0480219978921954 	 0.0
1.0490219978921953 	 0.0
1.0500219978921952 	 0.0
1.051021997892195 	 0.0
1.052021997892195 	 0.0
1.0530219978921949 	 0.0
1.0540219978921948 	 0.0
1.0550219978921946 	 0.0
1.0560219978921945 	 0.0
1.0570219978921944 	 0.0
1.0580219978921943 	 0.0
1.0590219978921942 	 0.0
1.060021997892194 	 0.0
1.061021997892194 	 0.0
1.0620219978921939 	 4.856232937378866e-09
1.0630219978921938 	 7.362915384016748e-08
1.0640219978921936 	 2.028429367829823e-07
1.0650219978921935 	 3.8773212207353597e-07
1.0660219978921934 	 6.271847611912029e-07
1.0670219978921933 	 9.210896215679869e-07
1.0680219978921932 	 1.269739923495002e-06
1.069021997892193 	 1.673641948190985e-06
1.070021997892193 	 2.1333760503984396e-06
1.0710219978921929 	 2.6495978592225807e-06
1.0720219978921928 	 3.222965592831801e-06
1.0730219978921927 	 3.854150684344799e-06
1.0740219978921925 	 4.543821636276128e-06
1.0750219978921924 	 5.292638587217503e-06
1.0760219978921923 	 6.101253747165887e-06
1.0770219978921922 	 6.970295629746705e-06
1.078021997892192 	 7.900389773099685e-06
1.079021997892192 	 8.892144412256608e-06
1.0800219978921919 	 9.946158117480385e-06
1.0810219978921918 	 1.1063001374300827e-05
1.0820219978921917 	 1.2243223744079656e-05
1.0830219978921916 	 1.3487349274746723e-05
1.0840219978921914 	 1.4795867717400411e-05
1.0850219978921913 	 1.6169264695279076e-05
1.0860219978921912 	 1.760797810403941e-05
1.0870219978921911 	 1.911245077296594e-05
1.088021997892191 	 2.0683182440693322e-05
1.089021997892191 	 2.2320662014377484e-05
1.0900219978921908 	 2.402534940706233e-05
1.0910219978921907 	 2.5797702739296148e-05
1.0920219978921906 	 2.763815187993055e-05
1.0930219978921905 	 2.9547117220253276e-05
1.0940219978921903 	 3.1524971278549774e-05
1.0950219978921902 	 3.3572116133883756e-05
1.0960219978921901 	 3.5688926484576125e-05
1.09702199789219 	 3.787575763130385e-05
1.09802199789219 	 4.0132962728484784e-05
1.0990219978921898 	 4.2460900606503656e-05
1.1000219978921897 	 4.48598754338868e-05
1.1010219978921896 	 4.7330237827773984e-05
1.1020219978921895 	 4.98723198446139e-05
1.1030219978921894 	 5.248649798276234e-05
1.1040219978921892 	 5.517313323833116e-05
1.1050219978921891 	 5.79325808988934e-05
1.106021997892189 	 6.076521816873501e-05
1.107021997892189 	 6.367137966084898e-05
1.1080219978921888 	 6.665129892806902e-05
1.1090219978921887 	 6.970516018624099e-05
1.1100219978921886 	 7.283310882712664e-05
1.1110219978921885 	 7.603532742528191e-05
1.1120219978921884 	 7.931214113130593e-05
1.1130219978921883 	 8.266393697686178e-05
1.1140219978921881 	 8.609105487093589e-05
1.115021997892188 	 8.959382603478476e-05
1.116021997892188 	 9.317254866034686e-05
1.1170219978921878 	 9.682756745708737e-05
1.1180219978921877 	 0.00010055921522579702
1.1190219978921876 	 0.00010436782298240511
1.1200219978921875 	 0.00010825375196059284
1.1210219978921874 	 0.00011221729454287747
1.1220219978921873 	 0.00011625863416372987
1.1230219978921872 	 0.0001203778351111248
1.124021997892187 	 0.00012457498780990114
1.125021997892187 	 0.00012885010578716336
1.1260219978921868 	 0.00013320321052486377
1.1270219978921867 	 0.0001376342717412653
1.1280219978921866 	 0.0001421434010552087
1.1290219978921865 	 0.0001467312365327224
1.1300219978921864 	 0.0001513986657526972
1.1310219978921863 	 0.00015614645894219527
1.1320219978921862 	 0.00016097495674280763
1.133021997892186 	 0.00016588431371226503
1.134021997892186 	 0.00017087470600741852
1.1350219978921858 	 0.00017594334023090616
1.1360219978921857 	 0.0001810962771277421
1.1370219978921856 	 0.00018633064379859824
1.1380219978921855 	 0.00019164654710470427
1.1390219978921854 	 0.00019704416593838478
1.1400219978921853 	 0.00020252370378915713
1.1410219978921852 	 0.00020808539289343938
1.142021997892185 	 0.0002137293112678845
1.143021997892185 	 0.00021945553287775176
1.1440219978921848 	 0.00022526413875964622
1.1450219978921847 	 0.00023115540604056375
1.1460219978921846 	 0.00023712962468765486
1.1470219978921845 	 0.00024318714747272957
1.1480219978921844 	 0.00024932829657831973
1.1490219978921843 	 0.00025555340555853765
1.1500219978921842 	 0.0002618628634967234
1.151021997892184 	 0.0002682569916608698
1.152021997892184 	 0.00027473605090775526
1.1530219978921838 	 0.00028130024913711063
1.1540219978921837 	 0.0002879498155598435
1.1550219978921836 	 0.0002946849445990801
1.1560219978921835 	 0.0003015058402738459
1.1570219978921834 	 0.00030841273189353746
1.1580219978921833 	 0.000315405805058044
1.1590219978921832 	 0.000322485296007993
1.160021997892183 	 0.00032965138668083463
1.161021997892183 	 0.0003369042646979207
1.1620219978921829 	 0.0003442439799789266
1.1630219978921827 	 0.0003516705294740975
1.1640219978921826 	 0.00035918407721705753
1.1650219978921825 	 0.0003667849076806085
1.1660219978921824 	 0.00037447346520094076
1.1670219978921823 	 0.00038225018950286045
1.1680219978921822 	 0.0003901155386187707
1.169021997892182 	 0.0003980700336579608
1.170021997892182 	 0.0004061141619386748
1.1710219978921819 	 0.0004142483869839152
1.1720219978921818 	 0.0004224728459977517
1.1730219978921816 	 0.00043078761413261474
1.1740219978921815 	 0.0004391927276618419
1.1750219978921814 	 0.00044768820329851074
1.1760219978921813 	 0.00045627408461860314
1.1770219978921812 	 0.00046495033764038196
1.178021997892181 	 0.0004737169775014479
1.179021997892181 	 0.00048257397573889786
1.1800219978921809 	 0.0004915212736954384
1.1810219978921808 	 0.0005005590179229907
1.1820219978921807 	 0.0005096880275332041
1.1830219978921805 	 0.0005189092602237186
1.1840219978921804 	 0.0005282239111112196
1.1850219978921803 	 0.0005376330976128835
1.1860219978921802 	 0.0005471380569961529
1.18702199789218 	 0.000556739528916529
1.18802199789218 	 0.0005664362798240537
1.1890219978921799 	 0.0005762274960924818
1.1900219978921798 	 0.0005861131992673681
1.1910219978921797 	 0.000596093474714738
1.1920219978921796 	 0.0006061684317654893
1.1930219978921794 	 0.0006163381796982513
1.1940219978921793 	 0.0006266028653129406
1.1950219978921792 	 0.0006369625846975214
1.1960219978921791 	 0.000647417431938032
1.197021997892179 	 0.0006579675194391705
1.198021997892179 	 0.0006686129279529442
1.1990219978921788 	 0.0006793537562464522
1.2000219978921787 	 0.0006901900667377555
1.2010219978921786 	 0.0007011221557253064
1.2020219978921785 	 0.0007121511994583635
1.2030219978921783 	 0.0007232786047210195
1.2040219978921782 	 0.0007345058374698453
1.2050219978921781 	 0.0007458342195053576
1.206021997892178 	 0.0007572641054219712
1.207021997892178 	 0.0007687956674360243
1.2080219978921778 	 0.0007804290332638089
1.2090219978921777 	 0.0007921643350300479
1.2100219978921776 	 0.000804001709792391
1.2110219978921775 	 0.0008159413555189379
1.2120219978921773 	 0.0008279838240232353
1.2130219978921772 	 0.0008401297859799842
1.2140219978921771 	 0.0008523793687137759
1.215021997892177 	 0.0008647322027776123
1.216021997892177 	 0.0008771878903712633
1.2170219978921768 	 0.0008897459730117643
1.2180219978921767 	 0.0009024059814637008
1.2190219978921766 	 0.0009151673854295833
1.2200219978921765 	 0.000928029612880692
1.2210219978921764 	 0.0009409926337869758
1.2220219978921762 	 0.0009540583849460972
1.2230219978921761 	 0.0009672293697671477
1.224021997892176 	 0.000980508222986065
1.225021997892176 	 0.0009938976715986652
1.2260219978921758 	 0.001007399808265842
1.2270219978921757 	 0.0010210140799887589
1.2280219978921756 	 0.0010347392032541496
1.2290219978921755 	 0.0010485738164867718
1.2300219978921754 	 0.001062516509722897
1.2310219978921753 	 0.0010765661902947883
1.2320219978921751 	 0.0010907233997553935
1.233021997892175 	 0.0011049890528066408
1.234021997892175 	 0.00111936410234945
1.2350219978921748 	 0.001133849529730997
1.2360219978921747 	 0.0011484463449976377
1.2370219978921746 	 0.0011631555871106573
1.2380219978921745 	 0.0011779782702834088
1.2390219978921744 	 0.0011929143019452498
1.2400219978921743 	 0.0012079624875488122
1.2410219978921742 	 0.0012231217948435588
1.242021997892174 	 0.0012383921574939298
1.243021997892174 	 0.001253773737186125
1.2440219978921738 	 0.0012692666908452395
1.2450219978921737 	 0.0012848711703182794
1.2460219978921736 	 0.0013005873223188142
1.2470219978921735 	 0.0013164157710044502
1.2480219978921734 	 0.0013323589798183762
1.2490219978921733 	 0.001348419929350175
1.2500219978921732 	 0.0013646017033867868
1.251021997892173 	 0.0013809069348229015
1.252021997892173 	 0.0013973362420908698
1.2530219978921728 	 0.0014138897608674328
1.2540219978921727 	 0.001430567591701078
1.2550219978921726 	 0.0014473698409195126
1.2560219978921725 	 0.0014642965927546877
1.2570219978921724 	 0.001481347915918188
1.2580219978921723 	 0.001498523863537043
1.2590219978921722 	 0.001515824473124002
1.260021997892172 	 0.0015332497662509438
1.261021997892172 	 0.0015507982321280426
1.2620219978921718 	 0.0015684625591970611
1.2630219978921717 	 0.0015862341739945112
1.2640219978921716 	 0.0016041118971292228
1.2650219978921715 	 0.0016221018507400473
1.2660219978921714 	 0.0016402106636868392
1.2670219978921713 	 0.0016584442510438257
1.2680219978921712 	 0.001676805167963041
1.269021997892171 	 0.0016952952045353473
1.270021997892171 	 0.001713916197051752
1.2710219978921709 	 0.0017326697048465254
1.2720219978921707 	 0.001751556102353131
1.2730219978921706 	 0.0017705754738614027
1.2740219978921705 	 0.0017897278894217262
1.2750219978921704 	 0.0018090134038726642
1.2760219978921703 	 0.0018284320565330272
1.2770219978921702 	 0.0018479838708937897
1.27802199789217 	 0.0018676688545483365
1.27902199789217 	 0.0018874869993114848
1.2800219978921699 	 0.0019074382810433967
1.2810219978921698 	 0.0019275225081441007
1.2820219978921696 	 0.0019477388791870039
1.2830219978921695 	 0.001968086476386303
1.2840219978921694 	 0.0019885642844699085
1.2850219978921693 	 0.0020091712621182556
1.2860219978921692 	 0.002029906323293237
1.287021997892169 	 0.0020507712582297746
1.288021997892169 	 0.002071778331888509
1.2890219978921689 	 0.0020929302762033035
1.2900219978921688 	 0.0021142179874018524
1.2910219978921686 	 0.002135633827260554
1.2920219978921685 	 0.002157178412729273
1.2930219978921684 	 0.002178854376564676
1.2940219978921683 	 0.002200664422989882
1.2950219978921682 	 0.0022226113276896725
1.296021997892168 	 0.0022446979376896164
1.297021997892168 	 0.0022669271709075717
1.2980219978921679 	 0.002289302017291399
1.2990219978921678 	 0.002311825534106572
1.3000219978921677 	 0.0023345008115019973
1.3010219978921675 	 0.002357329522864239
1.3020219978921674 	 0.0023803076338297685
1.3030219978921673 	 0.002403429618963377
1.3040219978921672 	 0.0024266897772037077
1.305021997892167 	 0.002450082231366671
1.306021997892167 	 0.0024736029406520507
1.3070219978921669 	 0.002497255334282878
1.3080219978921668 	 0.0025210447214718892
1.3090219978921667 	 0.0025449765526644793
1.3100219978921666 	 0.002569056419218757
1.3110219978921664 	 0.002593288133880884
1.3120219978921663 	 0.002617668357082623
1.3130219978921662 	 0.0026421921592125154
1.3140219978921661 	 0.002666859251390821
1.315021997892166 	 0.0026916738781862554
1.316021997892166 	 0.002716640565029603
1.3170219978921658 	 0.0027417639418322727
1.3180219978921657 	 0.0027670487459173702
1.3190219978921656 	 0.002792499822461493
1.3200219978921655 	 0.0028181221255906166
1.3210219978921653 	 0.0028439180895771365
1.3220219978921652 	 0.0028698802758986243
1.3230219978921651 	 0.002895998680406291
1.324021997892165 	 0.0029222630172721854
1.325021997892165 	 0.0029486627218774735
1.3260219978921648 	 0.0029751869494755384
1.3270219978921647 	 0.0030018245734190025
1.3280219978921646 	 0.003028572591195398
1.3290219978921645 	 0.003055459489882044
1.3300219978921644 	 0.003082521949332305
1.3310219978921642 	 0.003109788761484155
1.3320219978921641 	 0.0031372574021390175
1.333021997892164 	 0.0031649191915463603
1.334021997892164 	 0.0031927648305129074
1.3350219978921638 	 0.003220784654818966
1.3360219978921637 	 0.0032489688007513806
1.3370219978921636 	 0.0032773070305314924
1.3380219978921635 	 0.003305789369418541
1.3390219978921634 	 0.0033344161438363692
1.3400219978921633 	 0.003363197703894085
1.3410219978921631 	 0.0033921432400045417
1.342021997892163 	 0.0034212554026482687
1.343021997892163 	 0.003450535263160126
1.3440219978921628 	 0.0034799838891952945
1.3450219978921627 	 0.003509602353548441
1.3460219978921626 	 0.0035393917298377547
1.3470219978921625 	 0.0035693534540661874
1.3480219978921624 	 0.003599490376699856
1.3490219978921623 	 0.0036298057227117406
1.3500219978921622 	 0.0036603027680423453
1.351021997892162 	 0.0036909849707827207
1.352021997892162 	 0.0037218563248277263
1.3530219978921618 	 0.0037529209580121087
1.3540219978921617 	 0.003784183051130569
1.3550219978921616 	 0.003815646850061593
1.3560219978921615 	 0.003847316657682169
1.3570219978921614 	 0.003879196813281854
1.3580219978921613 	 0.003911291713181958
1.3590219978921612 	 0.003943605817649039
1.360021997892161 	 0.003976143650530817
1.361021997892161 	 0.004008889591080885
1.3620219978921608 	 0.004041751537200715
1.3630219978921607 	 0.004074712875816016
1.3640219978921606 	 0.00410791236501492
1.3650219978921605 	 0.004141350997869438
1.3660219978921604 	 0.00417502046038004
1.3670219978921603 	 0.0042089121713388186
1.3680219978921602 	 0.004243017315640582
1.36902199789216 	 0.004277326853905525
1.37002199789216 	 0.004311831520755909
1.3710219978921598 	 0.004346524371943947
1.3720219978921597 	 0.004381407869345013
1.3730219978921596 	 0.004416486718625861
1.3740219978921595 	 0.00445176568985836
1.3750219978921594 	 0.004487249627659544
1.3760219978921593 	 0.004522943437817132
1.3770219978921592 	 0.004558852048559029
1.378021997892159 	 0.004594980452913848
1.379021997892159 	 0.004631333723309784
1.3800219978921588 	 0.004667917014653908
1.3810219978921587 	 0.004704734523191934
1.3820219978921586 	 0.004741786578265492
1.3830219978921585 	 0.004779072556281624
1.3840219978921584 	 0.004816591759535235
1.3850219978921583 	 0.004854343605453591
1.3860219978921582 	 0.00489232736824936
1.387021997892158 	 0.004930542384329739
1.388021997892158 	 0.004968987564562723
1.3890219978921579 	 0.005007652867715425
1.3900219978921577 	 0.005046519584893903
1.3910219978921576 	 0.005085574164785123
1.3920219978921575 	 0.0051248247801371875
1.3930219978921574 	 0.0051642849870420235
1.3940219978921573 	 0.0052039686674158515
1.3950219978921572 	 0.005243890036092221
1.396021997892157 	 0.005284061218829315
1.397021997892157 	 0.005324485498486412
1.3980219978921569 	 0.00536516414179536
1.3990219978921568 	 0.005406098514829827
1.4000219978921566 	 0.005446991348251675
1.4010219978921565 	 0.005488448444629237
1.4020219978921564 	 0.005530165999541427
1.4030219978921563 	 0.005572145970602143
1.4040219978921562 	 0.005614390436639316
1.405021997892156 	 0.0056569015874582355
1.406021997892156 	 0.005699681734236229
1.4070219978921559 	 0.005742733347009285
1.4080219978921558 	 0.005786059000548188
1.4090219978921557 	 0.005829661349060664
1.4100219978921555 	 0.005873543112852199
1.4110219978921554 	 0.005917705508645855
1.4120219978921553 	 0.005962143732447621
1.4130219978921552 	 0.006006851828017913
1.414021997892155 	 0.006051828639173929
1.415021997892155 	 0.006097077644229682
1.4160219978921549 	 0.0061426024817083985
1.4170219978921548 	 0.006188406751591904
1.4180219978921547 	 0.006234493994106722
1.4190219978921546 	 0.006280867671802647
1.4200219978921544 	 0.006327531154278523
1.4210219978921543 	 0.006374487711984898
1.4220219978921542 	 0.006421740544040568
1.4230219978921541 	 0.006469292793017864
1.424021997892154 	 0.006517147484860047
1.425021997892154 	 0.006565307510941949
1.4260219978921538 	 0.006613775603832143
1.4270219978921537 	 0.006662554277604171
1.4280219978921536 	 0.006711645891350326
1.4290219978921535 	 0.00676105267239009
1.4300219978921533 	 0.0068107767229916615
1.4310219978921532 	 0.0068608200588104
1.4320219978921531 	 0.006911184655450458
1.433021997892153 	 0.006961872676783451
1.434021997892153 	 0.0070128860229511664
1.4350219978921528 	 0.007064226585373303
1.4360219978921527 	 0.007115896170136456
1.4370219978921526 	 0.007167896445919151
1.4380219978921525 	 0.00722022927472622
1.4390219978921523 	 0.0072728955809918255
1.4400219978921522 	 0.007325894403214859
1.4410219978921521 	 0.0073792246285607176
1.442021997892152 	 0.007432885098832163
1.443021997892152 	 0.007486874657494358
1.4440219978921518 	 0.0075411921067563455
1.4450219978921517 	 0.007595836209682653
1.4460219978921516 	 0.007650805677125403
1.4470219978921515 	 0.00770609914336709
1.4480219978921514 	 0.007761715196717833
1.4490219978921512 	 0.007817652390643262
1.4500219978921511 	 0.007873909243949442
1.451021997892151 	 0.007930484616219645
1.452021997892151 	 0.007987378760914607
1.4530219978921508 	 0.008044592303911729
1.4540219978921507 	 0.008102125885805925
1.4550219978921506 	 0.008159980150909676
1.4560219978921505 	 0.008218155734406478
1.4570219978921504 	 0.008276652299648139
1.4580219978921503 	 0.00833546597597214
1.4590219978921501 	 0.008394591982222144
1.46002199789215 	 0.00845402543366846
1.46102199789215 	 0.008513761327792064
1.4620219978921498 	 0.00857379452140056
1.4630219978921497 	 0.008634120110971706
1.4640219978921496 	 0.00869474000466885
1.4650219978921495 	 0.008755662679177097
1.4660219978921494 	 0.008816896979979717
1.4670219978921493 	 0.008878451831197166
1.4680219978921492 	 0.008940336268260435
1.469021997892149 	 0.009002559446019505
1.470021997892149 	 0.009065130636744904
1.4710219978921488 	 0.009128056259487493
1.4720219978921487 	 0.009191331634540655
1.4730219978921486 	 0.009254949342690298
1.4740219978921485 	 0.00931890178250766
1.4750219978921484 	 0.00938318116082577
1.4760219978921483 	 0.009447779473293297
1.4770219978921482 	 0.009512688457571592
1.478021997892148 	 0.00957789963284221
1.479021997892148 	 0.009643404219037673
1.4800219978921478 	 0.009709193495138414
1.4810219978921477 	 0.009775258243704912
1.4820219978921476 	 0.00984158908337769
1.4830219978921475 	 0.00990818557125443
1.4840219978921474 	 0.00997508159175192
1.4850219978921473 	 0.010042319632890826
1.4860219978921472 	 0.010109942799522757
1.487021997892147 	 0.010177994746502411
1.488021997892147 	 0.010246517448143602
1.4890219978921468 	 0.010315505210486419
1.4900219978921467 	 0.010384906347703924
1.4910219978921466 	 0.01045463102543761
1.4920219978921465 	 0.010524503656980851
1.4930219978921464 	 0.010594498103989504
1.4940219978921463 	 0.010664630934249304
1.4950219978921462 	 0.010734918953334217
1.496021997892146 	 0.010805379166973784
1.497021997892146 	 0.01087602868979655
1.4980219978921459 	 0.010946884825255474
1.4990219978921457 	 0.011017965087131203
1.5000219978921456 	 0.011089287195270883
1.5010219978921455 	 0.011160869066473698
1.5020219978921454 	 0.011232728803170484
1.5030219978921453 	 0.011304884726449785
1.5040219978921452 	 0.01137735541391798
1.505021997892145 	 0.01145015947731642
1.506021997892145 	 0.011523310548126508
1.5070219978921449 	 0.011596802250927948
1.5080219978921447 	 0.011670608230478541
1.5090219978921446 	 0.011744644989631414
1.5100219978921445 	 0.01181881432997392
1.5110219978921444 	 0.011893047672331888
1.5120219978921443 	 0.011967392673942057
1.5130219978921442 	 0.012041923230897094
1.514021997892144 	 0.012116671910205571
1.515021997892144 	 0.012191631518231483
1.5160219978921439 	 0.012266793084346351
1.5170219978921438 	 0.012342147394644551
1.5180219978921436 	 0.012417685010309324
1.5190219978921435 	 0.012493396272805523
1.5200219978921434 	 0.012569271303265165
1.5210219978921433 	 0.012645299895459306
1.5220219978921432 	 0.012721471436284548
1.523021997892143 	 0.012797775419139382
1.524021997892143 	 0.012874201147657865
1.5250219978921429 	 0.012950737570985893
1.5260219978921428 	 0.013027372673482118
1.5270219978921427 	 0.013104094213115416
1.5280219978921425 	 0.013180890567751763
1.5290219978921424 	 0.013257749873888914
1.5300219978921423 	 0.013334659765337232
1.5310219978921422 	 0.013411609163753882
1.532021997892142 	 0.013488592133820842
1.533021997892142 	 0.013565603889766163
1.5340219978921419 	 0.013642639547328304
1.5350219978921418 	 0.013719694104805665
1.5360219978921417 	 0.013796762478136956
1.5370219978921416 	 0.013873839586866705
1.5380219978921414 	 0.013950920098607898
1.5390219978921413 	 0.014027995064243924
1.5400219978921412 	 0.014105052062611804
1.5410219978921411 	 0.014182078398389723
1.542021997892141 	 0.01425906139113893
1.543021997892141 	 0.014335988303981051
1.5440219978921408 	 0.014412846242443529
1.5450219978921407 	 0.01448962213986318
1.5460219978921406 	 0.014566302829862644
1.5470219978921405 	 0.014642879312397748
1.5480219978921403 	 0.014719357830927588
1.5490219978921402 	 0.014795748279016235
1.5500219978921401 	 0.014872040780661514
1.55102199789214 	 0.01494816771267245
1.55202199789214 	 0.015024106966858
1.5530219978921398 	 0.01509985127977159
1.5540219978921397 	 0.015175393391028944
1.5550219978921396 	 0.01525072603302733
1.5560219978921395 	 0.015325842061508464
1.5570219978921394 	 0.015400734788658941
1.5580219978921392 	 0.015475397681502478
1.5590219978921391 	 0.01554982428206045
1.560021997892139 	 0.01562400823581985
1.561021997892139 	 0.01569794346983727
1.5620219978921388 	 0.01577162466888071
1.5630219978921387 	 0.01584504615832394
1.5640219978921386 	 0.015918186173694247
1.5650219978921385 	 0.01599100764555872
1.5660219978921384 	 0.01606347320272758
1.5670219978921383 	 0.016135546344530946
1.5680219978921381 	 0.016207028520980746
1.569021997892138 	 0.01627774529715562
1.570021997892138 	 0.016347777394284717
1.5710219978921378 	 0.016417131545248636
1.5720219978921377 	 0.016485845596194967
1.5730219978921376 	 0.016553963513838026
1.5740219978921375 	 0.016621527434759385
1.5750219978921374 	 0.016688578968760297
1.5760219978921373 	 0.016755160145390163
1.5770219978921372 	 0.016821314517293393
1.578021997892137 	 0.016887086461532943
1.579021997892137 	 0.016952520828135097
1.5800219978921368 	 0.01701766259855656
1.5810219978921367 	 0.01708255644713347
1.5820219978921366 	 0.017147246275574377
1.5830219978921365 	 0.01721177324366143
1.5840219978921364 	 0.017276173737228936
1.5850219978921363 	 0.017340476966479643
1.5860219978921362 	 0.0174047024418457
1.587021997892136 	 0.01746885777214875
1.588021997892136 	 0.01753287996519469
1.5890219978921358 	 0.01759596324721884
1.5900219978921357 	 0.01765776798306526
1.5910219978921356 	 0.017718261174708542
1.5920219978921355 	 0.017777395245339115
1.5930219978921354 	 0.017835118027632893
1.5940219978921353 	 0.017891383333837992
1.5950219978921352 	 0.017946161265190563
1.596021997892135 	 0.017999447123838344
1.597021997892135 	 0.018051267441756856
1.5980219978921348 	 0.018101680261221064
1.5990219978921347 	 0.01815077167987427
1.6000219978921346 	 0.018198649528572943
1.6010219978921345 	 0.018245418821450088
1.6020219978921344 	 0.01829112815731085
1.6030219978921343 	 0.018335811064164893
1.6040219978921342 	 0.01837949616371306
1.605021997892134 	 0.018422204350725602
1.606021997892134 	 0.01846394766181303
1.6070219978921338 	 0.018504729539909406
1.6080219978921337 	 0.018544545186811336
1.6090219978921336 	 0.01858338215766273
1.6100219978921335 	 0.018621222152430922
1.6110219978921334 	 0.018658054871432003
1.6120219978921333 	 0.018693914662127154
1.6130219978921332 	 0.01872884285418759
1.614021997892133 	 0.018762857633798813
1.615021997892133 	 0.018795956112253993
1.6160219978921329 	 0.018828133699343354
1.6170219978921327 	 0.018859385982193614
1.6180219978921326 	 0.018889708124596328
1.6190219978921325 	 0.01891909592570431
1.6200219978921324 	 0.018947545880472073
1.6210219978921323 	 0.018975055279400656
1.6220219978921322 	 0.019001621901094046
1.623021997892132 	 0.01902724427367686
1.624021997892132 	 0.019051922213873015
1.6250219978921319 	 0.019075657066868163
1.6260219978921318 	 0.01909845156611621
1.6270219978921316 	 0.01912030932355837
1.6280219978921315 	 0.019141235592295892
1.6290219978921314 	 0.019161237558361105
1.6300219978921313 	 0.019180324442558346
1.6310219978921312 	 0.0191984912984054
1.632021997892131 	 0.01921567460597099
1.633021997892131 	 0.019231799198939536
1.6340219978921309 	 0.019246817017079323
1.6350219978921308 	 0.019260772741113315
1.6360219978921307 	 0.01927373387347465
1.6370219978921305 	 0.01928576852276572
1.6380219978921304 	 0.019296945516756474
1.6390219978921303 	 0.019307314785745065
1.6400219978921302 	 0.019316908747408563
1.64102199789213 	 0.019325761078554476
1.64202199789213 	 0.019333906161056163
1.6430219978921299 	 0.019341380117566576
1.6440219978921298 	 0.019348221321238535
1.6450219978921297 	 0.019354470358270617
1.6460219978921296 	 0.019360169493155933
1.6470219978921294 	 0.01936536127100713
1.6480219978921293 	 0.01937008972633173
1.6490219978921292 	 0.01937440061953785
1.650021997892129 	 0.019378341257061813
1.651021997892129 	 0.019381955014318747
1.652021997892129 	 0.01938526655933358
1.6530219978921288 	 0.019388297035095012
1.6540219978921287 	 0.019391068593699243
1.6550219978921286 	 0.01939360422756457
1.6560219978921285 	 0.019395927105812966
1.6570219978921283 	 0.019398059190777722
1.6580219978921282 	 0.01940002222280653
1.6590219978921281 	 0.01940183780742049
1.660021997892128 	 0.01940352719696668
1.661021997892128 	 0.019405132172850947
1.6620219978921278 	 0.01940677365857418
1.6630219978921277 	 0.01940858602363505
1.6640219978921276 	 0.01941064453219402
1.6650219978921275 	 0.01941296875981774
1.6660219978921273 	 0.019415574279228083
1.6670219978921272 	 0.019418473815587655
1.6680219978921271 	 0.01942167789923815
1.669021997892127 	 0.019425194960603326
1.670021997892127 	 0.019429031189549157
1.6710219978921268 	 0.019433193185281496
1.6720219978921267 	 0.019437695472755152
1.6730219978921266 	 0.01944255251837308
1.6740219978921265 	 0.019447776128093185
1.6750219978921264 	 0.019453375376736817
1.6760219978921262 	 0.01945935646300868
1.6770219978921261 	 0.019465722364142155
1.678021997892126 	 0.019472473212541377
1.679021997892126 	 0.01947960644272
1.6800219978921258 	 0.01948711682759305
1.6810219978921257 	 0.019494996510590768
1.6820219978921256 	 0.01950323497868334
1.6830219978921255 	 0.019511819468867573
1.6840219978921254 	 0.019520734963483798
1.6850219978921253 	 0.019529964259143474
1.6860219978921251 	 0.01953948809959096
1.687021997892125 	 0.019549285326618048
1.688021997892125 	 0.019559333676798962
1.6890219978921248 	 0.019569623201202552
1.6900219978921247 	 0.019580155658126416
1.6910219978921246 	 0.019590926764067942
1.6920219978921245 	 0.019601911422518218
1.6930219978921244 	 0.019613079153613208
1.6940219978921243 	 0.019624398688156998
1.6950219978921242 	 0.01963583806182554
1.696021997892124 	 0.019647364852634474
1.697021997892124 	 0.019658946577409228
1.6980219978921238 	 0.01967055056214786
1.6990219978921237 	 0.019682143990869563
1.7000219978921236 	 0.01919121401395777
1.7010219978921235 	 0.01917402977232282
1.7020219978921234 	 0.019155995686577977
1.7030219978921233 	 0.01913712059487612
1.7040219978921232 	 0.019117413484032307
1.705021997892123 	 0.019096883483459663
1.706021997892123 	 0.019075539677150376
1.7070219978921228 	 0.01905339182545632
1.7080219978921227 	 0.019030449267146365
1.7090219978921226 	 0.01900672164131786
1.7100219978921225 	 0.018982218699347242
1.7110219978921224 	 0.01895695029886735
1.7120219978921223 	 0.018930926397771112
1.7130219978921222 	 0.01890415704824717
1.714021997892122 	 0.018876652390852382
1.715021997892122 	 0.018848422648626184
1.7160219978921218 	 0.018819478121251388
1.7170219978921217 	 0.01878982917926635
1.7180219978921216 	 0.018759486258332434
1.7190219978921215 	 0.01872845985356157
1.7200219978921214 	 0.018696760513907475
1.7210219978921213 	 0.018664398925494933
1.7220219978921212 	 0.01863138555046981
1.723021997892121 	 0.01859773115542166
1.724021997892121 	 0.018563446449993828
1.7250219978921209 	 0.018528542170715465
1.7260219978921207 	 0.01849302907585131
1.7270219978921206 	 0.018456917940338664
1.7280219978921205 	 0.018420219550814243
1.7290219978921204 	 0.018382944700733355
1.7300219978921203 	 0.01834510418558356
1.7310219978921202 	 0.01830670879819521
1.73202199789212 	 0.01826776932415032
1.73302199789212 	 0.018228296537291966
1.7340219978921199 	 0.01818830119533543
1.7350219978921197 	 0.01814779403558275
1.7360219978921196 	 0.018106785770741814
1.7370219978921195 	 0.01806528708485104
1.7380219978921194 	 0.01802330862931075
1.7390219978921193 	 0.01798086101902188
1.7400219978921192 	 0.01793795482863253
1.741021997892119 	 0.01789460058889326
1.742021997892119 	 0.017850808783121078
1.7430219978921189 	 0.017806589843772494
1.7440219978921188 	 0.01776195414912573
1.7450219978921186 	 0.01771691202007201
1.7460219978921185 	 0.01767147371701586
1.7470219978921184 	 0.01762564943688386
1.7480219978921183 	 0.017579449310241795
1.7490219978921182 	 0.0175328833985195
1.750021997892118 	 0.01748596169134275
1.751021997892118 	 0.017438693937513045
1.7520219978921179 	 0.01739109030870918
1.7530219978921178 	 0.017343160397417935
1.7540219978921177 	 0.01729491388148331
1.7550219978921175 	 0.017246360355183173
1.7560219978921174 	 0.01719750932718573
1.7570219978921173 	 0.017148370218606022
1.7580219978921172 	 0.01709895236116155
1.759021997892117 	 0.01704926499542533
1.760021997892117 	 0.01699931726917525
1.7610219978921169 	 0.01694911823583811
1.7620219978921168 	 0.016898676853026748
1.7630219978921167 	 0.01684800198116884
1.7640219978921166 	 0.016797102382225742
1.7650219978921164 	 0.01674598671849949
1.7660219978921163 	 0.01669466355152664
1.7670219978921162 	 0.016643141341056805
1.7680219978921161 	 0.01659142844411456
1.769021997892116 	 0.016539533114142448
1.770021997892116 	 0.016487463500223874
1.7710219978921158 	 0.016435227646383395
1.7720219978921157 	 0.0163828334909632
1.7730219978921156 	 0.016330288866073482
1.7740219978921155 	 0.016277601497114987
1.7750219978921153 	 0.01622477900237196
1.7760219978921152 	 0.01617182889267349
1.7770219978921151 	 0.016118758571121394
1.778021997892115 	 0.016065575332882862
1.779021997892115 	 0.01601228636504579
1.7800219978921148 	 0.01595889874653523
1.7810219978921147 	 0.015905419448088775
1.7820219978921146 	 0.015851855332289302
1.7830219978921145 	 0.015798213153652974
1.7840219978921144 	 0.01574449955877098
1.7850219978921142 	 0.01569072108650287
1.7860219978921141 	 0.01563688416821997
1.787021997892114 	 0.015582995128096931
1.788021997892114 	 0.015529060183449694
1.7890219978921138 	 0.01547508544511818
1.7900219978921137 	 0.015421076917891938
1.7910219978921136 	 0.01536704050097706
1.7920219978921135 	 0.015312981988502731
1.7930219978921134 	 0.015258907070065735
1.7940219978921133 	 0.015204821331311335
1.7950219978921131 	 0.015150730254548859
1.796021997892113 	 0.015096639075205554
1.797021997892113 	 0.01504255335969189
1.7980219978921128 	 0.01498847813972867
1.7990219978921127 	 0.014934418491079125
1.8000219978921126 	 0.014880379389716553
1.8010219978921125 	 0.014826365712616689
1.8020219978921124 	 0.014772382238574612
1.8030219978921123 	 0.014718433649044701
1.8040219978921122 	 0.014664524529002309
1.805021997892112 	 0.014610659367825962
1.806021997892112 	 0.0145568425601988
1.8070219978921118 	 0.014503078407027926
1.8080219978921117 	 0.014449371116380576
1.8090219978921116 	 0.01439572480443594
1.8100219978921115 	 0.014342143496451385
1.8110219978921114 	 0.014288631127742226
1.8120219978921113 	 0.014235191544673564
1.8130219978921112 	 0.014181828505663649
1.814021997892111 	 0.014128545682197307
1.815021997892111 	 0.014075346659848723
1.8160219978921108 	 0.014022234939312627
1.8170219978921107 	 0.013969213937442684
1.8180219978921106 	 0.013916286988296667
1.8190219978921105 	 0.013863457344187034
1.8200219978921104 	 0.013810728176736507
1.8210219978921103 	 0.013758102577937577
1.8220219978921102 	 0.013705583561215312
1.82302199789211 	 0.013653174062492576
1.82402199789211 	 0.013600876941257136
1.8250219978921098 	 0.013548694981629717
1.8260219978921097 	 0.013496630893432629
1.8270219978921096 	 0.013444687313257932
1.8280219978921095 	 0.01339286680553504
1.8290219978921094 	 0.013341171863596587
1.8300219978921093 	 0.01328960491074251
1.8310219978921092 	 0.013238168301301477
1.832021997892109 	 0.013186864321689215
1.833021997892109 	 0.01313569519146333
1.8340219978921088 	 0.01308466306437404
1.8350219978921087 	 0.013033770029410396
1.8360219978921086 	 0.012983018111841561
1.8370219978921085 	 0.012932409274252765
1.8380219978921084 	 0.012881945417575513
1.8390219978921083 	 0.012831628382111607
1.8400219978921082 	 0.012781459948550835
1.841021997892108 	 0.012731441717316251
1.842021997892108 	 0.012681575596612864
1.8430219978921079 	 0.012631863072280812
1.8440219978921077 	 0.0125823057563307
1.8450219978921076 	 0.012532905026678398
1.8460219978921075 	 0.012483662387304556
1.8470219978921074 	 0.012434579229497977
1.8480219978921073 	 0.012385656892806829
1.8490219978921072 	 0.012336896665984922
1.850021997892107 	 0.012288299787929058
1.851021997892107 	 0.012239867448607064
1.8520219978921069 	 0.012191600789976461
1.8530219978921068 	 0.012143500906893569
1.8540219978921066 	 0.01209556884801289
1.8550219978921065 	 0.012047805616676757
1.8560219978921064 	 0.01200021217179496
1.8570219978921063 	 0.01195278942871439
1.8580219978921062 	 0.011905538260078593
1.859021997892106 	 0.011858459496677026
1.860021997892106 	 0.011811553928284126
1.8610219978921059 	 0.011764822304488014
1.8620219978921058 	 0.011718265335508769
1.8630219978921057 	 0.011671883693006348
1.8640219978921055 	 0.011625678010877955
1.8650219978921054 	 0.01157964888604498
1.8660219978921053 	 0.011533796879229384
1.8670219978921052 	 0.011488122515719564
1.868021997892105 	 0.011442626286125709
1.869021997892105 	 0.011397308647124621
1.8700219978921049 	 0.011352170022193972
1.8710219978921048 	 0.011307210802336128
1.8720219978921047 	 0.011262431346791436
1.8730219978921046 	 0.011217831983741095
1.8740219978921044 	 0.011173413010999583
1.8750219978921043 	 0.011129174696696664
1.8760219978921042 	 0.011085117279949156
1.877021997892104 	 0.01104124097152226
1.878021997892104 	 0.010997545954480752
1.879021997892104 	 0.010954032384829986
1.8800219978921038 	 0.01091070039214667
1.8810219978921037 	 0.010867550080199686
1.8820219978921036 	 0.01082458152756085
1.8830219978921034 	 0.010781794788205765
1.8840219978921033 	 0.010739189892104796
1.8850219978921032 	 0.010696766845804288
1.8860219978921031 	 0.010654525531143814
1.887021997892103 	 0.010612466113560154
1.888021997892103 	 0.01057058843053788
1.8890219978921028 	 0.010528892400546604
1.8900219978921027 	 0.010487377921394182
1.8910219978921026 	 0.010446044870750919
1.8920219978921025 	 0.010404893106664731
1.8930219978921023 	 0.010363922468067128
1.8940219978921022 	 0.010323132775270227
1.8950219978921021 	 0.010282523830454932
1.896021997892102 	 0.010242095418150236
1.897021997892102 	 0.01020184730570388
1.8980219978921018 	 0.010161779243744357
1.8990219978921017 	 0.010121890966634536
1.9000219978921016 	 0.010082182192916735
1.9010219978921015 	 0.01004265262574965
1.9020219978921014 	 0.010003301953336938
1.9030219978921012 	 0.009964129849347896
1.9040219978921011 	 0.009925135973329996
1.905021997892101 	 0.009886319971113585
1.906021997892101 	 0.009847681475208881
1.9070219978921008 	 0.009809220105195202
1.9080219978921007 	 0.009770935468102674
1.9090219978921006 	 0.009732827158786449
1.9100219978921005 	 0.009694894760293586
1.9110219978921004 	 0.00965713784422268
1.9120219978921003 	 0.00961955597107629
1.9130219978921001 	 0.009582148690606368
1.9140219978921 	 0.009544915542152735
1.9150219978921 	 0.00950785605497467
1.9160219978920998 	 0.00947096974857579
1.9170219978920997 	 0.009434256133022324
1.9180219978920996 	 0.009397714709254722
1.9190219978920995 	 0.009361344969393028
1.9200219978920994 	 0.009325146397035664
1.9210219978920993 	 0.00928911846755221
1.9220219978920992 	 0.009253260648369874
1.923021997892099 	 0.00921757239925402
1.924021997892099 	 0.009182053172582659
1.9250219978920988 	 0.00914670241361522
1.9260219978920987 	 0.009111519560755397
1.9270219978920986 	 0.00907650404580848
1.9280219978920985 	 0.00904165529423307
1.9290219978920984 	 0.009006972725387261
1.9300219978920983 	 0.008972455752769589
1.9310219978920982 	 0.00893810378425448
1.932021997892098 	 0.008903916137123536
1.933021997892098 	 0.008869892379349412
1.9340219978920978 	 0.008836031817834022
1.9350219978920977 	 0.008802333840208636
1.9360219978920976 	 0.008768797829582075
1.9370219978920975 	 0.008735423164746394
1.9380219978920974 	 0.008702209220377916
1.9390219978920973 	 0.008669155367233611
1.9400219978920972 	 0.008636260972343044
1.941021997892097 	 0.008603525399195813
1.942021997892097 	 0.008570948007924666
1.9430219978920968 	 0.008538528155484382
1.9440219978920967 	 0.008506265195826385
1.9450219978920966 	 0.008474158480069327
1.9460219978920965 	 0.008442207356665546
1.9470219978920964 	 0.008410411171563636
1.9480219978920963 	 0.008378769268367078
1.9490219978920962 	 0.008347280988489062
1.950021997892096 	 0.008315945671303608
1.951021997892096 	 0.008284762654292904
1.9520219978920959 	 0.008253731273191199
1.9530219978920957 	 0.008222850862125014
1.9540219978920956 	 0.00819212075374997
1.9550219978920955 	 0.0081615402793842
1.9560219978920954 	 0.008131108769138409
1.9570219978920953 	 0.008100825552042676
1.9580219978920952 	 0.008070689956170088
1.959021997892095 	 0.00804070130875714
1.960021997892095 	 0.00801085893632116
1.9610219978920949 	 0.007981162164774673
1.9620219978920947 	 0.007951610319536775
1.9630219978920946 	 0.007922202725641642
1.9640219978920945 	 0.007892938707844226
1.9650219978920944 	 0.0078638175907231
1.9660219978920943 	 0.007834838698780615
1.9670219978920942 	 0.00780600135654041
1.968021997892094 	 0.007777304888642244
1.969021997892094 	 0.007748748619934309
1.9700219978920939 	 0.007720331875563038
1.9710219978920938 	 0.0076920539810603926
1.9720219978920936 	 0.0076639142624288364
1.9730219978920935 	 0.00763591204622386
1.9740219978920934 	 0.007608046659634265
1.9750219978920933 	 0.007580317466457606
1.9760219978920932 	 0.007552723723440264
1.977021997892093 	 0.007525264724165902
1.978021997892093 	 0.007497939943339493
1.9790219978920929 	 0.007470748640225089
1.9800219978920928 	 0.007443690147373326
1.9810219978920927 	 0.007416763798469253
1.9820219978920925 	 0.007389968928395747
1.9830219978920924 	 0.0073633048732950875
1.9840219978920923 	 0.007336770970628656
1.9850219978920922 	 0.007310366559234788
1.986021997892092 	 0.007284090979384854
1.987021997892092 	 0.007257943572837627
1.9880219978920919 	 0.007231923682891896
1.9890219978920918 	 0.007206030654437433
1.9900219978920917 	 0.007180263834004345
1.9910219978920916 	 0.007154622569810849
1.9920219978920914 	 0.007129106211809374
1.9930219978920913 	 0.0071037141117313045
1.9940219978920912 	 0.007078445623130101
1.9950219978920911 	 0.007053300101423043
1.996021997892091 	 0.007028276903931505
1.997021997892091 	 0.007003375389919844
1.9980219978920908 	 0.006978594920632961
1.9990219978920907 	 0.006953934859332482
