0.0010219978922 	 0
0.0020219978922 	 0.0
0.0030219978922 	 0.0
0.0040219978922 	 0.0
0.0050219978922 	 0.0
0.0060219978922 	 0.0
0.0070219978922 	 0.0
0.0080219978922 	 0.0
0.009021997892200002 	 0.0
0.010021997892200003 	 0.0
0.011021997892200004 	 0.0
0.012021997892200004 	 0.0
0.013021997892200005 	 0.0
0.014021997892200006 	 0.0
0.015021997892200007 	 0.0
0.016021997892200008 	 0.0
0.01702199789220001 	 0.0
0.01802199789220001 	 0.0
0.01902199789220001 	 0.0
0.02002199789220001 	 0.0
0.021021997892200012 	 0.0
0.022021997892200013 	 0.0
0.023021997892200014 	 0.0
0.024021997892200015 	 0.0
0.025021997892200016 	 0.0
0.026021997892200017 	 0.0
0.027021997892200018 	 0.0
0.02802199789220002 	 0.0
0.02902199789220002 	 0.0
0.03002199789220002 	 0.0
0.03102199789220002 	 0.0
0.03202199789220002 	 0.0
0.03302199789220002 	 0.0
0.03402199789220002 	 0.0
0.03502199789220002 	 0.0
0.03602199789220002 	 0.0
0.03702199789220002 	 0.0
0.038021997892200024 	 0.0
0.039021997892200025 	 0.0
0.040021997892200026 	 0.0
0.04102199789220003 	 0.0
0.04202199789220003 	 0.0
0.04302199789220003 	 0.0
0.04402199789220003 	 0.0
0.04502199789220003 	 0.0
0.04602199789220003 	 0.0
0.04702199789220003 	 0.0
0.04802199789220003 	 0.0
0.049021997892200034 	 0.0
0.050021997892200035 	 0.0
0.051021997892200036 	 0.0
0.052021997892200036 	 0.0
0.05302199789220004 	 0.0
0.05402199789220004 	 0.0
0.05502199789220004 	 0.0
0.05602199789220004 	 0.0
0.05702199789220004 	 0.0
0.05802199789220004 	 0.0
0.05902199789220004 	 0.0
0.060021997892200044 	 0.0
0.061021997892200044 	 0.0
0.062021997892200045 	 0.0
0.06302199789220005 	 0.0
0.06402199789220005 	 0.0
0.06502199789220005 	 0.0
0.06602199789220005 	 0.0
0.06702199789220005 	 0.0
0.06802199789220005 	 0.0
0.06902199789220005 	 0.0
0.07002199789220005 	 0.0
0.07102199789220005 	 0.0
0.07202199789220005 	 0.0
0.07302199789220006 	 0.0
0.07402199789220006 	 0.0
0.07502199789220006 	 0.0
0.07602199789220006 	 0.0
0.07702199789220006 	 0.0
0.07802199789220006 	 0.0
0.07902199789220006 	 0.0
0.08002199789220006 	 0.0
0.08102199789220006 	 0.0
0.08202199789220006 	 0.0
0.08302199789220006 	 0.0
0.08402199789220006 	 0.0
0.08502199789220007 	 0.0
0.08602199789220007 	 0.0
0.08702199789220007 	 0.0
0.08802199789220007 	 0.0
0.08902199789220007 	 0.0
0.09002199789220007 	 0.0
0.09102199789220007 	 0.0
0.09202199789220007 	 0.0
0.09302199789220007 	 0.0
0.09402199789220007 	 0.0
0.09502199789220007 	 0.0
0.09602199789220008 	 0.0
0.09702199789220008 	 0.0
0.09802199789220008 	 0.0
0.09902199789220008 	 0.0
0.10002199789220008 	 0.0
0.10102199789220008 	 0.0
0.10202199789220008 	 0.0
0.10302199789220008 	 0.0
0.10402199789220008 	 0.0
0.10502199789220008 	 0.0
0.10602199789220008 	 0.0
0.10702199789220009 	 0.0
0.10802199789220009 	 0.0
0.10902199789220009 	 0.0
0.11002199789220009 	 0.0
0.11102199789220009 	 0.0
0.11202199789220009 	 0.0
0.11302199789220009 	 0.0
0.11402199789220009 	 0.0
0.11502199789220009 	 0.0
0.1160219978922001 	 0.0
0.1170219978922001 	 0.0
0.1180219978922001 	 0.0
0.1190219978922001 	 0.0
0.1200219978922001 	 0.0
0.1210219978922001 	 0.0
0.1220219978922001 	 0.0
0.1230219978922001 	 0.0
0.1240219978922001 	 0.0
0.1250219978922001 	 0.0
0.1260219978922001 	 0.0
0.1270219978922001 	 0.0
0.1280219978922001 	 0.0
0.1290219978922001 	 0.0
0.1300219978922001 	 0.0
0.1310219978922001 	 0.0
0.1320219978922001 	 0.0
0.1330219978922001 	 0.0
0.1340219978922001 	 0.0
0.1350219978922001 	 0.0
0.1360219978922001 	 0.0
0.1370219978922001 	 0.0
0.1380219978922001 	 0.0
0.1390219978922001 	 0.0
0.1400219978922001 	 0.0
0.1410219978922001 	 0.0
0.1420219978922001 	 0.0
0.1430219978922001 	 0.0
0.1440219978922001 	 0.0
0.1450219978922001 	 0.0
0.1460219978922001 	 0.0
0.1470219978922001 	 0.0
0.1480219978922001 	 0.0
0.1490219978922001 	 0.0
0.1500219978922001 	 0.0
0.1510219978922001 	 0.0
0.1520219978922001 	 0.0
0.1530219978922001 	 0.0
0.1540219978922001 	 0.0
0.15502199789220011 	 0.0
0.15602199789220011 	 0.0
0.15702199789220012 	 0.0
0.15802199789220012 	 0.0
0.15902199789220012 	 0.0
0.16002199789220012 	 0.0
0.16102199789220012 	 0.0
0.16202199789220012 	 0.0
0.16302199789220012 	 0.0
0.16402199789220012 	 0.0
0.16502199789220012 	 0.0
0.16602199789220012 	 0.0
0.16702199789220012 	 0.0
0.16802199789220013 	 0.0
0.16902199789220013 	 0.0
0.17002199789220013 	 0.0
0.17102199789220013 	 0.0
0.17202199789220013 	 0.0
0.17302199789220013 	 0.0
0.17402199789220013 	 0.0
0.17502199789220013 	 0.0
0.17602199789220013 	 0.0
0.17702199789220013 	 0.0
0.17802199789220013 	 0.0
0.17902199789220014 	 0.0
0.18002199789220014 	 0.0
0.18102199789220014 	 0.0
0.18202199789220014 	 0.0
0.18302199789220014 	 0.0
0.18402199789220014 	 0.0
0.18502199789220014 	 0.0
0.18602199789220014 	 0.0
0.18702199789220014 	 0.0
0.18802199789220014 	 0.0
0.18902199789220014 	 0.0
0.19002199789220015 	 0.0
0.19102199789220015 	 0.0
0.19202199789220015 	 0.0
0.19302199789220015 	 0.0
0.19402199789220015 	 0.0
0.19502199789220015 	 0.0
0.19602199789220015 	 0.0
0.19702199789220015 	 0.0
0.19802199789220015 	 0.0
0.19902199789220015 	 0.0
0.20002199789220015 	 0.0
0.20102199789220015 	 0.0
0.20202199789220016 	 0.0
0.20302199789220016 	 0.0
0.20402199789220016 	 0.0
0.20502199789220016 	 0.0
0.20602199789220016 	 0.0
0.20702199789220016 	 0.0
0.20802199789220016 	 0.0
0.20902199789220016 	 0.0
0.21002199789220016 	 0.0
0.21102199789220016 	 0.0
0.21202199789220016 	 0.10871279669252822
0.21302199789220017 	 0.1585390953600996
0.21402199789220017 	 0.19077495735599265
0.21502199789220017 	 0.21513646386188467
0.21602199789220017 	 0.23482675143292883
0.21702199789220017 	 0.25136790788584584
0.21802199789220017 	 0.2656205521927818
0.21902199789220017 	 0.2781251763503947
0.22002199789220017 	 0.28924621917291204
0.22102199789220017 	 0.2992424023961245
0.22202199789220017 	 0.30830473320541396
0.22302199789220017 	 0.31657864161346366
0.22402199789220018 	 0.32417764987164666
0.22502199789220018 	 0.33119221549555933
0.22602199789220018 	 0.3376956743597015
0.22702199789220018 	 0.34374836401151176
0.22802199789220018 	 0.34940056266878317
0.22902199789220018 	 0.354694633192332
0.23002199789220018 	 0.3596666189076714
0.23102199789220018 	 0.36434745258489465
0.23202199789220018 	 0.36876388676733535
0.23302199789220018 	 0.3729392197035724
0.23402199789220018 	 0.37689386889982873
0.23502199789220019 	 0.3806458294053237
0.23602199789220019 	 0.3842110437493196
0.2370219978922002 	 0.3876037033482008
0.2380219978922002 	 0.3908364961727293
0.2390219978922002 	 0.39392081185078887
0.2400219978922002 	 0.3968669127461512
0.2410219978922002 	 0.3996840776088528
0.2420219978922002 	 0.4023807229402404
0.2430219978922002 	 0.4049645061191676
0.2440219978922002 	 0.4074424134996611
0.2450219978922002 	 0.40982083604681946
0.2460219978922002 	 0.4121056345780718
0.2470219978922002 	 0.4143021962858696
0.2480219978922002 	 0.41641548390947813
0.2490219978922002 	 0.4184500786785598
0.2500219978922002 	 0.4204102179553608
0.2510219978922002 	 0.4222998283446668
0.2520219978922002 	 0.4241225549130873
0.2530219978922002 	 0.4258817870553304
0.2540219978922002 	 0.4275806814600968
0.2550219978922002 	 0.4292221825582648
0.2560219978922002 	 0.43080904077821797
0.2570219978922002 	 0.43234382888513945
0.2580219978922002 	 0.43382895664105336
0.2590219978922002 	 0.4352666839888482
0.2600219978922002 	 0.4366591329353126
0.2610219978922002 	 0.43800829828440735
0.2620219978922002 	 0.439316057351834
0.2630219978922002 	 0.4405841787748145
0.2640219978922002 	 0.44181433051637914
0.2650219978922002 	 0.4430080871509488
0.2660219978922002 	 0.44416693650726174
0.2670219978922002 	 0.44529228573545465
0.2680219978922002 	 0.44638546685713115
0.2690219978922002 	 0.4474477418503441
0.2700219978922002 	 0.4484803073154298
0.2710219978922002 	 0.44948429876241464
0.2720219978922002 	 0.4504607945561733
0.2730219978922002 	 0.4514108195515384
0.2740219978922002 	 0.45233534844708234
0.2750219978922002 	 0.45323530888323166
0.2760219978922002 	 0.4541115843076861
0.2770219978922002 	 0.45496501662873956
0.2780219978922002 	 0.45579640867500343
0.2790219978922002 	 0.4566065264781814
0.2800219978922002 	 0.45735363932256384
0.2810219978922002 	 0.45803407320224687
0.2820219978922002 	 0.45866794815425194
0.2830219978922002 	 0.45926200638012304
0.28402199789220023 	 0.4598203697897629
0.28502199789220023 	 0.46034600930970465
0.28602199789220023 	 0.4608412550534544
0.28702199789220023 	 0.46130803036524765
0.28802199789220023 	 0.4617479773708487
0.28902199789220023 	 0.4621625316591975
0.29002199789220023 	 0.4625529701345902
0.29102199789220023 	 0.4629204434611876
0.29202199789220024 	 0.46326599906559646
0.29302199789220024 	 0.46359059804800995
0.29402199789220024 	 0.463895127995299
0.29502199789220024 	 0.4641804129391661
0.29602199789220024 	 0.46444722126561383
0.29702199789220024 	 0.46469627211633985
0.29802199789220024 	 0.4649282406550891
0.29902199789220024 	 0.4651437624628596
0.30002199789220024 	 0.4653434372527969
0.30102199789220024 	 0.46552783204550346
0.30202199789220024 	 0.46569748391035937
0.30302199789220025 	 0.46585290235334975
0.30402199789220025 	 0.46599457141364425
0.30502199789220025 	 0.4661229515176894
0.30602199789220025 	 0.4662384811294725
0.30702199789220025 	 0.4663415782279428
0.30802199789220025 	 0.4664326416366774
0.30902199789220025 	 0.46651205222630227
0.31002199789220025 	 0.46658017400657414
0.31102199789220025 	 0.46663735512217497
0.31202199789220025 	 0.4666839287639964
0.31302199789220025 	 0.46672021400583724
0.31402199789220026 	 0.46674651657495064
0.31502199789220026 	 0.46676312956363925
0.31602199789220026 	 0.4667703340880953
0.31702199789220026 	 0.46676839989983365
0.31802199789220026 	 0.46675758595436523
0.31902199789220026 	 0.46673814094116955
0.32002199789220026 	 0.4667103037785235
0.32102199789220026 	 0.466674304076321
0.32202199789220026 	 0.46663036256965323
0.32302199789220026 	 0.4665786915256111
0.32402199789220026 	 0.4665194951255004
0.32502199789220027 	 0.46645296982443196
0.32602199789220027 	 0.4663793046900404
0.32702199789220027 	 0.46629868172192046
0.32802199789220027 	 0.46621127615319885
0.32902199789220027 	 0.46611725673554133
0.33002199789220027 	 0.46601678600876195
0.33102199789220027 	 0.46591002055610303
0.33202199789220027 	 0.46579711124615447
0.33302199789220027 	 0.46567820346230243
0.3340219978922003 	 0.46555343732052007
0.3350219978922003 	 0.46542294787624305
0.3360219978922003 	 0.4652868653210198
0.3370219978922003 	 0.46514531516956364
0.3380219978922003 	 0.4649984184377907
0.3390219978922003 	 0.46484629181238146
0.3400219978922003 	 0.4646890478123647
0.3410219978922003 	 0.46452679494318244
0.3420219978922003 	 0.4643596378436665
0.3430219978922003 	 0.46418767742632533
0.3440219978922003 	 0.4640110110113076
0.3450219978922003 	 0.46382973245439274
0.3460219978922003 	 0.4636439322693252
0.3470219978922003 	 0.46345369774479844
0.3480219978922003 	 0.4632591130563638
0.3490219978922003 	 0.4630602593735338
0.3500219978922003 	 0.46285721496231874
0.3510219978922003 	 0.46265005528343667
0.3520219978922003 	 0.46243885308640353
0.3530219978922003 	 0.4622236784997184
0.3540219978922003 	 0.462004599117323
0.3550219978922003 	 0.46178168008152853
0.3560219978922003 	 0.46155498416256835
0.3570219978922003 	 0.4613245718349442
0.3580219978922003 	 0.46109050135071417
0.3590219978922003 	 0.46085282880986295
0.3600219978922003 	 0.4606116082278926
0.3610219978922003 	 0.4603668916007584
0.3620219978922003 	 0.4601187289672702
0.3630219978922003 	 0.45986716846907416
0.3640219978922003 	 0.45961225640832254
0.3650219978922003 	 0.45935403730313024
0.3660219978922003 	 0.45909255394092185
0.3670219978922003 	 0.4588278474297523
0.3680219978922003 	 0.45855995724769444
0.3690219978922003 	 0.45828892129037463
0.3700219978922003 	 0.45801477591673406
0.3710219978922003 	 0.4577375559930889
0.3720219978922003 	 0.45745729493556486
0.3730219978922003 	 0.45717402475096824
0.3740219978922003 	 0.4568877760761618
0.3750219978922003 	 0.45659857821600336
0.3760219978922003 	 0.456306459179909
0.3770219978922003 	 0.45601144571709173
0.3780219978922003 	 0.45571356335053215
0.3790219978922003 	 0.45541283640973096
0.3800219978922003 	 0.4551092880622877
0.3810219978922003 	 0.45480294034435953
0.3820219978922003 	 0.4544938141900334
0.3830219978922003 	 0.4541819294596626
0.3840219978922003 	 0.4538673049672037
0.3850219978922003 	 0.4535499585065899
0.3860219978922003 	 0.45322990687718306
0.3870219978922003 	 0.4529071659083314
0.3880219978922003 	 0.45258175048307714
0.3890219978922003 	 0.45225367456103344
0.3900219978922003 	 0.4519229512004713
0.3910219978922003 	 0.45158959257963976
0.3920219978922003 	 0.4512536100173535
0.3930219978922003 	 0.4509150139928639
0.3940219978922003 	 0.45057381416505216
0.3950219978922003 	 0.4502300193909611
0.39602199789220033 	 0.4498836377436916
0.39702199789220033 	 0.44953467652968515
0.39802199789220033 	 0.44918314230541573
0.39902199789220033 	 0.44882904089351405
0.40002199789220033 	 0.4484723773983374
0.40102199789220033 	 0.4481131562210121
0.40202199789220033 	 0.44775138107396106
0.40302199789220033 	 0.447387054994939
0.40402199789220034 	 0.4470201803605895
0.40502199789220034 	 0.44665075889953937
0.40602199789220034 	 0.4462787917050502
0.40702199789220034 	 0.44590427924724085
0.40802199789220034 	 0.44552722138488826
0.40902199789220034 	 0.4451476173768342
0.41002199789220034 	 0.44476546589300126
0.41102199789220034 	 0.44438076502503354
0.41202199789220034 	 0.4439935122965763
0.41302199789220034 	 0.4436037046732044
0.41402199789220034 	 0.4432113385720137
0.41502199789220034 	 0.44281640987088505
0.41602199789220035 	 0.44241891391743055
0.41702199789220035 	 0.4420188455376366
0.41802199789220035 	 0.4416161990442083
0.41902199789220035 	 0.4412109682436038
0.42002199789220035 	 0.44080314644875634
0.42102199789220035 	 0.44039272647728167
0.42202199789220035 	 0.4399797006669517
0.42302199789220035 	 0.43956406087938493
0.42402199789220035 	 0.43914579850686514
0.42502199789220035 	 0.4387249044790537
0.42602199789220035 	 0.4383013692692934
0.42702199789220036 	 0.43787518290068733
0.42802199789220036 	 0.4374463349519678
0.42902199789220036 	 0.4370148145631606
0.43002199789220036 	 0.4365806104410514
0.43102199789220036 	 0.43614371086446097
0.43202199789220036 	 0.4357041036893313
0.43302199789220036 	 0.4352617763536408
0.43402199789220036 	 0.43481671588213877
0.43502199789220036 	 0.4343689088909142
0.43602199789220036 	 0.4339183415918101
0.43702199789220036 	 0.43346499979667086
0.43802199789220037 	 0.4330088689214483
0.43902199789220037 	 0.43254993399015584
0.44002199789220037 	 0.4320881796386873
0.44102199789220037 	 0.43162359011849477
0.44202199789220037 	 0.43115614930014473
0.44302199789220037 	 0.43068584067673726
0.44402199789220037 	 0.43021264736721154
0.44502199789220037 	 0.4297365521195337
0.4460219978922004 	 0.42925753731376837
0.4470219978922004 	 0.428775584965048
0.4480219978922004 	 0.42829067672643284
0.4490219978922004 	 0.4278027938916754
0.4500219978922004 	 0.4273119173978833
0.4510219978922004 	 0.42681802782810013
0.4520219978922004 	 0.4263211054137893
0.4530219978922004 	 0.4258211300372361
0.4540219978922004 	 0.42531808123387316
0.4550219978922004 	 0.42481193819452695
0.4560219978922004 	 0.4243026797675872
0.4570219978922004 	 0.423790284461119
0.4580219978922004 	 0.42327473044489183
0.4590219978922004 	 0.4227559955523628
0.4600219978922004 	 0.4222340572825928
0.4610219978922004 	 0.4217088928021073
0.4620219978922004 	 0.4211804789467067
0.4630219978922004 	 0.4206487922232324
0.4640219978922004 	 0.4201138088112781
0.4650219978922004 	 0.41957550456486986
0.4660219978922004 	 0.41903385501409923
0.4670219978922004 	 0.41848883536672854
0.4680219978922004 	 0.41794042050975705
0.4690219978922004 	 0.4173885850109665
0.4700219978922004 	 0.41683330312043304
0.4710219978922004 	 0.4162745487720258
0.4720219978922004 	 0.4157122955848778
0.4730219978922004 	 0.4151465168648525
0.4740219978922004 	 0.41457718560598456
0.4750219978922004 	 0.4140042744919258
0.4760219978922004 	 0.4134277558973763
0.4770219978922004 	 0.41284760188951725
0.4780219978922004 	 0.41226378422944343
0.4790219978922004 	 0.41167627437360343
0.4800219978922004 	 0.4110850434752425
0.4810219978922004 	 0.41049006238586444
0.4820219978922004 	 0.4098913016567002
0.4830219978922004 	 0.40928873154020257
0.4840219978922004 	 0.4086823219915572
0.4850219978922004 	 0.40807204267022235
0.4860219978922004 	 0.40745786294149705
0.4870219978922004 	 0.4068397518781083
0.4880219978922004 	 0.406217678261903
0.4890219978922004 	 0.40559161058544546
0.4900219978922004 	 0.40496151705379285
0.4910219978922004 	 0.40432736558625193
0.4920219978922004 	 0.4036891238182014
0.4930219978922004 	 0.4030467591029713
0.4940219978922004 	 0.40240023851377943
0.4950219978922004 	 0.40174952884573395
0.4960219978922004 	 0.4010945966179078
0.4970219978922004 	 0.4004354080754763
0.4980219978922004 	 0.3997719291919414
0.4990219978922004 	 0.3991041256714341
0.5000219978922004 	 0.39843196295109773
0.5010219978922004 	 0.39775540620357197
0.5020219978922004 	 0.3970744203395619
0.5030219978922004 	 0.39638897001051254
0.5040219978922004 	 0.3956990196113861
0.5050219978922004 	 0.3950045332835532
0.5060219978922004 	 0.3943054749177906
0.5070219978922004 	 0.3936018081574076
0.5080219978922004 	 0.3928934964014895
0.5090219978922004 	 0.39218050280828337
0.5100219978922004 	 0.39146279029870323
0.5110219978922004 	 0.39074032155999344
0.5120219978922004 	 0.3900130590495284
0.5130219978922004 	 0.3892809649987694
0.5140219978922004 	 0.38854400141738404
0.5150219978922004 	 0.3878021300975221
0.5160219978922004 	 0.3870553126182712
0.5170219978922004 	 0.3863035103502868
0.5180219978922004 	 0.3855466844606066
0.5190219978922004 	 0.384784795917655
0.5200219978922004 	 0.38401780549644704
0.5210219978922004 	 0.38324567378399776
0.5220219978922004 	 0.3824683611849374
0.5230219978922004 	 0.38168582792734945
0.5240219978922004 	 0.3808980340688419
0.5250219978922004 	 0.3801049395028344
0.5260219978922004 	 0.3793065039651041
0.5270219978922004 	 0.37850268704055523
0.5280219978922004 	 0.3776934481703203
0.5290219978922004 	 0.37687874665899157
0.5300219978922004 	 0.3760585416822166
0.5310219978922004 	 0.3752327922946927
0.5320219978922004 	 0.3744014574381123
0.5330219978922004 	 0.3735644959497617
0.5340219978922004 	 0.3727218665712406
0.5350219978922004 	 0.37187352795754786
0.5360219978922004 	 0.3710194386864899
0.5370219978922004 	 0.37015955726841504
0.5380219978922004 	 0.3692938421563146
0.5390219978922004 	 0.3684222517562581
0.5400219978922004 	 0.3675447444382085
0.5410219978922004 	 0.3666612785472098
0.5420219978922004 	 0.3657718124149519
0.5430219978922004 	 0.36487630437175084
0.5440219978922004 	 0.3639747127589205
0.5450219978922004 	 0.363066995941575
0.5460219978922004 	 0.36215311232184594
0.5470219978922004 	 0.36123302035254246
0.5480219978922004 	 0.36030667855131265
0.5490219978922004 	 0.3593740455095204
0.5500219978922004 	 0.3584350798989956
0.5510219978922004 	 0.35748974049948845
0.5520219978922004 	 0.35653798621697685
0.5530219978922004 	 0.35557977610017716
0.5540219978922004 	 0.35461506935763804
0.5550219978922004 	 0.3536438253753708
0.5560219978922004 	 0.3526660037350277
0.5570219978922004 	 0.3516815642326463
0.5580219978922004 	 0.3506904668979662
0.5590219978922004 	 0.34969267201433746
0.5600219978922004 	 0.3486881401392394
0.5610219978922004 	 0.3476768321254137
0.5620219978922004 	 0.3466587091426285
0.5630219978922004 	 0.3456337327000876
0.5640219978922004 	 0.34460186466950365
0.5650219978922004 	 0.3435630673088357
0.5660219978922004 	 0.34251730328673297
0.5670219978922004 	 0.3414645357076435
0.5680219978922004 	 0.34040472813771505
0.5690219978922004 	 0.33933784463131306
0.5700219978922004 	 0.3382638497583862
0.5710219978922004 	 0.33718270863254074
0.5720219978922004 	 0.33609438693990545
0.5730219978922004 	 0.33499885096877285
0.5740219978922004 	 0.3338960676400599
0.5750219978922004 	 0.33278600453856366
0.5760219978922004 	 0.33166862994507207
0.5770219978922004 	 0.33054391286931056
0.5780219978922004 	 0.32941182308373995
0.5790219978922004 	 0.328272331158242
0.5800219978922004 	 0.3271254084956876
0.5810219978922004 	 0.325971027368406
0.5820219978922004 	 0.32480916095556733
0.5830219978922004 	 0.3236397833814929
0.5840219978922004 	 0.3224628697548918
0.5850219978922004 	 0.32127839620916804
0.5860219978922004 	 0.320086339943433
0.5870219978922004 	 0.3188866792647721
0.5880219978922004 	 0.3176793936313526
0.5890219978922004 	 0.3164644636965681
0.5900219978922004 	 0.31524187135418963
0.5910219978922004 	 0.3140115997845697
0.5920219978922004 	 0.3127736335017963
0.5930219978922004 	 0.31152795840197245
0.5940219978922004 	 0.310274561812541
0.5950219978922004 	 0.3090134325425704
0.5960219978922005 	 0.3077445609342121
0.5970219978922005 	 0.3064679389151767
0.5980219978922005 	 0.3051835600522872
0.5990219978922005 	 0.3038914196061145
0.6000219978922005 	 0.3025915145866912
0.6010219978922005 	 0.3012838438103189
0.6020219978922005 	 0.2999684079574356
0.6030219978922005 	 0.29864520963160107
0.6040219978922005 	 0.2973142534195424
0.6050219978922005 	 0.2959755459522485
0.6060219978922005 	 0.29462909596723263
0.6070219978922005 	 0.29327491437176834
0.6080219978922005 	 0.2919130143072371
0.6090219978922005 	 0.29054341121450494
0.6100219978922005 	 0.28916612290039256
0.6110219978922005 	 0.2877811696050875
0.6120219978922005 	 0.28638857407065554
0.6130219978922005 	 0.28498836063454414
0.6140219978922005 	 0.28358055798458576
0.6150219978922005 	 0.28216519723443695
0.6160219978922005 	 0.2807423118197319
0.6170219978922005 	 0.27931193803574234
0.6180219978922005 	 0.2778741151113643
0.6190219978922005 	 0.27642888528420684
0.6200219978922005 	 0.27497629387640027
0.6210219978922005 	 0.273516389371199
0.6220219978922005 	 0.27204922349034233
0.6230219978922005 	 0.2705748512721159
0.6240219978922005 	 0.2690933311500688
0.6250219978922005 	 0.2676047250323603
0.6260219978922005 	 0.26610909838164576
0.6270219978922005 	 0.2646065202954916
0.6280219978922005 	 0.26309706358722157
0.6290219978922005 	 0.261580804867165
0.6300219978922005 	 0.2600578246242189
0.6310219978922005 	 0.2585282073076597
0.6320219978922005 	 0.2569920414091525
0.6330219978922005 	 0.2554494195448347
0.6340219978922005 	 0.25390043853744304
0.6350219978922005 	 0.2523451994983809
0.6360219978922005 	 0.25078380790958
0.6370219978922005 	 0.24921637370522876
0.6380219978922005 	 0.24764301135297817
0.6390219978922005 	 0.24606383993486575
0.6400219978922005 	 0.24447898322756387
0.6410219978922005 	 0.24288856978203763
0.6420219978922005 	 0.24129273300235138
0.6430219978922005 	 0.23969161122358643
0.6440219978922005 	 0.23808534778871832
0.6450219978922005 	 0.23647409112431647
0.6460219978922005 	 0.23485799481493586
0.6470219978922005 	 0.23323721767605246
0.6480219978922005 	 0.23161192382539472
0.6490219978922005 	 0.22998228275252555
0.6500219978922005 	 0.22834846938650266
0.6510219978922005 	 0.2267106641614685
0.6520219978922005 	 0.22506905308000721
0.6530219978922005 	 0.22342382777404848
0.6540219978922005 	 0.2217751855631933
0.6550219978922005 	 0.22012332951028662
0.6560219978922005 	 0.21846846847397514
0.6570219978922005 	 0.21681081715812406
0.6580219978922005 	 0.21515059615787016
0.6590219978922005 	 0.21348803200211103
0.6600219978922005 	 0.21182335719222267
0.6610219978922005 	 0.21015681023678584
0.6620219978922005 	 0.20848863568212803
0.6630219978922005 	 0.20681908413776878
0.6640219978922005 	 0.20514841228529748
0.6650219978922005 	 0.203476882896953
0.6660219978922005 	 0.20180476485990495
0.6670219978922005 	 0.20013233318280385
0.6680219978922005 	 0.1984598689963088
0.6690219978922005 	 0.19678765954774508
0.6700219978922005 	 0.1951159981897499
0.6710219978922005 	 0.19344518436252045
0.6720219978922005 	 0.19177552356957778
0.6730219978922005 	 0.1901073273466849
0.6740219978922005 	 0.1884409132236946
0.6750219978922005 	 0.18677660467909166
0.6760219978922005 	 0.18511473108694224
0.6770219978922005 	 0.18345562765603185
0.6780219978922005 	 0.1817996353608859
0.6790219978922005 	 0.18014710086447533
0.6800219978922005 	 0.17849837643227634
0.6810219978922005 	 0.17685381983751286
0.6820219978922005 	 0.17521379425724595
0.6830219978922005 	 0.1735786681590816
0.6840219978922005 	 0.17194881517826124
0.6850219978922005 	 0.1703246139848282
0.6860219978922005 	 0.16870644814067065
0.6870219978922005 	 0.16709470594611991
0.6880219978922005 	 0.16548978027455682
0.6890219978922005 	 0.1638920683711072
0.6900219978922005 	 0.16230197167107652
0.6910219978922005 	 0.1607198956291228
0.6920219978922005 	 0.15914624951075704
0.6930219978922005 	 0.1575814461707617
0.6940219978922005 	 0.1560259018193701
0.6950219978922005 	 0.15448003577589722
0.6960219978922005 	 0.15294427020954135
0.6970219978922005 	 0.1514190298670601
0.6980219978922005 	 0.14990474178698926
0.6990219978922005 	 0.14840183500013246
0.7000219978922005 	 0.14691074021589842
0.7010219978922005 	 0.14543188949417815
0.7020219978922005 	 0.14396571590233292
0.7030219978922005 	 0.1425126531568795
0.7040219978922005 	 0.1410731352493933
0.7050219978922005 	 0.13964759605612498
0.7060219978922005 	 0.1382364689307483
0.7070219978922005 	 0.13684018627962655
0.7080219978922005 	 0.1354591791188746
0.7090219978922006 	 0.13409387661242866
0.7100219978922006 	 0.1327447055902389
0.7110219978922006 	 0.1314120900455605
0.7120219978922006 	 0.13009645061020703
0.7130219978922006 	 0.12879820400493888
0.7140219978922006 	 0.12751776243744076
0.7150219978922006 	 0.12625553300796527
0.7160219978922006 	 0.12501191711099982
0.7170219978922006 	 0.12378730977739956
0.7180219978922006 	 0.12258209898204585
0.7190219978922006 	 0.12139666491525299
0.7200219978922006 	 0.12023137921455894
0.7210219978922006 	 0.11908660415293408
0.7220219978922006 	 0.11796269177891344
0.7230219978922006 	 0.1168599830033968
0.7240219978922006 	 0.11577880662708025
0.7250219978922006 	 0.1147194783015067
0.7260219978922006 	 0.11368229941557839
0.7270219978922006 	 0.1126675558981098
0.7280219978922006 	 0.11167551692539693
0.7290219978922006 	 0.1107064335210197
0.7300219978922006 	 0.10976053703289676
0.7310219978922006 	 0.10883803747013848
0.7320219978922006 	 0.10793912167918406
0.7330219978922006 	 0.10706395133522847
0.7340219978922006 	 0.10621266072061486
0.7350219978922006 	 0.10538535425690639
0.7360219978922006 	 0.1045821037512112
0.7370219978922006 	 0.10380294531014675
0.7380219978922006 	 0.10304787586664746
0.7390219978922006 	 0.1023168492654922
0.7400219978922006 	 0.10160977180111014
0.7410219978922006 	 0.10092649711706124
0.7420219978922006 	 0.1002668203777642
0.7430219978922006 	 0.09963047156333812
0.7440219978922006 	 0.0990171077215193
0.7450219978922006 	 0.0984263039756972
0.7460219978922006 	 0.09785754304421461
0.7470219978922006 	 0.09731020297150324
0.7480219978922006 	 0.09678354270345366
0.7490219978922006 	 0.09627668505390333
0.7500219978922006 	 0.09578859650154312
0.7510219978922006 	 0.09531806312052106
0.7520219978922006 	 0.09486366177534652
0.7530219978922006 	 0.09442372549088543
0.7540219978922006 	 0.09399630162698439
0.7550219978922006 	 0.09357910112661784
0.7560219978922006 	 0.09316943664232301
0.7570219978922006 	 0.09276414674716077
0.7580219978922006 	 0.0923595026636474
0.7590219978922006 	 0.09195109294610783
0.7600219978922006 	 0.0915336802661023
0.7610219978922006 	 0.09110102280228245
0.7620219978922006 	 0.09064565064407512
0.7630219978922006 	 0.09015858501362235
0.7640219978922006 	 0.08962898501124805
0.7650219978922006 	 0.08904370281678305
0.7660219978922006 	 0.08838672479111505
0.7670219978922006 	 0.08763847346710653
0.7680219978922006 	 0.08677494637700985
0.7690219978922006 	 0.08576667754693842
0.7700219978922006 	 0.0845775379729038
0.7710219978922006 	 0.08316346487279368
0.7720219978922006 	 0.08147137071902516
0.7730219978922006 	 0.07943881577039184
0.7740219978922006 	 0.07699567875198628
0.7750219978922006 	 0.07407025315627332
0.7760219978922006 	 0.07060416211304772
0.7770219978922006 	 0.0665830747237692
0.7780219978922006 	 0.062091651475846374
0.7790219978922006 	 0.057395390655829416
0.7800219978922006 	 0.05302661001190899
0.7810219978922006 	 0.04979831934448583
0.7820219978922006 	 0.048627806689708654
0.7830219978922006 	 0.05014536481305341
0.7840219978922006 	 0.05431997359826114
0.7850219978922006 	 0.060441805987671036
0.7860219978922006 	 0.0674950975799728
0.7870219978922006 	 0.07458973765331188
0.7880219978922006 	 0.08116961214921799
0.7890219978922006 	 0.0869954582602835
0.7900219978922006 	 0.09203532371623563
0.7910219978922006 	 0.0963610851886566
0.7920219978922006 	 0.1000816174715465
0.7930219978922006 	 0.10330817070764134
0.7940219978922006 	 0.10613978738247663
0.7950219978922006 	 0.10865911445984368
0.7960219978922006 	 0.11093286798885567
0.7970219978922006 	 0.11301399969775935
0.7980219978922006 	 0.11494420873984888
0.7990219978922006 	 0.11675625055103912
0.8000219978922006 	 0.11847587169099723
0.8010219978922006 	 0.12012335991766059
0.8020219978922006 	 0.1217147575008641
0.8030219978922006 	 0.12326279992680303
0.8040219978922006 	 0.12477763854010397
0.8050219978922006 	 0.12626739634777093
0.8060219978922006 	 0.12773859620216732
0.8070219978922006 	 0.1291964917397453
0.8080219978922006 	 0.13064532425493136
0.8090219978922006 	 0.13208852306508548
0.8100219978922006 	 0.13352886262493446
0.8110219978922006 	 0.1349685865014496
0.8120219978922006 	 0.13640950587271405
0.8130219978922006 	 0.13785307755397433
0.8140219978922006 	 0.1393004662638334
0.8150219978922006 	 0.14075259520706954
0.8160219978922006 	 0.1422101874546681
0.8170219978922006 	 0.14367379935391672
0.8180219978922006 	 0.1451438478655569
0.8190219978922006 	 0.14662063305225242
0.8200219978922006 	 0.1481043566663986
0.8210219978922007 	 0.14959513766207688
0.8220219978922007 	 0.15109302529157656
0.8230219978922007 	 0.15259800968560436
0.8240219978922007 	 0.15411003086017125
0.8250219978922007 	 0.15562898637925335
0.8260219978922007 	 0.15715473785216627
0.8270219978922007 	 0.1586871164636978
0.8280219978922007 	 0.1602259276981495
0.8290219978922007 	 0.16177095538890446
0.8300219978922007 	 0.1633219652015566
0.8310219978922007 	 0.1648787076395349
0.8320219978922007 	 0.1664409206456638
0.8330219978922007 	 0.1680083318605836
0.8340219978922007 	 0.16958066058874405
0.8350219978922007 	 0.17115761951430802
0.8360219978922007 	 0.17273891620244677
0.8370219978922007 	 0.1743242544158556
0.8380219978922007 	 0.17591333523376612
0.8390219978922007 	 0.17750585730651547
0.8400219978922007 	 0.17910151773651492
0.8410219978922007 	 0.18070001382581835
0.8420219978922007 	 0.18230104456799937
0.8430219978922007 	 0.18390431055641293
0.8440219978922007 	 0.18550951430744417
0.8450219978922007 	 0.18711636074767918
0.8460219978922007 	 0.18872455764561843
0.8470219978922007 	 0.19033381599411012
0.8480219978922007 	 0.19194385034892728
0.8490219978922007 	 0.1935543791281843
0.8500219978922007 	 0.19513823545480677
0.8510219978922007 	 0.19674856847770478
0.8520219978922007 	 0.1983584895295215
0.8530219978922007 	 0.1999677349298135
0.8540219978922007 	 0.20157604606822008
0.8550219978922007 	 0.20318316954416504
0.8560219978922007 	 0.2047888572874029
0.8570219978922007 	 0.20639286666111042
0.8580219978922007 	 0.20799496054908923
0.8590219978922007 	 0.20959490742843148
0.8600219978922007 	 0.21119248142892003
0.8610219978922007 	 0.21278746238025814
0.8620219978922007 	 0.21437963584815975
0.8630219978922007 	 0.21596879315362785
0.8640219978922007 	 0.21755473125734767
0.8650219978922007 	 0.21913725276684018
0.8660219978922007 	 0.22071616605689992
0.8670219978922007 	 0.22229128526713415
0.8680219978922007 	 0.22386243028780617
0.8690219978922007 	 0.22542942673951782
0.8700219978922007 	 0.2269921059472035
0.8710219978922007 	 0.22855030490890538
0.8720219978922007 	 0.2301038662597755
0.8730219978922007 	 0.23165263823160845
0.8740219978922007 	 0.23319647460839257
0.8750219978922007 	 0.23473523467811452
0.8760219978922007 	 0.2362687831811737
0.8770219978922007 	 0.2377969902556987
0.8780219978922007 	 0.23931973138001214
0.8790219978922007 	 0.24083688731253558
0.8800219978922007 	 0.24234834402932998
0.8810219978922007 	 0.24385399266474983
0.8820219978922007 	 0.24535372945970324
0.8830219978922007 	 0.24684745567911243
0.8840219978922007 	 0.24833507753763662
0.8850219978922007 	 0.24981650612852255
0.8860219978922007 	 0.2512916573512194
0.8870219978922007 	 0.2527604518379091
0.8880219978922007 	 0.25422281487576437
0.8890219978922007 	 0.2556786762646634
0.8900219978922007 	 0.2571279702419576
0.8910219978922007 	 0.2585706264137818
0.8920219978922007 	 0.2600065442079538
0.8930219978922007 	 0.261435617732401
0.8940219978922007 	 0.26285774350875973
0.8950219978922007 	 0.26427282041370764
0.8960219978922007 	 0.26568074962137306
0.8970219978922007 	 0.26708143454687316
0.8980219978922007 	 0.2684747807909843
0.8990219978922007 	 0.26986069608592045
0.9000219978922007 	 0.2712390902422504
0.9010219978922007 	 0.27260987509693574
0.9020219978922007 	 0.2739729644624653
0.9030219978922007 	 0.27532827407710087
0.9040219978922007 	 0.2766757215561582
0.9050219978922007 	 0.278015226344296
0.9060219978922007 	 0.27934670966885006
0.9070219978922007 	 0.28067009449407804
0.9080219978922007 	 0.2819853054762979
0.9090219978922007 	 0.283292268919869
0.9100219978922007 	 0.2845909127339015
0.9110219978922007 	 0.28588116441709904
0.9120219978922007 	 0.28716294549821786
0.9130219978922007 	 0.2884361769531967
0.9140219978922007 	 0.28970078030509955
0.9150219978922007 	 0.29095667760360655
0.9160219978922007 	 0.29220379192218493
0.9170219978922007 	 0.2934420473463782
0.9180219978922007 	 0.29467102085960445
0.9190219978922007 	 0.2958893730015367
0.9200219978922007 	 0.2970977166993814
0.9210219978922007 	 0.29829621607030066
0.9220219978922007 	 0.299484913950362
0.9230219978922007 	 0.3006638118904296
0.9240219978922007 	 0.3018328914443814
0.9250219978922007 	 0.30299212286741084
0.9260219978922007 	 0.3041414694062936
0.9270219978922007 	 0.30528088968333383
0.9280219978922007 	 0.306410339129953
0.9290219978922007 	 0.30752977089654066
0.9300219978922007 	 0.30863913645114516
0.9310219978922007 	 0.30973841561962734
0.9320219978922007 	 0.3108276993259451
0.9330219978922007 	 0.31190710658615123
0.9340219978922008 	 0.3129767587968119
0.9350219978922008 	 0.31403677968773275
0.9360219978922008 	 0.3150872952330473
0.9370219978922008 	 0.31612843352723585
0.9380219978922008 	 0.3171603244093561
0.9390219978922008 	 0.31818309488461904
0.9400219978922008 	 0.3191968690742695
0.9410219978922008 	 0.32020177364032
0.9420219978922008 	 0.3211979419459731
0.9430219978922008 	 0.32218550944999924
0.9440219978922008 	 0.32316461204770264
0.9450219978922008 	 0.3241353857082877
0.9460219978922008 	 0.3250979660737966
0.9470219978922008 	 0.32605248801545544
0.9480219978922008 	 0.3269990851433324
0.9490219978922008 	 0.3279378892527705
0.9500219978922008 	 0.3288690297367919
0.9510219978922008 	 0.3297926036393882
0.9520219978922008 	 0.3307085938605196
0.9530219978922008 	 0.3316169509244618
0.9540219978922008 	 0.33251761756512926
0.9550219978922008 	 0.33341052774062285
0.9560219978922008 	 0.334295620630412
0.9570219978922008 	 0.3351728812240988
0.9580219978922008 	 0.3360422961143346
0.9590219978922008 	 0.33690383430771886
0.9600219978922008 	 0.3377574332886892
0.9610219978922008 	 0.3386030091232448
0.9620219978922008 	 0.3394404577299645
0.9630219978922008 	 0.34026965279194205
0.9640219978922008 	 0.34109045744001315
0.9650219978922008 	 0.3419027198338277
0.9660219978922008 	 0.34270625471668453
0.9670219978922008 	 0.3435008378471819
0.9680219978922008 	 0.34428620023576484
0.9690219978922008 	 0.34506202147561693
0.9700219978922008 	 0.34582792201023577
0.9710219978922008 	 0.34658344277143804
0.9720219978922008 	 0.34732800329410496
0.9730219978922008 	 0.3480609218095643
0.9740219978922008 	 0.3487814109055248
0.9750219978922008 	 0.3494885607875412
0.9760219978922008 	 0.35018131958357934
0.9770219978922008 	 0.35085847008091237
0.9780219978922008 	 0.3515186022831053
0.9790219978922008 	 0.3521600806577901
0.9800219978922008 	 0.3527810053880147
0.9810219978922008 	 0.35337931519402965
0.9820219978922008 	 0.3539531429421578
0.9830219978922008 	 0.35450013466858166
0.9840219978922008 	 0.3550135219769506
0.9850219978922008 	 0.355489631742673
0.9860219978922008 	 0.3559285924502929
0.9870219978922008 	 0.3563235232153367
0.9880219978922008 	 0.35650031470896154
0.9890219978922008 	 0.3562499349397239
0.9900219978922008 	 0.35565239282252825
0.9910219978922008 	 0.35469377751102643
0.9920219978922008 	 0.3533381128684698
0.9930219978922008 	 0.3515360199149892
0.9940219978922008 	 0.3492264590106139
0.9950219978922008 	 0.3463366919330964
0.9960219978922008 	 0.3422817624780383
0.9970219978922008 	 0.3366937697076895
0.9980219978922008 	 0.32968113333669574
0.9990219978922008 	 0.32116816748293264
1.0000219978922007 	 0.3110522300670452
1.0010219978922006 	 0.29923226030744926
1.0020219978922005 	 0.285624783730893
1.0030219978922004 	 0.27017933121652654
1.0040219978922003 	 0.2528990049231488
1.0050219978922001 	 0.23386213047646065
1.0060219978922 	 0.21323500852083555
1.0070219978922 	 0.1912920887576534
1.0080219978921998 	 0.1684230620008821
1.0090219978921997 	 0.14512622979273115
1.0100219978921996 	 0.1219871241316734
1.0110219978921995 	 0.09964240586278991
1.0120219978921994 	 0.07872827033296083
1.0130219978921993 	 0.05982716534017786
1.0140219978921992 	 0.04341895387400441
1.015021997892199 	 0.029842929638382004
1.016021997892199 	 0.01927948936709963
1.0170219978921988 	 0.011750599040915476
1.0180219978921987 	 0.007140108222104917
1.0190219978921986 	 0.005221012585999681
1.0200219978921985 	 0.005689291011214195
1.0210219978921984 	 0.00821186863667415
1.0220219978921983 	 0.012442218888348431
1.0230219978921982 	 0.0180470511756369
1.024021997892198 	 0.024716541462448616
1.025021997892198 	 0.032177780671719676
1.0260219978921978 	 0.04019593339709611
1.0270219978921977 	 0.048575070999736215
1.0280219978921976 	 0.05715515167651283
1.0290219978921975 	 0.06580815183719503
1.0300219978921974 	 0.07443400609136643
1.0310219978921973 	 0.0829551799757832
1.0320219978921972 	 0.0913129264605151
1.033021997892197 	 0.09946504825491692
1.034021997892197 	 0.10738215103543362
1.0350219978921968 	 0.11504474817619584
1.0360219978921967 	 0.12244124923296525
1.0370219978921966 	 0.12956634936169512
1.0380219978921965 	 0.13641949771489714
1.0390219978921964 	 0.14300371964673703
1.0400219978921963 	 0.14932469004337656
1.0410219978921962 	 0.15538990104456607
1.042021997892196 	 0.16120767466850197
1.043021997892196 	 0.16678696426621664
1.0440219978921959 	 0.1721371137998562
1.0450219978921957 	 0.1772676046948148
1.0460219978921956 	 0.18218786721952918
1.0470219978921955 	 0.18690725402033068
1.0480219978921954 	 0.19143528840488536
1.0490219978921953 	 0.19578134115287574
1.0500219978921952 	 0.19995449069539312
1.051021997892195 	 0.20396345093084828
1.052021997892195 	 0.20781643485618398
1.0530219978921949 	 0.21152123748313642
1.0540219978921948 	 0.21508526652250615
1.0550219978921946 	 0.21851554766130912
1.0560219978921945 	 0.2218187338939326
1.0570219978921944 	 0.22500111678743254
1.0580219978921943 	 0.22806863787111142
1.0590219978921942 	 0.23102690627541148
1.060021997892194 	 0.23388121546640142
1.061021997892194 	 0.2366365507551884
1.0620219978921939 	 0.23929757900823898
1.0630219978921938 	 0.24186867642541057
1.0640219978921936 	 0.24435400341892474
1.0650219978921935 	 0.24675750621520293
1.0660219978921934 	 0.24908287308854205
1.0670219978921933 	 0.2513334462627616
1.0680219978921932 	 0.2535123291152995
1.069021997892193 	 0.2556224291532414
1.070021997892193 	 0.2576664703504598
1.0710219978921929 	 0.25964706773155366
1.0720219978921928 	 0.26156691751979616
1.0730219978921927 	 0.26342863657324483
1.0740219978921925 	 0.26523471687679356
1.0750219978921924 	 0.2669875332164713
1.0760219978921923 	 0.2686893503493015
1.0770219978921922 	 0.27034232970277455
1.078021997892192 	 0.271948535621937
1.079021997892192 	 0.2735099412085353
1.0800219978921919 	 0.27502843376496733
1.0810219978921918 	 0.2765057094521813
1.0820219978921917 	 0.27794296761228127
1.0830219978921916 	 0.2793412204213295
1.0840219978921914 	 0.2807013936405518
1.0850219978921913 	 0.28202433196343574
1.0860219978921912 	 0.2833108040626183
1.0870219978921911 	 0.2845617627171365
1.088021997892191 	 0.2857790488512799
1.089021997892191 	 0.2869643905693981
1.0900219978921908 	 0.2881191910770563
1.0910219978921907 	 0.28924472056894435
1.0920219978921906 	 0.29034189676486183
1.0930219978921905 	 0.2914115200907867
1.0940219978921903 	 0.2924543484235744
1.0950219978921902 	 0.29347109944140637
1.0960219978921901 	 0.2944624528668131
1.09702199789219 	 0.2954290525628704
1.09802199789219 	 0.29637150847316857
1.0990219978921898 	 0.29729039781167654
1.1000219978921897 	 0.2981862518050791
1.1010219978921896 	 0.29905961654206037
1.1020219978921895 	 0.29991126425205195
1.1030219978921894 	 0.3007419569984122
1.1040219978921892 	 0.3015524413035013
1.1050219978921891 	 0.302343452546225
1.106021997892189 	 0.30311571481893157
1.107021997892189 	 0.3038698008322234
1.1080219978921888 	 0.30460574311159055
1.1090219978921887 	 0.30532343267179435
1.1100219978921886 	 0.3060227427875296
1.1110219978921885 	 0.30670371864049306
1.1120219978921884 	 0.3073670902190381
1.1130219978921883 	 0.3080137060135454
1.1140219978921881 	 0.3086442455713041
1.115021997892188 	 0.3092592343725017
1.116021997892188 	 0.3098591847320208
1.1170219978921878 	 0.310444601791411
1.1180219978921877 	 0.31101598379415113
1.1190219978921876 	 0.3115738223236344
1.1200219978921875 	 0.3121186025184548
1.1210219978921874 	 0.312650688469173
1.1220219978921873 	 0.31317000190030464
1.1230219978921872 	 0.31367633604669726
1.124021997892187 	 0.31416947057909367
1.125021997892187 	 0.3146491766281424
1.1260219978921868 	 0.31511521743318505
1.1270219978921867 	 0.3155673490266651
1.1280219978921866 	 0.31600565167442607
1.1290219978921865 	 0.3164314408523645
1.1300219978921864 	 0.31684632216912945
1.1310219978921863 	 0.3172516122432072
1.1320219978921862 	 0.3176475399338692
1.133021997892186 	 0.3180340637127746
1.134021997892186 	 0.31841113381885305
1.1350219978921858 	 0.3187733821661445
1.1360219978921857 	 0.319131605114496
1.1370219978921856 	 0.31948018902938724
1.1380219978921855 	 0.3198190713075575
1.1390219978921854 	 0.3201483032981619
1.1400219978921853 	 0.3204680441666512
1.1410219978921852 	 0.32077841467180923
1.142021997892185 	 0.32107938241859707
1.143021997892185 	 0.3213708698748225
1.1440219978921848 	 0.32165286344201677
1.1450219978921847 	 0.32192560343564436
1.1460219978921846 	 0.32218938766477406
1.1470219978921845 	 0.32244451136946173
1.1480219978921844 	 0.3226912672568549
1.1490219978921843 	 0.3229299454930441
1.1500219978921842 	 0.3231608336985817
1.151021997892184 	 0.3233841829722214
1.152021997892184 	 0.3236001133161507
1.1530219978921838 	 0.32380870779676724
1.1540219978921837 	 0.3240100462035831
1.1550219978921836 	 0.3242042011643674
1.1560219978921835 	 0.324391240950995
1.1570219978921834 	 0.3245712451134709
1.1580219978921833 	 0.32474428745416273
1.1590219978921832 	 0.3249104392614603
1.160021997892183 	 0.3250697699025974
1.161021997892183 	 0.3252223171042509
1.1620219978921829 	 0.3253680043261433
1.1630219978921827 	 0.3255067310970827
1.1640219978921826 	 0.32563853126881015
1.1650219978921825 	 0.32576358716976456
1.1660219978921824 	 0.3258821646198147
1.1670219978921823 	 0.32599454615210777
1.1680219978921822 	 0.32610101214522186
1.169021997892182 	 0.3262018407889197
1.170021997892182 	 0.3262973080858516
1.1710219978921819 	 0.3263876226162936
1.1720219978921818 	 0.3264727466081721
1.1730219978921816 	 0.32655258229219425
1.1740219978921815 	 0.32662703098902973
1.1750219978921814 	 0.32669599371600744
1.1760219978921813 	 0.32675936951121265
1.1770219978921812 	 0.3268170508909366
1.178021997892181 	 0.3268689484719254
1.179021997892181 	 0.3269149628465944
1.1800219978921809 	 0.3269549947165119
1.1810219978921808 	 0.32698906694471125
1.1820219978921807 	 0.3270176576389648
1.1830219978921805 	 0.327041292758763
1.1840219978921804 	 0.32706060166136824
1.1850219978921803 	 0.32707614579597283
1.1860219978921802 	 0.3270885002912097
1.18702199789218 	 0.32709791776783304
1.18802199789218 	 0.3271035029695071
1.1890219978921799 	 0.32710464297641817
1.1900219978921798 	 0.3271012471691916
1.1910219978921797 	 0.32709325401453176
1.1920219978921796 	 0.32708063389656905
1.1930219978921794 	 0.32706336360408117
1.1940219978921793 	 0.3270414195816281
1.1950219978921792 	 0.3270147782291506
1.1960219978921791 	 0.32698341591808366
1.197021997892179 	 0.3269473090158908
1.198021997892179 	 0.32690643393275093
1.1990219978921788 	 0.3268607671348197
1.2000219978921787 	 0.32681028519178174
1.2010219978921786 	 0.3267550702862469
1.2020219978921785 	 0.3266955979836968
1.2030219978921783 	 0.3266324313552686
1.2040219978921782 	 0.32656612855126044
1.2050219978921781 	 0.32649713148810733
1.206021997892178 	 0.32642546194548067
1.207021997892178 	 0.3263510440211502
1.2080219978921778 	 0.32627380219621005
1.2090219978921777 	 0.32619366134458183
1.2100219978921776 	 0.326110546758397
1.2110219978921775 	 0.32602442262533665
1.2120219978921773 	 0.32593539681023287
1.2130219978921772 	 0.32584359977549565
1.2140219978921771 	 0.32574896393589253
1.215021997892177 	 0.32565123687985087
1.216021997892177 	 0.32555016108227447
1.2170219978921768 	 0.3254454812753052
1.2180219978921767 	 0.32533694448022904
1.2190219978921766 	 0.32522430007757686
1.2200219978921765 	 0.3251072998592753
1.2210219978921764 	 0.3249858825093755
1.2220219978921762 	 0.32486067646027583
1.2230219978921761 	 0.32473246499568237
1.224021997892176 	 0.32460202379735276
1.225021997892176 	 0.32447012091232486
1.2260219978921758 	 0.32433728232959513
1.2270219978921757 	 0.32420315306423864
1.2280219978921756 	 0.3240671770137666
1.2290219978921755 	 0.32392880338320645
1.2300219978921754 	 0.32378748673041163
1.2310219978921753 	 0.32364281846275966
1.2320219978921751 	 0.3234948850448558
1.233021997892175 	 0.3233438868741402
1.234021997892175 	 0.3231900223922501
1.2350219978921748 	 0.32303348804080856
1.2360219978921747 	 0.3228744782429203
1.2370219978921746 	 0.32271318537650484
1.2380219978921745 	 0.32254978499761544
1.2390219978921744 	 0.322384144302541
1.2400219978921743 	 0.3222158432169577
1.2410219978921742 	 0.3220445259872775
1.242021997892174 	 0.32187010639094615
1.243021997892174 	 0.3216925615486126
1.2440219978921738 	 0.32151186902514994
1.2450219978921737 	 0.3213280067598763
1.2460219978921736 	 0.32114095306654883
1.2470219978921735 	 0.32095080430239664
1.2480219978921734 	 0.3207580953480055
1.2490219978921733 	 0.32056345777003964
1.2500219978921732 	 0.3203675160510207
1.251021997892173 	 0.32017075889361235
1.252021997892173 	 0.3199731889182087
1.2530219978921728 	 0.31977469693371724
1.2540219978921727 	 0.31957517500738913
1.2550219978921726 	 0.3193745163381263
1.2560219978921725 	 0.3191726152558356
1.2570219978921724 	 0.31896936719170715
1.2580219978921723 	 0.318764668706334
1.2590219978921722 	 0.3185584175229307
1.260021997892172 	 0.3183505124963797
1.261021997892172 	 0.31814054256314456
1.2620219978921718 	 0.3179269401218144
1.2630219978921717 	 0.31770795926722273
1.2640219978921716 	 0.31748340110036005
1.2650219978921715 	 0.3172545060818225
1.2660219978921714 	 0.3170225562865919
1.2670219978921713 	 0.3167886386385615
1.2680219978921712 	 0.316553155531839
1.269021997892171 	 0.3163163478086543
1.270021997892171 	 0.31607845336441
1.2710219978921709 	 0.315839648183136
1.2720219978921707 	 0.31559988608607814
1.2730219978921706 	 0.31535907070142677
1.2740219978921705 	 0.3151171069632073
1.2750219978921704 	 0.31487390095964085
1.2760219978921703 	 0.31462935990576196
1.2770219978921702 	 0.3143833921176321
1.27802199789217 	 0.31413590702819544
1.27902199789217 	 0.3138868152332851
1.2800219978921699 	 0.3136360284858088
1.2810219978921698 	 0.3133834350864023
1.2820219978921696 	 0.3131288331002257
1.2830219978921695 	 0.312872002366479
1.2840219978921694 	 0.3126127257964725
1.2850219978921693 	 0.31235078925953613
1.2860219978921692 	 0.31208598153209977
1.287021997892169 	 0.3118185384778307
1.288021997892169 	 0.3115502613223488
1.2890219978921689 	 0.311281454918786
1.2900219978921688 	 0.31101066919491904
1.2910219978921686 	 0.31073672987105466
1.2920219978921685 	 0.3104597019148985
1.2930219978921684 	 0.31017993518696424
1.2940219978921683 	 0.3098977751980856
1.2950219978921682 	 0.30961356305338084
1.296021997892168 	 0.309327635385448
1.297021997892168 	 0.3090403242488884
1.2980219978921679 	 0.30875195723734883
1.2990219978921678 	 0.3084628568144636
1.3000219978921677 	 0.3081733357658503
1.3010219978921675 	 0.3078835081071028
1.3020219978921674 	 0.3075927448443941
1.3030219978921673 	 0.3073002522580355
1.3040219978921672 	 0.3070052475353538
1.305021997892167 	 0.3067069588128561
1.306021997892167 	 0.30640487456230686
1.3070219978921669 	 0.3060994211810954
1.3080219978921668 	 0.3057912364657775
1.3090219978921667 	 0.30548094956805943
1.3100219978921666 	 0.3051691808939807
1.3110219978921664 	 0.3048563163989291
1.3120219978921663 	 0.3045418940207143
1.3130219978921662 	 0.3042252875387798
1.3140219978921661 	 0.3039064254449292
1.315021997892166 	 0.3035857508987559
1.316021997892166 	 0.3032637207217542
1.3170219978921658 	 0.30294078486336207
1.3180219978921657 	 0.30261738671192073
1.3190219978921656 	 0.30229396312039425
1.3200219978921655 	 0.30197094450348677
1.3210219978921653 	 0.3016484759838485
1.3220219978921652 	 0.30132565943607514
1.3230219978921651 	 0.3010013654623804
1.324021997892165 	 0.3006744807460384
1.325021997892165 	 0.3003439084446388
1.3260219978921648 	 0.30000856812781995
1.3270219978921647 	 0.2996673956688216
1.3280219978921646 	 0.2993201726399994
1.3290219978921645 	 0.2989697770857524
1.3300219978921644 	 0.2986197644214341
1.3310219978921642 	 0.2982727948701458
1.3320219978921641 	 0.2979284487681422
1.333021997892164 	 0.2975857423960734
1.334021997892164 	 0.2972436715109681
1.3350219978921638 	 0.2969012393609932
1.3360219978921637 	 0.29655746114982706
1.3370219978921636 	 0.2962113648211313
1.3380219978921635 	 0.29586203743752404
1.3390219978921634 	 0.2955095153382309
1.3400219978921633 	 0.2951547142387969
1.3410219978921631 	 0.29479841453964295
1.342021997892163 	 0.2944408041852104
1.343021997892163 	 0.2940819296013586
1.3440219978921628 	 0.29372183538816116
1.3450219978921627 	 0.2933605651236307
1.3460219978921626 	 0.29299816103547066
1.3470219978921625 	 0.29263469368933065
1.3480219978921624 	 0.29227034603550245
1.3490219978921623 	 0.2919053243479851
1.3500219978921622 	 0.2915398312143053
1.351021997892162 	 0.291174075918354
1.352021997892162 	 0.2908083016138611
1.3530219978921618 	 0.2904427524653571
1.3540219978921617 	 0.2900776672213643
1.3550219978921616 	 0.28971328021930204
1.3560219978921615 	 0.2893498208170357
1.3570219978921614 	 0.2889875119280421
1.3580219978921613 	 0.2886265716835036
1.3590219978921612 	 0.28826721400344973
1.360021997892161 	 0.28790964861182955
1.361021997892161 	 0.28755263157229655
1.3620219978921608 	 0.28718953028710126
1.3630219978921607 	 0.2868192740139506
1.3640219978921606 	 0.2864516689080895
1.3650219978921605 	 0.28608664098273007
1.3660219978921604 	 0.2857234808565878
1.3670219978921603 	 0.28536148627613084
1.3680219978921602 	 0.28499996453091725
1.36902199789216 	 0.2846382331578424
1.37002199789216 	 0.2842756198553215
1.3710219978921598 	 0.28391162888752575
1.3720219978921597 	 0.2835463919332262
1.3730219978921596 	 0.2831801802786773
1.3740219978921595 	 0.28281325986135425
1.3750219978921594 	 0.2824458919803995
1.3760219978921593 	 0.2820783325047958
1.3770219978921592 	 0.2817108295609236
1.378021997892159 	 0.2813436263157888
1.379021997892159 	 0.2809769619293484
1.3800219978921588 	 0.2806110717653548
1.3810219978921587 	 0.28024612539203597
1.3820219978921586 	 0.27988205776606767
1.3830219978921585 	 0.27951875022054096
1.3840219978921584 	 0.279156086524792
1.3850219978921583 	 0.2787939533077327
1.3860219978921582 	 0.27843224078458
1.387021997892158 	 0.278070844073993
1.388021997892158 	 0.27770963832756107
1.3890219978921579 	 0.2773480074736331
1.3900219978921577 	 0.27698488203682065
1.3910219978921576 	 0.27661951194847384
1.3920219978921575 	 0.27625234597266174
1.3930219978921574 	 0.2758841055643626
1.3940219978921573 	 0.2755155046246945
1.3950219978921572 	 0.2751472497468939
1.396021997892157 	 0.2747799141343437
1.397021997892157 	 0.2744135950102575
1.3980219978921569 	 0.2740482831430508
1.3990219978921568 	 0.27368397462389316
1.4000219978921566 	 0.2733056814762741
1.4010219978921565 	 0.27294385765299817
1.4020219978921564 	 0.27258304965110347
1.4030219978921563 	 0.2722232823096405
1.4040219978921562 	 0.2718645855000972
1.405021997892156 	 0.27150699341269413
1.406021997892156 	 0.2711505448571515
1.4070219978921559 	 0.2707952848210278
1.4080219978921558 	 0.27044126165965615
1.4090219978921557 	 0.2700885257635975
1.4100219978921555 	 0.2697371288421502
1.4110219978921554 	 0.2693870510938812
1.4120219978921553 	 0.26903800563024716
1.4130219978921552 	 0.26868966028890734
1.414021997892155 	 0.2683419087804033
1.415021997892155 	 0.2679948525657263
1.4160219978921549 	 0.26764859695876153
1.4170219978921548 	 0.267303242330542
1.4180219978921547 	 0.2669588833692268
1.4190219978921546 	 0.2666156085227464
1.4200219978921544 	 0.26627349958696567
1.4210219978921543 	 0.2659326316996253
1.4220219978921542 	 0.26559307474755367
1.4230219978921541 	 0.26525489417307363
1.424021997892154 	 0.2649181487004056
1.425021997892154 	 0.2645828898818836
1.4260219978921538 	 0.26424916142227095
1.4270219978921537 	 0.26391699714037614
1.4280219978921536 	 0.26358642388138176
1.4290219978921535 	 0.2632574627198864
1.4300219978921533 	 0.26293012947165245
1.4310219978921532 	 0.26260443639889147
1.4320219978921531 	 0.26228039662502795
1.433021997892153 	 0.2619580228775754
1.434021997892153 	 0.2616373252441294
1.4350219978921528 	 0.26131831111163367
1.4360219978921527 	 0.26100098486954926
1.4370219978921526 	 0.2606853461631465
1.4380219978921525 	 0.26037140204316966
1.4390219978921523 	 0.2600591262416553
1.4400219978921522 	 0.25974842697117884
1.4410219978921521 	 0.2594392107067986
1.442021997892152 	 0.25913138603445524
1.443021997892152 	 0.25882486527058784
1.4440219978921518 	 0.2585195629162602
1.4450219978921517 	 0.2582153957174286
1.4460219978921516 	 0.2579122822096167
1.4470219978921515 	 0.2576101419070511
1.4480219978921514 	 0.2573088963535474
1.4490219978921512 	 0.25700846948104067
1.4500219978921511 	 0.2567087875927024
1.451021997892151 	 0.2564097914785041
1.452021997892151 	 0.2561114696568595
1.4530219978921508 	 0.25581382398632935
1.4540219978921507 	 0.255516857874131
1.4550219978921506 	 0.25522057590092173
1.4560219978921505 	 0.2549249834061096
1.4570219978921504 	 0.2546300568709867
1.4580219978921503 	 0.2543356669555317
1.4590219978921501 	 0.2540416622744127
1.46002199789215 	 0.2537478946234835
1.46102199789215 	 0.25345421854392786
1.4620219978921498 	 0.25316049065019103
1.4630219978921497 	 0.25286658079873414
1.4640219978921496 	 0.25257256257263305
1.4650219978921495 	 0.2522786981164152
1.4660219978921494 	 0.2519852533110622
1.4670219978921493 	 0.25169248929808424
1.4680219978921492 	 0.25140066348920365
1.469021997892149 	 0.2511100298456151
1.470021997892149 	 0.2508208388669823
1.4710219978921488 	 0.2505332561048142
1.4720219978921487 	 0.2502471409823186
1.4730219978921486 	 0.2499622847712087
1.4740219978921485 	 0.249678481938591
1.4750219978921484 	 0.24939552990733657
1.4760219978921483 	 0.24911322856459764
1.4770219978921482 	 0.24883137907663685
1.478021997892148 	 0.24854978499861147
1.479021997892148 	 0.2482682525896973
1.4800219978921478 	 0.2479865906623155
1.4810219978921477 	 0.24770461039084593
1.4820219978921476 	 0.24742212456005366
1.4830219978921475 	 0.2471391769325443
1.4840219978921474 	 0.2468566616238841
1.4850219978921473 	 0.24657565823461083
1.4860219978921472 	 0.24629722966647905
1.487021997892147 	 0.2460224207109747
1.488021997892147 	 0.24575220482180293
1.4890219978921468 	 0.2454863920549767
1.4900219978921467 	 0.245223713326701
1.4910219978921466 	 0.24496204601873545
1.4920219978921465 	 0.244697340678213
1.4930219978921464 	 0.24442912249241794
1.4940219978921463 	 0.24415791201475232
1.4950219978921462 	 0.24388422243883692
1.496021997892146 	 0.24360855885006397
1.497021997892146 	 0.2433314163170309
1.4980219978921459 	 0.24305328187673783
1.4990219978921457 	 0.24277463514916567
1.5000219978921456 	 0.24249594836648733
1.5010219978921455 	 0.24221768630127813
1.5020219978921454 	 0.24194030615616538
1.5030219978921453 	 0.24166425841223807
1.5040219978921452 	 0.2413899865892852
1.505021997892145 	 0.2411179272845198
1.506021997892145 	 0.24084839867156807
1.5070219978921449 	 0.240581297561279
1.5080219978921447 	 0.24031611439719103
1.5090219978921446 	 0.2400511887998571
1.5100219978921445 	 0.23978461329059741
1.5110219978921444 	 0.23951513555413664
1.5120219978921443 	 0.23924386665698572
1.5130219978921442 	 0.23897240901375366
1.514021997892144 	 0.23870150701957352
1.515021997892144 	 0.23843110844575144
1.5160219978921439 	 0.23816113057871477
1.5170219978921438 	 0.2378914909273244
1.5180219978921436 	 0.23762210761745384
1.5190219978921435 	 0.2373528995180086
1.5200219978921434 	 0.23708378625048146
1.5210219978921433 	 0.23681468620361606
1.5220219978921432 	 0.2365455151427826
1.523021997892143 	 0.23627619582371778
1.524021997892143 	 0.2360066523557932
1.5250219978921429 	 0.23573680943300385
1.5260219978921428 	 0.23546657243866756
1.5270219978921427 	 0.2351958546110072
1.5280219978921425 	 0.23492458316274348
1.5290219978921424 	 0.23465268574669593
1.5300219978921423 	 0.23438008587414497
1.5310219978921422 	 0.23410673433691648
1.532021997892142 	 0.23383267512519726
1.533021997892142 	 0.23355797349771293
1.5340219978921419 	 0.23328269391030956
1.5350219978921418 	 0.23300689971079627
1.5360219978921417 	 0.23273065375706223
1.5370219978921416 	 0.23245401986229794
1.5380219978921414 	 0.23217705849792986
1.5390219978921413 	 0.2318997712679223
1.5400219978921412 	 0.23162210522980584
1.5410219978921411 	 0.2313440068619695
1.542021997892141 	 0.23106542676828964
1.543021997892141 	 0.23078631839397534
1.5440219978921408 	 0.2305066363115569
1.5450219978921407 	 0.23022633594629588
1.5460219978921406 	 0.2299453746843015
1.5470219978921405 	 0.22966377870865837
1.5480219978921403 	 0.2293818134018718
1.5490219978921402 	 0.22909979617157708
1.5500219978921401 	 0.22881773442198639
1.55102199789214 	 0.22853475468630977
1.55202199789214 	 0.228250699103554
1.5530219978921398 	 0.22796564002803135
1.5540219978921397 	 0.22767965016928424
1.5550219978921396 	 0.22739280239049675
1.5560219978921395 	 0.22710517160037264
1.5570219978921394 	 0.22681683955734078
1.5580219978921392 	 0.22652789020621053
1.5590219978921391 	 0.22623840840965706
1.560021997892139 	 0.22594848029094017
1.561021997892139 	 0.22565819571451112
1.5620219978921388 	 0.22536765493602584
1.5630219978921387 	 0.2250769523836573
1.5640219978921386 	 0.2247859546514111
1.5650219978921385 	 0.22449431813339216
1.5660219978921384 	 0.2242017044822126
1.5670219978921383 	 0.2239077966636822
1.5680219978921381 	 0.22361005045614832
1.569021997892138 	 0.2233063117131756
1.570021997892138 	 0.22299795884029586
1.5710219978921378 	 0.2226853302919715
1.5720219978921377 	 0.2223691838003579
1.5730219978921376 	 0.22205034113620586
1.5740219978921375 	 0.22172958232087595
1.5750219978921374 	 0.2214076640480509
1.5760219978921373 	 0.22108533280244977
1.5770219978921372 	 0.2207633396198029
1.578021997892137 	 0.2204424308590195
1.579021997892137 	 0.22012334378794737
1.5800219978921368 	 0.21980680244652673
1.5810219978921367 	 0.21949351240188156
1.5820219978921366 	 0.2191841553296964
1.5830219978921365 	 0.2188793646454951
1.5840219978921364 	 0.21857970109151734
1.5850219978921363 	 0.21828562440754476
1.5860219978921362 	 0.21799746430865424
1.587021997892136 	 0.21771539632375006
1.588021997892136 	 0.21743871764591682
1.5890219978921358 	 0.2171575729422881
1.5900219978921357 	 0.21686802279711676
1.5910219978921356 	 0.21656995043853847
1.5920219978921355 	 0.21626306255029126
1.5930219978921354 	 0.2159470141735314
1.5940219978921353 	 0.2156215370708067
1.5950219978921352 	 0.21528656139386732
1.596021997892135 	 0.21494231736065977
1.597021997892135 	 0.2145893999822206
1.5980219978921348 	 0.21422876414500924
1.5990219978921347 	 0.21386167596549344
1.6000219978921346 	 0.21348963194582146
1.6010219978921345 	 0.21311406746698658
1.6020219978921344 	 0.2127357350216687
1.6030219978921343 	 0.21235519777037032
1.6040219978921342 	 0.21197295084223186
1.605021997892134 	 0.21158939041526179
1.606021997892134 	 0.21120480285301765
1.6070219978921338 	 0.21081936996350845
1.6080219978921337 	 0.21043317407761128
1.6090219978921336 	 0.21004621069794446
1.6100219978921335 	 0.209658404314641
1.6110219978921334 	 0.20926976905027075
1.6120219978921333 	 0.20888081535074607
1.6130219978921332 	 0.20849212137834885
1.614021997892133 	 0.20810399774597355
1.615021997892133 	 0.20771651536299238
1.6160219978921329 	 0.2073297250682635
1.6170219978921327 	 0.2069436706947059
1.6180219978921326 	 0.2065583943243638
1.6190219978921325 	 0.20617394000802097
1.6200219978921324 	 0.20579035628507863
1.6210219978921323 	 0.20540769714607024
1.6220219978921322 	 0.20502601858760852
1.623021997892132 	 0.2046453813573311
1.624021997892132 	 0.20426585662741042
1.6250219978921319 	 0.20388752836994556
1.6260219978921318 	 0.203510491648421
1.6270219978921316 	 0.20313484702433413
1.6280219978921315 	 0.20276070855137424
1.6290219978921314 	 0.2023882066642537
1.6300219978921313 	 0.202017489030338
1.6310219978921312 	 0.2016485501559603
1.632021997892131 	 0.20128076835234227
1.633021997892131 	 0.20091340414467604
1.6340219978921309 	 0.2005460052686083
1.6350219978921308 	 0.20017908476565455
1.6360219978921307 	 0.19981338381030653
1.6370219978921305 	 0.19944963938959598
1.6380219978921304 	 0.19908858585274009
1.6390219978921303 	 0.19873075336717413
1.6400219978921302 	 0.19837648481280773
1.64102199789213 	 0.198026130465036
1.64202199789213 	 0.19768004241257706
1.6430219978921299 	 0.19733858527654338
1.6440219978921298 	 0.1970021414472641
1.6450219978921297 	 0.1966711107118361
1.6460219978921296 	 0.19634590486031972
1.6470219978921294 	 0.19602693363561874
1.6480219978921293 	 0.19571461718688823
1.6490219978921292 	 0.19540938858565937
1.650021997892129 	 0.19511169213518567
1.651021997892129 	 0.19482192846443225
1.652021997892129 	 0.1945403068433312
1.6530219978921288 	 0.19426699903025804
1.6540219978921287 	 0.19400218504812355
1.6550219978921286 	 0.1937460515504518
1.6560219978921285 	 0.19349878527228048
1.6570219978921283 	 0.19326055936807202
1.6580219978921282 	 0.19303154342075854
1.6590219978921281 	 0.1928119044462044
1.660021997892128 	 0.19260180485588185
1.661021997892128 	 0.1924016114773545
1.6620219978921278 	 0.19221246777669113
1.6630219978921277 	 0.19203565109791643
1.6640219978921276 	 0.1918718481872478
1.6650219978921275 	 0.1917211941393858
1.6660219978921273 	 0.19158378514595767
1.6670219978921272 	 0.1914596901377138
1.6680219978921271 	 0.19134895739155494
1.669021997892127 	 0.19125161559528286
1.670021997892127 	 0.19116767257321182
1.6710219978921268 	 0.1910971414404572
1.6720219978921267 	 0.19104011448610947
1.6730219978921266 	 0.19099668457454588
1.6740219978921265 	 0.19096691966049728
1.6750219978921264 	 0.19095086220589957
1.6760219978921262 	 0.1909485278479786
1.6770219978921261 	 0.1909599020825079
1.678021997892126 	 0.19098494401046778
1.679021997892126 	 0.19102358780386514
1.6800219978921258 	 0.1910757430641375
1.6810219978921257 	 0.1911412951192883
1.6820219978921256 	 0.19122010472198717
1.6830219978921255 	 0.19131201197845576
1.6840219978921254 	 0.1914168362284702
1.6850219978921253 	 0.19153437663125664
1.6860219978921251 	 0.19166441336345508
1.687021997892125 	 0.19180670898092342
1.688021997892125 	 0.19196101610736324
1.6890219978921248 	 0.19212720905373087
1.6900219978921247 	 0.1923052779727023
1.6910219978921246 	 0.19249515465674139
1.6920219978921245 	 0.19269656718604636
1.6930219978921244 	 0.19290919111665114
1.6940219978921243 	 0.1931326944121384
1.6950219978921242 	 0.19336673819646194
1.696021997892124 	 0.19361097891816145
1.697021997892124 	 0.19386507208926382
1.6980219978921238 	 0.19412867084831362
1.6990219978921237 	 0.19440142628105625
1.7000219978921236 	 0.18971569738542524
1.7010219978921235 	 0.18971765492669648
1.7020219978921234 	 0.18971961113812263
1.7030219978921233 	 0.18972156601988194
1.7040219978921232 	 0.18972351957216038
1.705021997892123 	 0.1897254717951516
1.706021997892123 	 0.18972742268905698
1.7070219978921228 	 0.18972937225408537
1.7080219978921227 	 0.18973132049045333
1.7090219978921226 	 0.18973326739838475
1.7100219978921225 	 0.18973521297811097
1.7110219978921224 	 0.1897371572298707
1.7120219978921223 	 0.18973910015390985
1.7130219978921222 	 0.1897410417504817
1.714021997892122 	 0.1897429820198466
1.715021997892122 	 0.18974492096227205
1.7160219978921218 	 0.1897468585780326
1.7170219978921217 	 0.1897487948674098
1.7180219978921216 	 0.18975072983069213
1.7190219978921215 	 0.18975266346817501
1.7200219978921214 	 0.1897545957801606
1.7210219978921213 	 0.1897565267669579
1.7220219978921212 	 0.18975845642888267
1.723021997892121 	 0.18976038476625717
1.724021997892121 	 0.18976231177941044
1.7250219978921209 	 0.18976423746867802
1.7260219978921207 	 0.1897661618344019
1.7270219978921206 	 0.18976808487693064
1.7280219978921205 	 0.189770006596619
1.7290219978921204 	 0.18977192699382828
1.7300219978921203 	 0.189773846068926
1.7310219978921202 	 0.18977576382228584
1.73202199789212 	 0.1897776802542878
1.73302199789212 	 0.1897795953653179
1.7340219978921199 	 0.18978150915576836
1.7350219978921197 	 0.18978342162603737
1.7360219978921196 	 0.18978533277652904
1.7370219978921195 	 0.1897872426076535
1.7380219978921194 	 0.1897891511198268
1.7390219978921193 	 0.18979105831347076
1.7400219978921192 	 0.18979296418901295
1.741021997892119 	 0.18979486874688686
1.742021997892119 	 0.18979677198753142
1.7430219978921189 	 0.18979867391139138
1.7440219978921188 	 0.18980057451891708
1.7450219978921186 	 0.1898024738105643
1.7460219978921185 	 0.1898043717867944
1.7470219978921184 	 0.18980626844807427
1.7480219978921183 	 0.18980816379487606
1.7490219978921182 	 0.1898100578276774
1.750021997892118 	 0.18981195054696115
1.751021997892118 	 0.18981384195321555
1.7520219978921179 	 0.189815732046934
1.7530219978921178 	 0.18981762082861506
1.7540219978921177 	 0.18981950829876254
1.7550219978921175 	 0.18982139445788526
1.7560219978921174 	 0.18982327930649712
1.7570219978921173 	 0.18982516284511705
1.7580219978921172 	 0.1898270450742689
1.759021997892117 	 0.1898289259944815
1.760021997892117 	 0.18983080560628854
1.7610219978921169 	 0.1898326839102286
1.7620219978921168 	 0.18983456090684495
1.7630219978921167 	 0.18983643659668573
1.7640219978921166 	 0.18983831098030376
1.7650219978921164 	 0.18984018405825653
1.7660219978921163 	 0.1898420558311062
1.7670219978921162 	 0.18984392629941943
1.7680219978921161 	 0.18984579546376762
1.769021997892116 	 0.1898476633247265
1.770021997892116 	 0.18984952988287637
1.7710219978921158 	 0.18985139513880198
1.7720219978921157 	 0.18985325909309245
1.7730219978921156 	 0.1898551217463413
1.7740219978921155 	 0.18985698309914634
1.7750219978921153 	 0.1898588431521096
1.7760219978921152 	 0.1898607019058375
1.7770219978921151 	 0.18986255936094062
1.778021997892115 	 0.18986441551803368
1.779021997892115 	 0.18986627037773557
1.7800219978921148 	 0.18986812394066924
1.7810219978921147 	 0.1898699762074617
1.7820219978921146 	 0.1898718271787441
1.7830219978921145 	 0.18987367685515144
1.7840219978921144 	 0.1898755252373228
1.7850219978921142 	 0.18987737232590107
1.7860219978921141 	 0.18987921812153305
1.787021997892114 	 0.1898810626248695
1.788021997892114 	 0.18988290583656486
1.7890219978921138 	 0.18988474775727743
1.7900219978921137 	 0.18988658838766923
1.7910219978921136 	 0.18988842772840595
1.7920219978921135 	 0.18989026578015716
1.7930219978921134 	 0.18989210254359573
1.7940219978921133 	 0.18989393801939852
1.7950219978921131 	 0.18989577220824563
1.796021997892113 	 0.18989760511082102
1.797021997892113 	 0.1898994367278119
1.7980219978921128 	 0.1899012670599092
1.7990219978921127 	 0.18990309610780715
1.8000219978921126 	 0.18990492387220329
1.8010219978921125 	 0.18990675035379892
1.8020219978921124 	 0.18990857555329826
1.8030219978921123 	 0.18991039947140922
1.8040219978921122 	 0.18991222210884276
1.805021997892112 	 0.18991404346631327
1.806021997892112 	 0.18991586354453818
1.8070219978921118 	 0.1899176823442384
1.8080219978921117 	 0.1899194998661377
1.8090219978921116 	 0.18992131611096327
1.8100219978921115 	 0.18992313107944517
1.8110219978921114 	 0.18992494477231675
1.8120219978921113 	 0.1899267571903143
1.8130219978921112 	 0.1899285683341772
1.814021997892111 	 0.18993037820464775
1.815021997892111 	 0.18993218680247126
1.8160219978921108 	 0.18993399412839607
1.8170219978921107 	 0.1899358001831732
1.8180219978921106 	 0.18993760496755682
1.8190219978921105 	 0.1899394084823038
1.8200219978921104 	 0.18994121072817385
1.8210219978921103 	 0.18994301170592953
1.8220219978921102 	 0.18994481141633607
1.82302199789211 	 0.18994660986016168
1.82402199789211 	 0.189948407038177
1.8250219978921098 	 0.1899502029511555
1.8260219978921097 	 0.18995199759987344
1.8270219978921096 	 0.18995379098510942
1.8280219978921095 	 0.189955583107645
1.8290219978921094 	 0.18995737396826404
1.8300219978921093 	 0.18995916356775308
1.8310219978921092 	 0.18996095190690132
1.832021997892109 	 0.18996273898650018
1.833021997892109 	 0.18996452480734385
1.8340219978921088 	 0.18996630937022888
1.8350219978921087 	 0.1899680926759541
1.8360219978921086 	 0.18996987472532112
1.8370219978921085 	 0.1899716555191335
1.8380219978921084 	 0.18997343505819747
1.8390219978921083 	 0.18997521334332151
1.8400219978921082 	 0.1899769903753164
1.841021997892108 	 0.18997876615499523
1.842021997892108 	 0.18998054068317335
1.8430219978921079 	 0.1899823139606683
1.8440219978921077 	 0.18998408598829994
1.8450219978921076 	 0.18998585676689023
1.8460219978921075 	 0.18998762629726343
1.8470219978921074 	 0.18998939458024589
1.8480219978921073 	 0.18999116161666593
1.8490219978921072 	 0.18999292740735427
1.850021997892107 	 0.1899946919531435
1.851021997892107 	 0.18999645525486836
1.8520219978921069 	 0.18999821731336558
1.8530219978921068 	 0.18999997812947395
1.8540219978921066 	 0.1900017377040342
1.8550219978921065 	 0.19000349603788913
1.8560219978921064 	 0.19000525313188346
1.8570219978921063 	 0.19000700898686376
1.8580219978921062 	 0.19000876360367858
1.859021997892106 	 0.19001051698317836
1.860021997892106 	 0.1900122691262154
1.8610219978921059 	 0.1900140200336439
1.8620219978921058 	 0.19001576970631973
1.8630219978921057 	 0.19001751814510073
1.8640219978921055 	 0.1900192653508465
1.8650219978921054 	 0.19002101132441832
1.8660219978921053 	 0.1900227560666793
1.8670219978921052 	 0.1900244995784942
1.868021997892105 	 0.1900262418607296
1.869021997892105 	 0.19002798291425377
1.8700219978921049 	 0.1900297227399364
1.8710219978921048 	 0.19003146133864918
1.8720219978921047 	 0.19003319871126514
1.8730219978921046 	 0.19003493485865913
1.8740219978921044 	 0.19003666978170747
1.8750219978921043 	 0.1900384034812881
1.8760219978921042 	 0.19004013595828054
1.877021997892104 	 0.19004186721356567
1.878021997892104 	 0.1900435972480262
1.879021997892104 	 0.1900453260625461
1.8800219978921038 	 0.19004705365801083
1.8810219978921037 	 0.19004878003530748
1.8820219978921036 	 0.1900505051953244
1.8830219978921034 	 0.19005222913895148
1.8840219978921033 	 0.19005395186708007
1.8850219978921032 	 0.19005567338060264
1.8860219978921031 	 0.19005739368041336
1.887021997892103 	 0.19005911276740764
1.888021997892103 	 0.19006083064248214
1.8890219978921028 	 0.19006254730653493
1.8900219978921027 	 0.19006426276046548
1.8910219978921026 	 0.1900659770051743
1.8920219978921025 	 0.19006769004156343
1.8930219978921023 	 0.1900694018705361
1.8940219978921022 	 0.19007111249299663
1.8950219978921021 	 0.1900728219098507
1.896021997892102 	 0.19007453012200523
1.897021997892102 	 0.19007623713036823
1.8980219978921018 	 0.190077942935849
1.8990219978921017 	 0.19007964753935794
1.9000219978921016 	 0.1900813509418065
1.9010219978921015 	 0.1900830531441075
1.9020219978921014 	 0.19008475414717457
1.9030219978921012 	 0.19008645395192272
1.9040219978921011 	 0.19008815255926792
1.905021997892101 	 0.19008984997012707
1.906021997892101 	 0.19009154618541851
1.9070219978921008 	 0.19009324120606114
1.9080219978921007 	 0.19009493503297528
1.9090219978921006 	 0.19009662766708205
1.9100219978921005 	 0.19009831910930355
1.9110219978921004 	 0.19010000936056298
1.9120219978921003 	 0.1901016984217845
1.9130219978921001 	 0.19010338629389312
1.9140219978921 	 0.1901050729778148
1.9150219978921 	 0.19010675847447653
1.9160219978920998 	 0.1901084427848061
1.9170219978920997 	 0.19011012590973225
1.9180219978920996 	 0.19011180785018464
1.9190219978920995 	 0.19011348860709365
1.9200219978920994 	 0.19011516818139074
1.9210219978920993 	 0.19011684657400793
1.9220219978920992 	 0.1901185237858783
1.923021997892099 	 0.19012019981793574
1.924021997892099 	 0.19012187467111472
1.9250219978920988 	 0.19012354834635076
1.9260219978920987 	 0.19012522084457995
1.9270219978920986 	 0.19012689216673923
1.9280219978920985 	 0.19012856231376637
1.9290219978920984 	 0.19013023128659978
1.9300219978920983 	 0.19013189908617856
1.9310219978920982 	 0.19013356571344261
1.932021997892098 	 0.19013523116933242
1.933021997892098 	 0.19013689545478935
1.9340219978920978 	 0.19013855857075523
1.9350219978920977 	 0.19014022051817267
1.9360219978920976 	 0.1901418812979849
1.9370219978920975 	 0.19014354091113578
1.9380219978920974 	 0.19014519935856983
1.9390219978920973 	 0.19014685664123207
1.9400219978920972 	 0.19014851276006836
1.941021997892097 	 0.19015016771602494
1.942021997892097 	 0.1901518215100486
1.9430219978920968 	 0.19015347414308686
1.9440219978920967 	 0.19015512561608772
1.9450219978920966 	 0.1901567759299997
1.9460219978920965 	 0.190158425085772
1.9470219978920964 	 0.190160073084354
1.9480219978920963 	 0.19016171992669603
1.9490219978920962 	 0.19016336561374855
1.950021997892096 	 0.19016501014646275
1.951021997892096 	 0.19016665352579018
1.9520219978920959 	 0.19016829575268285
1.9530219978920957 	 0.1901699368280933
1.9540219978920956 	 0.19017157675297458
1.9550219978920955 	 0.19017321552827987
1.9560219978920954 	 0.19017485315496313
1.9570219978920953 	 0.1901764896339785
1.9580219978920952 	 0.19017812496628067
1.959021997892095 	 0.19017975915282467
1.960021997892095 	 0.19018139219456587
1.9610219978920949 	 0.19018302409246002
1.9620219978920947 	 0.19018465484746333
1.9630219978920946 	 0.1901862844605322
1.9640219978920945 	 0.1901879129326236
1.9650219978920944 	 0.19018954026469467
1.9660219978920943 	 0.19019116645770281
1.9670219978920942 	 0.19019279151260593
1.968021997892094 	 0.19019441543036214
1.969021997892094 	 0.19019603821192985
1.9700219978920939 	 0.1901976598582677
1.9710219978920938 	 0.19019928037033476
1.9720219978920936 	 0.1902008997490902
1.9730219978920935 	 0.19020251799549356
1.9740219978920934 	 0.19020413511050457
1.9750219978920933 	 0.19020575109508323
1.9760219978920932 	 0.19020736595018978
1.977021997892093 	 0.19020897967678463
1.978021997892093 	 0.1902105922758285
1.9790219978920929 	 0.19021220374828218
1.9800219978920928 	 0.19021381409510674
1.9810219978920927 	 0.19021542331726346
1.9820219978920925 	 0.1902170314157137
1.9830219978920924 	 0.1902186383914191
1.9840219978920923 	 0.19022024424534137
1.9850219978920922 	 0.19022184897844246
1.986021997892092 	 0.19022345259168436
1.987021997892092 	 0.1902250550860293
1.9880219978920919 	 0.19022665646243955
1.9890219978920918 	 0.1902282567218776
1.9900219978920917 	 0.19022985586530589
1.9910219978920916 	 0.19023145389368712
1.9920219978920914 	 0.19023305080798406
1.9930219978920913 	 0.19023464660915945
1.9940219978920912 	 0.19023624129817626
1.9950219978920911 	 0.19023783487599744
1.996021997892091 	 0.190239427343586
1.997021997892091 	 0.19024101870190513
1.9980219978920908 	 0.19024260895191786
1.9990219978920907 	 0.19024419809458737
