0.0010219978922 	 0
0.0020219978922 	 0.0
0.0030219978922 	 0.0
0.0040219978922 	 0.0
0.0050219978922 	 0.0
0.0060219978922 	 0.0
0.0070219978922 	 0.0
0.0080219978922 	 0.0
0.009021997892200002 	 0.0
0.010021997892200003 	 0.0
0.011021997892200004 	 0.0
0.012021997892200004 	 0.0
0.013021997892200005 	 0.0
0.014021997892200006 	 0.0
0.015021997892200007 	 0.0
0.016021997892200008 	 0.0
0.01702199789220001 	 0.0
0.01802199789220001 	 0.0
0.01902199789220001 	 0.0
0.02002199789220001 	 0.0
0.021021997892200012 	 0.0
0.022021997892200013 	 0.0
0.023021997892200014 	 0.0
0.024021997892200015 	 0.0
0.025021997892200016 	 0.0
0.026021997892200017 	 0.0
0.027021997892200018 	 0.0
0.02802199789220002 	 0.0
0.02902199789220002 	 0.0
0.03002199789220002 	 0.0
0.03102199789220002 	 0.0
0.03202199789220002 	 0.0
0.03302199789220002 	 0.0
0.03402199789220002 	 0.0
0.03502199789220002 	 0.0
0.03602199789220002 	 0.0
0.03702199789220002 	 0.0
0.038021997892200024 	 0.0
0.039021997892200025 	 0.0
0.040021997892200026 	 0.0
0.04102199789220003 	 0.0
0.04202199789220003 	 0.0
0.04302199789220003 	 0.0
0.04402199789220003 	 0.0
0.04502199789220003 	 0.0
0.04602199789220003 	 0.0
0.04702199789220003 	 0.0
0.04802199789220003 	 0.0
0.049021997892200034 	 0.0
0.050021997892200035 	 0.0
0.051021997892200036 	 0.0
0.052021997892200036 	 0.0
0.05302199789220004 	 0.0
0.05402199789220004 	 0.0
0.05502199789220004 	 0.0
0.05602199789220004 	 0.0
0.05702199789220004 	 0.0
0.05802199789220004 	 0.0
0.05902199789220004 	 0.0
0.060021997892200044 	 0.0
0.061021997892200044 	 0.0
0.062021997892200045 	 0.0
0.06302199789220005 	 0.0
0.06402199789220005 	 0.0
0.06502199789220005 	 0.0
0.06602199789220005 	 0.0
0.06702199789220005 	 0.0
0.06802199789220005 	 0.0
0.06902199789220005 	 0.0
0.07002199789220005 	 0.0
0.07102199789220005 	 0.0
0.07202199789220005 	 0.0
0.07302199789220006 	 0.0
0.07402199789220006 	 0.0
0.07502199789220006 	 0.0
0.07602199789220006 	 0.0
0.07702199789220006 	 0.0
0.07802199789220006 	 0.0
0.07902199789220006 	 0.0
0.08002199789220006 	 0.0
0.08102199789220006 	 0.0
0.08202199789220006 	 0.0
0.08302199789220006 	 0.0
0.08402199789220006 	 0.0
0.08502199789220007 	 0.0
0.08602199789220007 	 0.0
0.08702199789220007 	 0.0
0.08802199789220007 	 0.0
0.08902199789220007 	 0.0
0.09002199789220007 	 0.0
0.09102199789220007 	 0.0
0.09202199789220007 	 0.0
0.09302199789220007 	 0.0
0.09402199789220007 	 0.0
0.09502199789220007 	 0.0
0.09602199789220008 	 0.0
0.09702199789220008 	 0.0
0.09802199789220008 	 0.0
0.09902199789220008 	 0.0
0.10002199789220008 	 0.0
0.10102199789220008 	 0.0
0.10202199789220008 	 0.0
0.10302199789220008 	 0.0
0.10402199789220008 	 0.0
0.10502199789220008 	 0.0
0.10602199789220008 	 0.0
0.10702199789220009 	 0.0
0.10802199789220009 	 0.0
0.10902199789220009 	 0.0
0.11002199789220009 	 0.0
0.11102199789220009 	 0.0
0.11202199789220009 	 0.0
0.11302199789220009 	 0.0
0.11402199789220009 	 0.0
0.11502199789220009 	 0.0
0.1160219978922001 	 0.0
0.1170219978922001 	 0.0
0.1180219978922001 	 0.0
0.1190219978922001 	 0.0
0.1200219978922001 	 0.0
0.1210219978922001 	 0.0
0.1220219978922001 	 0.0
0.1230219978922001 	 0.0
0.1240219978922001 	 0.0
0.1250219978922001 	 0.0
0.1260219978922001 	 0.0
0.1270219978922001 	 0.0
0.1280219978922001 	 0.0
0.1290219978922001 	 0.0
0.1300219978922001 	 0.0
0.1310219978922001 	 0.0
0.1320219978922001 	 0.0
0.1330219978922001 	 0.0
0.1340219978922001 	 0.0
0.1350219978922001 	 0.0
0.1360219978922001 	 0.0
0.1370219978922001 	 0.0
0.1380219978922001 	 0.0
0.1390219978922001 	 0.0
0.1400219978922001 	 0.0
0.1410219978922001 	 0.0
0.1420219978922001 	 0.0
0.1430219978922001 	 0.0
0.1440219978922001 	 0.0
0.1450219978922001 	 0.0
0.1460219978922001 	 0.0
0.1470219978922001 	 0.0
0.1480219978922001 	 0.0
0.1490219978922001 	 0.0
0.1500219978922001 	 0.0
0.1510219978922001 	 0.0
0.1520219978922001 	 0.0
0.1530219978922001 	 0.0
0.1540219978922001 	 0.0
0.15502199789220011 	 0.0
0.15602199789220011 	 0.0
0.15702199789220012 	 0.0
0.15802199789220012 	 0.0
0.15902199789220012 	 0.0
0.16002199789220012 	 0.0
0.16102199789220012 	 0.0
0.16202199789220012 	 0.0
0.16302199789220012 	 0.0
0.16402199789220012 	 0.0
0.16502199789220012 	 0.0
0.16602199789220012 	 0.0
0.16702199789220012 	 0.0
0.16802199789220013 	 0.0
0.16902199789220013 	 0.0
0.17002199789220013 	 0.0
0.17102199789220013 	 0.0
0.17202199789220013 	 0.0
0.17302199789220013 	 0.0
0.17402199789220013 	 0.0
0.17502199789220013 	 0.0
0.17602199789220013 	 0.0
0.17702199789220013 	 0.0
0.17802199789220013 	 0.0
0.17902199789220014 	 0.0
0.18002199789220014 	 0.0
0.18102199789220014 	 0.0
0.18202199789220014 	 0.0
0.18302199789220014 	 0.0
0.18402199789220014 	 0.0
0.18502199789220014 	 0.0
0.18602199789220014 	 0.0
0.18702199789220014 	 0.0
0.18802199789220014 	 0.0
0.18902199789220014 	 0.0
0.19002199789220015 	 0.0
0.19102199789220015 	 0.0
0.19202199789220015 	 0.0
0.19302199789220015 	 0.0
0.19402199789220015 	 0.0
0.19502199789220015 	 0.0
0.19602199789220015 	 0.0
0.19702199789220015 	 0.0
0.19802199789220015 	 0.0
0.19902199789220015 	 0.0
0.20002199789220015 	 0.0
0.20102199789220015 	 0.0
0.20202199789220016 	 0.0
0.20302199789220016 	 0.0
0.20402199789220016 	 0.0
0.20502199789220016 	 0.0
0.20602199789220016 	 0.0
0.20702199789220016 	 0.0
0.20802199789220016 	 0.0
0.20902199789220016 	 0.0
0.21002199789220016 	 0.0
0.21102199789220016 	 0.0
0.21202199789220016 	 0.0
0.21302199789220017 	 0.0
0.21402199789220017 	 0.0
0.21502199789220017 	 0.0
0.21602199789220017 	 0.0
0.21702199789220017 	 0.0
0.21802199789220017 	 0.0
0.21902199789220017 	 0.0
0.22002199789220017 	 0.0
0.22102199789220017 	 0.0
0.22202199789220017 	 0.0
0.22302199789220017 	 0.0
0.22402199789220018 	 0.0
0.22502199789220018 	 0.0
0.22602199789220018 	 0.0
0.22702199789220018 	 0.0
0.22802199789220018 	 0.0
0.22902199789220018 	 0.0
0.23002199789220018 	 0.0
0.23102199789220018 	 0.0
0.23202199789220018 	 0.0
0.23302199789220018 	 0.0
0.23402199789220018 	 0.0
0.23502199789220019 	 0.0
0.23602199789220019 	 0.0
0.2370219978922002 	 0.0
0.2380219978922002 	 0.0
0.2390219978922002 	 0.0
0.2400219978922002 	 0.0
0.2410219978922002 	 0.0
0.2420219978922002 	 0.0
0.2430219978922002 	 0.0
0.2440219978922002 	 0.0
0.2450219978922002 	 0.0
0.2460219978922002 	 0.0
0.2470219978922002 	 0.0
0.2480219978922002 	 0.0
0.2490219978922002 	 0.0
0.2500219978922002 	 0.0
0.2510219978922002 	 0.0
0.2520219978922002 	 0.0
0.2530219978922002 	 0.0
0.2540219978922002 	 0.0
0.2550219978922002 	 0.0
0.2560219978922002 	 0.0
0.2570219978922002 	 0.0
0.2580219978922002 	 0.0
0.2590219978922002 	 0.0
0.2600219978922002 	 0.0
0.2610219978922002 	 0.0
0.2620219978922002 	 0.0
0.2630219978922002 	 0.0
0.2640219978922002 	 0.0
0.2650219978922002 	 0.0
0.2660219978922002 	 0.0
0.2670219978922002 	 0.0
0.2680219978922002 	 0.0
0.2690219978922002 	 0.0
0.2700219978922002 	 0.0
0.2710219978922002 	 0.0
0.2720219978922002 	 0.0
0.2730219978922002 	 0.0
0.2740219978922002 	 0.0
0.2750219978922002 	 0.0
0.2760219978922002 	 0.0
0.2770219978922002 	 0.0
0.2780219978922002 	 0.0
0.2790219978922002 	 0.0
0.2800219978922002 	 0.0
0.2810219978922002 	 0.0
0.2820219978922002 	 0.0
0.2830219978922002 	 0.0
0.28402199789220023 	 0.0
0.28502199789220023 	 0.0
0.28602199789220023 	 0.0
0.28702199789220023 	 0.0
0.28802199789220023 	 0.0
0.28902199789220023 	 0.0
0.29002199789220023 	 0.0
0.29102199789220023 	 0.0
0.29202199789220024 	 0.0
0.29302199789220024 	 0.0
0.29402199789220024 	 0.0
0.29502199789220024 	 0.0
0.29602199789220024 	 0.0
0.29702199789220024 	 0.0
0.29802199789220024 	 0.0
0.29902199789220024 	 0.0
0.30002199789220024 	 0.0
0.30102199789220024 	 0.0
0.30202199789220024 	 0.0
0.30302199789220025 	 0.0
0.30402199789220025 	 0.0
0.30502199789220025 	 0.0
0.30602199789220025 	 0.0
0.30702199789220025 	 0.0
0.30802199789220025 	 0.0
0.30902199789220025 	 0.0
0.31002199789220025 	 0.0
0.31102199789220025 	 0.0
0.31202199789220025 	 0.0
0.31302199789220025 	 0.0
0.31402199789220026 	 0.0
0.31502199789220026 	 0.0
0.31602199789220026 	 0.0
0.31702199789220026 	 0.0
0.31802199789220026 	 0.0
0.31902199789220026 	 0.0
0.32002199789220026 	 0.0
0.32102199789220026 	 0.0
0.32202199789220026 	 0.0
0.32302199789220026 	 0.0
0.32402199789220026 	 0.0
0.32502199789220027 	 0.0
0.32602199789220027 	 0.0
0.32702199789220027 	 0.0
0.32802199789220027 	 0.0
0.32902199789220027 	 0.0
0.33002199789220027 	 0.0
0.33102199789220027 	 0.0
0.33202199789220027 	 0.0
0.33302199789220027 	 0.0
0.3340219978922003 	 0.0
0.3350219978922003 	 0.0
0.3360219978922003 	 0.0
0.3370219978922003 	 0.0
0.3380219978922003 	 0.0
0.3390219978922003 	 0.0
0.3400219978922003 	 0.0
0.3410219978922003 	 0.0
0.3420219978922003 	 0.0
0.3430219978922003 	 0.0
0.3440219978922003 	 0.0
0.3450219978922003 	 0.0
0.3460219978922003 	 0.0
0.3470219978922003 	 0.0
0.3480219978922003 	 0.0
0.3490219978922003 	 0.0
0.3500219978922003 	 0.0
0.3510219978922003 	 0.0
0.3520219978922003 	 0.0
0.3530219978922003 	 0.0
0.3540219978922003 	 0.0
0.3550219978922003 	 0.0
0.3560219978922003 	 0.0
0.3570219978922003 	 0.0
0.3580219978922003 	 0.0
0.3590219978922003 	 0.0
0.3600219978922003 	 0.0
0.3610219978922003 	 0.0
0.3620219978922003 	 0.0
0.3630219978922003 	 0.0
0.3640219978922003 	 0.0
0.3650219978922003 	 0.0
0.3660219978922003 	 0.0
0.3670219978922003 	 0.0
0.3680219978922003 	 0.0
0.3690219978922003 	 0.0
0.3700219978922003 	 0.0
0.3710219978922003 	 0.0
0.3720219978922003 	 0.0
0.3730219978922003 	 0.0
0.3740219978922003 	 0.0
0.3750219978922003 	 0.0
0.3760219978922003 	 0.0
0.3770219978922003 	 0.0
0.3780219978922003 	 0.0
0.3790219978922003 	 0.0
0.3800219978922003 	 0.0
0.3810219978922003 	 0.0
0.3820219978922003 	 0.0
0.3830219978922003 	 0.0
0.3840219978922003 	 0.0
0.3850219978922003 	 0.0
0.3860219978922003 	 0.0
0.3870219978922003 	 0.0
0.3880219978922003 	 0.0
0.3890219978922003 	 0.0
0.3900219978922003 	 0.0
0.3910219978922003 	 0.0
0.3920219978922003 	 0.0
0.3930219978922003 	 0.0
0.3940219978922003 	 0.0
0.3950219978922003 	 0.0
0.39602199789220033 	 0.0
0.39702199789220033 	 0.0
0.39802199789220033 	 0.0
0.39902199789220033 	 0.0
0.40002199789220033 	 0.0
0.40102199789220033 	 0.0
0.40202199789220033 	 0.0
0.40302199789220033 	 0.0
0.40402199789220034 	 0.0
0.40502199789220034 	 0.0
0.40602199789220034 	 0.0
0.40702199789220034 	 0.0
0.40802199789220034 	 0.0
0.40902199789220034 	 0.0
0.41002199789220034 	 0.0
0.41102199789220034 	 0.0
0.41202199789220034 	 0.0
0.41302199789220034 	 0.0
0.41402199789220034 	 0.0
0.41502199789220034 	 0.0
0.41602199789220035 	 0.0
0.41702199789220035 	 0.0
0.41802199789220035 	 0.0
0.41902199789220035 	 0.0
0.42002199789220035 	 0.0
0.42102199789220035 	 0.0
0.42202199789220035 	 0.0
0.42302199789220035 	 0.0
0.42402199789220035 	 0.0
0.42502199789220035 	 0.0
0.42602199789220035 	 0.0
0.42702199789220036 	 0.0
0.42802199789220036 	 0.0
0.42902199789220036 	 0.0
0.43002199789220036 	 0.0
0.43102199789220036 	 0.0
0.43202199789220036 	 0.0
0.43302199789220036 	 0.0
0.43402199789220036 	 0.0
0.43502199789220036 	 0.0
0.43602199789220036 	 0.0
0.43702199789220036 	 0.0
0.43802199789220037 	 0.0
0.43902199789220037 	 0.0
0.44002199789220037 	 0.0
0.44102199789220037 	 0.0
0.44202199789220037 	 0.0
0.44302199789220037 	 0.0
0.44402199789220037 	 0.0
0.44502199789220037 	 0.0
0.4460219978922004 	 0.0
0.4470219978922004 	 0.0
0.4480219978922004 	 0.0
0.4490219978922004 	 0.0
0.4500219978922004 	 0.0
0.4510219978922004 	 0.0
0.4520219978922004 	 0.0
0.4530219978922004 	 0.0
0.4540219978922004 	 0.0
0.4550219978922004 	 0.0
0.4560219978922004 	 0.0
0.4570219978922004 	 0.0
0.4580219978922004 	 0.0
0.4590219978922004 	 0.0
0.4600219978922004 	 0.0
0.4610219978922004 	 0.0
0.4620219978922004 	 0.0
0.4630219978922004 	 0.0
0.4640219978922004 	 0.0
0.4650219978922004 	 0.0
0.4660219978922004 	 0.0
0.4670219978922004 	 0.0
0.4680219978922004 	 0.0
0.4690219978922004 	 0.0
0.4700219978922004 	 0.0
0.4710219978922004 	 0.0
0.4720219978922004 	 0.0
0.4730219978922004 	 0.0
0.4740219978922004 	 0.0
0.4750219978922004 	 0.0
0.4760219978922004 	 0.0
0.4770219978922004 	 0.0
0.4780219978922004 	 0.0
0.4790219978922004 	 0.0
0.4800219978922004 	 0.0
0.4810219978922004 	 0.0
0.4820219978922004 	 0.0
0.4830219978922004 	 0.0
0.4840219978922004 	 0.0
0.4850219978922004 	 0.0
0.4860219978922004 	 0.0
0.4870219978922004 	 0.0
0.4880219978922004 	 0.0
0.4890219978922004 	 0.0
0.4900219978922004 	 0.0
0.4910219978922004 	 0.0
0.4920219978922004 	 0.0
0.4930219978922004 	 0.0
0.4940219978922004 	 0.0
0.4950219978922004 	 0.0
0.4960219978922004 	 0.0
0.4970219978922004 	 0.0
0.4980219978922004 	 0.0
0.4990219978922004 	 0.0
0.5000219978922004 	 0.0
0.5010219978922004 	 0.0
0.5020219978922004 	 0.0
0.5030219978922004 	 0.0
0.5040219978922004 	 0.0
0.5050219978922004 	 0.0
0.5060219978922004 	 0.0
0.5070219978922004 	 0.0
0.5080219978922004 	 0.0
0.5090219978922004 	 0.0
0.5100219978922004 	 0.0
0.5110219978922004 	 0.0
0.5120219978922004 	 0.0
0.5130219978922004 	 0.0
0.5140219978922004 	 0.0
0.5150219978922004 	 0.0
0.5160219978922004 	 0.0
0.5170219978922004 	 0.0
0.5180219978922004 	 0.0
0.5190219978922004 	 0.0
0.5200219978922004 	 0.0
0.5210219978922004 	 0.0
0.5220219978922004 	 0.0
0.5230219978922004 	 0.0
0.5240219978922004 	 0.0
0.5250219978922004 	 0.0
0.5260219978922004 	 0.0
0.5270219978922004 	 0.0
0.5280219978922004 	 0.0
0.5290219978922004 	 0.0
0.5300219978922004 	 0.0
0.5310219978922004 	 0.0
0.5320219978922004 	 0.0
0.5330219978922004 	 0.0
0.5340219978922004 	 0.0
0.5350219978922004 	 0.0
0.5360219978922004 	 0.0
0.5370219978922004 	 0.0
0.5380219978922004 	 0.0
0.5390219978922004 	 0.0
0.5400219978922004 	 0.0
0.5410219978922004 	 0.0
0.5420219978922004 	 0.0
0.5430219978922004 	 0.0
0.5440219978922004 	 0.0
0.5450219978922004 	 0.0
0.5460219978922004 	 0.0
0.5470219978922004 	 0.0
0.5480219978922004 	 0.0
0.5490219978922004 	 0.0
0.5500219978922004 	 0.0
0.5510219978922004 	 0.0
0.5520219978922004 	 0.0
0.5530219978922004 	 0.0
0.5540219978922004 	 0.0
0.5550219978922004 	 0.0
0.5560219978922004 	 0.0
0.5570219978922004 	 0.0
0.5580219978922004 	 0.0
0.5590219978922004 	 0.0
0.5600219978922004 	 0.0
0.5610219978922004 	 0.0
0.5620219978922004 	 0.0
0.5630219978922004 	 0.0
0.5640219978922004 	 0.0
0.5650219978922004 	 0.0
0.5660219978922004 	 0.0
0.5670219978922004 	 0.0
0.5680219978922004 	 0.0
0.5690219978922004 	 0.0
0.5700219978922004 	 0.0
0.5710219978922004 	 0.0
0.5720219978922004 	 0.0
0.5730219978922004 	 0.0
0.5740219978922004 	 0.0
0.5750219978922004 	 0.0
0.5760219978922004 	 0.0
0.5770219978922004 	 0.0
0.5780219978922004 	 0.0
0.5790219978922004 	 0.0
0.5800219978922004 	 0.0
0.5810219978922004 	 0.0
0.5820219978922004 	 0.0
0.5830219978922004 	 0.0
0.5840219978922004 	 0.0
0.5850219978922004 	 0.0
0.5860219978922004 	 0.0
0.5870219978922004 	 0.0
0.5880219978922004 	 0.0
0.5890219978922004 	 0.0
0.5900219978922004 	 0.0
0.5910219978922004 	 0.0
0.5920219978922004 	 0.0
0.5930219978922004 	 0.0
0.5940219978922004 	 0.0
0.5950219978922004 	 0.0
0.5960219978922005 	 0.0
0.5970219978922005 	 0.0
0.5980219978922005 	 0.0
0.5990219978922005 	 0.0
0.6000219978922005 	 0.0
0.6010219978922005 	 0.0
0.6020219978922005 	 0.0
0.6030219978922005 	 0.0
0.6040219978922005 	 0.0
0.6050219978922005 	 0.0
0.6060219978922005 	 0.0
0.6070219978922005 	 0.0
0.6080219978922005 	 0.0
0.6090219978922005 	 0.0
0.6100219978922005 	 0.0
0.6110219978922005 	 0.0
0.6120219978922005 	 0.0
0.6130219978922005 	 0.0
0.6140219978922005 	 0.0
0.6150219978922005 	 0.0
0.6160219978922005 	 0.0
0.6170219978922005 	 0.0
0.6180219978922005 	 0.0
0.6190219978922005 	 0.0
0.6200219978922005 	 0.0
0.6210219978922005 	 0.0
0.6220219978922005 	 0.0
0.6230219978922005 	 0.0
0.6240219978922005 	 0.0
0.6250219978922005 	 0.0
0.6260219978922005 	 0.0
0.6270219978922005 	 0.0
0.6280219978922005 	 0.0
0.6290219978922005 	 0.0
0.6300219978922005 	 0.0
0.6310219978922005 	 0.0
0.6320219978922005 	 0.0
0.6330219978922005 	 0.0
0.6340219978922005 	 0.0
0.6350219978922005 	 0.0
0.6360219978922005 	 0.0
0.6370219978922005 	 0.0
0.6380219978922005 	 0.0
0.6390219978922005 	 0.0
0.6400219978922005 	 0.0
0.6410219978922005 	 0.0
0.6420219978922005 	 0.0
0.6430219978922005 	 0.0
0.6440219978922005 	 0.0
0.6450219978922005 	 0.0
0.6460219978922005 	 0.0
0.6470219978922005 	 0.0
0.6480219978922005 	 0.0
0.6490219978922005 	 0.0
0.6500219978922005 	 0.0
0.6510219978922005 	 0.0
0.6520219978922005 	 0.0
0.6530219978922005 	 0.0
0.6540219978922005 	 0.0
0.6550219978922005 	 0.0
0.6560219978922005 	 0.0
0.6570219978922005 	 0.0
0.6580219978922005 	 0.0
0.6590219978922005 	 0.0
0.6600219978922005 	 0.0
0.6610219978922005 	 0.0
0.6620219978922005 	 0.0
0.6630219978922005 	 0.0
0.6640219978922005 	 0.0
0.6650219978922005 	 0.0
0.6660219978922005 	 0.0
0.6670219978922005 	 0.0
0.6680219978922005 	 0.0
0.6690219978922005 	 0.0
0.6700219978922005 	 0.0
0.6710219978922005 	 0.0
0.6720219978922005 	 0.0
0.6730219978922005 	 0.0
0.6740219978922005 	 0.0
0.6750219978922005 	 0.0
0.6760219978922005 	 0.0
0.6770219978922005 	 0.0
0.6780219978922005 	 0.0
0.6790219978922005 	 0.0
0.6800219978922005 	 0.0
0.6810219978922005 	 0.0
0.6820219978922005 	 0.0
0.6830219978922005 	 0.0
0.6840219978922005 	 0.0
0.6850219978922005 	 0.0
0.6860219978922005 	 0.0
0.6870219978922005 	 0.0
0.6880219978922005 	 0.0
0.6890219978922005 	 0.0
0.6900219978922005 	 0.0
0.6910219978922005 	 0.0
0.6920219978922005 	 0.0
0.6930219978922005 	 0.0
0.6940219978922005 	 0.0
0.6950219978922005 	 0.0
0.6960219978922005 	 0.0
0.6970219978922005 	 0.0
0.6980219978922005 	 0.0
0.6990219978922005 	 0.0
0.7000219978922005 	 0.0
0.7010219978922005 	 0.0
0.7020219978922005 	 0.0
0.7030219978922005 	 0.0
0.7040219978922005 	 0.0
0.7050219978922005 	 0.0
0.7060219978922005 	 0.0
0.7070219978922005 	 0.0
0.7080219978922005 	 0.0
0.7090219978922006 	 0.0
0.7100219978922006 	 0.0
0.7110219978922006 	 0.0
0.7120219978922006 	 0.0
0.7130219978922006 	 0.0
0.7140219978922006 	 0.0
0.7150219978922006 	 0.0
0.7160219978922006 	 0.0
0.7170219978922006 	 0.0
0.7180219978922006 	 0.0
0.7190219978922006 	 0.0
0.7200219978922006 	 0.0
0.7210219978922006 	 0.0
0.7220219978922006 	 0.0
0.7230219978922006 	 0.0
0.7240219978922006 	 0.0
0.7250219978922006 	 0.0
0.7260219978922006 	 0.0
0.7270219978922006 	 0.0
0.7280219978922006 	 0.0
0.7290219978922006 	 0.0
0.7300219978922006 	 0.0
0.7310219978922006 	 0.0
0.7320219978922006 	 0.0
0.7330219978922006 	 0.0
0.7340219978922006 	 0.0
0.7350219978922006 	 0.0
0.7360219978922006 	 0.0
0.7370219978922006 	 0.0
0.7380219978922006 	 0.0
0.7390219978922006 	 0.0
0.7400219978922006 	 0.0
0.7410219978922006 	 0.0
0.7420219978922006 	 0.0
0.7430219978922006 	 0.0
0.7440219978922006 	 0.0
0.7450219978922006 	 0.0
0.7460219978922006 	 0.0
0.7470219978922006 	 0.0
0.7480219978922006 	 0.0
0.7490219978922006 	 0.0
0.7500219978922006 	 0.0
0.7510219978922006 	 0.0
0.7520219978922006 	 0.0
0.7530219978922006 	 0.0
0.7540219978922006 	 0.0
0.7550219978922006 	 0.0
0.7560219978922006 	 0.0
0.7570219978922006 	 0.0
0.7580219978922006 	 0.0
0.7590219978922006 	 0.0
0.7600219978922006 	 0.0
0.7610219978922006 	 0.0
0.7620219978922006 	 0.0
0.7630219978922006 	 0.0
0.7640219978922006 	 0.0
0.7650219978922006 	 0.0
0.7660219978922006 	 0.0
0.7670219978922006 	 0.0
0.7680219978922006 	 0.0
0.7690219978922006 	 0.0
0.7700219978922006 	 0.0
0.7710219978922006 	 0.0
0.7720219978922006 	 0.0
0.7730219978922006 	 0.0
0.7740219978922006 	 0.0
0.7750219978922006 	 0.0
0.7760219978922006 	 0.0
0.7770219978922006 	 0.0
0.7780219978922006 	 0.0
0.7790219978922006 	 0.0
0.7800219978922006 	 0.0
0.7810219978922006 	 0.0
0.7820219978922006 	 0.0
0.7830219978922006 	 0.0
0.7840219978922006 	 0.0
0.7850219978922006 	 0.0
0.7860219978922006 	 0.0
0.7870219978922006 	 0.0
0.7880219978922006 	 0.0
0.7890219978922006 	 0.0
0.7900219978922006 	 0.0
0.7910219978922006 	 0.0
0.7920219978922006 	 0.0
0.7930219978922006 	 0.0
0.7940219978922006 	 0.0
0.7950219978922006 	 0.0
0.7960219978922006 	 0.0
0.7970219978922006 	 0.0
0.7980219978922006 	 0.0
0.7990219978922006 	 0.0
0.8000219978922006 	 0.0
0.8010219978922006 	 0.0
0.8020219978922006 	 0.0
0.8030219978922006 	 0.0
0.8040219978922006 	 0.0
0.8050219978922006 	 0.0
0.8060219978922006 	 0.0
0.8070219978922006 	 0.0
0.8080219978922006 	 0.0
0.8090219978922006 	 0.0
0.8100219978922006 	 0.0
0.8110219978922006 	 0.0
0.8120219978922006 	 0.0
0.8130219978922006 	 0.0
0.8140219978922006 	 0.0
0.8150219978922006 	 0.0
0.8160219978922006 	 0.0
0.8170219978922006 	 0.0
0.8180219978922006 	 0.0
0.8190219978922006 	 0.0
0.8200219978922006 	 0.0
0.8210219978922007 	 0.0
0.8220219978922007 	 0.0
0.8230219978922007 	 0.0
0.8240219978922007 	 0.0
0.8250219978922007 	 0.0
0.8260219978922007 	 0.0
0.8270219978922007 	 3.0669274449514863e-21
0.8280219978922007 	 2.410098536694995e-14
0.8290219978922007 	 3.716251295131181e-13
0.8300219978922007 	 1.8588146625804184e-12
0.8310219978922007 	 5.840584074986078e-12
0.8320219978922007 	 1.4211319292990251e-11
0.8330219978922007 	 2.940527436635628e-11
0.8340219978922007 	 5.439654220846137e-11
0.8350219978922007 	 9.269863105072907e-11
0.8360219978922007 	 1.483636785054137e-10
0.8370219978922007 	 2.2598133128539482e-10
0.8380219978922007 	 3.3067680126344854e-10
0.8390219978922007 	 4.681112423294158e-10
0.8400219978922007 	 6.444765707788218e-10
0.8410219978922007 	 8.664948132218627e-10
0.8420219978922007 	 1.1414175603425753e-09
0.8430219978922007 	 1.47701955803141e-09
0.8440219978922007 	 1.8815978021726746e-09
0.8450219978922007 	 2.363970487023686e-09
0.8460219978922007 	 2.933469839346571e-09
0.8470219978922007 	 3.5999409339350294e-09
0.8480219978922007 	 4.3737402255369365e-09
0.8490219978922007 	 5.26572727361114e-09
0.8500219978922007 	 6.2864005707317115e-09
0.8510219978922007 	 7.449188375527383e-09
0.8520219978922007 	 8.76571911185756e-09
0.8530219978922007 	 1.024883817617597e-08
0.8540219978922007 	 1.19118749106007e-08
0.8550219978922007 	 1.3768644585250026e-08
0.8560219978922007 	 1.583343855149014e-08
0.8570219978922007 	 1.8121026495906698e-08
0.8580219978922007 	 2.0646646373725547e-08
0.8590219978922007 	 2.342600692564793e-08
0.8600219978922007 	 2.6475277488781804e-08
0.8610219978922007 	 2.981109077019413e-08
0.8620219978922007 	 3.345053262340929e-08
0.8630219978922007 	 3.741114507402013e-08
0.8640219978922007 	 4.1710916114965454e-08
0.8650219978922007 	 4.6368282971401735e-08
0.8660219978922007 	 5.1402122048526324e-08
0.8670219978922007 	 5.683175245850581e-08
0.8680219978922007 	 6.267692612893186e-08
0.8690219978922007 	 6.895783069288519e-08
0.8700219978922007 	 7.569508428463913e-08
0.8710219978922007 	 8.29097297846898e-08
0.8720219978922007 	 9.062323781347263e-08
0.8730219978922007 	 9.885750062888997e-08
0.8740219978922007 	 1.0763483071123701e-07
0.8750219978922007 	 1.1697795861404843e-07
0.8760219978922007 	 1.269100309771365e-07
0.8770219978922007 	 1.3745460870689475e-07
0.8780219978922007 	 1.486356653287162e-07
0.8790219978922007 	 1.6047758551618198e-07
0.8800219978922007 	 1.7300516380136394e-07
0.8810219978922007 	 1.862436034744575e-07
0.8820219978922007 	 2.0021851568217362e-07
0.8830219978922007 	 2.1495591869893467e-07
0.8840219978922007 	 2.304822373997857e-07
0.8850219978922007 	 2.4682430293653704e-07
0.8860219978922007 	 2.640093526174504e-07
0.8870219978922007 	 2.8206502999355006e-07
0.8880219978922007 	 3.0101938515065706e-07
0.8890219978922007 	 3.2090087513243897e-07
0.8900219978922007 	 3.4173836463882524e-07
0.8910219978922007 	 3.635611142949161e-07
0.8920219978922007 	 3.863987403287488e-07
0.8930219978922007 	 4.1028124042725574e-07
0.8940219978922007 	 4.35239002711692e-07
0.8950219978922007 	 4.61302805007343e-07
0.8960219978922007 	 4.885038141872898e-07
0.8970219978922007 	 5.168735855887218e-07
0.8980219978922007 	 5.464440625002352e-07
0.8990219978922007 	 5.77247575718435e-07
0.9000219978922007 	 6.093168431722338e-07
0.9010219978922007 	 6.42684969613217e-07
0.9020219978922007 	 6.773854463702918e-07
0.9030219978922007 	 7.134521511669738e-07
0.9040219978922007 	 7.509193479994813e-07
0.9050219978922007 	 7.898216870737135e-07
0.9060219978922007 	 8.30194204799588e-07
0.9070219978922007 	 8.720723238404661e-07
0.9080219978922007 	 9.15491853215805e-07
0.9090219978922007 	 9.604889884550422e-07
0.9100219978922007 	 1.0071003118002575e-06
0.9110219978922007 	 1.0553627851736327e-06
0.9120219978922007 	 1.1053137276804175e-06
0.9130219978922007 	 1.1569908316737562e-06
0.9140219978922007 	 1.2104321657453091e-06
0.9150219978922007 	 1.2656761738879555e-06
0.9160219978922007 	 1.3227616769688316e-06
0.9170219978922007 	 1.3817278723337131e-06
0.9180219978922007 	 1.4426126292241289e-06
0.9190219978922007 	 1.5054492571766696e-06
0.9200219978922007 	 1.570280744060203e-06
0.9210219978922007 	 1.6371484884520177e-06
0.9220219978922007 	 1.7060937326865714e-06
0.9230219978922007 	 1.7771579169177531e-06
0.9240219978922007 	 1.8503827687462283e-06
0.9250219978922007 	 1.9258103381824834e-06
0.9260219978922007 	 2.0034830139412104e-06
0.9270219978922007 	 2.083443531839397e-06
0.9280219978922007 	 2.1657349793129742e-06
0.9290219978922007 	 2.250400797795866e-06
0.9300219978922007 	 2.3374847838035145e-06
0.9310219978922007 	 2.4270313213912024e-06
0.9320219978922007 	 2.5190860899327116e-06
0.9330219978922007 	 2.6136955223900215e-06
0.9340219978922008 	 2.7109066305573992e-06
0.9350219978922008 	 2.8107670185586977e-06
0.9360219978922008 	 2.9133248964160243e-06
0.9370219978922008 	 3.0186290936706067e-06
0.9380219978922008 	 3.1267290708432012e-06
0.9390219978922008 	 3.2376748879679516e-06
0.9400219978922008 	 3.3515172122872685e-06
0.9410219978922008 	 3.468307385172981e-06
0.9420219978922008 	 3.588097485982043e-06
0.9430219978922008 	 3.710940304239868e-06
0.9440219978922008 	 3.836889338136968e-06
0.9450219978922008 	 3.9659988058983975e-06
0.9460219978922008 	 4.098323656298628e-06
0.9470219978922008 	 4.233919578111701e-06
0.9480219978922008 	 4.372843008264659e-06
0.9490219978922008 	 4.515151138263911e-06
0.9500219978922008 	 4.660901919045964e-06
0.9510219978922008 	 4.81015363633671e-06
0.9520219978922008 	 4.9629636322558005e-06
0.9530219978922008 	 5.119389336716952e-06
0.9540219978922008 	 5.279488591442725e-06
0.9550219978922008 	 5.443319618290492e-06
0.9560219978922008 	 5.610941235203606e-06
0.9570219978922008 	 5.782413568875685e-06
0.9580219978922008 	 5.9577973809276385e-06
0.9590219978922008 	 6.137153727251565e-06
0.9600219978922008 	 6.320543658718157e-06
0.9610219978922008 	 6.50802841910524e-06
0.9620219978922008 	 6.69966909693767e-06
0.9630219978922008 	 6.895527001348569e-06
0.9640219978922008 	 7.095663527834005e-06
0.9650219978922008 	 7.3001401056573474e-06
0.9660219978922008 	 7.509017743396301e-06
0.9670219978922008 	 7.722356798033e-06
0.9680219978922008 	 7.940216714128871e-06
0.9690219978922008 	 8.162655713947314e-06
0.9700219978922008 	 8.389730429247869e-06
0.9710219978922008 	 8.621495180547204e-06
0.9720219978922008 	 8.85800061930917e-06
0.9730219978922008 	 9.0992938141986e-06
0.9740219978922008 	 9.34541773758655e-06
0.9750219978922008 	 9.596410373616727e-06
0.9760219978922008 	 9.852303652949764e-06
0.9770219978922008 	 1.011312217715008e-05
0.9780219978922008 	 1.0378881690954075e-05
0.9790219978922008 	 1.0649587239994156e-05
0.9800219978922008 	 1.0925230956851013e-05
0.9810219978922008 	 1.1205794113109558e-05
0.9820219978922008 	 1.1491257783709266e-05
0.9830219978922008 	 1.178158066046099e-05
0.9840219978922008 	 1.2076563257998962e-05
0.9850219978922008 	 1.2376091406791258e-05
0.9860219978922008 	 1.2680172969986713e-05
0.9870219978922008 	 1.2988558884855286e-05
0.9880219978922008 	 1.329473871313928e-05
0.9890219978922008 	 1.3590271222753973e-05
0.9900219978922008 	 1.3877246511314648e-05
0.9910219978922008 	 1.4154252101602908e-05
0.9920219978922008 	 1.4418893140455008e-05
0.9930219978922008 	 1.4668049598794084e-05
0.9940219978922008 	 1.4897881393909199e-05
0.9950219978922008 	 1.5103762349697398e-05
0.9960219978922008 	 1.5257900817380462e-05
0.9970219978922008 	 1.5340032990765578e-05
0.9980219978922008 	 1.5350479771053344e-05
0.9990219978922008 	 1.528108213527377e-05
1.0000219978922007 	 1.5121902862064035e-05
1.0010219978922006 	 1.4862484877934534e-05
1.0020219978922005 	 1.4492649407683513e-05
1.0030219978922004 	 1.4003368224515115e-05
1.0040219978922003 	 1.3388015175506662e-05
1.0050219978922001 	 1.2643824291445477e-05
1.0060219978922 	 1.1773020344063642e-05
1.0070219978922 	 1.0784478783352348e-05
1.0080219978921998 	 9.69480233291852e-06
1.0090219978921997 	 8.528675556851052e-06
1.0100219978921996 	 7.318322165022465e-06
1.0110219978921995 	 6.101936526880415e-06
1.0120219978921994 	 4.920902497847429e-06
1.0130219978921993 	 3.816525575743788e-06
1.0140219978921992 	 2.826639625163705e-06
1.015021997892199 	 1.9825311041644377e-06
1.016021997892199 	 1.306857299493222e-06
1.0170219978921988 	 8.126692609957582e-07
1.0180219978921987 	 5.037874863283534e-07
1.0190219978921986 	 3.757976960006256e-07
1.0200219978921985 	 4.1771763161330405e-07
1.0210219978921984 	 6.149798424922784e-07
1.0220219978921983 	 9.503429163069123e-07
1.0230219978921982 	 1.4057956706779151e-06
1.024021997892198 	 1.9633935003131136e-06
1.025021997892198 	 2.60645427565435e-06
1.0260219978921978 	 3.319874087591242e-06
1.0270219978921977 	 4.090438967226069e-06
1.0280219978921976 	 4.906826985877582e-06
1.0290219978921975 	 5.759519586782942e-06
1.0300219978921974 	 6.640669487705795e-06
1.0310219978921973 	 7.543814150000278e-06
1.0320219978921972 	 8.463698911019149e-06
1.033021997892197 	 9.39621110005144e-06
1.034021997892197 	 1.0338151992330565e-05
1.0350219978921968 	 1.1287057704517065e-05
1.0360219978921967 	 1.2241081299784913e-05
1.0370219978921966 	 1.3198897014987653e-05
1.0380219978921965 	 1.4159597465102358e-05
1.0390219978921964 	 1.5122613052231511e-05
1.0400219978921963 	 1.608764653372374e-05
1.0410219978921962 	 1.7054608389927592e-05
1.042021997892196 	 1.8023525888374175e-05
1.043021997892196 	 1.8994530561202067e-05
1.0440219978921959 	 1.9967838726684042e-05
1.0450219978921957 	 2.0943727812032568e-05
1.0460219978921956 	 2.1922517389114697e-05
1.0470219978921955 	 2.2904567714174126e-05
1.0480219978921954 	 2.389031224414993e-05
1.0490219978921953 	 2.4880220968260625e-05
1.0500219978921952 	 2.5874783133593357e-05
1.051021997892195 	 2.6874496901243073e-05
1.052021997892195 	 2.787984927348428e-05
1.0530219978921949 	 2.8891323857962283e-05
1.0540219978921948 	 2.9909402390412536e-05
1.0550219978921946 	 3.093456295564281e-05
1.0560219978921945 	 3.196727871844201e-05
1.0570219978921944 	 3.3008016925474693e-05
1.0580219978921943 	 3.405723794549912e-05
1.0590219978921942 	 3.511539528503033e-05
1.060021997892194 	 3.618293559534756e-05
1.061021997892194 	 3.7260297353094444e-05
1.0620219978921939 	 3.834790666947016e-05
1.0630219978921938 	 3.9446178987247585e-05
1.0640219978921936 	 4.055552891778434e-05
1.0650219978921935 	 4.167636887145371e-05
1.0660219978921934 	 4.280910035442676e-05
1.0670219978921933 	 4.3954093963223534e-05
1.0680219978921932 	 4.511170765372151e-05
1.069021997892193 	 4.628228993504243e-05
1.070021997892193 	 4.746618070470014e-05
1.0710219978921929 	 4.866372336232099e-05
1.0720219978921928 	 4.98753003138489e-05
1.0730219978921927 	 5.1101304164971575e-05
1.0740219978921925 	 5.234212847862085e-05
1.0750219978921924 	 5.3598168249851555e-05
1.0760219978921923 	 5.486982037188726e-05
1.0770219978921922 	 5.6157484094077864e-05
1.078021997892192 	 5.746156146959522e-05
1.079021997892192 	 5.8782457796416255e-05
1.0800219978921919 	 6.01205820490603e-05
1.0810219978921918 	 6.147632275213623e-05
1.0820219978921917 	 6.284997610989541e-05
1.0830219978921916 	 6.424180844493006e-05
1.0840219978921914 	 6.565207662616195e-05
1.0850219978921913 	 6.708102805213501e-05
1.0860219978921912 	 6.852890062548399e-05
1.0870219978921911 	 6.999598553255385e-05
1.088021997892191 	 7.14828074843789e-05
1.089021997892191 	 7.298988929292846e-05
1.0900219978921908 	 7.4517695631454e-05
1.0910219978921907 	 7.606667741836091e-05
1.0920219978921906 	 7.763721099516438e-05
1.0930219978921905 	 7.922965490076225e-05
1.0940219978921903 	 8.08443683780034e-05
1.0950219978921902 	 8.248171149910582e-05
1.0960219978921901 	 8.414204529507271e-05
1.09702199789219 	 8.582573187639285e-05
1.09802199789219 	 8.75331345395555e-05
1.0990219978921898 	 8.92646187984057e-05
1.1000219978921897 	 9.102054344047455e-05
1.1010219978921896 	 9.280128524121884e-05
1.1020219978921895 	 9.460730193133933e-05
1.1030219978921894 	 9.643906376996328e-05
1.1040219978921892 	 9.829705207075847e-05
1.1050219978921891 	 0.00010018176079690404
1.106021997892189 	 0.00010209369676850807
1.107021997892189 	 0.0001040333319540339
1.1080219978921888 	 0.00010600096448110071
1.1090219978921887 	 0.00010799684466805708
1.1100219978921886 	 0.00011002121541430038
1.1110219978921885 	 0.00011207438085130616
1.1120219978921884 	 0.00011415690183382732
1.1130219978921883 	 0.00011626940299059393
1.1140219978921881 	 0.00011841246674825775
1.115021997892188 	 0.00012058663461618504
1.116021997892188 	 0.00012279245876065345
1.1170219978921878 	 0.00012503050450034145
1.1180219978921877 	 0.00012730135069335223
1.1190219978921876 	 0.00012960559012407016
1.1200219978921875 	 0.00013194382989490644
1.1210219978921874 	 0.0001343166425054316
1.1220219978921873 	 0.00013672442189236402
1.1230219978921872 	 0.00013916750744714026
1.124021997892187 	 0.00014164623116726016
1.125021997892187 	 0.00014416091927442004
1.1260219978921868 	 0.000146711893840652
1.1270219978921867 	 0.00014929946522435655
1.1280219978921866 	 0.00015192410186658266
1.1290219978921865 	 0.00015458688038895194
1.1300219978921864 	 0.00015728906708177906
1.1310219978921863 	 0.00016003183902972245
1.1320219978921862 	 0.0001628158649779154
1.133021997892186 	 0.00016564168785092732
1.134021997892186 	 0.00016850985254700566
1.1350219978921858 	 0.00017141805018223717
1.1360219978921857 	 0.00017437262612520716
1.1370219978921856 	 0.00017737119835646646
1.1380219978921855 	 0.0001804143283505188
1.1390219978921854 	 0.00018350264869582478
1.1400219978921853 	 0.00018663686479337562
1.1410219978921852 	 0.00018981767356092625
1.142021997892185 	 0.0001930456929689555
1.143021997892185 	 0.0001963215209413649
1.1440219978921848 	 0.00019964580092125575
1.1450219978921847 	 0.00020301934487111021
1.1460219978921846 	 0.0002064430203587543
1.1470219978921845 	 0.00020991771491975225
1.1480219978921844 	 0.00021344433656721922
1.1490219978921843 	 0.00021702381704487373
1.1500219978921842 	 0.0002206571013686161
1.151021997892184 	 0.00022434514112801981
1.152021997892184 	 0.00022808881564259246
1.1530219978921838 	 0.00023188899532312375
1.1540219978921837 	 0.0002357465644620174
1.1550219978921836 	 0.00023966241853132748
1.1560219978921835 	 0.0002436374662299825
1.1570219978921834 	 0.0002476726415107993
1.1580219978921833 	 0.00025176889142811425
1.1590219978921832 	 0.00025592717871804257
1.160021997892183 	 0.0002601484825022348
1.161021997892183 	 0.00026443377439249995
1.1620219978921829 	 0.00026878394857373825
1.1630219978921827 	 0.0002731998904149276
1.1640219978921826 	 0.000277682609917313
1.1650219978921825 	 0.00028223326319311553
1.1660219978921824 	 0.0002868531058997021
1.1670219978921823 	 0.0002915434400831395
1.1680219978921822 	 0.00029630560288975083
1.169021997892182 	 0.00030114095236889423
1.170021997892182 	 0.0003060508906047042
1.1710219978921819 	 0.000311036787609876
1.1720219978921818 	 0.0003160998076392869
1.1730219978921816 	 0.00032124107430654393
1.1740219978921815 	 0.00032646172521253526
1.1750219978921814 	 0.0003317629126381383
1.1760219978921813 	 0.00033714580193651064
1.1770219978921812 	 0.0003426115667514176
1.178021997892181 	 0.00034816141483251197
1.179021997892181 	 0.00035379655926193757
1.1800219978921809 	 0.0003595182288921863
1.1810219978921808 	 0.00036532780485431355
1.1820219978921807 	 0.00037122720976399715
1.1830219978921805 	 0.0003772184798279333
1.1840219978921804 	 0.00038330383624758104
1.1850219978921803 	 0.00038948549800914235
1.1860219978921802 	 0.0003957657568355272
1.18702199789218 	 0.00040214659692557926
1.18802199789218 	 0.00040862861493027106
1.1890219978921799 	 0.00041521272621158786
1.1900219978921798 	 0.00042190050090398854
1.1910219978921797 	 0.0004286935703554841
1.1920219978921796 	 0.0004355936342597174
1.1930219978921794 	 0.0004426024299503477
1.1940219978921793 	 0.0004497217243275943
1.1950219978921792 	 0.0004569533147766206
1.1960219978921791 	 0.00046429902973041176
1.197021997892179 	 0.000471760729255029
1.198021997892179 	 0.00047934030567885666
1.1990219978921788 	 0.00048703968418685467
1.2000219978921787 	 0.0004948608234770466
1.2010219978921786 	 0.0005028058852060253
1.2020219978921785 	 0.0005108776719997061
1.2030219978921783 	 0.000519079230810239
1.2040219978921782 	 0.0005274136922848008
1.2050219978921781 	 0.0005358840969881615
1.206021997892178 	 0.0005444928762754952
1.207021997892178 	 0.0005532423447221166
1.2080219978921778 	 0.0005621348566177574
1.2090219978921777 	 0.0005711728066402437
1.2100219978921776 	 0.0005803586305652941
1.2110219978921775 	 0.0005896948755364259
1.2120219978921773 	 0.0005991843990668555
1.2130219978921772 	 0.0006088301652626628
1.2140219978921771 	 0.0006186348387954013
1.215021997892177 	 0.0006286007496571396
1.216021997892177 	 0.0006387302642727142
1.2170219978921768 	 0.000649025767863631
1.2180219978921767 	 0.0006594896722505596
1.2190219978921766 	 0.0006701244159725931
1.2200219978921765 	 0.0006809324643603094
1.2210219978921764 	 0.0006919167022565702
1.2220219978921762 	 0.000703081554708034
1.2230219978921761 	 0.0007144319342557307
1.224021997892176 	 0.0007259729107715602
1.225021997892176 	 0.0007377097160815214
1.2260219978921758 	 0.0007496472069592868
1.2270219978921757 	 0.0007617883337150155
1.2280219978921756 	 0.0007741355576306679
1.2290219978921755 	 0.0007866913700066235
1.2300219978921754 	 0.0007994582519965408
1.2310219978921753 	 0.0008124390128630382
1.2320219978921751 	 0.000825637730216686
1.233021997892175 	 0.0008390588648913836
1.234021997892175 	 0.0008527069817938625
1.2350219978921748 	 0.000866586752117473
1.2360219978921747 	 0.0008807029556499615
1.2370219978921746 	 0.000895060483088073
1.2380219978921745 	 0.0009096643086434229
1.2390219978921744 	 0.0009245186058214114
1.2400219978921743 	 0.000939626807287811
1.2410219978921742 	 0.0009549925305009613
1.242021997892174 	 0.0009706202217476092
1.243021997892174 	 0.0009865145906534198
1.2440219978921738 	 0.0010026804308414102
1.2450219978921737 	 0.001019122620720911
1.2460219978921736 	 0.0010358461244485034
1.2470219978921735 	 0.0010528563788586359
1.2480219978921734 	 0.0010701604104153691
1.2490219978921733 	 0.0010877657467594113
1.2500219978921732 	 0.001105680175464243
1.251021997892173 	 0.0011239112434492842
1.252021997892173 	 0.0011424649867878222
1.2530219978921728 	 0.001161347147666695
1.2540219978921727 	 0.0011805635584457898
1.2550219978921726 	 0.001200120141480282
1.2560219978921725 	 0.0012200229092872183
1.2570219978921724 	 0.0012402779645019125
1.2580219978921723 	 0.001260891516500175
1.2590219978921722 	 0.0012818698157042601
1.260021997892172 	 0.0013032192509623175
1.261021997892172 	 0.0013249449890802142
1.2620219978921718 	 0.0013470472907729056
1.2630219978921717 	 0.0013695252961835216
1.2640219978921716 	 0.0013923845030808745
1.2650219978921715 	 0.0014156368528613723
1.2660219978921714 	 0.0014392949413099738
1.2670219978921713 	 0.0014633709774263038
1.2680219978921712 	 0.001487874345914655
1.269021997892171 	 0.001512813955643162
1.270021997892171 	 0.0015381988739546447
1.2710219978921709 	 0.001564038054970926
1.2720219978921707 	 0.0015903395079401087
1.2730219978921706 	 0.0016171110822753763
1.2740219978921705 	 0.001644360711584469
1.2750219978921704 	 0.001672096410370536
1.2760219978921703 	 0.0017003262936414094
1.2770219978921702 	 0.00172905848424005
1.27802199789217 	 0.001758301242742554
1.27902199789217 	 0.0017880628761157943
1.2800219978921699 	 0.0018183517557181393
1.2810219978921698 	 0.0018491761680171105
1.2820219978921696 	 0.0018805438962561124
1.2830219978921695 	 0.001912462606649961
1.2840219978921694 	 0.0019449399888408618
1.2850219978921693 	 0.001977983646148703
1.2860219978921692 	 0.0020116012398364593
1.287021997892169 	 0.002045803295209941
1.288021997892169 	 0.002080610947346364
1.2890219978921689 	 0.0021160360635526895
1.2900219978921688 	 0.0021520785775866113
1.2910219978921686 	 0.002188739706444282
1.2920219978921685 	 0.0022260290233688347
1.2930219978921684 	 0.0022639581393036987
1.2940219978921683 	 0.002302538909341188
1.2950219978921682 	 0.0023417833159317127
1.296021997892168 	 0.002381703495414956
1.297021997892168 	 0.0024223117355830596
1.2980219978921679 	 0.0024636204748517587
1.2990219978921678 	 0.002505642295073626
1.3000219978921677 	 0.0025483899153933946
1.3010219978921675 	 0.002591874460676357
1.3020219978921674 	 0.002636100847157983
1.3030219978921673 	 0.002681072117926472
1.3040219978921672 	 0.0027267908811846367
1.305021997892167 	 0.0027732592892486755
1.306021997892167 	 0.002820481312566102
1.3070219978921669 	 0.0028684692745591747
1.3080219978921668 	 0.0029172377275503126
1.3090219978921667 	 0.002966801348205905
1.3100219978921666 	 0.003017175167735089
1.3110219978921664 	 0.003068372152634888
1.3120219978921663 	 0.003120396754287321
1.3130219978921662 	 0.003173251264628284
1.3140219978921661 	 0.003226943272843754
1.315021997892166 	 0.003281485733852621
1.316021997892166 	 0.003336891945106035
1.3170219978921658 	 0.003393175382388209
1.3180219978921657 	 0.003450349524914091
1.3190219978921656 	 0.003508428124526435
1.3200219978921655 	 0.0035674250317337996
1.3210219978921653 	 0.0036273508883909213
1.3220219978921652 	 0.003688203553023979
1.3230219978921651 	 0.0037499770767738714
1.324021997892165 	 0.003812664545054232
1.325021997892165 	 0.003876258053655001
1.3260219978921648 	 0.003940748731957665
1.3270219978921647 	 0.0040061265053980425
1.3280219978921646 	 0.004072391661512284
1.3290219978921645 	 0.004139586780020815
1.3300219978921644 	 0.004207766467635149
1.3310219978921642 	 0.004276975755033952
1.3320219978921641 	 0.004347217223005338
1.333021997892164 	 0.004418484511029094
1.334021997892164 	 0.004490769774995659
1.3350219978921638 	 0.004564064047947199
1.3360219978921637 	 0.004638357275772288
1.3370219978921636 	 0.004713638364283645
1.3380219978921635 	 0.004789895653804958
1.3390219978921634 	 0.0048671319905103875
1.3400219978921633 	 0.004945364618504161
1.3410219978921631 	 0.005024609214244249
1.342021997892163 	 0.005104871796674995
1.343021997892163 	 0.005186155827170932
1.3440219978921628 	 0.005268464505752367
1.3450219978921627 	 0.005351800781118627
1.3460219978921626 	 0.005436167341101717
1.3470219978921625 	 0.005521567168830247
1.3480219978921624 	 0.005608005198711423
1.3490219978921623 	 0.00569548675995285
1.3500219978921622 	 0.005784017083301143
1.351021997892162 	 0.00587360150979076
1.352021997892162 	 0.005964246144272925
1.3530219978921618 	 0.006055956917001699
1.3540219978921617 	 0.0061487399289879025
1.3550219978921616 	 0.006242601158027686
1.3560219978921615 	 0.006337546523385357
1.3570219978921614 	 0.00643358185104976
1.3580219978921613 	 0.006530712906175444
1.3590219978921612 	 0.006628945403634169
1.360021997892161 	 0.006728285006469587
1.361021997892161 	 0.006828702902285049
1.3620219978921608 	 0.006930038072128959
1.3630219978921607 	 0.0070322552723143155
1.3640219978921606 	 0.007135588026157946
1.3650219978921605 	 0.00724003485094619
1.3660219978921604 	 0.007345577544938197
1.3670219978921603 	 0.007452196667899333
1.3680219978921602 	 0.007559871581562557
1.36902199789216 	 0.007668580450312608
1.37002199789216 	 0.00777830022253021
1.3710219978921598 	 0.007889011238537249
1.3720219978921597 	 0.008000710294261642
1.3730219978921596 	 0.008113397999001154
1.3740219978921595 	 0.008227074865672776
1.3750219978921594 	 0.008341741326934557
1.3760219978921593 	 0.008457397707722946
1.3770219978921592 	 0.008574044148946254
1.378021997892159 	 0.008691680681778448
1.379021997892159 	 0.008810307251631405
1.3800219978921588 	 0.008929923720756272
1.3810219978921587 	 0.009050527861988903
1.3820219978921586 	 0.009172109674377281
1.3830219978921585 	 0.009294656838743452
1.3840219978921584 	 0.009418156469527384
1.3850219978921583 	 0.009542595123502268
1.3860219978921582 	 0.009667958820489337
1.387021997892158 	 0.009794233087298626
1.388021997892158 	 0.009921402070394223
1.3890219978921579 	 0.010049431398803528
1.3900219978921577 	 0.010178268303119384
1.3910219978921576 	 0.010307869207968863
1.3920219978921575 	 0.010438233741482079
1.3930219978921574 	 0.010569372367747569
1.3940219978921573 	 0.010701296239127345
1.3950219978921572 	 0.010834017211815296
1.396021997892157 	 0.01096754281908765
1.397021997892157 	 0.011101862073884368
1.3980219978921569 	 0.011236959337784912
1.3990219978921568 	 0.0113728186714485
1.4000219978921566 	 0.011508792646803816
1.4010219978921565 	 0.011646138753916811
1.4020219978921564 	 0.011784197537933553
1.4030219978921563 	 0.01192295227499946
1.4040219978921562 	 0.01206238599664455
1.405021997892156 	 0.012202481469281325
1.406021997892156 	 0.012343221217943987
1.4070219978921559 	 0.01248458760955848
1.4080219978921558 	 0.012626562738254138
1.4090219978921557 	 0.012769128371211124
1.4100219978921555 	 0.012912265919728601
1.4110219978921554 	 0.013055952913152041
1.4120219978921553 	 0.013200153189001832
1.4130219978921552 	 0.013344827103734498
1.414021997892155 	 0.013489945016971093
1.415021997892155 	 0.013635487046130596
1.4160219978921549 	 0.01378143319990556
1.4170219978921548 	 0.013927762935916603
1.4180219978921547 	 0.014074455111028018
1.4190219978921546 	 0.014221487938800561
1.4200219978921544 	 0.014368838952857569
1.4210219978921543 	 0.014516484991006804
1.4220219978921542 	 0.014664402257536242
1.4230219978921541 	 0.014812566357467164
1.424021997892154 	 0.014960952160197777
1.425021997892154 	 0.01510953375876402
1.4260219978921538 	 0.01525828441484921
1.4270219978921537 	 0.015407176421973858
1.4280219978921536 	 0.015556181253389553
1.4290219978921535 	 0.015705269619515145
1.4300219978921533 	 0.015854411488762092
1.4310219978921532 	 0.0160035761835748
1.4320219978921531 	 0.016152732650473737
1.433021997892153 	 0.016301849394824302
1.434021997892153 	 0.01645089434937189
1.4350219978921528 	 0.016599834873435686
1.4360219978921527 	 0.01674863773737858
1.4370219978921526 	 0.016897269012622368
1.4380219978921525 	 0.017045694865314716
1.4390219978921523 	 0.01719387890219957
1.4400219978921522 	 0.017341779927830783
1.4410219978921521 	 0.017489356047663846
1.442021997892152 	 0.017636564941139316
1.443021997892152 	 0.0177833637612409
1.4440219978921518 	 0.017929710002329777
1.4450219978921517 	 0.018075560116888368
1.4460219978921516 	 0.018220870452928556
1.4470219978921515 	 0.01836559698859277
1.4480219978921514 	 0.018509695433544797
1.4490219978921512 	 0.018653121285085495
1.4500219978921511 	 0.018795829859042063
1.451021997892151 	 0.01893777721751268
1.452021997892151 	 0.019078922717522293
1.4530219978921508 	 0.019219226605757398
1.4540219978921507 	 0.019358649193925274
1.4550219978921506 	 0.01949715086175551
1.4560219978921505 	 0.01963469205601296
1.4570219978921504 	 0.019771231020939594
1.4580219978921503 	 0.01990671771271132
1.4590219978921501 	 0.020041100110081173
1.46002199789215 	 0.020174326185393873
1.46102199789215 	 0.020306343914280055
1.4620219978921498 	 0.02043710126536536
1.4630219978921497 	 0.020566547151237107
1.4640219978921496 	 0.020694647112690083
1.4650219978921495 	 0.02082138271314913
1.4660219978921494 	 0.020946736763477507
1.4670219978921493 	 0.021070692644069983
1.4680219978921492 	 0.021193234395766987
1.469021997892149 	 0.021314346751731078
1.470021997892149 	 0.021434015144842583
1.4710219978921488 	 0.021552218705408636
1.4720219978921487 	 0.02166891088603279
1.4730219978921486 	 0.021784039365400173
1.4740219978921485 	 0.021897552153521287
1.4750219978921484 	 0.02200939762002277
1.4760219978921483 	 0.022119524499371695
1.4770219978921482 	 0.02222788183256989
1.478021997892148 	 0.022334419111286627
1.479021997892148 	 0.022439086353672262
1.4800219978921478 	 0.022541834138638576
1.4810219978921477 	 0.022642613635702545
1.4820219978921476 	 0.02274137658241802
1.4830219978921475 	 0.02283809622150046
1.4840219978921474 	 0.022932826656975696
1.4850219978921473 	 0.023025641024796775
1.4860219978921472 	 0.023116614126928687
1.487021997892147 	 0.0232058218989123
1.488021997892147 	 0.02329333626294542
1.4890219978921468 	 0.023379120900978562
1.4900219978921467 	 0.023463036672381785
1.4910219978921466 	 0.023544860974095683
1.4920219978921465 	 0.023624182408805424
1.4930219978921464 	 0.023700930375186776
1.4940219978921463 	 0.023775131617624446
1.4950219978921462 	 0.023846814245768493
1.496021997892146 	 0.023916007620017405
1.497021997892146 	 0.023982742119456255
1.4980219978921459 	 0.024047049289412495
1.4990219978921457 	 0.024108961856320374
1.5000219978921456 	 0.024168513684421283
1.5010219978921455 	 0.024225739721273506
1.5020219978921454 	 0.02428067593817261
1.5030219978921453 	 0.024333359365911477
1.5040219978921452 	 0.02438382802138862
1.505021997892145 	 0.02443212086107617
1.506021997892145 	 0.02447826639759822
1.5070219978921449 	 0.02452225160466934
1.5080219978921447 	 0.024564022814554106
1.5090219978921446 	 0.02460340886060143
1.5100219978921445 	 0.02464021244836706
1.5110219978921444 	 0.024674302937836942
1.5120219978921443 	 0.024705793733594092
1.5130219978921442 	 0.024734851455334755
1.514021997892144 	 0.02476155641124062
1.515021997892144 	 0.02478590787450168
1.5160219978921439 	 0.024807902968098563
1.5170219978921438 	 0.024827539831764278
1.5180219978921436 	 0.024844817658090174
1.5190219978921435 	 0.02485973669986653
1.5200219978921434 	 0.024872298264233927
1.5210219978921433 	 0.02488250449614103
1.5220219978921432 	 0.024890358221489495
1.523021997892143 	 0.024895863947826405
1.524021997892143 	 0.024899027263270763
1.5250219978921429 	 0.024899854743519294
1.5260219978921428 	 0.024898351834863185
1.5270219978921427 	 0.024894525704926652
1.5280219978921425 	 0.024888385551835826
1.5290219978921424 	 0.02487994247926119
1.5300219978921423 	 0.024869207013859612
1.5310219978921422 	 0.02485619374308912
1.532021997892142 	 0.0248409279777411
1.533021997892142 	 0.024823438109345387
1.5340219978921419 	 0.024803753237912844
1.5350219978921418 	 0.024781903107211112
1.5360219978921417 	 0.024757918138052493
1.5370219978921416 	 0.024731829549564616
1.5380219978921414 	 0.024703668869429558
1.5390219978921413 	 0.02467346199338743
1.5400219978921412 	 0.024641229615802625
1.5410219978921411 	 0.024606992947839162
1.542021997892141 	 0.024570774194776265
1.543021997892141 	 0.024532596395626098
1.5440219978921408 	 0.024492483216828065
1.5450219978921407 	 0.02445045889897018
1.5460219978921406 	 0.02440654835023569
1.5470219978921405 	 0.024360784211194145
1.5480219978921403 	 0.024313224866042853
1.5490219978921402 	 0.024263934488508093
1.5500219978921401 	 0.02421294466169275
1.55102199789214 	 0.02416019413166793
1.55202199789214 	 0.02410569785820276
1.5530219978921398 	 0.024049495436597047
1.5540219978921397 	 0.023991626721591355
1.5550219978921396 	 0.02393213177501799
1.5560219978921395 	 0.023871051034194235
1.5570219978921394 	 0.023808425784983045
1.5580219978921392 	 0.02374429763860106
1.5590219978921391 	 0.023678708368076624
1.560021997892139 	 0.023611699914802158
1.561021997892139 	 0.023543314618424502
1.5620219978921388 	 0.02347359587903188
1.5630219978921387 	 0.023402586434748365
1.5640219978921386 	 0.023330305298850686
1.5650219978921385 	 0.02325674978095303
1.5660219978921384 	 0.02318191796218043
1.5670219978921383 	 0.02310581034722955
1.5680219978921381 	 0.023028198283192643
1.569021997892138 	 0.02294889532581745
1.570021997892138 	 0.022868079181287644
1.5710219978921378 	 0.022785819942422802
1.5720219978921377 	 0.022702230171703697
1.5730219978921376 	 0.02261742818759611
1.5740219978921375 	 0.02253152718264644
1.5750219978921374 	 0.022444637086405872
1.5760219978921373 	 0.02235686587005057
1.5770219978921372 	 0.02226832100069238
1.578021997892137 	 0.022179108462543957
1.579021997892137 	 0.022089332277804394
1.5800219978921368 	 0.021999094065083456
1.5810219978921367 	 0.021908492496873305
1.5820219978921366 	 0.02181762275146399
1.5830219978921365 	 0.021726574096167
1.5840219978921364 	 0.021635427510730224
1.5850219978921363 	 0.02154425297053714
1.5860219978921362 	 0.021453106716116967
1.587021997892136 	 0.021362029056888835
1.588021997892136 	 0.021270973748627155
1.5890219978921358 	 0.021179002326511657
1.5900219978921357 	 0.021085762926617277
1.5910219978921356 	 0.0209912787183491
1.5920219978921355 	 0.020895555762728987
1.5930219978921354 	 0.02079859502973361
1.5940219978921353 	 0.020700405897336554
1.5950219978921352 	 0.020601016017844434
1.596021997892135 	 0.020500481801829003
1.597021997892135 	 0.020398893810412707
1.5980219978921348 	 0.020296375693495204
1.5990219978921347 	 0.020193078999461954
1.6000219978921346 	 0.020089175041328126
1.6010219978921345 	 0.019984827159792308
1.6020219978921344 	 0.01988013269029807
1.6030219978921343 	 0.01977517001651539
1.6040219978921342 	 0.019670010125805562
1.605021997892134 	 0.019564713855257928
1.606021997892134 	 0.01945933104964132
1.6070219978921338 	 0.019353901223960062
1.6080219978921337 	 0.019248454201716704
1.6090219978921336 	 0.019143011435215258
1.6100219978921335 	 0.019037587589887835
1.6110219978921334 	 0.018932205200588827
1.6120219978921333 	 0.01882693118212107
1.6130219978921332 	 0.018721837512557703
1.614021997892133 	 0.018616971129334223
1.615021997892133 	 0.018512356865288997
1.6160219978921329 	 0.018408017358659292
1.6170219978921327 	 0.01830397424932298
1.6180219978921326 	 0.018200248660868473
1.6190219978921325 	 0.01809686153756665
1.6200219978921324 	 0.01799383386920396
1.6210219978921323 	 0.017891186775458437
1.6220219978921322 	 0.017788941206204632
1.623021997892132 	 0.0176871181840604
1.624021997892132 	 0.0175857392938199
1.6250219978921319 	 0.01748482687794806
1.6260219978921318 	 0.017384403878814632
1.6270219978921316 	 0.017284493354212453
1.6280219978921315 	 0.017185119156103393
1.6290219978921314 	 0.01708630616279738
1.6300219978921313 	 0.01698808033457911
1.6310219978921312 	 0.01689045442440215
1.632021997892131 	 0.016793389609997114
1.633021997892131 	 0.016696837935323276
1.6340219978921309 	 0.016600776030905855
1.6350219978921308 	 0.016505260557888424
1.6360219978921307 	 0.016410366105070427
1.6370219978921305 	 0.016316165833385993
1.6380219978921304 	 0.016222731630958186
1.6390219978921303 	 0.0161301177821265
1.6400219978921302 	 0.01603836268202988
1.64102199789213 	 0.015947504832663797
1.64202199789213 	 0.015857582402974243
1.6430219978921299 	 0.01576863410284019
1.6440219978921298 	 0.01568069960147317
1.6450219978921297 	 0.01559381949245705
1.6460219978921296 	 0.015508034864140622
1.6470219978921294 	 0.015423386200080444
1.6480219978921293 	 0.015339914383347301
1.6490219978921292 	 0.015257660903319176
1.650021997892129 	 0.015176667731952257
1.651021997892129 	 0.015096973080611717
1.652021997892129 	 0.015018600091381467
1.6530219978921288 	 0.014941568974137318
1.6540219978921287 	 0.014865900591830072
1.6550219978921286 	 0.014791616347550263
1.6560219978921285 	 0.014718737701213463
1.6570219978921283 	 0.014647285158701041
1.6580219978921282 	 0.014577279071351602
1.6590219978921281 	 0.014508739741413096
1.660021997892128 	 0.014441687297985875
1.661021997892128 	 0.014376157346514075
1.6620219978921278 	 0.014312243337743238
1.6630219978921277 	 0.014250047913566334
1.6640219978921276 	 0.014189629224425626
1.6650219978921275 	 0.01413100460203541
1.6660219978921273 	 0.014074188949018204
1.6670219978921272 	 0.014019195666545766
1.6680219978921271 	 0.013966037195694187
1.669021997892127 	 0.013914725144610923
1.670021997892127 	 0.013865270243050674
1.6710219978921268 	 0.013817684280284485
1.6720219978921267 	 0.013771985447736565
1.6730219978921266 	 0.013728192627162763
1.6740219978921265 	 0.013686323588597471
1.6750219978921264 	 0.013646394998378551
1.6760219978921262 	 0.013608422371823537
1.6770219978921261 	 0.013572419883383612
1.678021997892126 	 0.013538400677843029
1.679021997892126 	 0.013506377012177816
1.6800219978921258 	 0.013476360313729044
1.6810219978921257 	 0.013448361229424383
1.6820219978921256 	 0.013422389628023347
1.6830219978921255 	 0.013398454893925051
1.6840219978921254 	 0.013376565928930632
1.6850219978921253 	 0.013356731197722816
1.6860219978921251 	 0.013338958809330633
1.687021997892125 	 0.013323256602425206
1.688021997892125 	 0.013309632661220597
1.6890219978921248 	 0.013298104396245151
1.6900219978921247 	 0.013288698029467458
1.6910219978921246 	 0.013281436473340865
1.6920219978921245 	 0.013276329306162469
1.6930219978921244 	 0.013273383216981863
1.6940219978921243 	 0.013272605041115363
1.6950219978921242 	 0.013274001726903791
1.696021997892124 	 0.01327758038771714
1.697021997892124 	 0.013283348449151194
1.6980219978921238 	 0.013291313428234405
1.6990219978921237 	 0.013301482820498745
1.7000219978921236 	 0.012974163885023114
1.7010219978921235 	 0.01296920538825738
1.7020219978921234 	 0.012965886162024902
1.7030219978921233 	 0.012964228463231205
1.7040219978921232 	 0.012964253247319712
1.705021997892123 	 0.012965979979970442
1.706021997892123 	 0.012969426435118723
1.7070219978921228 	 0.012974608479040764
1.7080219978921227 	 0.01298153984035832
1.7090219978921226 	 0.012990231865940234
1.7100219978921225 	 0.01300069326282681
1.7110219978921224 	 0.01301292982647468
1.7120219978921223 	 0.013026944155816064
1.7130219978921222 	 0.013042735355849957
1.714021997892122 	 0.013060298728733457
1.715021997892122 	 0.013079625454619485
1.7160219978921218 	 0.013100702263794029
1.7170219978921217 	 0.013123511101999174
1.7180219978921216 	 0.013148028791187144
1.7190219978921215 	 0.01317422668833309
1.7200219978921214 	 0.013202070345335527
1.7210219978921213 	 0.01323151917344983
1.7220219978921212 	 0.013262526116125805
1.723021997892121 	 0.01329503733454523
1.724021997892121 	 0.01332899191057461
1.7250219978921209 	 0.01336432157224655
1.7260219978921207 	 0.01340095044725244
1.7270219978921206 	 0.013438794850252617
1.7280219978921205 	 0.013477763110074847
1.7290219978921204 	 0.013517755443061287
1.7300219978921203 	 0.013558663878921216
1.7310219978921202 	 0.013600372245435484
1.73202199789212 	 0.013642756218221658
1.73302199789212 	 0.013685683441491339
1.7340219978921199 	 0.013729013725298968
1.7350219978921197 	 0.013772599324183213
1.7360219978921196 	 0.013816285301330708
1.7370219978921195 	 0.013859909981443035
1.7380219978921194 	 0.013903305494363898
1.7390219978921193 	 0.013946298410231171
1.7400219978921192 	 0.013988710465473115
1.741021997892119 	 0.014030359377389098
1.742021997892119 	 0.014071059743371401
1.7430219978921189 	 0.014110624019071066
1.7440219978921188 	 0.01414886356802832
1.7450219978921186 	 0.01418558977352209
1.7460219978921185 	 0.014220615201697682
1.7470219978921184 	 0.014253754803455587
1.7480219978921183 	 0.014284827141185447
1.7490219978921182 	 0.014313655625257488
1.750021997892118 	 0.014340069744287722
1.751021997892118 	 0.014363906272616234
1.7520219978921179 	 0.014385010438212277
1.7530219978921178 	 0.014403237034368946
1.7540219978921177 	 0.014418451459086658
1.7550219978921175 	 0.014430530666964321
1.7560219978921174 	 0.014439364019706889
1.7570219978921173 	 0.014444854022987145
1.7580219978921172 	 0.01444691693932908
1.759021997892117 	 0.01444548326885541
1.760021997892117 	 0.014440498092104015
1.7610219978921169 	 0.014431921271597167
1.7620219978921168 	 0.014419727511374802
1.7630219978921167 	 0.014403906276204073
1.7640219978921166 	 0.014384461574585325
1.7650219978921164 	 0.014361411611922547
1.7660219978921163 	 0.01433478832225904
1.7670219978921162 	 0.014304636788748543
1.7680219978921161 	 0.014271014564502046
1.769021997892116 	 0.01423399090659678
1.770021997892116 	 0.014193645936843583
1.7710219978921158 	 0.014150069743381666
1.7720219978921157 	 0.014103361437316145
1.7730219978921156 	 0.014053628178452557
1.7740219978921155 	 0.014000984183743423
1.7750219978921153 	 0.01394554973137716
1.7760219978921152 	 0.0138874501725496
1.7770219978921151 	 0.013826814961902675
1.778021997892115 	 0.013763776716436707
1.779021997892115 	 0.013698470311441854
1.7800219978921148 	 0.01363103202069118
1.7810219978921147 	 0.013561598706825993
1.7820219978921146 	 0.01349030706657748
1.7830219978921145 	 0.01341729293423215
1.7840219978921144 	 0.013342690645585577
1.7850219978921142 	 0.013266632463556033
1.7860219978921141 	 0.013189248065659204
1.787021997892114 	 0.01311066426617558
1.788021997892114 	 0.013031003929817821
1.7890219978921138 	 0.012950386681448586
1.7900219978921137 	 0.012868927931055523
1.7910219978921136 	 0.01278673882178461
1.7920219978921135 	 0.012703926052628945
1.7930219978921134 	 0.012620591746608546
1.7940219978921133 	 0.012536833360817604
1.7950219978921131 	 0.012452743634654477
1.796021997892113 	 0.012368410572552656
1.797021997892113 	 0.012283917457587865
1.7980219978921128 	 0.012199342892438484
1.7990219978921127 	 0.012114760864314017
1.8000219978921126 	 0.012030240830633303
1.8010219978921125 	 0.011945847822420587
1.8020219978921124 	 0.011861642562589658
1.8030219978921123 	 0.011777681596496612
1.8040219978921122 	 0.011694017432356011
1.805021997892112 	 0.011610698689330132
1.806021997892112 	 0.011527770251311098
1.8070219978921118 	 0.011445273424621235
1.8080219978921117 	 0.01136324609805249
1.8090219978921116 	 0.011281722903853014
1.8100219978921115 	 0.011200735378443807
1.8110219978921114 	 0.011120312121812284
1.8120219978921113 	 0.011040478954680676
1.8130219978921112 	 0.010961259072686821
1.814021997892111 	 0.010882673196940898
1.815021997892111 	 0.010804739720437327
1.8160219978921108 	 0.010727474849904118
1.8170219978921107 	 0.010650892742764073
1.8180219978921106 	 0.010575005638965013
1.8190219978921105 	 0.010499823987507673
1.8200219978921104 	 0.010425356567563927
1.8210219978921103 	 0.010351610604132654
1.8220219978921102 	 0.010278591878227997
1.82302199789211 	 0.010206304831635276
1.82402199789211 	 0.01013475266630407
1.8250219978921098 	 0.010063937438476214
1.8260219978921097 	 0.009993860147670466
1.8270219978921096 	 0.009924520820664032
1.8280219978921095 	 0.009855918590626633
1.8290219978921094 	 0.009788051771573906
1.8300219978921093 	 0.009720917928315928
1.8310219978921092 	 0.009654513942081853
1.832021997892109 	 0.009588836072005683
1.833021997892109 	 0.009523880012659604
1.8340219978921088 	 0.009459640947821105
1.8350219978921087 	 0.009396113600658645
1.8360219978921086 	 0.009333292280518237
1.8370219978921085 	 0.009271170926489167
1.8380219978921084 	 0.009209743147923213
1.8390219978921083 	 0.009149002262076142
1.8400219978921082 	 0.009088941329035332
1.841021997892108 	 0.009029553184091
1.842021997892108 	 0.008970830467702695
1.8430219978921079 	 0.00891276565320626
1.8440219978921077 	 0.008855351072400281
1.8450219978921076 	 0.008798578939144479
1.8460219978921075 	 0.008742441371096166
1.8470219978921074 	 0.00868693040970466
1.8480219978921073 	 0.008632038038577398
1.8490219978921072 	 0.00857775620032533
1.850021997892107 	 0.008524076811989498
1.851021997892107 	 0.00847099177914477
1.8520219978921069 	 0.00841849300877159
1.8530219978921068 	 0.008366572420980918
1.8540219978921066 	 0.008315221959672823
1.8550219978921065 	 0.008264433602204198
1.8560219978921064 	 0.00821419936813641
1.8570219978921063 	 0.00816451132712949
1.8580219978921062 	 0.00811536160604505
1.859021997892106 	 0.008066742395316375
1.860021997892106 	 0.008018645954640214
1.8610219978921059 	 0.007971064618041352
1.8620219978921058 	 0.00792399079835766
1.8630219978921057 	 0.007877416991190102
1.8640219978921055 	 0.007831335778359249
1.8650219978921054 	 0.007785739830907049
1.8660219978921053 	 0.007740622014361353
1.8670219978921052 	 0.007695974979801238
1.868021997892105 	 0.0076517917830162836
1.869021997892105 	 0.0076080654740688855
1.8700219978921049 	 0.007564789201609947
1.8710219978921048 	 0.007521956213828442
1.8720219978921047 	 0.007479559859151742
1.8730219978921046 	 0.007437593586718548
1.8740219978921044 	 0.0073960509466443735
1.8750219978921043 	 0.007354925590098268
1.8760219978921042 	 0.007314211269208082
1.877021997892104 	 0.007273901836810167
1.878021997892104 	 0.00723399124605838
1.879021997892104 	 0.007194473549906073
1.8800219978921038 	 0.0071553429004736525
1.8810219978921037 	 0.007116593548313503
1.8820219978921036 	 0.0070782198415830005
1.8830219978921034 	 0.007040216225135538
1.8840219978921033 	 0.007002577239538872
1.8850219978921032 	 0.006965297520029129
1.8860219978921031 	 0.006928371795408329
1.887021997892103 	 0.006891794886892572
1.888021997892103 	 0.006855561706917518
1.8890219978921028 	 0.00681966725790709
1.8900219978921027 	 0.006784106631011176
1.8910219978921026 	 0.00674887500481721
1.8920219978921025 	 0.006713967644040379
1.8930219978921023 	 0.006679379898196782
1.8940219978921022 	 0.006645107200263314
1.8950219978921021 	 0.006611145065327963
1.896021997892102 	 0.006577489089233674
1.897021997892102 	 0.006544134947218758
1.8980219978921018 	 0.006511078392556511
1.8990219978921017 	 0.006478315255196533
1.9000219978921016 	 0.006445841440409872
1.9010219978921015 	 0.006413652927440006
1.9020219978921014 	 0.006381745768161453
1.9030219978921012 	 0.006350116085747637
1.9040219978921011 	 0.006318760073349433
1.905021997892101 	 0.006287673992785595
1.906021997892101 	 0.006256854173246424
1.9070219978921008 	 0.006226297010011422
1.9080219978921007 	 0.006195998963182023
1.9090219978921006 	 0.006165956556430075
1.9100219978921005 	 0.006136166375762801
1.9110219978921004 	 0.006106625068304781
1.9120219978921003 	 0.006077329341097536
1.9130219978921001 	 0.006048275959916968
1.9140219978921 	 0.006019461748109239
1.9150219978921 	 0.00599088358544514
1.9160219978920998 	 0.005962538406993333
1.9170219978920997 	 0.005934423202012536
1.9180219978920996 	 0.0059065350128628315
1.9190219978920995 	 0.0058788709339361684
1.9200219978920994 	 0.005851428110605949
1.9210219978920993 	 0.0058242037381959644
1.9220219978920992 	 0.005797195060968366
1.923021997892099 	 0.005770399371130758
1.924021997892099 	 0.005743814007862244
1.9250219978920988 	 0.005717436432329002
1.9260219978920987 	 0.0056912639226784
1.9270219978920986 	 0.005665294029507708
1.9280219978920985 	 0.005639524270517434
1.9290219978920984 	 0.005613952205789434
1.9300219978920983 	 0.0055885754369236085
1.9310219978920982 	 0.005563391606192162
1.932021997892098 	 0.00553839839571144
1.933021997892098 	 0.0055135935266309635
1.9340219978920978 	 0.005488974758339445
1.9350219978920977 	 0.005464539887687534
1.9360219978920976 	 0.005440286748227002
1.9370219978920975 	 0.005416213209466135
1.9380219978920974 	 0.005392317176141036
1.9390219978920973 	 0.005368596587502527
1.9400219978920972 	 0.005345049416618459
1.941021997892097 	 0.005321673669691079
1.942021997892097 	 0.005298467385389189
1.9430219978920968 	 0.005275428634194856
1.9440219978920967 	 0.0052525555177643105
1.9450219978920966 	 0.005229846168302863
1.9460219978920965 	 0.00520729874795348
1.9470219978920964 	 0.005184911448198757
1.9480219978920963 	 0.005162682489276079
1.9490219978920962 	 0.005140610119605574
1.950021997892096 	 0.005118692615230756
1.951021997892096 	 0.0050969282792714034
1.9520219978920959 	 0.005075315441388626
1.9530219978920957 	 0.00505385245726163
1.9540219978920956 	 0.005032537708076125
1.9550219978920955 	 0.005011369600024014
1.9560219978920954 	 0.00499034656381413
1.9570219978920953 	 0.004969467054193822
1.9580219978920952 	 0.004948729549481104
1.959021997892095 	 0.004928132551107124
1.960021997892095 	 0.0049076745831687935
1.9610219978920949 	 0.0048873541919912545
1.9620219978920947 	 0.004867169945700043
1.9630219978920946 	 0.0048471204338026656
1.9640219978920945 	 0.0048272042667794135
1.9650219978920944 	 0.0048074200756832225
1.9660219978920943 	 0.004787766511748253
1.9670219978920942 	 0.004768242246007208
1.968021997892094 	 0.004748845968916945
1.969021997892094 	 0.00472957638999235
1.9700219978920939 	 0.004710432237448244
1.9710219978920938 	 0.004691412257849106
1.9720219978920936 	 0.00467251521576646
1.9730219978920935 	 0.004653739893443743
1.9740219978920934 	 0.004635085090468457
1.9750219978920933 	 0.004616549623451494
1.9760219978920932 	 0.004598132325713382
1.977021997892093 	 0.004579832108004577
1.978021997892093 	 0.004561647713994508
1.9790219978920929 	 0.00454357808644737
1.9800219978920928 	 0.0045256221225185855
1.9810219978920927 	 0.004507778734603451
1.9820219978920925 	 0.0044900468500619125
1.9830219978920924 	 0.004472425410949213
1.9840219978920923 	 0.004454913373752341
1.9850219978920922 	 0.004437509709132075
1.986021997892092 	 0.004420213401670513
1.987021997892092 	 0.004403023449624029
1.9880219978920919 	 0.0043859388646813905
1.9890219978920918 	 0.004368958671727044
1.9900219978920917 	 0.004352081908609389
1.9910219978920916 	 0.0043353076259139275
1.9920219978920914 	 0.004318634886741171
1.9930219978920913 	 0.0043020627664892225
1.9940219978920912 	 0.004285590352640887
1.9950219978920911 	 0.00426921674455524
1.996021997892091 	 0.004252941053263505
1.997021997892091 	 0.004236762401269201
1.9980219978920908 	 0.004220679922352402
1.9990219978920907 	 0.004204692761378042
