0.0010219978922 	 0
0.0020219978922 	 0.0
0.0030219978922 	 0.0
0.0040219978922 	 0.0
0.0050219978922 	 0.0
0.0060219978922 	 0.0
0.0070219978922 	 0.0
0.0080219978922 	 0.0
0.009021997892200002 	 0.0
0.010021997892200003 	 0.0
0.011021997892200004 	 0.0
0.012021997892200004 	 0.0
0.013021997892200005 	 0.0
0.014021997892200006 	 0.0
0.015021997892200007 	 0.0
0.016021997892200008 	 0.0
0.01702199789220001 	 0.0
0.01802199789220001 	 0.0
0.01902199789220001 	 0.0
0.02002199789220001 	 0.0
0.021021997892200012 	 0.0
0.022021997892200013 	 0.0
0.023021997892200014 	 0.0
0.024021997892200015 	 0.0
0.025021997892200016 	 0.0
0.026021997892200017 	 0.0
0.027021997892200018 	 0.0
0.02802199789220002 	 0.0
0.02902199789220002 	 0.0
0.03002199789220002 	 0.0
0.03102199789220002 	 0.0
0.03202199789220002 	 0.0
0.03302199789220002 	 0.0
0.03402199789220002 	 0.0
0.03502199789220002 	 0.0
0.03602199789220002 	 0.0
0.03702199789220002 	 0.0
0.038021997892200024 	 0.0
0.039021997892200025 	 0.0
0.040021997892200026 	 0.0
0.04102199789220003 	 0.0
0.04202199789220003 	 0.0
0.04302199789220003 	 0.0
0.04402199789220003 	 0.0
0.04502199789220003 	 0.0
0.04602199789220003 	 0.0
0.04702199789220003 	 0.0
0.04802199789220003 	 0.0
0.049021997892200034 	 0.0
0.050021997892200035 	 0.0
0.051021997892200036 	 0.0
0.052021997892200036 	 0.0
0.05302199789220004 	 0.0
0.05402199789220004 	 0.0
0.05502199789220004 	 0.0
0.05602199789220004 	 0.0
0.05702199789220004 	 0.0
0.05802199789220004 	 0.0
0.05902199789220004 	 0.0
0.060021997892200044 	 0.0
0.061021997892200044 	 0.0
0.062021997892200045 	 0.0
0.06302199789220005 	 0.0
0.06402199789220005 	 0.0
0.06502199789220005 	 0.0
0.06602199789220005 	 0.0
0.06702199789220005 	 0.0
0.06802199789220005 	 0.0
0.06902199789220005 	 0.0
0.07002199789220005 	 0.0
0.07102199789220005 	 0.0
0.07202199789220005 	 0.0
0.07302199789220006 	 0.0
0.07402199789220006 	 0.0
0.07502199789220006 	 0.0
0.07602199789220006 	 0.0
0.07702199789220006 	 0.0
0.07802199789220006 	 0.0
0.07902199789220006 	 0.0
0.08002199789220006 	 0.0
0.08102199789220006 	 0.0
0.08202199789220006 	 0.0
0.08302199789220006 	 0.0
0.08402199789220006 	 0.0
0.08502199789220007 	 0.0
0.08602199789220007 	 0.0
0.08702199789220007 	 0.0
0.08802199789220007 	 0.0
0.08902199789220007 	 0.0
0.09002199789220007 	 0.0
0.09102199789220007 	 0.0
0.09202199789220007 	 0.0
0.09302199789220007 	 0.0
0.09402199789220007 	 0.0
0.09502199789220007 	 0.0
0.09602199789220008 	 0.0
0.09702199789220008 	 0.0
0.09802199789220008 	 0.0
0.09902199789220008 	 0.0
0.10002199789220008 	 0.0
0.10102199789220008 	 0.0
0.10202199789220008 	 0.0
0.10302199789220008 	 0.0
0.10402199789220008 	 0.0
0.10502199789220008 	 0.0
0.10602199789220008 	 0.0
0.10702199789220009 	 0.0
0.10802199789220009 	 0.0
0.10902199789220009 	 0.0
0.11002199789220009 	 0.0
0.11102199789220009 	 0.0
0.11202199789220009 	 0.0
0.11302199789220009 	 0.0
0.11402199789220009 	 0.0
0.11502199789220009 	 0.0
0.1160219978922001 	 0.0
0.1170219978922001 	 0.0
0.1180219978922001 	 0.0
0.1190219978922001 	 0.0
0.1200219978922001 	 0.0
0.1210219978922001 	 0.0
0.1220219978922001 	 0.0
0.1230219978922001 	 0.0
0.1240219978922001 	 0.0
0.1250219978922001 	 0.0
0.1260219978922001 	 0.0
0.1270219978922001 	 0.0
0.1280219978922001 	 0.0
0.1290219978922001 	 0.0
0.1300219978922001 	 0.0
0.1310219978922001 	 0.0
0.1320219978922001 	 0.0
0.1330219978922001 	 0.0
0.1340219978922001 	 0.0
0.1350219978922001 	 0.0
0.1360219978922001 	 0.0
0.1370219978922001 	 0.0
0.1380219978922001 	 0.0
0.1390219978922001 	 0.0
0.1400219978922001 	 0.0
0.1410219978922001 	 0.0
0.1420219978922001 	 0.0
0.1430219978922001 	 0.0
0.1440219978922001 	 0.0
0.1450219978922001 	 0.0
0.1460219978922001 	 0.0
0.1470219978922001 	 0.0
0.1480219978922001 	 0.0
0.1490219978922001 	 0.0
0.1500219978922001 	 0.0
0.1510219978922001 	 0.0
0.1520219978922001 	 0.0
0.1530219978922001 	 0.0
0.1540219978922001 	 0.0
0.15502199789220011 	 0.0
0.15602199789220011 	 0.0
0.15702199789220012 	 0.0
0.15802199789220012 	 0.0
0.15902199789220012 	 0.0
0.16002199789220012 	 0.0
0.16102199789220012 	 0.0
0.16202199789220012 	 0.0
0.16302199789220012 	 0.0
0.16402199789220012 	 0.0
0.16502199789220012 	 0.0
0.16602199789220012 	 0.0
0.16702199789220012 	 0.0
0.16802199789220013 	 0.0
0.16902199789220013 	 0.0
0.17002199789220013 	 0.0
0.17102199789220013 	 0.0
0.17202199789220013 	 0.0
0.17302199789220013 	 0.0
0.17402199789220013 	 0.0
0.17502199789220013 	 0.0
0.17602199789220013 	 0.0
0.17702199789220013 	 0.0
0.17802199789220013 	 0.0
0.17902199789220014 	 0.0
0.18002199789220014 	 0.0
0.18102199789220014 	 0.0
0.18202199789220014 	 0.0
0.18302199789220014 	 0.0
0.18402199789220014 	 0.0
0.18502199789220014 	 0.0
0.18602199789220014 	 0.0
0.18702199789220014 	 0.0
0.18802199789220014 	 0.0
0.18902199789220014 	 0.0
0.19002199789220015 	 0.0
0.19102199789220015 	 0.0
0.19202199789220015 	 0.0
0.19302199789220015 	 0.0
0.19402199789220015 	 0.0
0.19502199789220015 	 0.0
0.19602199789220015 	 0.0
0.19702199789220015 	 0.0
0.19802199789220015 	 0.0
0.19902199789220015 	 0.0
0.20002199789220015 	 0.0
0.20102199789220015 	 0.0
0.20202199789220016 	 0.0
0.20302199789220016 	 0.0
0.20402199789220016 	 0.0
0.20502199789220016 	 0.0
0.20602199789220016 	 0.0
0.20702199789220016 	 0.0
0.20802199789220016 	 0.0
0.20902199789220016 	 0.0
0.21002199789220016 	 0.0
0.21102199789220016 	 0.0
0.21202199789220016 	 0.0
0.21302199789220017 	 0.0
0.21402199789220017 	 0.0
0.21502199789220017 	 0.0
0.21602199789220017 	 0.0
0.21702199789220017 	 0.0
0.21802199789220017 	 0.0
0.21902199789220017 	 0.0
0.22002199789220017 	 0.0
0.22102199789220017 	 0.0
0.22202199789220017 	 0.0
0.22302199789220017 	 0.0
0.22402199789220018 	 0.0
0.22502199789220018 	 0.0
0.22602199789220018 	 0.0
0.22702199789220018 	 0.0
0.22802199789220018 	 0.0
0.22902199789220018 	 0.0
0.23002199789220018 	 0.0
0.23102199789220018 	 0.0
0.23202199789220018 	 0.0
0.23302199789220018 	 0.0
0.23402199789220018 	 0.0
0.23502199789220019 	 0.0
0.23602199789220019 	 0.0
0.2370219978922002 	 0.0
0.2380219978922002 	 0.0
0.2390219978922002 	 0.0
0.2400219978922002 	 0.0
0.2410219978922002 	 0.0
0.2420219978922002 	 0.0
0.2430219978922002 	 0.0
0.2440219978922002 	 0.0
0.2450219978922002 	 0.0
0.2460219978922002 	 0.0
0.2470219978922002 	 0.0
0.2480219978922002 	 0.0
0.2490219978922002 	 0.0
0.2500219978922002 	 0.0
0.2510219978922002 	 0.0
0.2520219978922002 	 0.0
0.2530219978922002 	 0.0
0.2540219978922002 	 0.0
0.2550219978922002 	 0.0
0.2560219978922002 	 0.0
0.2570219978922002 	 0.0
0.2580219978922002 	 0.0
0.2590219978922002 	 0.0
0.2600219978922002 	 0.0
0.2610219978922002 	 0.0
0.2620219978922002 	 0.0
0.2630219978922002 	 0.0
0.2640219978922002 	 0.0
0.2650219978922002 	 0.0
0.2660219978922002 	 0.0
0.2670219978922002 	 0.0
0.2680219978922002 	 0.0
0.2690219978922002 	 0.0
0.2700219978922002 	 0.0
0.2710219978922002 	 0.0
0.2720219978922002 	 0.0
0.2730219978922002 	 0.0
0.2740219978922002 	 0.0
0.2750219978922002 	 0.0
0.2760219978922002 	 0.0
0.2770219978922002 	 0.0
0.2780219978922002 	 0.0
0.2790219978922002 	 0.0
0.2800219978922002 	 0.0
0.2810219978922002 	 0.0
0.2820219978922002 	 0.0
0.2830219978922002 	 0.0
0.28402199789220023 	 0.0
0.28502199789220023 	 0.0
0.28602199789220023 	 0.0
0.28702199789220023 	 0.0
0.28802199789220023 	 0.0
0.28902199789220023 	 0.0
0.29002199789220023 	 0.0
0.29102199789220023 	 0.0
0.29202199789220024 	 0.0
0.29302199789220024 	 0.0
0.29402199789220024 	 0.0
0.29502199789220024 	 0.0
0.29602199789220024 	 0.0
0.29702199789220024 	 0.0
0.29802199789220024 	 0.0
0.29902199789220024 	 0.0
0.30002199789220024 	 0.0
0.30102199789220024 	 0.0
0.30202199789220024 	 0.0
0.30302199789220025 	 0.0
0.30402199789220025 	 0.0
0.30502199789220025 	 0.0
0.30602199789220025 	 0.0
0.30702199789220025 	 0.0
0.30802199789220025 	 0.0
0.30902199789220025 	 0.0
0.31002199789220025 	 0.0
0.31102199789220025 	 0.0
0.31202199789220025 	 0.0
0.31302199789220025 	 0.0
0.31402199789220026 	 0.0
0.31502199789220026 	 0.0
0.31602199789220026 	 0.0
0.31702199789220026 	 0.0
0.31802199789220026 	 0.0
0.31902199789220026 	 0.0
0.32002199789220026 	 0.0
0.32102199789220026 	 0.0
0.32202199789220026 	 0.0
0.32302199789220026 	 0.0
0.32402199789220026 	 0.0
0.32502199789220027 	 0.0
0.32602199789220027 	 0.0
0.32702199789220027 	 0.0
0.32802199789220027 	 0.0
0.32902199789220027 	 0.0
0.33002199789220027 	 0.0
0.33102199789220027 	 0.0
0.33202199789220027 	 0.0
0.33302199789220027 	 0.0
0.3340219978922003 	 0.0
0.3350219978922003 	 0.0
0.3360219978922003 	 0.0
0.3370219978922003 	 0.0
0.3380219978922003 	 0.0
0.3390219978922003 	 0.0
0.3400219978922003 	 0.0
0.3410219978922003 	 0.0
0.3420219978922003 	 0.0
0.3430219978922003 	 0.0
0.3440219978922003 	 0.0
0.3450219978922003 	 0.0
0.3460219978922003 	 0.0
0.3470219978922003 	 0.0
0.3480219978922003 	 0.0
0.3490219978922003 	 0.0
0.3500219978922003 	 0.0
0.3510219978922003 	 0.0
0.3520219978922003 	 0.0
0.3530219978922003 	 0.0
0.3540219978922003 	 0.0
0.3550219978922003 	 0.0
0.3560219978922003 	 0.0
0.3570219978922003 	 0.0
0.3580219978922003 	 0.0
0.3590219978922003 	 0.0
0.3600219978922003 	 0.0
0.3610219978922003 	 0.0
0.3620219978922003 	 0.0
0.3630219978922003 	 0.0
0.3640219978922003 	 0.0
0.3650219978922003 	 0.0
0.3660219978922003 	 0.0
0.3670219978922003 	 0.0
0.3680219978922003 	 0.0
0.3690219978922003 	 0.0
0.3700219978922003 	 0.0
0.3710219978922003 	 0.0
0.3720219978922003 	 0.0
0.3730219978922003 	 0.0
0.3740219978922003 	 0.0
0.3750219978922003 	 0.0
0.3760219978922003 	 0.0
0.3770219978922003 	 0.0
0.3780219978922003 	 0.0
0.3790219978922003 	 0.0
0.3800219978922003 	 0.0
0.3810219978922003 	 0.0
0.3820219978922003 	 0.0
0.3830219978922003 	 0.0
0.3840219978922003 	 0.0
0.3850219978922003 	 0.0
0.3860219978922003 	 0.0
0.3870219978922003 	 0.0
0.3880219978922003 	 0.0
0.3890219978922003 	 0.0
0.3900219978922003 	 0.0
0.3910219978922003 	 0.0
0.3920219978922003 	 0.0
0.3930219978922003 	 0.0
0.3940219978922003 	 0.0
0.3950219978922003 	 0.0
0.39602199789220033 	 0.0
0.39702199789220033 	 0.0
0.39802199789220033 	 0.0
0.39902199789220033 	 0.0
0.40002199789220033 	 0.0
0.40102199789220033 	 0.0
0.40202199789220033 	 0.0
0.40302199789220033 	 0.0
0.40402199789220034 	 0.0
0.40502199789220034 	 0.0
0.40602199789220034 	 0.0
0.40702199789220034 	 0.0
0.40802199789220034 	 0.0
0.40902199789220034 	 0.0
0.41002199789220034 	 0.0
0.41102199789220034 	 0.0
0.41202199789220034 	 0.0
0.41302199789220034 	 0.0
0.41402199789220034 	 0.0
0.41502199789220034 	 0.0
0.41602199789220035 	 0.0
0.41702199789220035 	 0.0
0.41802199789220035 	 0.0
0.41902199789220035 	 0.0
0.42002199789220035 	 0.0
0.42102199789220035 	 0.0
0.42202199789220035 	 0.0
0.42302199789220035 	 0.0
0.42402199789220035 	 0.0
0.42502199789220035 	 0.0
0.42602199789220035 	 0.0
0.42702199789220036 	 0.0
0.42802199789220036 	 0.0
0.42902199789220036 	 0.0
0.43002199789220036 	 0.0
0.43102199789220036 	 0.0
0.43202199789220036 	 0.0
0.43302199789220036 	 0.0
0.43402199789220036 	 0.0
0.43502199789220036 	 0.0
0.43602199789220036 	 0.0
0.43702199789220036 	 0.0
0.43802199789220037 	 0.0
0.43902199789220037 	 0.0
0.44002199789220037 	 0.0
0.44102199789220037 	 0.0
0.44202199789220037 	 0.0
0.44302199789220037 	 0.0
0.44402199789220037 	 0.0
0.44502199789220037 	 0.0
0.4460219978922004 	 0.0
0.4470219978922004 	 0.0
0.4480219978922004 	 0.0
0.4490219978922004 	 0.0
0.4500219978922004 	 0.0
0.4510219978922004 	 0.0
0.4520219978922004 	 0.0
0.4530219978922004 	 0.0
0.4540219978922004 	 0.0
0.4550219978922004 	 0.0
0.4560219978922004 	 0.0
0.4570219978922004 	 0.0
0.4580219978922004 	 0.0
0.4590219978922004 	 0.0
0.4600219978922004 	 0.0
0.4610219978922004 	 0.0
0.4620219978922004 	 0.0
0.4630219978922004 	 0.0
0.4640219978922004 	 0.0
0.4650219978922004 	 0.0
0.4660219978922004 	 0.0
0.4670219978922004 	 0.0
0.4680219978922004 	 0.0
0.4690219978922004 	 0.0
0.4700219978922004 	 0.0
0.4710219978922004 	 0.0
0.4720219978922004 	 0.0
0.4730219978922004 	 0.0
0.4740219978922004 	 0.0
0.4750219978922004 	 0.0
0.4760219978922004 	 0.0
0.4770219978922004 	 0.0
0.4780219978922004 	 0.0
0.4790219978922004 	 0.0
0.4800219978922004 	 0.0
0.4810219978922004 	 0.0
0.4820219978922004 	 0.0
0.4830219978922004 	 0.0
0.4840219978922004 	 0.0
0.4850219978922004 	 0.0
0.4860219978922004 	 0.0
0.4870219978922004 	 0.0
0.4880219978922004 	 0.0
0.4890219978922004 	 0.0
0.4900219978922004 	 0.0
0.4910219978922004 	 0.0
0.4920219978922004 	 0.0
0.4930219978922004 	 0.0
0.4940219978922004 	 0.0
0.4950219978922004 	 0.0
0.4960219978922004 	 0.0
0.4970219978922004 	 0.0
0.4980219978922004 	 0.0
0.4990219978922004 	 0.0
0.5000219978922004 	 0.0
0.5010219978922004 	 0.0
0.5020219978922004 	 0.0
0.5030219978922004 	 0.0
0.5040219978922004 	 0.0
0.5050219978922004 	 0.0
0.5060219978922004 	 0.0
0.5070219978922004 	 0.0
0.5080219978922004 	 0.0
0.5090219978922004 	 0.0
0.5100219978922004 	 0.0
0.5110219978922004 	 0.0
0.5120219978922004 	 0.0
0.5130219978922004 	 0.0
0.5140219978922004 	 0.0
0.5150219978922004 	 0.0
0.5160219978922004 	 0.0
0.5170219978922004 	 0.0
0.5180219978922004 	 0.0
0.5190219978922004 	 0.0
0.5200219978922004 	 0.0
0.5210219978922004 	 0.0
0.5220219978922004 	 0.0
0.5230219978922004 	 0.0
0.5240219978922004 	 0.0
0.5250219978922004 	 0.0
0.5260219978922004 	 0.0
0.5270219978922004 	 0.0
0.5280219978922004 	 0.0
0.5290219978922004 	 0.0
0.5300219978922004 	 0.0
0.5310219978922004 	 0.0
0.5320219978922004 	 0.0
0.5330219978922004 	 0.0
0.5340219978922004 	 0.0
0.5350219978922004 	 0.0
0.5360219978922004 	 0.0
0.5370219978922004 	 0.0
0.5380219978922004 	 0.0
0.5390219978922004 	 0.0
0.5400219978922004 	 0.0
0.5410219978922004 	 0.0
0.5420219978922004 	 0.0
0.5430219978922004 	 0.0
0.5440219978922004 	 0.0
0.5450219978922004 	 0.0
0.5460219978922004 	 0.0
0.5470219978922004 	 0.0
0.5480219978922004 	 0.0
0.5490219978922004 	 0.0
0.5500219978922004 	 0.0
0.5510219978922004 	 0.0
0.5520219978922004 	 0.0
0.5530219978922004 	 0.0
0.5540219978922004 	 0.0
0.5550219978922004 	 0.0
0.5560219978922004 	 0.0
0.5570219978922004 	 0.0
0.5580219978922004 	 0.0
0.5590219978922004 	 0.0
0.5600219978922004 	 0.0
0.5610219978922004 	 0.0
0.5620219978922004 	 0.0
0.5630219978922004 	 0.0
0.5640219978922004 	 0.0
0.5650219978922004 	 0.0
0.5660219978922004 	 0.0
0.5670219978922004 	 0.0
0.5680219978922004 	 0.0
0.5690219978922004 	 0.0
0.5700219978922004 	 0.0
0.5710219978922004 	 0.0
0.5720219978922004 	 0.0
0.5730219978922004 	 0.0
0.5740219978922004 	 0.0
0.5750219978922004 	 0.0
0.5760219978922004 	 0.0
0.5770219978922004 	 0.0
0.5780219978922004 	 0.0
0.5790219978922004 	 0.0
0.5800219978922004 	 0.0
0.5810219978922004 	 0.0
0.5820219978922004 	 0.0
0.5830219978922004 	 0.0
0.5840219978922004 	 0.0
0.5850219978922004 	 0.0
0.5860219978922004 	 0.0
0.5870219978922004 	 0.0
0.5880219978922004 	 0.0
0.5890219978922004 	 0.0
0.5900219978922004 	 0.0
0.5910219978922004 	 0.0
0.5920219978922004 	 0.0
0.5930219978922004 	 0.0
0.5940219978922004 	 0.0
0.5950219978922004 	 0.0
0.5960219978922005 	 0.0
0.5970219978922005 	 0.0
0.5980219978922005 	 0.0
0.5990219978922005 	 0.0
0.6000219978922005 	 0.0
0.6010219978922005 	 0.0
0.6020219978922005 	 0.0
0.6030219978922005 	 0.0
0.6040219978922005 	 0.0
0.6050219978922005 	 0.0
0.6060219978922005 	 0.0
0.6070219978922005 	 0.0
0.6080219978922005 	 0.0
0.6090219978922005 	 0.0
0.6100219978922005 	 0.0
0.6110219978922005 	 0.0
0.6120219978922005 	 0.0
0.6130219978922005 	 3.4246015158532035e-09
0.6140219978922005 	 7.741379724502775e-09
0.6150219978922005 	 1.138628668279879e-08
0.6160219978922005 	 1.4414885304840423e-08
0.6170219978922005 	 1.6881309930930227e-08
0.6180219978922005 	 1.8838275579448276e-08
0.6190219978922005 	 2.033708715940788e-08
0.6200219978922005 	 2.1427648655675786e-08
0.6210219978922005 	 2.215847229910638e-08
0.6220219978922005 	 2.257668773408631e-08
0.6230219978922005 	 2.272805119623537e-08
0.6240219978922005 	 2.2656954713262855e-08
0.6250219978922005 	 2.2406435342232792e-08
0.6260219978922005 	 2.201818445673798e-08
0.6270219978922005 	 2.153255709774057e-08
0.6280219978922005 	 2.0988581402077437e-08
0.6290219978922005 	 2.0423968122881367e-08
0.6300219978922005 	 1.9875120256404698e-08
0.6310219978922005 	 1.9377142789972832e-08
0.6320219978922005 	 1.8963852586026576e-08
0.6330219978922005 	 1.866778841743247e-08
0.6340219978922005 	 1.8520221169464446e-08
0.6350219978922005 	 1.8551164224063052e-08
0.6360219978922005 	 1.878938404217422e-08
0.6370219978922005 	 1.9262410960172497e-08
0.6380219978922005 	 1.9996550216514468e-08
0.6390219978922005 	 2.1016893224975684e-08
0.6400219978922005 	 2.234732911092248e-08
0.6410219978922005 	 2.401055652723585e-08
0.6420219978922005 	 2.6028095766587638e-08
0.6430219978922005 	 2.8420301186878446e-08
0.6440219978922005 	 3.120637396670758e-08
0.6450219978922005 	 3.4404375207792215e-08
0.6460219978922005 	 3.8031239401277086e-08
0.6470219978922005 	 4.210278827486828e-08
0.6480219978922005 	 4.663374503769361e-08
0.6490219978922005 	 5.16377490397294e-08
0.6500219978922005 	 5.712737086253506e-08
0.6510219978922005 	 6.311412785791293e-08
0.6520219978922005 	 6.960850015094666e-08
0.6530219978922005 	 7.66199471236532e-08
0.6540219978922005 	 8.415692439526626e-08
0.6550219978922005 	 9.22269013148813e-08
0.6560219978922005 	 1.0083637898182969e-07
0.6570219978922005 	 1.0999090880882609e-07
0.6580219978922005 	 1.1969511164247896e-07
0.6590219978922005 	 1.299526974552945e-07
0.6600219978922005 	 1.4076648562277927e-07
0.6610219978922005 	 1.5213842579866264e-07
0.6620219978922005 	 1.6406961940064964e-07
0.6630219978922005 	 1.7656349617353258e-07
0.6640219978922005 	 1.8968738932004997e-07
0.6650219978922005 	 2.0356536795878382e-07
0.6660219978922005 	 2.1831738047249037e-07
0.6670219978922005 	 2.340569110431234e-07
0.6680219978922005 	 2.5089108855175395e-07
0.6690219978922005 	 2.68920798741826e-07
0.6700219978922005 	 2.882407997231638e-07
0.6710219978922005 	 3.089398408897868e-07
0.6720219978922005 	 3.31100785320539e-07
0.6730219978922005 	 3.5480073572638644e-07
0.6740219978922005 	 3.8011116400321986e-07
0.6750219978922005 	 4.0709804444341506e-07
0.6760219978922005 	 4.3582199065333304e-07
0.6770219978922005 	 4.66338396217664e-07
0.6780219978922005 	 4.986975791445247e-07
0.6790219978922005 	 5.329449301181951e-07
0.6800219978922005 	 5.691210645783731e-07
0.6810219978922005 	 6.072619786370896e-07
0.6820219978922005 	 6.473992088353897e-07
0.6830219978922005 	 6.895599957330888e-07
0.6840219978922005 	 7.337674513154135e-07
0.6850219978922005 	 7.8004073019004e-07
0.6860219978922005 	 8.283952045379742e-07
0.6870219978922005 	 8.788426427702241e-07
0.6880219978922005 	 9.313996438055543e-07
0.6890219978922005 	 9.862485438934196e-07
0.6900219978922005 	 1.0437176231179198e-06
0.6910219978922005 	 1.1041217028122147e-06
0.6920219978922005 	 1.1677563384124662e-06
0.6930219978922005 	 1.234898443096958e-06
0.6940219978922005 	 1.305806925451269e-06
0.6950219978922005 	 1.380723340953485e-06
0.6960219978922005 	 1.4598725570268379e-06
0.6970219978922005 	 1.5434634313581545e-06
0.6980219978922005 	 1.6316895031291534e-06
0.6990219978922005 	 1.7247296967550514e-06
0.7000219978922005 	 1.8227490376679702e-06
0.7010219978922005 	 1.9258993796259214e-06
0.7020219978922005 	 2.034320142966626e-06
0.7030219978922005 	 2.1481390631626555e-06
0.7040219978922005 	 2.2674729489679016e-06
0.7050219978922005 	 2.3924284493765e-06
0.7060219978922005 	 2.5231028285423964e-06
0.7070219978922005 	 2.6595847477320984e-06
0.7080219978922005 	 2.801955053302414e-06
0.7090219978922006 	 2.950287569610613e-06
0.7100219978922006 	 3.1046498956749194e-06
0.7110219978922006 	 3.2651042043074534e-06
0.7120219978922006 	 3.431708042340519e-06
0.7130219978922006 	 3.6045268759924615e-06
0.7140219978922006 	 3.78386359943325e-06
0.7150219978922006 	 3.970230792176078e-06
0.7160219978922006 	 4.164124649269908e-06
0.7170219978922006 	 4.366017676635683e-06
0.7180219978922006 	 4.576360525173283e-06
0.7190219978922006 	 4.7955838242383534e-06
0.7200219978922006 	 5.024100010370658e-06
0.7210219978922006 	 5.262305146774693e-06
0.7220219978922006 	 5.510580728635724e-06
0.7230219978922006 	 5.769295468881707e-06
0.7240219978922006 	 6.038807058473255e-06
0.7250219978922006 	 6.3194638947025544e-06
0.7260219978922006 	 6.611606770295589e-06
0.7270219978922006 	 6.915570515328191e-06
0.7280219978922006 	 7.2316855830558504e-06
0.7290219978922006 	 7.560279569706555e-06
0.7300219978922006 	 7.901678657053622e-06
0.7310219978922006 	 8.256208965146802e-06
0.7320219978922006 	 8.624197800876838e-06
0.7330219978922006 	 9.005974786042274e-06
0.7340219978922006 	 9.401872846188066e-06
0.7350219978922006 	 9.812229038635671e-06
0.7360219978922006 	 1.023738519469116e-05
0.7370219978922006 	 1.0677688346899613e-05
0.7380219978922006 	 1.1133484306193317e-05
0.7390219978922006 	 1.1604988534364405e-05
0.7400219978922006 	 1.2092299710727482e-05
0.7410219978922006 	 1.2595525419936733e-05
0.7420219978922006 	 1.3114785215374374e-05
0.7430219978922006 	 1.3650208047964591e-05
0.7440219978922006 	 1.4201929088563562e-05
0.7450219978922006 	 1.4770085832578281e-05
0.7460219978922006 	 1.535481335084496e-05
0.7470219978922006 	 1.5956238519962778e-05
0.7480219978922006 	 1.6574473026494935e-05
0.7490219978922006 	 1.720960489045365e-05
0.7500219978922006 	 1.7861688191340368e-05
0.7510219978922006 	 1.8530730600821866e-05
0.7520219978922006 	 1.921667822475839e-05
0.7530219978922006 	 1.9919397127026295e-05
0.7540219978922006 	 2.063865073934536e-05
0.7550219978922006 	 2.137407214324104e-05
0.7560219978922006 	 2.212512992638941e-05
0.7570219978922006 	 2.289108594475999e-05
0.7580219978922006 	 2.367094283612563e-05
0.7590219978922006 	 2.446337849257054e-05
0.7600219978922006 	 2.526666386136176e-05
0.7610219978922006 	 2.6078559343186182e-05
0.7620219978922006 	 2.6896183618117806e-05
0.7630219978922006 	 2.7715811929783424e-05
0.7640219978922006 	 2.8531979351132328e-05
0.7650219978922006 	 2.933728149670221e-05
0.7660219978922006 	 3.0122858831436758e-05
0.7670219978922006 	 3.087839980187099e-05
0.7680219978922006 	 3.15911353026679e-05
0.7690219978922006 	 3.224501601037653e-05
0.7700219978922006 	 3.281987819373082e-05
0.7710219978922006 	 3.3290480819459044e-05
0.7720219978922006 	 3.362550798073643e-05
0.7730219978922006 	 3.378679744469134e-05
0.7740219978922006 	 3.372940192977503e-05
0.7750219978922006 	 3.34037587002161e-05
0.7760219978922006 	 3.276241710565644e-05
0.7770219978922006 	 3.177549122573581e-05
0.7780219978922006 	 3.0460492118175766e-05
0.7790219978922006 	 2.8930258388212772e-05
0.7800219978922006 	 2.744990851843389e-05
0.7810219978922006 	 2.6462900239650216e-05
0.7820219978922006 	 2.651495700577596e-05
0.7830219978922006 	 2.8043491105903288e-05
0.7840219978922006 	 3.114376693410218e-05
0.7850219978922006 	 3.551225743822909e-05
0.7860219978922006 	 4.06223372244518e-05
0.7870219978922006 	 4.596737700778157e-05
0.7880219978922006 	 5.120020287506941e-05
0.7890219978922006 	 5.6145465235389396e-05
0.7900219978922006 	 6.075009575252682e-05
0.7910219978922006 	 6.502870108953062e-05
0.7920219978922006 	 6.902552308938123e-05
0.7930219978922006 	 7.279292916530727e-05
0.7940219978922006 	 7.63809150888201e-05
0.7950219978922006 	 7.98331802779783e-05
0.7960219978922006 	 8.318630908160955e-05
0.7970219978922006 	 8.647027826684233e-05
0.7980219978922006 	 8.970941476363733e-05
0.7990219978922006 	 9.29234080890179e-05
0.8000219978922006 	 9.612822064732934e-05
0.8010219978922006 	 9.933685002274239e-05
0.8020219978922006 	 0.00010255994474651539
0.8030219978922006 	 0.00010580629236897455
0.8040219978922006 	 0.00010908320263764352
0.8050219978922006 	 0.00011239680712273772
0.8060219978922006 	 0.00011575229337559512
0.8070219978922006 	 0.00011915408821958393
0.8080219978922006 	 0.00012260600165672842
0.8090219978922006 	 0.00012611134029564722
0.8100219978922006 	 0.00012967299715043853
0.8110219978922006 	 0.00013329279644923179
0.8120219978922006 	 0.00013696951033781912
0.8130219978922006 	 0.00014070106496768736
0.8140219978922006 	 0.00014448825488949925
0.8150219978922006 	 0.00014833472029520325
0.8160219978922006 	 0.00015224414336759097
0.8170219978922006 	 0.00015622015192734347
0.8180219978922006 	 0.00016026633605286183
0.8190219978922006 	 0.0001643862620094131
0.8200219978922006 	 0.00016858348395366472
0.8210219978922007 	 0.00017286103669350016
0.8220219978922007 	 0.00017721999449143636
0.8230219978922007 	 0.00018166091058585186
0.8240219978922007 	 0.00018618426929704172
0.8250219978922007 	 0.00019079049089939048
0.8260219978922007 	 0.0001954799357714536
0.8270219978922007 	 0.0002002529079521761
0.8280219978922007 	 0.00020510965820766592
0.8290219978922007 	 0.00021005038669378117
0.8300219978922007 	 0.00021507524528451146
0.8310219978922007 	 0.0002201843396236669
0.8320219978922007 	 0.0002253777309472044
0.8330219978922007 	 0.00023065543771532044
0.8340219978922007 	 0.00023601743708670983
0.8350219978922007 	 0.00024146366626185024
0.8360219978922007 	 0.0002469940237176369
0.8370219978922007 	 0.0002526083703519358
0.8380219978922007 	 0.0002583067457176603
0.8390219978922007 	 0.0002640936620217561
0.8400219978922007 	 0.0002699780002633719
0.8410219978922007 	 0.0002759675357599485
0.8420219978922007 	 0.0002820646501522242
0.8430219978922007 	 0.00028827043878370547
0.8440219978922007 	 0.0002945859870696029
0.8450219978922007 	 0.00030101237071185246
0.8460219978922007 	 0.0003075506558813217
0.8470219978922007 	 0.00031420189937187765
0.8480219978922007 	 0.00032096714873047105
0.8490219978922007 	 0.00032784744236680945
0.8500219978922007 	 0.0003347976756017082
0.8510219978922007 	 0.0003419099227934056
0.8520219978922007 	 0.0003491400994673968
0.8530219978922007 	 0.00035648920224656507
0.8540219978922007 	 0.0003639582191445373
0.8550219978922007 	 0.000371548129633277
0.8560219978922007 	 0.00037925990470637363
0.8570219978922007 	 0.0003870945069392352
0.8580219978922007 	 0.00039505289054732047
0.8590219978922007 	 0.0004031360014433219
0.8600219978922007 	 0.000411344777294201
0.8610219978922007 	 0.0004196801475787765
0.8620219978922007 	 0.0004281430336465567
0.8630219978922007 	 0.00043673437919824446
0.8640219978922007 	 0.0004454557560561878
0.8650219978922007 	 0.0004543093442641489
0.8660219978922007 	 0.0004632973642845818
0.8670219978922007 	 0.0004724220532737121
0.8680219978922007 	 0.0004816856645866885
0.8690219978922007 	 0.0004910904672739513
0.8700219978922007 	 0.0005006387455703804
0.8710219978922007 	 0.0005103327983788031
0.8720219978922007 	 0.0005201749387493909
0.8730219978922007 	 0.0005301674933561656
0.8740219978922007 	 0.0005403128019722383
0.8750219978922007 	 0.0005506132169448426
0.8760219978922007 	 0.0005610711026714754
0.8770219978922007 	 0.0005716888350783138
0.8780219978922007 	 0.0005824688011019449
0.8790219978922007 	 0.000593413398175547
0.8800219978922007 	 0.0006045250337201959
0.8810219978922007 	 0.0006158061032146862
0.8820219978922007 	 0.0006272589302473925
0.8830219978922007 	 0.0006388858264450848
0.8840219978922007 	 0.0006506891096807677
0.8850219978922007 	 0.0006626711036594578
0.8860219978922007 	 0.00067483413751423
0.8870219978922007 	 0.0006871805454130739
0.8880219978922007 	 0.0006997126793471006
0.8890219978922007 	 0.0007124331704891618
0.8900219978922007 	 0.0007253449181131004
0.8910219978922007 	 0.0007384508166798351
0.8920219978922007 	 0.000751753669931909
0.8930219978922007 	 0.0007652562570920001
0.8940219978922007 	 0.0007789613535208495
0.8950219978922007 	 0.0007928717296624713
0.8960219978922007 	 0.0008069901499927523
0.8970219978922007 	 0.000821319371972016
0.8980219978922007 	 0.0008358621450019602
0.8990219978922007 	 0.0008506212093872788
0.9000219978922007 	 0.0008655992953024127
0.9010219978922007 	 0.0008807991217637439
0.9020219978922007 	 0.0008962233956074532
0.9030219978922007 	 0.0009118748104734245
0.9040219978922007 	 0.0009277560457952231
0.9050219978922007 	 0.0009438697657963214
0.9060219978922007 	 0.0009602186184929532
0.9070219978922007 	 0.0009768052347033564
0.9080219978922007 	 0.0009936322270635485
0.9090219978922007 	 0.0010107021890496224
0.9100219978922007 	 0.0010280176940063047
0.9110219978922007 	 0.0010455812869673085
0.9120219978922007 	 0.0010633954628132079
0.9130219978922007 	 0.0010814627830823226
0.9140219978922007 	 0.0010997878440137242
0.9150219978922007 	 0.001118377182063656
0.9160219978922007 	 0.0011372374142884876
0.9170219978922007 	 0.0011563751597227158
0.9180219978922007 	 0.0011757956476489602
0.9190219978922007 	 0.0011955003272624348
0.9200219978922007 	 0.0012154983662038652
0.9210219978922007 	 0.0012357964471555105
0.9220219978922007 	 0.0012563979651272464
0.9230219978922007 	 0.0012773054603243505
0.9240219978922007 	 0.001298521350650755
0.9250219978922007 	 0.0013200479635235786
0.9260219978922007 	 0.0013418875509103553
0.9270219978922007 	 0.0013640422971715007
0.9280219978922007 	 0.0013865143233419697
0.9290219978922007 	 0.0014093056894610952
0.9300219978922007 	 0.0014324183957455938
0.9310219978922007 	 0.0014558545223365563
0.9320219978922007 	 0.0014796166307073368
0.9330219978922007 	 0.0015037073965120259
0.9340219978922008 	 0.0015281294928474814
0.9350219978922008 	 0.0015528855911561413
0.9360219978922008 	 0.001577978361949444
0.9370219978922008 	 0.0016034104753657875
0.9380219978922008 	 0.0016291852969547126
0.9390219978922008 	 0.0016553206662643712
0.9400219978922008 	 0.001681848162583138
0.9410219978922008 	 0.0017087952357908694
0.9420219978922008 	 0.0017361715196462762
0.9430219978922008 	 0.0017639824650406053
0.9440219978922008 	 0.0017922335156453652
0.9450219978922008 	 0.0018209301063840575
0.9460219978922008 	 0.0018500776615767204
0.9470219978922008 	 0.0018796815927043676
0.9480219978922008 	 0.0019097472957369144
0.9490219978922008 	 0.0019402801478904754
0.9500219978922008 	 0.0019712855039186465
0.9510219978922008 	 0.002002766158392048
0.9520219978922008 	 0.0020347153528123313
0.9530219978922008 	 0.002067123976914405
0.9540219978922008 	 0.0020999827746214896
0.9550219978922008 	 0.0021332823367544236
0.9560219978922008 	 0.0021670131902474772
0.9570219978922008 	 0.0022011660690048444
0.9580219978922008 	 0.0022357316417205998
0.9590219978922008 	 0.0022707132606578327
0.9600219978922008 	 0.0023061622432489957
0.9610219978922008 	 0.002342141065595054
0.9620219978922008 	 0.002378712071428214
0.9630219978922008 	 0.002415935216763979
0.9640219978922008 	 0.0024538243178807025
0.9650219978922008 	 0.0024923494934631276
0.9660219978922008 	 0.0025314787301758132
0.9670219978922008 	 0.0025711795299386757
0.9680219978922008 	 0.002611418853286954
0.9690219978922008 	 0.002652163051793741
0.9700219978922008 	 0.0026933777878496963
0.9710219978922008 	 0.002735046601059676
0.9720219978922008 	 0.002777222017933385
0.9730219978922008 	 0.002819971873270289
0.9740219978922008 	 0.0028633627571943926
0.9750219978922008 	 0.002907459780315199
0.9760219978922008 	 0.0029523262968963408
0.9770219978922008 	 0.0029980235769207506
0.9780219978922008 	 0.003044610416972505
0.9790219978922008 	 0.0030921426742517365
0.9800219978922008 	 0.003140672706520608
0.9810219978922008 	 0.0031898726738432293
0.9820219978922008 	 0.003238003026335396
0.9830219978922008 	 0.0032835204793687164
0.9840219978922008 	 0.0033358337695435403
0.9850219978922008 	 0.0033938959362243668
0.9860219978922008 	 0.003443968421499099
0.9870219978922008 	 0.003489519274789411
0.9880219978922008 	 0.0035322951126870706
0.9890219978922008 	 0.003571900677110871
0.9900219978922008 	 0.0036091603395688597
0.9910219978922008 	 0.003643900638081217
0.9920219978922008 	 0.003675701806602898
0.9930219978922008 	 0.0037039727129214656
0.9940219978922008 	 0.0037279575218924815
0.9950219978922008 	 0.003746723426861222
0.9960219978922008 	 0.0037536586158280877
0.9970219978922008 	 0.0037441827240124815
0.9980219978922008 	 0.003718809561876026
0.9990219978922008 	 0.003675957333628411
1.0000219978922007 	 0.0036136188670608258
1.0010219978922006 	 0.0035296655485803066
1.0020219978922005 	 0.0034220297106726145
1.0030219978922004 	 0.0032888980188565007
1.0040219978922003 	 0.00312879377505541
1.0050219978922001 	 0.002933138541128556
1.0060219978922 	 0.0027104507071049355
1.0070219978922 	 0.002465716748349604
1.0080219978921998 	 0.0022021505292584543
1.0090219978921997 	 0.0019249385967654083
1.0100219978921996 	 0.0016411051977123614
1.0110219978921995 	 0.0013594946549438894
1.0120219978921994 	 0.001089387695299902
1.0130219978921993 	 0.0008395193836251737
1.0140219978921992 	 0.0006178532621440652
1.015021997892199 	 0.00043073777680233144
1.016021997892199 	 0.0002823256182070833
1.0170219978921988 	 0.00017454963799652646
1.0180219978921987 	 0.00010753861733793479
1.0190219978921986 	 7.980968939128713e-05
1.0200219978921985 	 8.826048879207112e-05
1.0210219978921984 	 0.00012874157723667847
1.0220219978921983 	 0.00019854014430441977
1.0230219978921982 	 0.00029200332704813916
1.024021997892198 	 0.0004063386014070328
1.025021997892198 	 0.0005376468008296347
1.0260219978921978 	 0.0006819179750782612
1.0270219978921977 	 0.0008348803503189572
1.0280219978921976 	 0.000992200114696841
1.0290219978921975 	 0.001155423027535979
1.0300219978921974 	 0.001325145360367604
1.0310219978921973 	 0.001499888196752578
1.0320219978921972 	 0.0016778950761556864
1.033021997892197 	 0.0018571262099410534
1.034021997892197 	 0.0020352995230581016
1.0350219978921968 	 0.002212524594949191
1.0360219978921967 	 0.0023893403571532182
1.0370219978921966 	 0.002565389769692626
1.0380219978921965 	 0.002740382721406107
1.0390219978921964 	 0.002914270022345573
1.0400219978921963 	 0.0030872619032470375
1.0410219978921962 	 0.003259593116942656
1.042021997892196 	 0.003431297303513393
1.043021997892196 	 0.0036023586744871323
1.0440219978921959 	 0.003772762136320299
1.0450219978921957 	 0.003942490064099632
1.0460219978921956 	 0.004111519953004487
1.0470219978921955 	 0.004279863022519438
1.0480219978921954 	 0.004447681346990367
1.0490219978921953 	 0.004615183585628381
1.0500219978921952 	 0.004782589052275429
1.051021997892195 	 0.004950097992452152
1.052021997892195 	 0.005117810084063441
1.0530219978921949 	 0.005285796400974941
1.0540219978921948 	 0.00545412266534597
1.0550219978921946 	 0.005622849288965487
1.0560219978921945 	 0.005792031480840201
1.0570219978921944 	 0.0059617234660284775
1.0580219978921943 	 0.006131990190410688
1.0590219978921942 	 0.006302896427798637
1.060021997892194 	 0.006474503414123946
1.061021997892194 	 0.006646888910249506
1.0620219978921939 	 0.006820203422098036
1.0630219978921938 	 0.006994610046444777
1.0640219978921936 	 0.007170170355831111
1.0650219978921935 	 0.007346845539412684
1.0660219978921934 	 0.007524612257676443
1.0670219978921933 	 0.00770353721426524
1.0680219978921932 	 0.00788370712771257
1.069021997892193 	 0.008065206912064311
1.070021997892193 	 0.00824811965253146
1.0710219978921929 	 0.008432518594978714
1.0720219978921928 	 0.008618445208509986
1.0730219978921927 	 0.00880593218644242
1.0740219978921925 	 0.008995010590018549
1.0750219978921924 	 0.009185709986087413
1.0760219978921923 	 0.009378058577002227
1.0770219978921922 	 0.009572083323281941
1.078021997892192 	 0.00976781005904771
1.079021997892192 	 0.009965263601190554
1.0800219978921919 	 0.010164467852403936
1.0810219978921918 	 0.010365466943301753
1.0820219978921917 	 0.010568383000887928
1.0830219978921916 	 0.010773355612223088
1.0840219978921914 	 0.01098052320944946
1.0850219978921913 	 0.011190022911637764
1.0860219978921912 	 0.011401990370772719
1.0870219978921911 	 0.01161629528105511
1.088021997892191 	 0.011831863080854483
1.089021997892191 	 0.012048437057153482
1.0900219978921908 	 0.012266762013561897
1.0910219978921907 	 0.012487481553910532
1.0920219978921906 	 0.012710690639409404
1.0930219978921905 	 0.01293635382927024
1.0940219978921903 	 0.01316443401292193
1.0950219978921902 	 0.01339489249397925
1.0960219978921901 	 0.013627689070389191
1.09702199789219 	 0.013862782109053682
1.09802199789219 	 0.014100128614403951
1.0990219978921898 	 0.014339686749167253
1.1000219978921897 	 0.014581464446768255
1.1010219978921896 	 0.014825514604263028
1.1020219978921895 	 0.015071883171924892
1.1030219978921894 	 0.015320568957391095
1.1040219978921892 	 0.015571524365246019
1.1050219978921891 	 0.01582469985698226
1.106021997892189 	 0.01608004630203254
1.107021997892189 	 0.01633757178851751
1.1080219978921888 	 0.016597496743611623
1.1090219978921887 	 0.01686009005415592
1.1100219978921886 	 0.01712561901836449
1.1110219978921885 	 0.017394172410859464
1.1120219978921884 	 0.017665175466031812
1.1130219978921883 	 0.017937920705579365
1.1140219978921881 	 0.018212197676236667
1.115021997892188 	 0.01848826589721162
1.116021997892188 	 0.018766404090283306
1.1170219978921878 	 0.019046891707616923
1.1180219978921877 	 0.019330008820741734
1.1190219978921876 	 0.019616036017910576
1.1200219978921875 	 0.019905254309113836
1.1210219978921874 	 0.020197821320428723
1.1220219978921873 	 0.020493430587511376
1.1230219978921872 	 0.02079166432917286
1.124021997892187 	 0.021092102709949514
1.125021997892187 	 0.021394324271571633
1.1260219978921868 	 0.02169790609151783
1.1270219978921867 	 0.022002423953062934
1.1280219978921866 	 0.022307727418754163
1.1290219978921865 	 0.02261469610252107
1.1300219978921864 	 0.02292445369205744
1.1310219978921863 	 0.023237894083626878
1.1320219978921862 	 0.02355504008573255
1.133021997892186 	 0.02387570886046402
1.134021997892186 	 0.024199716495974168
1.1350219978921858 	 0.0245264694529906
1.1360219978921857 	 0.024856612651887
1.1370219978921856 	 0.025189538050467405
1.1380219978921855 	 0.025525041419129646
1.1390219978921854 	 0.025862559412640644
1.1400219978921853 	 0.026201191588164165
1.1410219978921852 	 0.02654039001696715
1.142021997892185 	 0.0268809662620223
1.143021997892185 	 0.02722404539272217
1.1440219978921848 	 0.027570494788367098
1.1450219978921847 	 0.0279202328042105
1.1460219978921846 	 0.028272957302488595
1.1470219978921845 	 0.02862836769028767
1.1480219978921844 	 0.028986165016518836
1.1490219978921843 	 0.029346052058346256
1.1500219978921842 	 0.02970773340218184
1.151021997892184 	 0.030070999519721368
1.152021997892184 	 0.030435956270516713
1.1530219978921838 	 0.030802781966515216
1.1540219978921837 	 0.03117165383449712
1.1550219978921836 	 0.031542747587808825
1.1560219978921835 	 0.03191623763183217
1.1570219978921834 	 0.032292298564728414
1.1580219978921833 	 0.03267110349749221
1.1590219978921832 	 0.033052824323071515
1.160021997892183 	 0.03343763173534052
1.161021997892183 	 0.033825603777873636
1.1620219978921829 	 0.03421647539652734
1.1630219978921827 	 0.03460988209026575
1.1640219978921826 	 0.035005057252802084
1.1650219978921825 	 0.0354011224726685
1.1660219978921824 	 0.0357981777934658
1.1670219978921823 	 0.03619655457050587
1.1680219978921822 	 0.03659658329619763
1.169021997892182 	 0.03699859355079313
1.170021997892182 	 0.037402913962158335
1.1710219978921819 	 0.0378098020520202
1.1720219978921818 	 0.03821925184534116
1.1730219978921816 	 0.03863119502410077
1.1740219978921815 	 0.039045562604941214
1.1750219978921814 	 0.039462285003381704
1.1760219978921813 	 0.039881291824089914
1.1770219978921812 	 0.04030251128504645
1.178021997892181 	 0.040725873240633925
1.179021997892181 	 0.04115130575409788
1.1800219978921809 	 0.04157873631918651
1.1810219978921808 	 0.042008057860111366
1.1820219978921807 	 0.04243903701954169
1.1830219978921805 	 0.04287140729858579
1.1840219978921804 	 0.04330492047072396
1.1850219978921803 	 0.043739324418165984
1.1860219978921802 	 0.04417437376034124
1.18702199789218 	 0.044610324999250384
1.18802199789218 	 0.04504921722915522
1.1890219978921799 	 0.045491899750476496
1.1900219978921798 	 0.04593769968302609
1.1910219978921797 	 0.0463859868519279
1.1920219978921796 	 0.0468365017849797
1.1930219978921794 	 0.04728907184271361
1.1940219978921793 	 0.04774352497747396
1.1950219978921792 	 0.04819968978809359
1.1960219978921791 	 0.048657395534935116
1.197021997892179 	 0.049116472156377475
1.198021997892179 	 0.04957675028891542
1.1990219978921788 	 0.05003806128258921
1.2000219978921787 	 0.050500237222686234
1.2010219978921786 	 0.05096320855228538
1.2020219978921785 	 0.051427271729235446
1.2030219978921783 	 0.05189280877164321
1.2040219978921782 	 0.052360201704553994
1.2050219978921781 	 0.05282978921297917
1.206021997892178 	 0.05330174705386927
1.207021997892178 	 0.05377621134404971
1.2080219978921778 	 0.05425331640622654
1.2090219978921777 	 0.05473319476027775
1.2100219978921776 	 0.05521597711450076
1.2110219978921775 	 0.05570157652814429
1.2120219978921773 	 0.05618909964928005
1.2130219978921772 	 0.056677499354930126
1.2140219978921771 	 0.057166306281120176
1.215021997892177 	 0.05765559018821433
1.216021997892177 	 0.05814543948423967
1.2170219978921768 	 0.058635940108894
1.2180219978921767 	 0.059127175536664175
1.2190219978921766 	 0.05961922678520866
1.2200219978921765 	 0.060112172419129785
1.2210219978921764 	 0.060606124571179136
1.2220219978921762 	 0.061101329419798144
1.2230219978921761 	 0.06159806653628367
1.224021997892176 	 0.06209661766458598
1.225021997892176 	 0.06259726671151997
1.2260219978921758 	 0.06310024319965697
1.2270219978921757 	 0.063605565144581
1.2280219978921756 	 0.0641131980235219
1.2290219978921755 	 0.06462310388498618
1.2300219978921754 	 0.06513524134637692
1.2310219978921753 	 0.06564950978902137
1.2320219978921751 	 0.06616559870358525
1.233021997892175 	 0.06668315202873808
1.234021997892175 	 0.06720181762004131
1.2350219978921748 	 0.06772124725293163
1.2360219978921747 	 0.06824109662574003
1.2370219978921746 	 0.06876102535596677
1.2380219978921745 	 0.06928073963491811
1.2390219978921744 	 0.06980083345407029
1.2400219978921743 	 0.07032272749421668
1.2410219978921742 	 0.0708474835005163
1.242021997892174 	 0.07137474563411976
1.243021997892174 	 0.07190383200975763
1.2440219978921738 	 0.07243406610648924
1.2450219978921737 	 0.07296477678055754
1.2460219978921736 	 0.0734952982975948
1.2470219978921735 	 0.0740253525141112
1.2480219978921734 	 0.0745560927996368
1.2490219978921733 	 0.075088999453482
1.2500219978921732 	 0.07562554361671416
1.251021997892173 	 0.07616676696219736
1.252021997892173 	 0.07671213360367937
1.2530219978921728 	 0.07726074512660538
1.2540219978921727 	 0.07781171009875591
1.2550219978921726 	 0.0783641440148791
1.2560219978921725 	 0.0789171692770227
1.2570219978921724 	 0.07946991517339902
1.2580219978921723 	 0.08002151787705136
1.2590219978921722 	 0.08057112045158381
1.260021997892172 	 0.08111787285791135
1.261021997892172 	 0.08166202297724183
1.2620219978921718 	 0.08220788804625306
1.2630219978921717 	 0.08276047396865742
1.2640219978921716 	 0.08332032306102426
1.2650219978921715 	 0.08388382258490855
1.2660219978921714 	 0.08444723901150707
1.2670219978921713 	 0.08500790155236991
1.2680219978921712 	 0.08556698009237315
1.269021997892171 	 0.08612652539408543
1.270021997892171 	 0.08668857075794348
1.2710219978921709 	 0.08725467598135482
1.2720219978921707 	 0.08782468307649259
1.2730219978921706 	 0.08839803704793456
1.2740219978921705 	 0.08897418711895594
1.2750219978921704 	 0.08955258667557926
1.2760219978921703 	 0.09013269324765436
1.2770219978921702 	 0.09071396849324699
1.27802199789217 	 0.09129587819789692
1.27902199789217 	 0.09187789228589428
1.2800219978921699 	 0.09245948482314707
1.2810219978921698 	 0.09304046565053871
1.2820219978921696 	 0.0936218842228478
1.2830219978921695 	 0.09420506771166556
1.2840219978921694 	 0.0947913288001266
1.2850219978921693 	 0.09538196563417572
1.2860219978921692 	 0.09597826175620694
1.287021997892169 	 0.09657987504096427
1.288021997892169 	 0.09718071282307171
1.2890219978921689 	 0.0977787411451642
1.2900219978921688 	 0.09837702152988055
1.2910219978921686 	 0.09897812338343455
1.2920219978921685 	 0.09958216230490048
1.2930219978921684 	 0.10018868843483945
1.2940219978921683 	 0.1007972585096532
1.2950219978921682 	 0.10140743585312341
1.296021997892168 	 0.10201879035102598
1.297021997892168 	 0.10263089839975327
1.2980219978921679 	 0.10324334291603299
1.2990219978921678 	 0.10385571307210308
1.3000219978921677 	 0.10446760269965445
1.3010219978921675 	 0.10507894891998974
1.3020219978921674 	 0.10569094200074215
1.3030219978921673 	 0.10630504706034932
1.3040219978921672 	 0.10692270809454028
1.305021997892167 	 0.10754534797870591
1.306021997892167 	 0.10817374693310806
1.3070219978921669 	 0.10880635278886075
1.3080219978921668 	 0.10944109063297422
1.3090219978921667 	 0.11007591117667498
1.3100219978921666 	 0.11070879072412647
1.3110219978921664 	 0.11133857139549083
1.3120219978921663 	 0.11196724707307626
1.3130219978921662 	 0.1125974421498879
1.3140219978921661 	 0.11323015618890554
1.315021997892166 	 0.11386487873249328
1.316021997892166 	 0.1145010493202755
1.3170219978921658 	 0.11513811657947916
1.3180219978921657 	 0.11577553828516403
1.3190219978921656 	 0.11641278129384496
1.3200219978921655 	 0.11704932148836614
1.3210219978921653 	 0.11768492174987605
1.3220219978921652 	 0.11832038483254147
1.3230219978921651 	 0.11895673840240983
1.324021997892165 	 0.11959498965292907
1.325021997892165 	 0.12023612552428156
1.3260219978921648 	 0.12088111264163917
1.3270219978921647 	 0.12153089712155186
1.3280219978921646 	 0.12218548982166903
1.3290219978921645 	 0.12284148867556073
1.3300219978921644 	 0.12349475778052216
1.3310219978921642 	 0.12414224196649197
1.3320219978921641 	 0.12478473279737035
1.333021997892164 	 0.12542395167968845
1.334021997892164 	 0.12606157861277806
1.3350219978921638 	 0.12669926413316351
1.3360219978921637 	 0.1273386314490405
1.3370219978921636 	 0.12798127691834998
1.3380219978921635 	 0.128628637505665
1.3390219978921634 	 0.12927936885438682
1.3400219978921633 	 0.12992954603645704
1.3410219978921631 	 0.1305759709518798
1.342021997892163 	 0.13121839216487094
1.343021997892163 	 0.1318572389429641
1.3440219978921628 	 0.13249293579600463
1.3450219978921627 	 0.13312590282600054
1.3460219978921626 	 0.13375655557449237
1.3470219978921625 	 0.13438531236226278
1.3480219978921624 	 0.13501261638727738
1.3490219978921623 	 0.13563891414501078
1.3500219978921622 	 0.13626464868267482
1.351021997892162 	 0.13688997772596984
1.352021997892162 	 0.13751400572518144
1.3530219978921618 	 0.13813560130287483
1.3540219978921617 	 0.1387536467674914
1.3550219978921616 	 0.1393670384118089
1.3560219978921615 	 0.1399746860477516
1.3570219978921614 	 0.14057551207788618
1.3580219978921613 	 0.14116845205583278
1.3590219978921612 	 0.14175245472093104
1.360021997892161 	 0.14232648180203464
1.361021997892161 	 0.14289381912740098
1.3620219978921608 	 0.14347379647652153
1.3630219978921607 	 0.14406929816504774
1.3640219978921606 	 0.1446511959324292
1.3650219978921605 	 0.1452199147946439
1.3660219978921604 	 0.1457777716083514
1.3670219978921603 	 0.1463270505795153
1.3680219978921602 	 0.14687000512981296
1.36902199789216 	 0.14740885878248977
1.37002199789216 	 0.14794580551394135
1.3710219978921598 	 0.14848248404754008
1.3720219978921597 	 0.14901854758784258
1.3730219978921596 	 0.14955319441563325
1.3740219978921595 	 0.15008563291478969
1.3750219978921594 	 0.15061508185059896
1.3760219978921593 	 0.1511407698371203
1.3770219978921592 	 0.15166193395755204
1.378021997892159 	 0.15217782109023067
1.379021997892159 	 0.15268768826768941
1.3800219978921588 	 0.1531908026324243
1.3810219978921587 	 0.15368651405898584
1.3820219978921586 	 0.15417445206443897
1.3830219978921585 	 0.15465431286519504
1.3840219978921584 	 0.15512579576342186
1.3850219978921583 	 0.15558860341552144
1.3860219978921582 	 0.1560424422780855
1.387021997892158 	 0.15648702339743634
1.388021997892158 	 0.15692213459309007
1.3890219978921579 	 0.1573490721853607
1.3900219978921577 	 0.15777053315022757
1.3910219978921576 	 0.1581886542416191
1.3920219978921575 	 0.15860337678285136
1.3930219978921574 	 0.15901414186070198
1.3940219978921573 	 0.159420403426542
1.3950219978921572 	 0.15982162825784177
1.396021997892157 	 0.1602173449463597
1.397021997892157 	 0.16060727596679736
1.3980219978921569 	 0.16099119296401165
1.3990219978921568 	 0.1613688733071714
1.4000219978921566 	 0.16173123000796077
1.4010219978921565 	 0.16209603860914293
1.4020219978921564 	 0.16245397500751688
1.4030219978921563 	 0.16280484417028893
1.4040219978921562 	 0.1631484568215397
1.405021997892156 	 0.1634846290317428
1.406021997892156 	 0.1638131824094304
1.4070219978921559 	 0.16413394505663792
1.4080219978921558 	 0.16444674988401925
1.4090219978921557 	 0.16475143379176696
1.4100219978921555 	 0.16504783721383448
1.4110219978921554 	 0.16533611065335665
1.4120219978921553 	 0.16561755033581096
1.4130219978921552 	 0.1658936731615082
1.414021997892155 	 0.16616529124269946
1.415021997892155 	 0.16643255985445052
1.4160219978921549 	 0.16669560629181818
1.4170219978921548 	 0.16695455499750164
1.4180219978921547 	 0.16720952704529468
1.4190219978921546 	 0.16746063973175324
1.4200219978921544 	 0.16770800625505777
1.4210219978921543 	 0.16795173564730684
1.4220219978921542 	 0.1681919336031802
1.4230219978921541 	 0.16842870294287837
1.424021997892154 	 0.16866214212345187
1.425021997892154 	 0.16889234488986463
1.4260219978921538 	 0.16911939978082519
1.4270219978921537 	 0.1693433887548899
1.4280219978921536 	 0.1695643889826763
1.4290219978921535 	 0.16978247356694973
1.4300219978921533 	 0.16999771182790246
1.4310219978921532 	 0.17021009540621365
1.4320219978921531 	 0.1704193368819906
1.433021997892153 	 0.17062508651944866
1.434021997892153 	 0.17082699679196195
1.4350219978921528 	 0.17102472227182225
1.4360219978921527 	 0.171217919365245
1.4370219978921526 	 0.1714062450921857
1.4380219978921525 	 0.17158938018811948
1.4390219978921523 	 0.17176730158995937
1.4400219978921522 	 0.17194023926138852
1.4410219978921521 	 0.1721084301552987
1.442021997892152 	 0.17227210912490729
1.443021997892152 	 0.17243151006610474
1.4440219978921518 	 0.1725868649573528
1.4450219978921517 	 0.17273840395838652
1.4460219978921516 	 0.17288635516133907
1.4470219978921515 	 0.17303094409700617
1.4480219978921514 	 0.173172394485403
1.4490219978921512 	 0.1733109285258112
1.4500219978921511 	 0.17344676693317868
1.451021997892151 	 0.173580062597208
1.452021997892151 	 0.17371071999330998
1.4530219978921508 	 0.1738385885395521
1.4540219978921507 	 0.17396352034261495
1.4550219978921506 	 0.17408536993724064
1.4560219978921505 	 0.174203993996807
1.4570219978921504 	 0.1743193436097457
1.4580219978921503 	 0.17443171805169105
1.4590219978921501 	 0.17454149515039374
1.46002199789215 	 0.17464904941549889
1.46102199789215 	 0.17475475180234637
1.4620219978921498 	 0.17485896930354583
1.4630219978921497 	 0.17496203436607197
1.4640219978921496 	 0.17506362044007978
1.4650219978921495 	 0.17516278700524246
1.4660219978921494 	 0.17525857953790672
1.4670219978921493 	 0.17535005304867257
1.4680219978921492 	 0.17543627262907638
1.469021997892149 	 0.17551631347301286
1.470021997892149 	 0.17558926067988956
1.4710219978921488 	 0.17565456506003163
1.4720219978921487 	 0.17571301316854318
1.4730219978921486 	 0.1757656945772757
1.4740219978921485 	 0.1758136880532575
1.4750219978921484 	 0.17585806157644454
1.4760219978921483 	 0.1758998721569663
1.4770219978921482 	 0.17594016513851402
1.478021997892148 	 0.17597997509992352
1.479021997892148 	 0.17602032618043437
1.4800219978921478 	 0.17606223205720922
1.4810219978921477 	 0.17610669587497832
1.4820219978921476 	 0.17615470974878672
1.4830219978921475 	 0.17620649507205244
1.4840219978921474 	 0.1762594297274217
1.4850219978921473 	 0.17631025507499318
1.4860219978921472 	 0.1763557448674672
1.487021997892147 	 0.17639270339156804
1.488021997892147 	 0.1764181518454377
1.4890219978921468 	 0.17643299569664403
1.4900219978921467 	 0.17644176248241247
1.4910219978921466 	 0.1764484801831496
1.4920219978921465 	 0.17645461218958333
1.4930219978921464 	 0.17645998207094174
1.4940219978921463 	 0.17646415695004097
1.4950219978921462 	 0.17646670795080185
1.496021997892146 	 0.17646720969106539
1.497021997892146 	 0.17646523889690305
1.4980219978921459 	 0.1764603758022875
1.4990219978921457 	 0.17645220453130542
1.5000219978921456 	 0.17644031302756388
1.5010219978921455 	 0.17642429288139727
1.5020219978921454 	 0.1764037391009505
1.5030219978921453 	 0.17637825055595216
1.5040219978921452 	 0.17634742960463615
1.505021997892145 	 0.17631088189858324
1.506021997892145 	 0.17626813453220205
1.5070219978921449 	 0.17621841355451204
1.5080219978921447 	 0.17616194419426923
1.5090219978921446 	 0.1761029218448269
1.5100219978921445 	 0.17604642997876466
1.5110219978921444 	 0.17599557978469133
1.5120219978921443 	 0.1759462640747194
1.5130219978921442 	 0.1758928755790783
1.514021997892144 	 0.17583274310003102
1.515021997892144 	 0.17576593612745184
1.5160219978921439 	 0.17569262923856144
1.5170219978921438 	 0.17561299488412802
1.5180219978921436 	 0.17552720371748007
1.5190219978921435 	 0.17543542472445528
1.5200219978921434 	 0.1753378252657922
1.5210219978921433 	 0.17523456964163198
1.5220219978921432 	 0.1751258180900332
1.523021997892143 	 0.17501173393243585
1.524021997892143 	 0.17489247943677103
1.5250219978921429 	 0.17476821527495015
1.5260219978921428 	 0.17463908579177503
1.5270219978921427 	 0.1745052391555473
1.5280219978921425 	 0.1743668319350619
1.5290219978921424 	 0.17422401908969057
1.5300219978921423 	 0.17407695058436262
1.5310219978921422 	 0.17392573779673323
1.532021997892142 	 0.1737703473294839
1.533021997892142 	 0.17361071282066537
1.5340219978921419 	 0.17344676869812609
1.5350219978921418 	 0.173278449937518
1.5360219978921417 	 0.17310569250630053
1.5370219978921416 	 0.17292843442312583
1.5380219978921414 	 0.17274662458585469
1.5390219978921413 	 0.17256041894902613
1.5400219978921412 	 0.1723701666981891
1.5410219978921411 	 0.17217622207363767
1.542021997892141 	 0.17197893862592978
1.543021997892141 	 0.17177866828170685
1.5440219978921408 	 0.1715757600869851
1.5450219978921407 	 0.17137056001974305
1.5460219978921406 	 0.17116341182729858
1.5470219978921405 	 0.170954428685609
1.5480219978921403 	 0.17074286215844328
1.5490219978921402 	 0.17052776963710942
1.5500219978921401 	 0.17030798974114456
1.55102199789214 	 0.17008190700652168
1.55202199789214 	 0.16984915682989757
1.5530219978921398 	 0.16960971414209805
1.5540219978921397 	 0.1693635553210424
1.5550219978921396 	 0.1691106580204507
1.5560219978921395 	 0.16885100255448737
1.5570219978921394 	 0.16858457544372624
1.5580219978921392 	 0.16831136591773824
1.5590219978921391 	 0.16803136494349624
1.560021997892139 	 0.16774456545071267
1.561021997892139 	 0.16745096414178487
1.5620219978921388 	 0.1671505663872243
1.5630219978921387 	 0.1668434237387134
1.5640219978921386 	 0.1665304475133581
1.5650219978921385 	 0.16621335191883396
1.5660219978921384 	 0.16589387350989251
1.5670219978921383 	 0.16557374496057578
1.5680219978921381 	 0.16525303334941843
1.569021997892138 	 0.164932078030633
1.570021997892138 	 0.16461380890046495
1.5710219978921378 	 0.16429960776715766
1.5720219978921377 	 0.16398832320746454
1.5730219978921376 	 0.16367820721203546
1.5740219978921375 	 0.16336750482678997
1.5750219978921374 	 0.16305446795470158
1.5760219978921373 	 0.16273736505331937
1.5770219978921372 	 0.16241449185694654
1.578021997892137 	 0.1620841642735266
1.579021997892137 	 0.16174471468913632
1.5800219978921368 	 0.1613944883424786
1.5810219978921367 	 0.16103183876116323
1.5820219978921366 	 0.16065512296132015
1.5830219978921365 	 0.16026268267922827
1.5840219978921364 	 0.15985282559571418
1.5850219978921363 	 0.15942380379121032
1.5860219978921362 	 0.15897379189061375
1.587021997892136 	 0.1585008690496559
1.588021997892136 	 0.15800562456346887
1.5890219978921358 	 0.15752317082497055
1.5900219978921357 	 0.15706489534022877
1.5910219978921356 	 0.15662647676609723
1.5920219978921355 	 0.1562035039459802
1.5930219978921354 	 0.1557915680389705
1.5940219978921353 	 0.15538635642566556
1.5950219978921352 	 0.15498374128393025
1.596021997892135 	 0.15457985340174432
1.597021997892135 	 0.15417112910351072
1.5980219978921348 	 0.15375430685532007
1.5990219978921347 	 0.1533263922670542
1.6000219978921346 	 0.15288459978066746
1.6010219978921345 	 0.15242713659597568
1.6020219978921344 	 0.15195546120259962
1.6030219978921343 	 0.15147175036949267
1.6040219978921342 	 0.15097811039337408
1.605021997892134 	 0.15047655516379188
1.606021997892134 	 0.149968998794381
1.6070219978921338 	 0.1494572598668855
1.6080219978921337 	 0.14894306559539786
1.6090219978921336 	 0.14842806135844835
1.6100219978921335 	 0.1479138223961471
1.6110219978921334 	 0.14740127132426664
1.6120219978921333 	 0.1468890697919494
1.6130219978921332 	 0.14637539302235295
1.614021997892133 	 0.14585936577289654
1.615021997892133 	 0.14534100406248712
1.6160219978921329 	 0.14482035097214305
1.6170219978921327 	 0.14429744453127608
1.6180219978921326 	 0.14377232140845356
1.6190219978921325 	 0.14324501949749394
1.6200219978921324 	 0.14271557964346746
1.6210219978921323 	 0.14218404627052736
1.6220219978921322 	 0.14165046495575076
1.623021997892132 	 0.14111488429735417
1.624021997892132 	 0.14057735977553779
1.6250219978921319 	 0.14003795530011753
1.6260219978921318 	 0.13949674193613457
1.6270219978921316 	 0.13895379398287608
1.6280219978921315 	 0.13840919437272145
1.6290219978921314 	 0.13786303652154347
1.6300219978921313 	 0.13731542477130523
1.6310219978921312 	 0.1367669657662528
1.632021997892131 	 0.13622010819819821
1.633021997892131 	 0.13567771875535692
1.6340219978921309 	 0.13514182066572603
1.6350219978921308 	 0.13461132606854084
1.6360219978921307 	 0.13408444319308627
1.6370219978921305 	 0.1335594009689024
1.6380219978921304 	 0.13303450226572772
1.6390219978921303 	 0.1325090236335415
1.6400219978921302 	 0.13198315063576135
1.64102199789213 	 0.13145711188962883
1.64202199789213 	 0.13093113482396704
1.6430219978921299 	 0.13040545267894832
1.6440219978921298 	 0.12988030779184187
1.6450219978921297 	 0.129355951140569
1.6460219978921296 	 0.12883263859055671
1.6470219978921294 	 0.12831062152180775
1.6480219978921293 	 0.12779015489353282
1.6490219978921292 	 0.12727149871473178
1.650021997892129 	 0.12675491675528633
1.651021997892129 	 0.12624081950809202
1.652021997892129 	 0.1257301558892276
1.6530219978921288 	 0.1252239953845282
1.6540219978921287 	 0.12472340076676626
1.6550219978921286 	 0.12422942744619926
1.6560219978921285 	 0.12374311970912083
1.6570219978921283 	 0.1232655025014626
1.6580219978921282 	 0.12279758842272756
1.6590219978921281 	 0.1223403789184051
1.660021997892128 	 0.1218948635389555
1.661021997892128 	 0.12146107537749638
1.6620219978921278 	 0.12103551228136006
1.6630219978921277 	 0.12061398785500047
1.6640219978921276 	 0.1201949212573544
1.6650219978921275 	 0.11977916964142635
1.6660219978921273 	 0.11936766446360239
1.6670219978921272 	 0.11896131052959201
1.6680219978921271 	 0.11856099097823347
1.669021997892127 	 0.11816756878009577
1.670021997892127 	 0.11778188678541822
1.6710219978921268 	 0.11740463143306366
1.6720219978921267 	 0.11703595989673007
1.6730219978921266 	 0.1166758941660638
1.6740219978921265 	 0.11632444024118052
1.6750219978921264 	 0.1159815880229008
1.6760219978921262 	 0.11564731075535034
1.6770219978921261 	 0.11532156328341202
1.678021997892126 	 0.11500428459752482
1.679021997892126 	 0.11469539896905054
1.6800219978921258 	 0.11439481640640668
1.6810219978921257 	 0.11410243306981156
1.6820219978921256 	 0.11381813132515721
1.6830219978921255 	 0.11354178231057853
1.6840219978921254 	 0.11327324606478786
1.6850219978921253 	 0.11301237207163974
1.6860219978921251 	 0.11275900015708648
1.687021997892125 	 0.11251296146814667
1.688021997892125 	 0.11227404884000515
1.6890219978921248 	 0.11204141527472442
1.6900219978921247 	 0.11181361015808662
1.6910219978921246 	 0.1115893986551532
1.6920219978921245 	 0.11136845769835392
1.6930219978921244 	 0.11115067573754336
1.6940219978921243 	 0.1109359381877246
1.6950219978921242 	 0.11072412805224843
1.696021997892124 	 0.11051512733939862
1.697021997892124 	 0.11030881934705378
1.6980219978921238 	 0.1101050879660121
1.6990219978921237 	 0.10990381798736923
1.7000219978921236 	 0.10690580095934461
1.7010219978921235 	 0.10655649766837295
1.7020219978921234 	 0.10620605335005193
1.7030219978921233 	 0.10585540104705281
1.7040219978921232 	 0.10550561667122026
1.705021997892123 	 0.10515777113185246
1.706021997892123 	 0.1048129303575535
1.7070219978921228 	 0.10447215531798391
1.7080219978921227 	 0.10413650204021668
1.7090219978921226 	 0.10380649154668328
1.7100219978921225 	 0.10348065970780582
1.7110219978921224 	 0.10315708567926916
1.7120219978921223 	 0.10283385749623805
1.7130219978921222 	 0.10250912330444503
1.714021997892122 	 0.10218210436040512
1.715021997892122 	 0.10185302953262806
1.7160219978921218 	 0.1015221658729027
1.7170219978921217 	 0.10118977920796443
1.7180219978921216 	 0.1008561341447974
1.7190219978921215 	 0.10052149407591253
1.7200219978921214 	 0.10018612118460067
1.7210219978921213 	 0.0998502764501617
1.7220219978921212 	 0.0995142196531093
1.723021997892121 	 0.09917820938035181
1.724021997892121 	 0.098842503030349
1.7250219978921209 	 0.09850735681824503
1.7260219978921207 	 0.09817302578097753
1.7270219978921206 	 0.09783976378236366
1.7280219978921205 	 0.0975078235181618
1.7290219978921204 	 0.09717745652111107
1.7300219978921203 	 0.09684891316433256
1.7310219978921202 	 0.09652228103949374
1.73202199789212 	 0.09619704277503169
1.73302199789212 	 0.09587254203697161
1.7340219978921199 	 0.0955481254871348
1.7350219978921197 	 0.09522314277027903
1.7360219978921196 	 0.09489694650129807
1.7370219978921195 	 0.09456889225248014
1.7380219978921194 	 0.09423837232623417
1.7390219978921193 	 0.0939054833227663
1.7400219978921192 	 0.09357098304748336
1.741021997892119 	 0.09323565171761194
1.742021997892119 	 0.09290026600525993
1.7430219978921189 	 0.09256559905256391
1.7440219978921188 	 0.09223242048676752
1.7450219978921186 	 0.09190149643523036
1.7460219978921185 	 0.09157358954036932
1.7470219978921184 	 0.09124945897453066
1.7480219978921183 	 0.09092986045479502
1.7490219978921182 	 0.09061554625771474
1.750021997892118 	 0.09030726522517458
1.751021997892118 	 0.09000488046152748
1.7520219978921179 	 0.08970495537882606
1.7530219978921178 	 0.08940409942961824
1.7540219978921177 	 0.08910193727783947
1.7550219978921175 	 0.08879879655836043
1.7560219978921174 	 0.08849500343157991
1.7570219978921173 	 0.0881908825896712
1.7580219978921172 	 0.0878867572627999
1.759021997892117 	 0.08758294922531391
1.760021997892117 	 0.08727977880190499
1.7610219978921169 	 0.08697756487374275
1.7620219978921168 	 0.08667662488458086
1.7630219978921167 	 0.08637723880061554
1.7640219978921166 	 0.08607893684951216
1.7650219978921164 	 0.08578054543038155
1.7660219978921163 	 0.08548086862234319
1.7670219978921162 	 0.08517871587148285
1.7680219978921161 	 0.08487290196823355
1.769021997892116 	 0.08456224702485787
1.770021997892116 	 0.08424557645835697
1.7710219978921158 	 0.08392225432936208
1.7720219978921157 	 0.0835936426226756
1.7730219978921156 	 0.08326156363734298
1.7740219978921155 	 0.08292783154684343
1.7750219978921153 	 0.082594252433172
1.7760219978921152 	 0.08226262432076889
1.7770219978921151 	 0.08193473721029637
1.778021997892115 	 0.08161237311226471
1.779021997892115 	 0.081297306080507
1.7800219978921148 	 0.08099130224550462
1.7810219978921147 	 0.08069611984756286
1.7820219978921146 	 0.08041350926983905
1.7830219978921145 	 0.0801452130712219
1.7840219978921144 	 0.07989296601906483
1.7850219978921142 	 0.07965849512177242
1.7860219978921141 	 0.07944351966124179
1.787021997892114 	 0.0792497512251586
1.788021997892114 	 0.07907550401127215
1.7890219978921138 	 0.07887538828390693
1.7900219978921137 	 0.07863762342114952
1.7910219978921136 	 0.07837121702344671
1.7920219978921135 	 0.07808513697031602
1.7930219978921134 	 0.07778831158521646
1.7940219978921133 	 0.07748962978319687
1.7950219978921131 	 0.07719628946352289
1.796021997892113 	 0.07690927815459934
1.797021997892113 	 0.07662813462658229
1.7980219978921128 	 0.0763523996608201
1.7990219978921127 	 0.07608161604155521
1.8000219978921126 	 0.07581532854766276
1.8010219978921125 	 0.07555308394442539
1.8020219978921124 	 0.07529443097534462
1.8030219978921123 	 0.07503892035398811
1.8040219978921122 	 0.07478610475587329
1.805021997892112 	 0.07453553881038641
1.806021997892112 	 0.07428677909273713
1.8070219978921118 	 0.07403938411594908
1.8080219978921117 	 0.07379291432288505
1.8090219978921116 	 0.07354693207830768
1.8100219978921115 	 0.07330100166371444
1.8110219978921114 	 0.07305496365114575
1.8120219978921113 	 0.07280968566961946
1.8130219978921112 	 0.07256623505358503
1.814021997892111 	 0.0723249178723949
1.815021997892111 	 0.07208532523669349
1.8160219978921108 	 0.07184702214859894
1.8170219978921107 	 0.07160957550253232
1.8180219978921106 	 0.07137255407747148
1.8190219978921105 	 0.07113552852923809
1.8200219978921104 	 0.07089807138281862
1.8210219978921103 	 0.07065975702687767
1.8220219978921102 	 0.07042037792320764
1.82302199789211 	 0.0701805362320669
1.82402199789211 	 0.06994102057548027
1.8250219978921098 	 0.0697026161504407
1.8260219978921097 	 0.06946610474288148
1.8270219978921096 	 0.06923226474158738
1.8280219978921095 	 0.06900187115204583
1.8290219978921094 	 0.06877569561023679
1.8300219978921093 	 0.0685545063922379
1.8310219978921092 	 0.06833865519526053
1.832021997892109 	 0.0681269464092412
1.833021997892109 	 0.06791782821346108
1.8340219978921088 	 0.0677097554826123
1.8350219978921087 	 0.06750118975963382
1.8360219978921086 	 0.067290599228665
1.8370219978921085 	 0.06707645868811625
1.8380219978921084 	 0.06685732894161087
1.8390219978921083 	 0.06663342614230548
1.8400219978921082 	 0.06640652099753072
1.841021997892108 	 0.06617843738886353
1.842021997892108 	 0.06595099135622547
1.8430219978921079 	 0.06572599112956774
1.8440219978921077 	 0.06550523716041898
1.8450219978921076 	 0.06529052215329745
1.8460219978921075 	 0.06508363109698707
1.8470219978921074 	 0.06488634129567902
1.8480219978921073 	 0.06470042239997878
1.8490219978921072 	 0.06452763643777962
1.850021997892107 	 0.06436973778556938
1.851021997892107 	 0.06422252001975953
1.8520219978921069 	 0.06406550578094318
1.8530219978921068 	 0.06389547022675938
1.8540219978921066 	 0.06371443223465205
1.8550219978921065 	 0.0635244020956799
1.8560219978921064 	 0.06332738154892298
1.8570219978921063 	 0.06312536381574174
1.8580219978921062 	 0.06292033363388988
1.859021997892106 	 0.06271426729148048
1.860021997892106 	 0.06250913266080708
1.8610219978921059 	 0.062306889232020074
1.8620219978921058 	 0.06210948814665885
1.8630219978921057 	 0.06191879904089364
1.8640219978921055 	 0.061735163745073034
1.8650219978921054 	 0.06155748907686292
1.8660219978921053 	 0.061384630455184844
1.8670219978921052 	 0.061215448140655306
1.868021997892105 	 0.06104880721630314
1.869021997892105 	 0.06088357756836852
1.8700219978921049 	 0.06071863386955433
1.8710219978921048 	 0.06055309297834237
1.8720219978921047 	 0.060386963618079444
1.8730219978921046 	 0.06022046210482786
1.8740219978921044 	 0.06005380384121037
1.8750219978921043 	 0.05988720332003682
1.8760219978921042 	 0.05972087412791552
1.877021997892104 	 0.05955502894884912
1.878021997892104 	 0.05938987956781547
1.879021997892104 	 0.05922563687433303
1.8800219978921038 	 0.059062510866011386
1.8810219978921037 	 0.05890071065208673
1.8820219978921036 	 0.058740444456942154
1.8830219978921034 	 0.0585819196236133
1.8840219978921033 	 0.05842534261727911
1.8850219978921032 	 0.05827091902873763
1.8860219978921031 	 0.05811885357786741
1.887021997892103 	 0.05796935011707417
1.888021997892103 	 0.0578225831532204
1.8890219978921028 	 0.05767813500913496
1.8900219978921027 	 0.057535031885379395
1.8910219978921026 	 0.0573924670370061
1.8920219978921025 	 0.057250328311399465
1.8930219978921023 	 0.057108665619594
1.8940219978921022 	 0.056967528662242445
1.8950219978921021 	 0.05682696693044475
1.896021997892102 	 0.056687029706573425
1.897021997892102 	 0.05654776606509531
1.8980219978921018 	 0.05640922487339012
1.8990219978921017 	 0.05627145479256552
1.9000219978921016 	 0.056134504278268486
1.9010219978921015 	 0.05599842158149384
1.9020219978921014 	 0.05586325474938855
1.9030219978921012 	 0.055729051626053634
1.9040219978921011 	 0.055595859853341985
1.905021997892101 	 0.05546372687165296
1.906021997892101 	 0.0553326999207241
1.9070219978921008 	 0.05520282604041885
1.9080219978921007 	 0.05507415207151164
1.9090219978921006 	 0.05494672465646914
1.9100219978921005 	 0.05482059023986941
1.9110219978921004 	 0.05469575908810351
1.9120219978921003 	 0.054572106821371105
1.9130219978921001 	 0.05444948312970745
1.9140219978921 	 0.05432784269300175
1.9150219978921 	 0.05420723882273316
1.9160219978920998 	 0.0540877284538725
1.9170219978920997 	 0.053969368282534076
1.9180219978920996 	 0.05385221476690754
1.9190219978920995 	 0.05373632412818609
1.9200219978920994 	 0.05362175235149056
1.9210219978920993 	 0.05350855518678996
1.9220219978920992 	 0.05339678814981779
1.923021997892099 	 0.05328650652298509
1.924021997892099 	 0.05317776535628913
1.9250219978920988 	 0.05307061946821879
1.9260219978920987 	 0.05296512344665584
1.9270219978920986 	 0.052861331649772816
1.9280219978920985 	 0.05275929820692681
1.9290219978920984 	 0.0526590770195499
1.9300219978920983 	 0.052560721762035655
1.9310219978920982 	 0.05246428588262211
1.932021997892098 	 0.052369822602358895
1.933021997892098 	 0.05227719338269486
1.9340219978920978 	 0.05218554374309454
1.9350219978920977 	 0.05209385519218288
1.9360219978920976 	 0.052001521684104615
1.9370219978920975 	 0.051909466955775814
1.9380219978920974 	 0.0518189323521553
1.9390219978920973 	 0.051730413152115594
1.9400219978920972 	 0.051643703663078806
1.941021997892097 	 0.05155857171174412
1.942021997892097 	 0.05147478606738498
1.9430219978920968 	 0.05139211643824262
1.9440219978920967 	 0.05131033346793416
1.9450219978920966 	 0.05122920873187534
1.9460219978920965 	 0.051148514733718085
1.9470219978920964 	 0.05106802490180234
1.9480219978920963 	 0.05098751358639498
1.9490219978920962 	 0.050906833416366405
1.950021997892096 	 0.050826127018054904
1.951021997892096 	 0.050745604097444545
1.9520219978920959 	 0.05066547350852701
1.9530219978920957 	 0.05058594325655105
1.9540219978920956 	 0.05050722050125906
1.9550219978920955 	 0.05042951156011018
1.9560219978920954 	 0.05035302191149041
1.9570219978920953 	 0.0502779561979097
1.9580219978920952 	 0.05020451822918584
1.959021997892095 	 0.050132910985615654
1.960021997892095 	 0.050063336621133145
1.9610219978920949 	 0.049995996466454785
1.9620219978920947 	 0.04993109103221221
1.9630219978920946 	 0.049868801718385494
1.9640219978920945 	 0.04980892928558709
1.9650219978920944 	 0.049750916943244884
1.9660219978920943 	 0.04969419613518389
1.9670219978920942 	 0.049638200592172395
1.968021997892094 	 0.0495823663232724
1.969021997892094 	 0.04952613160722511
1.9700219978920939 	 0.04946893698583051
1.9710219978920938 	 0.049410421497196155
1.9720219978920936 	 0.04935095976652973
1.9730219978920935 	 0.049291096553224584
1.9740219978920934 	 0.04923137443065923
1.9750219978920933 	 0.049172333794438826
1.9760219978920932 	 0.04911451287060352
1.977021997892093 	 0.049058447723803834
1.978021997892093 	 0.04900467226544307
1.9790219978920929 	 0.04895371826178687
1.9800219978920928 	 0.04890611534204036
1.9810219978920927 	 0.048862391006392746
1.9820219978920925 	 0.04882307063402946
1.9830219978920924 	 0.04878867749111225
1.9840219978920923 	 0.04875973273872729
1.9850219978920922 	 0.04873675544080121
1.986021997892092 	 0.04872026255806321
1.987021997892092 	 0.04870937432229549
1.9880219978920919 	 0.04869817863148692
1.9890219978920918 	 0.048683336018438744
1.9900219978920917 	 0.04866507542580539
1.9910219978920916 	 0.04864376383321984
1.9920219978920914 	 0.048619766769169515
1.9930219978920913 	 0.04859344831640781
1.9940219978920912 	 0.048565171117343764
1.9950219978920911 	 0.048535296379410627
1.996021997892091 	 0.048504183880412645
1.997021997892091 	 0.048472191973850706
1.9980219978920908 	 0.048439677594226946
1.9990219978920907 	 0.04840699626232792
