0.0010219978922 	 0
0.0020219978922 	 0.0
0.0030219978922 	 0.0
0.0040219978922 	 0.0
0.0050219978922 	 0.0
0.0060219978922 	 0.0
0.0070219978922 	 0.0
0.0080219978922 	 0.0
0.009021997892200002 	 0.0
0.010021997892200003 	 0.0
0.011021997892200004 	 0.0
0.012021997892200004 	 0.0
0.013021997892200005 	 0.0
0.014021997892200006 	 0.0
0.015021997892200007 	 0.0
0.016021997892200008 	 0.0
0.01702199789220001 	 0.0
0.01802199789220001 	 0.0
0.01902199789220001 	 0.0
0.02002199789220001 	 0.0
0.021021997892200012 	 0.0
0.022021997892200013 	 0.0
0.023021997892200014 	 0.0
0.024021997892200015 	 0.0
0.025021997892200016 	 0.0
0.026021997892200017 	 0.0
0.027021997892200018 	 0.0
0.02802199789220002 	 0.0
0.02902199789220002 	 0.0
0.03002199789220002 	 0.0
0.03102199789220002 	 0.0
0.03202199789220002 	 0.0
0.03302199789220002 	 0.0
0.03402199789220002 	 0.0
0.03502199789220002 	 0.0
0.03602199789220002 	 0.0
0.03702199789220002 	 0.0
0.038021997892200024 	 0.0
0.039021997892200025 	 0.0
0.040021997892200026 	 0.0
0.04102199789220003 	 0.0
0.04202199789220003 	 0.0
0.04302199789220003 	 0.0
0.04402199789220003 	 0.0
0.04502199789220003 	 0.0
0.04602199789220003 	 0.0
0.04702199789220003 	 0.0
0.04802199789220003 	 0.0
0.049021997892200034 	 0.0
0.050021997892200035 	 0.0
0.051021997892200036 	 0.0
0.052021997892200036 	 0.0
0.05302199789220004 	 0.0
0.05402199789220004 	 0.0
0.05502199789220004 	 0.0
0.05602199789220004 	 0.0
0.05702199789220004 	 0.0
0.05802199789220004 	 0.0
0.05902199789220004 	 0.0
0.060021997892200044 	 0.0
0.061021997892200044 	 0.0
0.062021997892200045 	 0.0
0.06302199789220005 	 0.0
0.06402199789220005 	 0.0
0.06502199789220005 	 0.0
0.06602199789220005 	 0.0
0.06702199789220005 	 0.0
0.06802199789220005 	 0.0
0.06902199789220005 	 0.0
0.07002199789220005 	 0.0
0.07102199789220005 	 0.0
0.07202199789220005 	 0.0
0.07302199789220006 	 0.0
0.07402199789220006 	 0.0
0.07502199789220006 	 0.0
0.07602199789220006 	 0.0
0.07702199789220006 	 0.0
0.07802199789220006 	 0.0
0.07902199789220006 	 0.0
0.08002199789220006 	 0.0
0.08102199789220006 	 0.0
0.08202199789220006 	 0.0
0.08302199789220006 	 0.0
0.08402199789220006 	 0.0
0.08502199789220007 	 0.0
0.08602199789220007 	 0.0
0.08702199789220007 	 0.0
0.08802199789220007 	 0.0
0.08902199789220007 	 0.0
0.09002199789220007 	 0.0
0.09102199789220007 	 0.0
0.09202199789220007 	 0.0
0.09302199789220007 	 0.0
0.09402199789220007 	 0.0
0.09502199789220007 	 0.0
0.09602199789220008 	 0.0
0.09702199789220008 	 0.0
0.09802199789220008 	 0.0
0.09902199789220008 	 0.0
0.10002199789220008 	 0.0
0.10102199789220008 	 0.0
0.10202199789220008 	 0.0
0.10302199789220008 	 0.0
0.10402199789220008 	 0.0
0.10502199789220008 	 0.0
0.10602199789220008 	 0.0
0.10702199789220009 	 0.0
0.10802199789220009 	 0.0
0.10902199789220009 	 0.0
0.11002199789220009 	 0.0
0.11102199789220009 	 0.0
0.11202199789220009 	 0.0
0.11302199789220009 	 0.0
0.11402199789220009 	 0.0
0.11502199789220009 	 0.0
0.1160219978922001 	 0.0
0.1170219978922001 	 0.0
0.1180219978922001 	 0.0
0.1190219978922001 	 0.0
0.1200219978922001 	 0.0
0.1210219978922001 	 0.0
0.1220219978922001 	 0.0
0.1230219978922001 	 0.0
0.1240219978922001 	 0.0
0.1250219978922001 	 0.0
0.1260219978922001 	 0.0
0.1270219978922001 	 0.0
0.1280219978922001 	 0.0
0.1290219978922001 	 0.0
0.1300219978922001 	 0.0
0.1310219978922001 	 0.0
0.1320219978922001 	 0.0
0.1330219978922001 	 0.0
0.1340219978922001 	 0.0
0.1350219978922001 	 0.0
0.1360219978922001 	 0.0
0.1370219978922001 	 0.0
0.1380219978922001 	 0.0
0.1390219978922001 	 0.0
0.1400219978922001 	 0.0
0.1410219978922001 	 0.0
0.1420219978922001 	 0.0
0.1430219978922001 	 0.0
0.1440219978922001 	 0.0
0.1450219978922001 	 0.0
0.1460219978922001 	 0.0
0.1470219978922001 	 0.0
0.1480219978922001 	 0.0
0.1490219978922001 	 0.0
0.1500219978922001 	 0.0
0.1510219978922001 	 0.0
0.1520219978922001 	 0.0
0.1530219978922001 	 0.0
0.1540219978922001 	 0.0
0.15502199789220011 	 0.0
0.15602199789220011 	 0.0
0.15702199789220012 	 0.0
0.15802199789220012 	 0.0
0.15902199789220012 	 0.0
0.16002199789220012 	 0.0
0.16102199789220012 	 0.0
0.16202199789220012 	 0.0
0.16302199789220012 	 0.0
0.16402199789220012 	 0.0
0.16502199789220012 	 0.0
0.16602199789220012 	 0.0
0.16702199789220012 	 0.0
0.16802199789220013 	 0.0
0.16902199789220013 	 0.0
0.17002199789220013 	 0.0
0.17102199789220013 	 0.0
0.17202199789220013 	 0.0
0.17302199789220013 	 0.0
0.17402199789220013 	 0.0
0.17502199789220013 	 0.0
0.17602199789220013 	 0.0
0.17702199789220013 	 0.0
0.17802199789220013 	 0.0
0.17902199789220014 	 0.0
0.18002199789220014 	 0.0
0.18102199789220014 	 0.0
0.18202199789220014 	 0.0
0.18302199789220014 	 0.0
0.18402199789220014 	 0.0
0.18502199789220014 	 0.0
0.18602199789220014 	 0.0
0.18702199789220014 	 0.0
0.18802199789220014 	 0.0
0.18902199789220014 	 0.0
0.19002199789220015 	 0.0
0.19102199789220015 	 0.0
0.19202199789220015 	 0.0
0.19302199789220015 	 0.0
0.19402199789220015 	 0.0
0.19502199789220015 	 0.0
0.19602199789220015 	 0.0
0.19702199789220015 	 0.0
0.19802199789220015 	 0.0
0.19902199789220015 	 0.0
0.20002199789220015 	 0.0
0.20102199789220015 	 0.0
0.20202199789220016 	 0.0
0.20302199789220016 	 0.0
0.20402199789220016 	 0.0
0.20502199789220016 	 0.0
0.20602199789220016 	 0.0
0.20702199789220016 	 0.0
0.20802199789220016 	 0.0
0.20902199789220016 	 0.0
0.21002199789220016 	 0.0
0.21102199789220016 	 0.0
0.21202199789220016 	 0.32613839007758466
0.21302199789220017 	 0.4756172860802988
0.21402199789220017 	 0.5723248720679779
0.21502199789220017 	 0.645409391585654
0.21602199789220017 	 0.7044802542987865
0.21702199789220017 	 0.7541037236575375
0.21802199789220017 	 0.7968616565783453
0.21902199789220017 	 0.8343755290511841
0.22002199789220017 	 0.8677386575187361
0.22102199789220017 	 0.8977272071883734
0.22202199789220017 	 0.9249141996162419
0.22302199789220017 	 0.949735924840391
0.22402199789220018 	 0.97253294961494
0.22502199789220018 	 0.993576646486678
0.22602199789220018 	 1.0130870230791045
0.22702199789220018 	 1.0312450920345353
0.22802199789220018 	 1.0482016880063496
0.22902199789220018 	 1.0640838995769961
0.23002199789220018 	 1.0789998567230141
0.23102199789220018 	 1.093042357754684
0.23202199789220018 	 1.106291660302006
0.23302199789220018 	 1.1188176591107173
0.23402199789220018 	 1.1306816066994863
0.23502199789220019 	 1.1419374882159712
0.23602199789220019 	 1.1526331312479587
0.2370219978922002 	 1.1628111100446026
0.2380219978922002 	 1.172509488518188
0.2390219978922002 	 1.1817624355523666
0.2400219978922002 	 1.1906007382384536
0.2410219978922002 	 1.1990522328265585
0.2420219978922002 	 1.2071421688207211
0.2430219978922002 	 1.214893518357503
0.2440219978922002 	 1.2223272404989833
0.2450219978922002 	 1.2294625081404584
0.2460219978922002 	 1.2363169037342154
0.2470219978922002 	 1.2429065888576087
0.2480219978922002 	 1.2492464517284343
0.2490219978922002 	 1.2553502360356794
0.2500219978922002 	 1.2612306538660825
0.2510219978922002 	 1.2668994850340003
0.2520219978922002 	 1.2723676647392619
0.2530219978922002 	 1.277645361165991
0.2540219978922002 	 1.2827420443802904
0.2550219978922002 	 1.2876665476747944
0.2560219978922002 	 1.292427122334654
0.2570219978922002 	 1.2970314866554185
0.2580219978922002 	 1.30148686992316
0.2590219978922002 	 1.3058000519665447
0.2600219978922002 	 1.309977398805938
0.2610219978922002 	 1.314024894853222
0.2620219978922002 	 1.3179481720555017
0.2630219978922002 	 1.3217525363244433
0.2640219978922002 	 1.3254429915491375
0.2650219978922002 	 1.3290242614528465
0.2660219978922002 	 1.3325008095217852
0.2670219978922002 	 1.335876857206364
0.2680219978922002 	 1.3391564005713932
0.2690219978922002 	 1.3423432255510321
0.2700219978922002 	 1.3454409219462893
0.2710219978922002 	 1.348452896287244
0.2720219978922002 	 1.35138238366852
0.2730219978922002 	 1.3542324586546153
0.2740219978922002 	 1.3570060453412471
0.2750219978922002 	 1.359705926649695
0.2760219978922002 	 1.3623347529230583
0.2770219978922002 	 1.3648950498862187
0.2780219978922002 	 1.3673892260250105
0.2790219978922002 	 1.3698195794345442
0.2800219978922002 	 1.3720609179676917
0.2810219978922002 	 1.3741022196067405
0.2820219978922002 	 1.3760038444627558
0.2830219978922002 	 1.3777860191403692
0.28402199789220023 	 1.3794611093692888
0.28502199789220023 	 1.381038027929114
0.28602199789220023 	 1.3825237651603632
0.28702199789220023 	 1.383924091095743
0.28802199789220023 	 1.385243932112546
0.28902199789220023 	 1.3864875949775926
0.29002199789220023 	 1.3876589104037704
0.29102199789220023 	 1.3887613303835626
0.29202199789220024 	 1.3897979971967895
0.29302199789220024 	 1.3907717941440298
0.29402199789220024 	 1.3916853839858967
0.29502199789220024 	 1.3925412388174985
0.29602199789220024 	 1.3933416637968417
0.29702199789220024 	 1.3940888163490195
0.29802199789220024 	 1.3947847219652671
0.29902199789220024 	 1.3954312873885788
0.30002199789220024 	 1.3960303117583908
0.30102199789220024 	 1.3965834961365102
0.30202199789220024 	 1.3970924517310779
0.30302199789220025 	 1.3975587070600493
0.30402199789220025 	 1.3979837142409328
0.30502199789220025 	 1.3983688545530681
0.30602199789220025 	 1.3987154433884175
0.30702199789220025 	 1.3990247346838285
0.30802199789220025 	 1.3992979249100321
0.30902199789220025 	 1.3995361566789066
0.31002199789220025 	 1.3997405220197225
0.31102199789220025 	 1.3999120653665251
0.31202199789220025 	 1.4000517862919892
0.31302199789220025 	 1.400160642017512
0.31402199789220026 	 1.4002395497248519
0.31502199789220026 	 1.4002893886909176
0.31602199789220026 	 1.4003110022642862
0.31702199789220026 	 1.400305199699501
0.31802199789220026 	 1.4002727578630958
0.31902199789220026 	 1.4002144228235087
0.32002199789220026 	 1.4001309113355707
0.32102199789220026 	 1.400022912228963
0.32202199789220026 	 1.3998910877089596
0.32302199789220026 	 1.3997360745768332
0.32402199789220026 	 1.3995584853765013
0.32502199789220027 	 1.3993589094732957
0.32602199789220027 	 1.3991379140701212
0.32702199789220027 	 1.3988960451657615
0.32802199789220027 	 1.3986338284595965
0.32902199789220027 	 1.398351770206624
0.33002199789220027 	 1.3980503580262857
0.33102199789220027 	 1.397730061668309
0.33202199789220027 	 1.3973913337384636
0.33302199789220027 	 1.3970346103869073
0.3340219978922003 	 1.3966603119615602
0.3350219978922003 	 1.3962688436287292
0.3360219978922003 	 1.3958605959630594
0.3370219978922003 	 1.395435945508691
0.3380219978922003 	 1.394995255313372
0.3390219978922003 	 1.3945388754371444
0.3400219978922003 	 1.394067143437094
0.3410219978922003 	 1.3935803848295476
0.3420219978922003 	 1.3930789135309996
0.3430219978922003 	 1.392563032278976
0.3440219978922003 	 1.3920330330339228
0.3450219978922003 	 1.3914891973631782
0.3460219978922003 	 1.3909317968079757
0.3470219978922003 	 1.3903610932343953
0.3480219978922003 	 1.3897773391690915
0.3490219978922003 	 1.3891807781206014
0.3500219978922003 	 1.3885716448869563
0.3510219978922003 	 1.3879501658503102
0.3520219978922003 	 1.3873165592592105
0.3530219978922003 	 1.3866710354991554
0.3540219978922003 	 1.386013797351969
0.3550219978922003 	 1.3853450402445855
0.3560219978922003 	 1.384664952487705
0.3570219978922003 	 1.3839737155048326
0.3580219978922003 	 1.3832715040521426
0.3590219978922003 	 1.3825584864295888
0.3600219978922003 	 1.381834824683678
0.3610219978922003 	 1.3811006748022752
0.3620219978922003 	 1.3803561869018106
0.3630219978922003 	 1.3796015054072226
0.3640219978922003 	 1.3788367692249675
0.3650219978922003 	 1.3780621119093908
0.3660219978922003 	 1.3772776618227656
0.3670219978922003 	 1.3764835422892567
0.3680219978922003 	 1.3756798717430834
0.3690219978922003 	 1.3748667638711238
0.3700219978922003 	 1.3740443277502021
0.3710219978922003 	 1.3732126679792667
0.3720219978922003 	 1.3723718848066946
0.3730219978922003 	 1.3715220742529048
0.3740219978922003 	 1.3706633282284855
0.3750219978922003 	 1.36979573464801
0.3760219978922003 	 1.368919377539727
0.3770219978922003 	 1.368034337151275
0.3780219978922003 	 1.3671406900515966
0.3790219978922003 	 1.3662385092291929
0.3800219978922003 	 1.365327864186863
0.3810219978922003 	 1.3644088210330787
0.3820219978922003 	 1.3634814425701
0.3830219978922003 	 1.3625457883789878
0.3840219978922003 	 1.361601914901611
0.3850219978922003 	 1.3606498755197698
0.3860219978922003 	 1.3596897206315492
0.3870219978922003 	 1.3587214977249942
0.3880219978922003 	 1.3577452514492314
0.3890219978922003 	 1.3567610236831003
0.3900219978922003 	 1.355768853601414
0.3910219978922003 	 1.3547687777389192
0.3920219978922003 	 1.3537608300520603
0.3930219978922003 	 1.3527450419785916
0.3940219978922003 	 1.3517214424951565
0.3950219978922003 	 1.3506900581728833
0.39602199789220033 	 1.3496509132310748
0.39702199789220033 	 1.3486040295890553
0.39802199789220033 	 1.3475494269162471
0.39902199789220033 	 1.3464871226805422
0.40002199789220033 	 1.3454171321950121
0.40102199789220033 	 1.3443394686630363
0.40202199789220033 	 1.3432541432218832
0.40302199789220033 	 1.342161164984817
0.40402199789220034 	 1.3410605410817684
0.40502199789220034 	 1.339952276698618
0.40602199789220034 	 1.3388363751151504
0.40702199789220034 	 1.3377128377417224
0.40802199789220034 	 1.3365816641546646
0.40902199789220034 	 1.3354428521305028
0.41002199789220034 	 1.3342963976790037
0.41102199789220034 	 1.3331422950751006
0.41202199789220034 	 1.3319805368897288
0.41302199789220034 	 1.3308111140196133
0.41402199789220034 	 1.3296340157160413
0.41502199789220034 	 1.3284492296126553
0.41602199789220035 	 1.3272567417522918
0.41702199789220035 	 1.32605653661291
0.41802199789220035 	 1.3248485971326247
0.41902199789220035 	 1.3236329047308113
0.42002199789220035 	 1.322409439346269
0.42102199789220035 	 1.3211781794318451
0.42202199789220035 	 1.319939102000855
0.42302199789220035 	 1.3186921826381548
0.42402199789220035 	 1.3174373955205956
0.42502199789220035 	 1.3161747134371613
0.42602199789220035 	 1.3149041078078803
0.42702199789220036 	 1.3136255487020618
0.42802199789220036 	 1.3123390048559034
0.42902199789220036 	 1.311044443689482
0.43002199789220036 	 1.3097418313231544
0.43102199789220036 	 1.308431132593383
0.43202199789220036 	 1.3071123110679939
0.43302199789220036 	 1.3057853290609223
0.43402199789220036 	 1.304450147646416
0.43502199789220036 	 1.3031067266727425
0.43602199789220036 	 1.3017550247754304
0.43702199789220036 	 1.3003949993900124
0.43802199789220037 	 1.299026606764345
0.43902199789220037 	 1.2976498019704674
0.44002199789220037 	 1.2962645389160619
0.44102199789220037 	 1.2948707703554843
0.44202199789220037 	 1.2934684479004341
0.44302199789220037 	 1.292057522030212
0.44402199789220037 	 1.2906379421016347
0.44502199789220037 	 1.289209656358601
0.4460219978922004 	 1.287772611941305
0.4470219978922004 	 1.2863267548951438
0.4480219978922004 	 1.2848720301792986
0.4490219978922004 	 1.2834083816750264
0.4500219978922004 	 1.28193575219365
0.4510219978922004 	 1.2804540834843003
0.4520219978922004 	 1.278963316241368
0.4530219978922004 	 1.2774633901117083
0.4540219978922004 	 1.2759542437016194
0.4550219978922004 	 1.274435814583581
0.4560219978922004 	 1.2729080393027616
0.4570219978922004 	 1.271370853383357
0.4580219978922004 	 1.2698241913346755
0.4590219978922004 	 1.2682679866570885
0.4600219978922004 	 1.2667021718477784
0.4610219978922004 	 1.2651266784063222
0.4620219978922004 	 1.2635414368401199
0.4630219978922004 	 1.2619463766696974
0.4640219978922004 	 1.2603414264338342
0.4650219978922004 	 1.2587265136946097
0.4660219978922004 	 1.2571015650422979
0.4670219978922004 	 1.2554665061001857
0.4680219978922004 	 1.253821261529271
0.4690219978922004 	 1.2521657550328995
0.4700219978922004 	 1.2504999093612992
0.4710219978922004 	 1.2488236463160771
0.4720219978922004 	 1.2471368867546335
0.4730219978922004 	 1.2454395505945572
0.4740219978922004 	 1.2437315568179537
0.4750219978922004 	 1.2420128234757772
0.4760219978922004 	 1.240283267692129
0.4770219978922004 	 1.2385428056685517
0.4780219978922004 	 1.2367913526883305
0.4790219978922004 	 1.2350288231208102
0.4800219978922004 	 1.2332551304257275
0.4810219978922004 	 1.2314701871575935
0.4820219978922004 	 1.2296739049701007
0.4830219978922004 	 1.2278661946206078
0.4840219978922004 	 1.2260469659746716
0.4850219978922004 	 1.2242161280106671
0.4860219978922004 	 1.2223735888244913
0.4870219978922004 	 1.2205192556343247
0.4880219978922004 	 1.2186530347857092
0.4890219978922004 	 1.2167748317563365
0.4900219978922004 	 1.2148845511613786
0.4910219978922004 	 1.212982096758756
0.4920219978922004 	 1.211067371454604
0.4930219978922004 	 1.209140277308914
0.4940219978922004 	 1.2072007155413382
0.4950219978922004 	 1.2052485865372018
0.4960219978922004 	 1.2032837898537234
0.4970219978922004 	 1.201306224226429
0.4980219978922004 	 1.199315787575824
0.4990219978922004 	 1.1973123770143024
0.5000219978922004 	 1.1952958888532934
0.5010219978922004 	 1.1932662186107161
0.5020219978922004 	 1.1912232610186857
0.5030219978922004 	 1.1891669100315376
0.5040219978922004 	 1.1870970588341583
0.5050219978922004 	 1.1850135998506597
0.5060219978922004 	 1.1829164247533719
0.5070219978922004 	 1.1808054244722228
0.5080219978922004 	 1.1786804892044684
0.5090219978922004 	 1.1765415084248503
0.5100219978922004 	 1.1743883708961098
0.5110219978922004 	 1.1722209646799804
0.5120219978922004 	 1.170039177148585
0.5130219978922004 	 1.1678428949963082
0.5140219978922004 	 1.165632004252152
0.5150219978922004 	 1.1634063902925664
0.5160219978922004 	 1.1611659378548136
0.5170219978922004 	 1.1589105310508605
0.5180219978922004 	 1.1566400533818197
0.5190219978922004 	 1.1543543877529652
0.5200219978922004 	 1.152053416489341
0.5210219978922004 	 1.1497370213519933
0.5220219978922004 	 1.1474050835548122
0.5230219978922004 	 1.1450574837820482
0.5240219978922004 	 1.1426941022065256
0.5250219978922004 	 1.1403148185085032
0.5260219978922004 	 1.1379195118953123
0.5270219978922004 	 1.1355080611216657
0.5280219978922004 	 1.133080344510961
0.5290219978922004 	 1.1306362399769747
0.5300219978922004 	 1.1281756250466497
0.5310219978922004 	 1.125698376884078
0.5320219978922004 	 1.123204372314337
0.5330219978922004 	 1.1206934878492854
0.5340219978922004 	 1.1181655997137219
0.5350219978922004 	 1.1156205838726436
0.5360219978922004 	 1.1130583160594696
0.5370219978922004 	 1.1104786718052453
0.5380219978922004 	 1.1078815264689437
0.5390219978922004 	 1.105266755268774
0.5400219978922004 	 1.1026342333146255
0.5410219978922004 	 1.0999838356416294
0.5420219978922004 	 1.0973154372448555
0.5430219978922004 	 1.0946289131152525
0.5440219978922004 	 1.0919241382767617
0.5450219978922004 	 1.089200987824725
0.5460219978922004 	 1.0864593369655378
0.5470219978922004 	 1.0836990610576274
0.5480219978922004 	 1.080920035653938
0.5490219978922004 	 1.0781221365285614
0.5500219978922004 	 1.0753052396969867
0.5510219978922004 	 1.0724692214984652
0.5520219978922004 	 1.0696139586509306
0.5530219978922004 	 1.0667393283005315
0.5540219978922004 	 1.0638452080729142
0.5550219978922004 	 1.0609314761261124
0.5560219978922004 	 1.057998011205083
0.5570219978922004 	 1.0550446926979389
0.5580219978922004 	 1.0520714006938985
0.5590219978922004 	 1.0490780160430122
0.5600219978922004 	 1.046064420417718
0.5610219978922004 	 1.0430304963762411
0.5620219978922004 	 1.0399761274278856
0.5630219978922004 	 1.036901198100263
0.5640219978922004 	 1.033805594008511
0.5650219978922004 	 1.030689201926507
0.5660219978922004 	 1.0275519098601988
0.5670219978922004 	 1.0243936071229305
0.5680219978922004 	 1.0212141844131453
0.5690219978922004 	 1.0180135338939393
0.5700219978922004 	 1.0147915492751585
0.5710219978922004 	 1.0115481258976222
0.5720219978922004 	 1.0082831608197163
0.5730219978922004 	 1.0049965529063185
0.5740219978922004 	 1.00168820292018
0.5750219978922004 	 0.9983580136156911
0.5760219978922004 	 0.9950058898352162
0.5770219978922004 	 0.9916317386079317
0.5780219978922004 	 0.98823546925122
0.5790219978922004 	 0.9848169934747261
0.5800219978922004 	 0.9813762254870629
0.5810219978922004 	 0.977913082105218
0.5820219978922004 	 0.974427482866702
0.5830219978922004 	 0.9709193501444787
0.5840219978922004 	 0.9673886092646755
0.5850219978922004 	 0.9638351886275042
0.5860219978922004 	 0.9602590198302989
0.5870219978922004 	 0.9566600377943163
0.5880219978922004 	 0.9530381808940578
0.5890219978922004 	 0.9493933910897043
0.5900219978922004 	 0.9457256140625688
0.5910219978922004 	 0.942034799353709
0.5920219978922004 	 0.9383209005053891
0.5930219978922004 	 0.9345838752059173
0.5940219978922004 	 0.930823685437623
0.5950219978922004 	 0.9270402976277112
0.5960219978922005 	 0.9232336828026363
0.5970219978922005 	 0.9194038167455302
0.5980219978922005 	 0.9155506801568615
0.5990219978922005 	 0.9116742588183435
0.6000219978922005 	 0.9077745437600737
0.6010219978922005 	 0.9038515314309569
0.6020219978922005 	 0.8999052238723069
0.6030219978922005 	 0.8959356288948034
0.6040219978922005 	 0.8919427602586271
0.6050219978922005 	 0.8879266378567454
0.6060219978922005 	 0.883887287901698
0.6070219978922005 	 0.879824743115305
0.6080219978922005 	 0.8757390429217112
0.6090219978922005 	 0.8716302336435147
0.6100219978922005 	 0.8674983687011777
0.6110219978922005 	 0.8633435088152625
0.6120219978922005 	 0.8591657222119667
0.6130219978922005 	 0.8549650819036324
0.6140219978922005 	 0.8507416739537572
0.6150219978922005 	 0.8464955917033108
0.6160219978922005 	 0.8422269354591958
0.6170219978922005 	 0.8379358141072271
0.6180219978922005 	 0.8336223453340929
0.6190219978922005 	 0.8292866558526204
0.6200219978922005 	 0.8249288816292007
0.6210219978922005 	 0.820549168113597
0.6220219978922005 	 0.816147670471027
0.6230219978922005 	 0.8117245538163476
0.6240219978922005 	 0.8072799934502064
0.6250219978922005 	 0.8028141750970809
0.6260219978922005 	 0.7983272951449373
0.6270219978922005 	 0.7938195608864749
0.6280219978922005 	 0.7892911907616648
0.6290219978922005 	 0.784742414601495
0.6300219978922005 	 0.7801734738726567
0.6310219978922005 	 0.775584621922979
0.6320219978922005 	 0.7709761242274575
0.6330219978922005 	 0.7663482586345041
0.6340219978922005 	 0.7617013156123291
0.6350219978922005 	 0.7570355984951428
0.6360219978922005 	 0.7523514237287399
0.6370219978922005 	 0.7476491211156863
0.6380219978922005 	 0.7429290340589345
0.6390219978922005 	 0.7381915198045972
0.6400219978922005 	 0.7334369496826916
0.6410219978922005 	 0.7286657093461129
0.6420219978922005 	 0.7238781990070541
0.6430219978922005 	 0.7190748336707593
0.6440219978922005 	 0.714256043366155
0.6450219978922005 	 0.7094222733729494
0.6460219978922005 	 0.7045739844448076
0.6470219978922005 	 0.6997116530281574
0.6480219978922005 	 0.6948357714761841
0.6490219978922005 	 0.6899468482575767
0.6500219978922005 	 0.685045408159508
0.6510219978922005 	 0.6801319924844056
0.6520219978922005 	 0.6752071592400217
0.6530219978922005 	 0.6702714833221454
0.6540219978922005 	 0.6653255566895799
0.6550219978922005 	 0.6603699885308599
0.6560219978922005 	 0.6554054054219254
0.6570219978922005 	 0.6504324514743722
0.6580219978922005 	 0.6454517884736105
0.6590219978922005 	 0.640464096006333
0.6600219978922005 	 0.6354700715766681
0.6610219978922005 	 0.6304704307103576
0.6620219978922005 	 0.625465907046384
0.6630219978922005 	 0.6204572524133064
0.6640219978922005 	 0.6154452368558924
0.6650219978922005 	 0.6104306486908591
0.6660219978922005 	 0.6054142945797149
0.6670219978922005 	 0.6003969995484115
0.6680219978922005 	 0.5953796069889263
0.6690219978922005 	 0.5903629786432353
0.6700219978922005 	 0.5853479945692497
0.6710219978922005 	 0.5803355530875614
0.6720219978922005 	 0.5753265707087334
0.6730219978922005 	 0.5703219820400546
0.6740219978922005 	 0.5653227396710838
0.6750219978922005 	 0.5603298140372749
0.6760219978922005 	 0.5553441932608267
0.6770219978922005 	 0.5503668829680954
0.6780219978922005 	 0.5453989060826577
0.6790219978922005 	 0.5404413025934259
0.6800219978922005 	 0.5354951292968291
0.6810219978922005 	 0.5305614595125385
0.6820219978922005 	 0.5256413827717379
0.6830219978922005 	 0.5207360044772448
0.6840219978922005 	 0.5158464455347838
0.6850219978922005 	 0.5109738419544847
0.6860219978922005 	 0.5061193444220119
0.6870219978922005 	 0.5012841178383597
0.6880219978922005 	 0.4964693408236705
0.6890219978922005 	 0.49167620511332155
0.6900219978922005 	 0.4869059150132296
0.6910219978922005 	 0.4821596868873685
0.6920219978922005 	 0.47743874853227114
0.6930219978922005 	 0.4727443385122851
0.6940219978922005 	 0.4680777054581103
0.6950219978922005 	 0.46344010732769175
0.6960219978922005 	 0.4588328106286241
0.6970219978922005 	 0.4542570896011803
0.6980219978922005 	 0.44971422536096783
0.6990219978922005 	 0.4452055050003974
0.7000219978922005 	 0.4407322206476953
0.7010219978922005 	 0.4362956684825345
0.7020219978922005 	 0.4318971477069988
0.7030219978922005 	 0.4275379594706385
0.7040219978922005 	 0.4232194057481799
0.7050219978922005 	 0.41894278816837494
0.7060219978922005 	 0.414709406792245
0.7070219978922005 	 0.4105205588388796
0.7080219978922005 	 0.40637753735662374
0.7090219978922006 	 0.40228162983728594
0.7100219978922006 	 0.3982341167707167
0.7110219978922006 	 0.3942362701366815
0.7120219978922006 	 0.39028935183062113
0.7130219978922006 	 0.3863946120148167
0.7140219978922006 	 0.38255328731232224
0.7150219978922006 	 0.37876659902389587
0.7160219978922006 	 0.37503575133299943
0.7170219978922006 	 0.3713619293321987
0.7180219978922006 	 0.36774629694613753
0.7190219978922006 	 0.36418999474575897
0.7200219978922006 	 0.36069413764367686
0.7210219978922006 	 0.35725981245880223
0.7220219978922006 	 0.35388807533674027
0.7230219978922006 	 0.3505799490101904
0.7240219978922006 	 0.3473364198812407
0.7250219978922006 	 0.3441584349045201
0.7260219978922006 	 0.34104689824673523
0.7270219978922006 	 0.33800266769432935
0.7280219978922006 	 0.3350265507761908
0.7290219978922006 	 0.3321193005630591
0.7300219978922006 	 0.3292816110986903
0.7310219978922006 	 0.32651411241041545
0.7320219978922006 	 0.32381736503755215
0.7330219978922006 	 0.3211918540056854
0.7340219978922006 	 0.31863798216184464
0.7350219978922006 	 0.3161560627707191
0.7360219978922006 	 0.3137463112536336
0.7370219978922006 	 0.3114088359304403
0.7380219978922006 	 0.30914362759994235
0.7390219978922006 	 0.30695054779647657
0.7400219978922006 	 0.30482931540333047
0.7410219978922006 	 0.3027794913511837
0.7420219978922006 	 0.3008004611332926
0.7430219978922006 	 0.29889141469001435
0.7440219978922006 	 0.29705132316455785
0.7450219978922006 	 0.29527891192709155
0.7460219978922006 	 0.2935726291326438
0.7470219978922006 	 0.2919306089145097
0.7480219978922006 	 0.290350628110361
0.7490219978922006 	 0.28883005516170995
0.7500219978922006 	 0.2873657895046293
0.7510219978922006 	 0.28595418936156314
0.7520219978922006 	 0.2845909853260396
0.7530219978922006 	 0.28327117647265626
0.7540219978922006 	 0.28198890488095313
0.7550219978922006 	 0.28073730337985353
0.7560219978922006 	 0.279508309926969
0.7570219978922006 	 0.2782924402414823
0.7580219978922006 	 0.2770785079909422
0.7590219978922006 	 0.2758532788383235
0.7600219978922006 	 0.27460104079830694
0.7610219978922006 	 0.2733030684068473
0.7620219978922006 	 0.27193695193222533
0.7630219978922006 	 0.270475755040867
0.7640219978922006 	 0.26888695503374416
0.7650219978922006 	 0.26713110845034915
0.7660219978922006 	 0.26516017437334516
0.7670219978922006 	 0.2629154204013196
0.7680219978922006 	 0.26032483913102955
0.7690219978922006 	 0.2573000326408153
0.7700219978922006 	 0.2537326139187114
0.7710219978922006 	 0.24949039461838105
0.7720219978922006 	 0.2444141121570755
0.7730219978922006 	 0.23831644731117554
0.7740219978922006 	 0.23098703625595882
0.7750219978922006 	 0.22221075946881994
0.7760219978922006 	 0.21181248633914318
0.7770219978922006 	 0.19974922417130764
0.7780219978922006 	 0.1862749544275391
0.7790219978922006 	 0.17218617196748826
0.7800219978922006 	 0.15907983003572695
0.7810219978922006 	 0.14939495803345748
0.7820219978922006 	 0.14588342006912597
0.7830219978922006 	 0.15043609443916023
0.7840219978922006 	 0.1629599207947834
0.7850219978922006 	 0.1813254179630131
0.7860219978922006 	 0.2024852927399184
0.7870219978922006 	 0.22376921295993565
0.7880219978922006 	 0.24350883644765395
0.7890219978922006 	 0.2609863747808505
0.7900219978922006 	 0.2761059711487069
0.7910219978922006 	 0.2890832555659698
0.7920219978922006 	 0.3002448524146395
0.7930219978922006 	 0.309924512122924
0.7940219978922006 	 0.31841936214742994
0.7950219978922006 	 0.32597734337953105
0.7960219978922006 	 0.33279860396656696
0.7970219978922006 	 0.33904199909327803
0.7980219978922006 	 0.34483262621954663
0.7990219978922006 	 0.3502687516531173
0.8000219978922006 	 0.3554276150729917
0.8010219978922006 	 0.3603700797529818
0.8020219978922006 	 0.3651442725025923
0.8030219978922006 	 0.36978839978040906
0.8040219978922006 	 0.3743329156203119
0.8050219978922006 	 0.3788021890433128
0.8060219978922006 	 0.38321578860650196
0.8070219978922006 	 0.38758947521923587
0.8080219978922006 	 0.391935972764794
0.8090219978922006 	 0.3962655691952564
0.8100219978922006 	 0.4005865878748034
0.8110219978922006 	 0.4049057595043488
0.8120219978922006 	 0.40922851761814216
0.8130219978922006 	 0.4135592326619229
0.8140219978922006 	 0.4179013987915003
0.8150219978922006 	 0.4222577856212086
0.8160219978922006 	 0.42663056236400426
0.8170219978922006 	 0.43102139806175016
0.8180219978922006 	 0.4354315435966707
0.8190219978922006 	 0.4398618991567572
0.8200219978922006 	 0.4443130699991958
0.8210219978922007 	 0.4487854129862307
0.8220219978922007 	 0.4532790758747297
0.8230219978922007 	 0.457794029056813
0.8240219978922007 	 0.4623300925805138
0.8250219978922007 	 0.46688695913776
0.8260219978922007 	 0.4714642135564988
0.8270219978922007 	 0.4760613493910934
0.8280219978922007 	 0.48067778309444853
0.8290219978922007 	 0.4853128661667134
0.8300219978922007 	 0.4899658956046698
0.8310219978922007 	 0.4946361229186047
0.8320219978922007 	 0.49932276193699143
0.8330219978922007 	 0.5040249955817507
0.8340219978922007 	 0.5087419817662321
0.8350219978922007 	 0.5134728585429241
0.8360219978922007 	 0.5182167486073402
0.8370219978922007 	 0.5229727632475668
0.8380219978922007 	 0.5277400057012983
0.8390219978922007 	 0.5325175719195464
0.8400219978922007 	 0.5373045532095447
0.8410219978922007 	 0.542100041477455
0.8420219978922007 	 0.5469031337039981
0.8430219978922007 	 0.5517129316692387
0.8440219978922007 	 0.5565285429223324
0.8450219978922007 	 0.5613490822430375
0.8460219978922007 	 0.5661736729368553
0.8470219978922007 	 0.5710014479823303
0.8480219978922007 	 0.5758315510467819
0.8490219978922007 	 0.5806631373845529
0.8500219978922007 	 0.5854147063644203
0.8510219978922007 	 0.5902457054331144
0.8520219978922007 	 0.5950754685885644
0.8530219978922007 	 0.5999032047894405
0.8540219978922007 	 0.6047281382046603
0.8550219978922007 	 0.6095495086324952
0.8560219978922007 	 0.6143665718622087
0.8570219978922007 	 0.6191785999833312
0.8580219978922007 	 0.6239848816472677
0.8590219978922007 	 0.6287847222852945
0.8600219978922007 	 0.6335774442867601
0.8610219978922007 	 0.6383623871407744
0.8620219978922007 	 0.6431389075444793
0.8630219978922007 	 0.6479063794608836
0.8640219978922007 	 0.652664193772043
0.8650219978922007 	 0.6574117583005206
0.8660219978922007 	 0.6621484981706999
0.8670219978922007 	 0.6668738558014026
0.8680219978922007 	 0.6715872908634185
0.8690219978922007 	 0.6762882802185535
0.8700219978922007 	 0.6809763178416104
0.8710219978922007 	 0.6856509147267161
0.8720219978922007 	 0.6903115987793266
0.8730219978922007 	 0.6949579146948254
0.8740219978922007 	 0.6995894238251776
0.8750219978922007 	 0.7042057040343436
0.8760219978922007 	 0.708806349543521
0.8770219978922007 	 0.7133909707670961
0.8780219978922007 	 0.7179591941400364
0.8790219978922007 	 0.7225106619376067
0.8800219978922007 	 0.72704503208799
0.8810219978922007 	 0.7315619779942494
0.8820219978922007 	 0.7360611883791097
0.8830219978922007 	 0.7405423670373373
0.8840219978922007 	 0.7450052326129097
0.8850219978922007 	 0.7494495183855676
0.8860219978922007 	 0.7538749720536583
0.8870219978922007 	 0.7582813555137272
0.8880219978922007 	 0.762668444627293
0.8890219978922007 	 0.7670360287939901
0.8900219978922007 	 0.7713839107258728
0.8910219978922007 	 0.7757118792413454
0.8920219978922007 	 0.7800196326238613
0.8930219978922007 	 0.784306853197203
0.8940219978922007 	 0.7885732305262793
0.8950219978922007 	 0.792818461241123
0.8960219978922007 	 0.7970422488641191
0.8970219978922007 	 0.8012443036406195
0.8980219978922007 	 0.8054243423729529
0.8990219978922007 	 0.8095820882577615
0.9000219978922007 	 0.8137172707267512
0.9010219978922007 	 0.8178296252908073
0.9020219978922007 	 0.8219188933873959
0.9030219978922007 	 0.8259848222313025
0.9040219978922007 	 0.8300271646684746
0.9050219978922007 	 0.834045679032888
0.9060219978922007 	 0.83804012900655
0.9070219978922007 	 0.8420102834822343
0.9080219978922007 	 0.8459559164288937
0.9090219978922007 	 0.8498768067596069
0.9100219978922007 	 0.8537727382017046
0.9110219978922007 	 0.8576434932512973
0.9120219978922007 	 0.8614888364946537
0.9130219978922007 	 0.8653085308595901
0.9140219978922007 	 0.8691023409152986
0.9150219978922007 	 0.8728700328108198
0.9160219978922007 	 0.8766113757665548
0.9170219978922007 	 0.8803261420391346
0.9180219978922007 	 0.8840130625788133
0.9190219978922007 	 0.8876681190046101
0.9200219978922007 	 0.8912931500981441
0.9210219978922007 	 0.894888648210902
0.9220219978922007 	 0.898454741851086
0.9230219978922007 	 0.9019914356712889
0.9240219978922007 	 0.9054986743331443
0.9250219978922007 	 0.9089763686022326
0.9260219978922007 	 0.9124244082188808
0.9270219978922007 	 0.9158426690500014
0.9280219978922007 	 0.9192310173898591
0.9290219978922007 	 0.922589312689622
0.9300219978922007 	 0.9259174093534355
0.9310219978922007 	 0.929215246858882
0.9320219978922007 	 0.9324830979778354
0.9330219978922007 	 0.9357213197584537
0.9340219978922008 	 0.9389302763904357
0.9350219978922008 	 0.9421103390631983
0.9360219978922008 	 0.9452618856991419
0.9370219978922008 	 0.9483853005817076
0.9380219978922008 	 0.9514809732280682
0.9390219978922008 	 0.9545492846538571
0.9400219978922008 	 0.9575906072228083
0.9410219978922008 	 0.9606053209209601
0.9420219978922008 	 0.9635938258379194
0.9430219978922008 	 0.9665565283499977
0.9440219978922008 	 0.9694938361431079
0.9450219978922008 	 0.972406157124863
0.9460219978922008 	 0.9752938982213898
0.9470219978922008 	 0.9781574640463662
0.9480219978922008 	 0.9809972554299974
0.9490219978922008 	 0.9838136677583116
0.9500219978922008 	 0.9866070892103755
0.9510219978922008 	 0.9893778109181646
0.9520219978922008 	 0.9921257815815588
0.9530219978922008 	 0.9948508527733854
0.9540219978922008 	 0.9975528526953877
0.9550219978922008 	 1.0002315832218687
0.9560219978922008 	 1.002886861891236
0.9570219978922008 	 1.0055186436722963
0.9580219978922008 	 1.008126888343004
0.9590219978922008 	 1.0107115029231566
0.9600219978922008 	 1.0132722998660675
0.9610219978922008 	 1.0158090273697344
0.9620219978922008 	 1.0183213731898935
0.9630219978922008 	 1.020808958375826
0.9640219978922008 	 1.0232713723200395
0.9650219978922008 	 1.0257081595014832
0.9660219978922008 	 1.0281187641500538
0.9670219978922008 	 1.0305025135415455
0.9680219978922008 	 1.0328586007072944
0.9690219978922008 	 1.035186064426851
0.9700219978922008 	 1.0374837660307075
0.9710219978922008 	 1.0397503283143141
0.9720219978922008 	 1.0419840098823148
0.9730219978922008 	 1.044182765428693
0.9740219978922008 	 1.0463442327165744
0.9750219978922008 	 1.0484656823626235
0.9760219978922008 	 1.0505439587507381
0.9770219978922008 	 1.0525754102427372
0.9780219978922008 	 1.0545558068493157
0.9790219978922008 	 1.0564802419733703
0.9800219978922008 	 1.0583430161640441
0.9810219978922008 	 1.060137945582089
0.9820219978922008 	 1.0618594288264736
0.9830219978922008 	 1.063500404005745
0.9840219978922008 	 1.0650405659308517
0.9850219978922008 	 1.066468895228019
0.9860219978922008 	 1.0677857773508788
0.9870219978922008 	 1.0689705696460103
0.9880219978922008 	 1.0695009441268846
0.9890219978922008 	 1.0687498048191717
0.9900219978922008 	 1.0669571784675846
0.9910219978922008 	 1.0640813325330791
0.9920219978922008 	 1.0600143386054093
0.9930219978922008 	 1.0546080597449674
0.9940219978922008 	 1.0476793770318418
0.9950219978922008 	 1.0390100757992893
0.9960219978922008 	 1.026845287434115
0.9970219978922008 	 1.0100813091230685
0.9980219978922008 	 0.9890434000100873
0.9990219978922008 	 0.9635045024487979
1.0000219978922007 	 1.0280810532975857
1.0010219978922006 	 0.9889987730777274
1.0020219978922005 	 0.9440097192342322
1.0030219978922004 	 0.8929473885998968
1.0040219978922003 	 0.8358223447441993
1.0050219978922001 	 0.7728937625086658
1.0060219978922 	 0.704711549872989
1.0070219978922 	 0.6321829950361794
1.0080219978921998 	 0.556596173626945
1.0090219978921997 	 0.4795980043691354
1.0100219978921996 	 0.4031235631194606
1.0110219978921995 	 0.32927675546063623
1.0120219978921994 	 0.26015980475197165
1.0130219978921993 	 0.19769718045337026
1.0140219978921992 	 0.14347423218763192
1.015021997892199 	 0.09861170252261162
1.016021997892199 	 0.06370520558375004
1.0170219978921988 	 0.03882681258769783
1.0180219978921987 	 0.023592220026381432
1.0190219978921986 	 0.01725086932714828
1.0200219978921985 	 0.018797780369635197
1.0210219978921984 	 0.027132045732374255
1.0220219978921983 	 0.04110838899414534
1.0230219978921982 	 0.059625343244122365
1.024021997892198 	 0.08165904844585414
1.025021997892198 	 0.10630767586991714
1.0260219978921978 	 0.13279524593399666
1.0270219978921977 	 0.16047436966384537
1.0280219978921976 	 0.18881626084398054
1.0290219978921975 	 0.2173979454171189
1.0300219978921974 	 0.24588883989584842
1.0310219978921973 	 0.2740328145582925
1.0320219978921972 	 0.3016358206306442
1.033021997892197 	 0.3285584928320438
1.034021997892197 	 0.35470376791231
1.0350219978921968 	 0.3800073171840032
1.0360219978921967 	 0.404430899213523
1.0370219978921966 	 0.4279570375389341
1.0380219978921965 	 0.45058395984385535
1.0390219978921964 	 0.4723217062914948
1.0400219978921963 	 0.49318906772224985
1.0410219978921962 	 0.5132108359555683
1.042021997892196 	 0.5324145421834637
1.043021997892196 	 0.5508298009407063
1.0440219978921959 	 0.5684875148650795
1.0450219978921957 	 0.5854190385171618
1.0460219978921956 	 0.6016555553986354
1.0470219978921955 	 0.6172279905368017
1.0480219978921954 	 0.6321678303705711
1.0490219978921953 	 0.6465060554262558
1.0500219978921952 	 0.6602726786326779
1.051021997892195 	 0.6734965070350294
1.052021997892195 	 0.6862046916047209
1.0530219978921949 	 0.6984230011672555
1.0540219978921948 	 0.7101759238363072
1.0550219978921946 	 0.7214866845487372
1.0560219978921945 	 0.7323772759845288
1.0570219978921944 	 0.7428684958705459
1.0580219978921943 	 0.7529799846917012
1.0590219978921942 	 0.7627302840310254
1.060021997892194 	 0.7721368919180426
1.061021997892194 	 0.7812162877164677
1.0620219978921939 	 0.7899838982507068
1.0630219978921938 	 0.7984541896069967
1.0640219978921936 	 0.8066409144095164
1.0650219978921935 	 0.8145571171739915
1.0660219978921934 	 0.8222149899027048
1.0670219978921933 	 0.829625581364394
1.0680219978921932 	 0.8367991510729162
1.069021997892193 	 0.8437453112190076
1.070021997892193 	 0.8504730674549016
1.0710219978921929 	 0.8569910651260387
1.0720219978921928 	 0.8633082168920935
1.0730219978921927 	 0.869433172756158
1.0740219978921925 	 0.8753741698939038
1.0750219978921924 	 0.8811390580210614
1.0760219978921923 	 0.8867353230931971
1.0770219978921922 	 0.8921701094503853
1.078021997892192 	 0.8974502404663997
1.079021997892192 	 0.9025822378492685
1.0800219978921919 	 0.9075723396354576
1.0810219978921918 	 0.9124261526050661
1.0820219978921917 	 0.9171476436854388
1.0830219978921916 	 0.9217401618963466
1.0840219978921914 	 0.9262067708589052
1.0850219978921913 	 0.9305502664689675
1.0860219978921912 	 0.9347731935777912
1.0870219978921911 	 0.9388787042788515
1.088021997892191 	 0.9428728806748459
1.089021997892191 	 0.9467614321167852
1.0900219978921908 	 0.9505489955637416
1.0910219978921907 	 0.9542397687582801
1.0920219978921906 	 0.9578367862645056
1.0930219978921905 	 0.9613426954462124
1.0940219978921903 	 0.9647600030815255
1.0950219978921902 	 0.9680910831313221
1.0960219978921901 	 0.9713381841523169
1.09702199789219 	 0.9745034362248919
1.09802199789219 	 0.9775888573647358
1.0990219978921898 	 0.9805963574594884
1.1000219978921897 	 0.9835276945516838
1.1010219978921896 	 0.9863846755541253
1.1020219978921895 	 0.9891698530841311
1.1030219978921894 	 0.9918857460021109
1.1040219978921892 	 0.9945348216874117
1.1050219978921891 	 0.997119510546099
1.106021997892189 	 0.999642205542139
1.107021997892189 	 1.0021048001933583
1.1080219978921888 	 1.004507406462414
1.1090219978921887 	 1.0068496696607394
1.1100219978921886 	 1.0091311766472837
1.1110219978921885 	 1.0113520811944896
1.1120219978921884 	 1.01351479515845
1.1130219978921883 	 1.0156221209105472
1.1140219978921881 	 1.0176763035109884
1.115021997892188 	 1.0196790798245032
1.116021997892188 	 1.0216321431469384
1.1170219978921878 	 1.0235371629653445
1.1180219978921877 	 1.0253957858676457
1.1190219978921876 	 1.027209636329306
1.1200219978921875 	 1.0289803174250804
1.1210219978921874 	 1.0307090330208566
1.1220219978921873 	 1.0323955285660757
1.1230219978921872 	 1.0340391259721597
1.124021997892187 	 1.0356391025094285
1.125021997892187 	 1.0371947073735213
1.1260219978921868 	 1.0387051638274507
1.1270219978921867 	 1.040169671460756
1.1280219978921866 	 1.0415884986551873
1.1290219978921865 	 1.0429659850536424
1.1300219978921864 	 1.0443074261318122
1.1310219978921863 	 1.045617164369251
1.1320219978921862 	 1.0468959568009826
1.133021997892186 	 1.0481436692727342
1.134021997892186 	 1.0493601405133133
1.1350219978921858 	 1.050527682562593
1.1360219978921857 	 1.0516818783379427
1.1370219978921856 	 1.0528042302512448
1.1380219978921855 	 1.0538945347914548
1.1390219978921854 	 1.0549529639651563
1.1400219978921853 	 1.0559800450300796
1.1410219978921852 	 1.0569761786404863
1.142021997892185 	 1.0579412607764782
1.143021997892185 	 1.0588750387081676
1.1440219978921848 	 1.0597774703795608
1.1450219978921847 	 1.0606493503103749
1.1460219978921846 	 1.0614916623600406
1.1470219978921845 	 1.062305381825058
1.1480219978921844 	 1.0630914755587706
1.1490219978921843 	 1.0638509019453442
1.1500219978921842 	 1.0645846108858419
1.151021997892184 	 1.0652934318743477
1.152021997892184 	 1.0659777624723157
1.1530219978921838 	 1.0666378785321726
1.1540219978921837 	 1.0672740450834917
1.1550219978921836 	 1.067886503538049
1.1560219978921835 	 1.068475480934592
1.1570219978921834 	 1.0690412414344053
1.1580219978921833 	 1.0695840302401205
1.1590219978921832 	 1.0701040842482104
1.160021997892183 	 1.0706016340023934
1.161021997892183 	 1.0710768058174374
1.1620219978921829 	 1.0715293496801237
1.1630219978921827 	 1.0719589367917628
1.1640219978921826 	 1.0723656807265913
1.1650219978921825 	 1.07275018398424
1.1660219978921824 	 1.0731133239342312
1.1670219978921823 	 1.0734560328894138
1.1680219978921822 	 1.073779235971146
1.169021997892182 	 1.0740838509973307
1.170021997892182 	 1.0743707884888403
1.1710219978921819 	 1.0746407368813455
1.1720219978921818 	 1.0748935734364504
1.1730219978921816 	 1.075128977893526
1.1740219978921815 	 1.0753466270262817
1.1750219978921814 	 1.0755461966405095
1.1760219978921813 	 1.0757273560569525
1.1770219978921812 	 1.0758897531579446
1.178021997892181 	 1.0760330954451225
1.179021997892181 	 1.076157057449055
1.1800219978921809 	 1.0762613140905637
1.1810219978921808 	 1.0763459424387867
1.1820219978921807 	 1.076412518037852
1.1830219978921805 	 1.0764627737731143
1.1840219978921804 	 1.0764987826771628
1.1850219978921803 	 1.0765223940585582
1.1860219978921802 	 1.0765355020566234
1.18702199789218 	 1.0765389391818145
1.18802199789218 	 1.076529760080397
1.1890219978921799 	 1.0765059488710236
1.1900219978921798 	 1.0764672087302107
1.1910219978921797 	 1.0764133385800587
1.1920219978921796 	 1.0763442423932765
1.1930219978921794 	 1.0762598452254175
1.1940219978921793 	 1.076160071004404
1.1950219978921792 	 1.0760448435164969
1.1960219978921791 	 1.075914086459327
1.197021997892179 	 1.0757677235226222
1.198021997892179 	 1.0756056785418149
1.1990219978921788 	 1.0754278755416462
1.2000219978921787 	 1.075234238892584
1.2010219978921786 	 1.0750250404369641
1.2020219978921785 	 1.0748018461841091
1.2030219978921783 	 1.074566509859293
1.2040219978921782 	 1.0743208688068484
1.2050219978921781 	 1.0740663778096495
1.206021997892178 	 1.0738031094247986
1.207021997892178 	 1.0735308148749587
1.2080219978921778 	 1.0732492466665164
1.2090219978921777 	 1.0729581586206822
1.2100219978921776 	 1.0726573059568132
1.2110219978921775 	 1.0723465718503729
1.2120219978921773 	 1.0720263120512148
1.2130219978921772 	 1.0716969565933794
1.2140219978921771 	 1.0713582841038354
1.215021997892177 	 1.0710094653683626
1.216021997892177 	 1.0706496544379291
1.2170219978921768 	 1.0702780128707108
1.2180219978921767 	 1.0698937098360304
1.2190219978921766 	 1.0694959223438878
1.2200219978921765 	 1.0690838354154215
1.2210219978921764 	 1.0686572487133381
1.2220219978921762 	 1.0682182299727414
1.2230219978921761 	 1.067769355889155
1.224021997892176 	 1.067313177896419
1.225021997892176 	 1.0668522220622825
1.2260219978921758 	 1.0663882183315727
1.2270219978921757 	 1.0659199999907212
1.2280219978921756 	 1.0654457392224588
1.2290219978921755 	 1.064963625842964
1.2300219978921754 	 1.0644718674484892
1.2310219978921753 	 1.063969121705701
1.2320219978921751 	 1.0634556738646435
1.233021997892175 	 1.0629321836764694
1.234021997892175 	 1.0623993043933568
1.2350219978921748 	 1.0618576826240556
1.2360219978921747 	 1.0613079582739544
1.2370219978921746 	 1.0607507644583312
1.2380219978921745 	 1.0601866789338987
1.2390219978921744 	 1.0596152658763671
1.2400219978921743 	 1.0590351453237055
1.2410219978921742 	 1.0584451488511821
1.242021997892174 	 1.0578449939800671
1.243021997892174 	 1.0572346064337674
1.2440219978921738 	 1.0566139134006811
1.2450219978921737 	 1.0559828433046938
1.2460219978921736 	 1.0553413258050055
1.2470219978921735 	 1.054689678473033
1.2480219978921734 	 1.0540296598586345
1.2490219978921733 	 1.0533633460387826
1.2500219978921732 	 1.0526927895998026
1.251021997892173 	 1.0520195967711423
1.252021997892173 	 1.0513437764848688
1.2530219978921728 	 1.0506649702977024
1.2540219978921727 	 1.0499828239350506
1.2550219978921726 	 1.0492969868742166
1.2560219978921725 	 1.0486071123417875
1.2570219978921724 	 1.047912857215494
1.2580219978921723 	 1.0472138821161132
1.2590219978921722 	 1.0465098515161004
1.260021997892172 	 1.0458004336374003
1.261021997892172 	 1.045084278658657
1.2620219978921718 	 1.0443562377886648
1.2630219978921717 	 1.0436105770596327
1.2640219978921716 	 1.0428466445743845
1.2650219978921715 	 1.0420685162844665
1.2660219978921714 	 1.041280404412857
1.2670219978921713 	 1.0404858797858125
1.2680219978921712 	 1.0396862646000848
1.269021997892171 	 1.0388823503301334
1.270021997892171 	 1.0421201543602105
1.2710219978921709 	 1.041313252821637
1.2720219978921707 	 1.0405032103467966
1.2730219978921706 	 1.0396897096757218
1.2740219978921705 	 1.038872437874843
1.2750219978921704 	 1.0380510858367349
1.2760219978921703 	 1.0372253481895504
1.2770219978921702 	 1.0363949232117218
1.27802199789217 	 1.0355595128839434
1.27902199789217 	 1.03471882304054
1.2800219978921699 	 1.0338725633499892
1.2810219978921698 	 1.033020366193683
1.2820219978921696 	 1.0321615665368866
1.2830219978921695 	 1.0312954393162943
1.2840219978921694 	 1.0304212696476451
1.2850219978921693 	 1.0295383524488042
1.2860219978921692 	 1.0286459922710982
1.287021997892169 	 1.0277449673034984
1.288021997892169 	 1.0268412149640123
1.2890219978921689 	 1.02593574040373
1.2900219978921688 	 1.0250237648412441
1.2910219978921686 	 1.0241014187918567
1.2920219978921685 	 1.0231689171990048
1.2930219978921684 	 1.0222274138792484
1.2940219978921683 	 1.0212780482248214
1.2950219978921682 	 1.0203219450202201
1.296021997892168 	 1.019360214223334
1.297021997892168 	 1.0183939506191724
1.2980219978921679 	 1.0174242342068962
1.2990219978921678 	 1.0164521279964422
1.3000219978921677 	 1.0154786630236812
1.3010219978921675 	 1.0145042152779957
1.3020219978921674 	 1.0135267124808665
1.3030219978921673 	 1.0125435397444276
1.3040219978921672 	 1.0115521183167495
1.305021997892167 	 1.0105499057175464
1.306021997892167 	 1.0095352174060215
1.3070219978921669 	 1.0085094591639148
1.3080219978921668 	 1.0074747331494083
1.3090219978921667 	 1.0064331128762938
1.3100219978921666 	 1.005386642884415
1.3110219978921664 	 1.0043365951665046
1.3120219978921663 	 1.0032814479102006
1.3130219978921662 	 1.0022191386260864
1.3140219978921661 	 1.0011494323531973
1.315021997892166 	 1.0000737895682144
1.316021997892166 	 0.9989937156377527
1.3170219978921658 	 0.997910693173482
1.3180219978921657 	 0.9968261830585343
1.3190219978921656 	 0.9957416245342329
1.3200219978921655 	 0.9946584355219934
1.3210219978921653 	 0.9935770941298945
1.3220219978921652 	 0.9924946422175244
1.3230219978921651 	 0.9914073601295978
1.324021997892165 	 0.9903115814612727
1.325021997892165 	 0.9892036943484389
1.3260219978921648 	 0.9880801412575806
1.3270219978921647 	 0.986937418623557
1.3280219978921646 	 0.9857748083584371
1.3290219978921645 	 0.9846017900877354
1.3300219978921644 	 0.9834300734556063
1.3310219978921642 	 0.9822684191623244
1.3320219978921641 	 0.9811154447778917
1.333021997892164 	 0.9799679105078289
1.334021997892164 	 0.9788225092221423
1.3350219978921638 	 0.9776759587127322
1.3360219978921637 	 0.9765250163917303
1.3370219978921636 	 0.9753664818709219
1.3380219978921635 	 0.9741973496717804
1.3390219978921634 	 0.9730177402094111
1.3400219978921633 	 0.9718306693352105
1.3410219978921631 	 0.9706387071334392
1.342021997892163 	 0.969442472834067
1.343021997892163 	 0.9682421196783988
1.3440219978921628 	 0.9670377948830909
1.3450219978921627 	 0.9658296422868392
1.3460219978921626 	 0.9646178012700428
1.3470219978921625 	 0.9634025044939606
1.3480219978921624 	 0.9621843545821334
1.3490219978921623 	 0.9609640308923503
1.3500219978921622 	 0.9597422005923358
1.351021997892162 	 0.9585195528403209
1.352021997892162 	 0.9572968882338725
1.3530219978921618 	 0.9560750106342056
1.3540219978921617 	 0.9548547060106091
1.3550219978921616 	 0.9536367457499862
1.3560219978921615 	 0.9524218847871634
1.3570219978921614 	 0.9512108567849488
1.3580219978921613 	 0.950004379606927
1.3590219978921612 	 0.9488031571988608
1.360021997892161 	 0.9476078796396594
1.361021997892161 	 0.9464144525590916
1.3620219978921608 	 0.94520104668707
1.3630219978921607 	 0.94396413932527
1.3640219978921606 	 0.9427360048118909
1.3650219978921605 	 0.9415163992496557
1.3660219978921604 	 0.9403029877043902
1.3670219978921603 	 0.9390934588783901
1.3680219978921602 	 0.9378855330566046
1.36902199789216 	 0.9366769644211008
1.37002199789216 	 0.9354655407653841
1.3710219978921598 	 0.9342496310668007
1.3720219978921597 	 0.9330296689805091
1.3730219978921596 	 0.9318065475061784
1.3740219978921595 	 0.9305811419730105
1.3750219978921594 	 0.9293543123791065
1.3760219978921593 	 0.9281269007876104
1.3770219978921592 	 0.9268997237199431
1.378021997892159 	 0.9256735813156453
1.379021997892159 	 0.9244492604672537
1.3800219978921588 	 0.9232275355152993
1.3810219978921587 	 0.9220089642719581
1.3820219978921586 	 0.9207933326485733
1.3830219978921585 	 0.9195802501573057
1.3840219978921584 	 0.9183693343541974
1.3850219978921583 	 0.9171602122310464
1.3860219978921582 	 0.915952522605204
1.387021997892158 	 0.9147459204513076
1.388021997892158 	 0.9135399950869078
1.3890219978921579 	 0.9123327199876866
1.3900219978921577 	 0.9111205773482963
1.3910219978921576 	 0.9099011002784176
1.3920219978921575 	 0.9086757653933996
1.3930219978921574 	 0.9074469461368205
1.3940219978921573 	 0.9062169909213946
1.3950219978921572 	 0.9049882239405102
1.396021997892157 	 0.9037625304818104
1.397021997892157 	 0.9025402301977712
1.3980219978921569 	 0.9013212925944329
1.3990219978921568 	 0.9001057046849527
1.4000219978921566 	 0.8988441740754249
1.4010219978921565 	 0.8976368581202588
1.4020219978921564 	 0.896432932421176
1.4030219978921563 	 0.8952324785270981
1.4040219978921562 	 0.8940355945290531
1.405021997892156 	 0.8928423927115957
1.406021997892156 	 0.8916530005404957
1.4070219978921559 	 0.8904675657856373
1.4080219978921558 	 0.8892862472788048
1.4090219978921557 	 0.8881092105309292
1.4100219978921555 	 0.8869366253755335
1.4110219978921554 	 0.8857684264986042
1.4120219978921553 	 0.8846036704012779
1.4130219978921552 	 0.8834412647981696
1.414021997892155 	 0.8822808601343465
1.415021997892155 	 0.8811227899301473
1.4160219978921549 	 0.879967400346806
1.4170219978921548 	 0.8788150212674136
1.4180219978921547 	 0.877665963865582
1.4190219978921546 	 0.8765205187749199
1.4200219978921544 	 0.8753789547371126
1.4210219978921543 	 0.8742415185841353
1.4220219978921542 	 0.8731084398664404
1.4230219978921541 	 0.8719799335055636
1.424021997892154 	 0.8708561923216368
1.425021997892154 	 0.8697373855438549
1.4260219978921538 	 0.8686236565916925
1.4270219978921537 	 0.8675151163770818
1.4280219978921536 	 0.8664118528804119
1.4290219978921535 	 0.8653139351070862
1.4300219978921533 	 0.8642214147714142
1.4310219978921532 	 0.8631343319032563
1.4320219978921531 	 0.8620527293594268
1.433021997892153 	 0.8609766486916496
1.434021997892153 	 0.8599061227714654
1.4350219978921528 	 0.858841175591471
1.4360219978921527 	 0.8577818212906427
1.4370219978921526 	 0.8567280584148337
1.4380219978921525 	 0.855679909846715
1.4390219978921523 	 0.8546372889707995
1.4400219978921522 	 0.8535998938640018
1.4410219978921521 	 0.8525674169160451
1.442021997892152 	 0.8515395574763371
1.443021997892152 	 0.8505160271754647
1.4440219978921518 	 0.8494965448442613
1.4450219978921517 	 0.848480836711146
1.4460219978921516 	 0.847468634905267
1.4470219978921515 	 0.8464596747915726
1.4480219978921514 	 0.845453698423451
1.4490219978921512 	 0.8444504557201
1.4500219978921511 	 0.8434497044102988
1.451021997892151 	 0.8424512498381334
1.452021997892151 	 0.8414550541739741
1.4530219978921508 	 0.8404611234188261
1.4540219978921507 	 0.8394694686606547
1.4550219978921506 	 0.8384801048412046
1.4560219978921505 	 0.8374930493932794
1.4570219978921504 	 0.836508224943467
1.4580219978921503 	 0.8355252064872101
1.4590219978921501 	 0.8345434966315103
1.46002199789215 	 0.8335626084709011
1.46102199789215 	 0.8325820641546617
1.4620219978921498 	 0.8316013926782674
1.4630219978921497 	 0.8306201665700119
1.4640219978921496 	 0.8296386275818171
1.4650219978921495 	 0.8286576368128573
1.4660219978921494 	 0.8276780675693227
1.4670219978921493 	 0.8267007775235828
1.4680219978921492 	 0.8257266120320481
1.469021997892149 	 0.8247564050536168
1.470021997892149 	 0.8237909791146829
1.4710219978921488 	 0.8228308776823
1.4720219978921487 	 0.8218756387784508
1.4730219978921486 	 0.8209245766370858
1.4740219978921485 	 0.8199770160378187
1.4750219978921484 	 0.8190322915179268
1.4760219978921483 	 0.8180897457573509
1.4770219978921482 	 0.8171487256858444
1.478021997892148 	 0.8162085861269295
1.479021997892148 	 0.8152686908319191
1.4800219978921478 	 0.814328411983927
1.4810219978921477 	 0.8133871295689008
1.4820219978921476 	 0.812444228906948
1.4830219978921475 	 0.8114998537968747
1.4840219978921474 	 0.810556940170738
1.4850219978921473 	 0.809619032769955
1.4860219978921472 	 0.8086896212403849
1.487021997892147 	 0.8077721355034281
1.488021997892147 	 0.8068697710018566
1.4890219978921468 	 0.8059819032666506
1.4900219978921467 	 0.8051043649063564
1.4910219978921466 	 0.8042301866199926
1.4920219978921465 	 0.8033460737942819
1.4930219978921464 	 0.8024504682047909
1.4940219978921463 	 0.8015450794265987
1.4950219978921462 	 0.8006315927448248
1.496021997892146 	 0.7997116667000601
1.497021997892146 	 0.798786926825738
1.4980219978921459 	 0.7978589721680689
1.4990219978921457 	 0.7969293773060616
1.5000219978921456 	 0.7959996924498327
1.5010219978921455 	 0.7950714432073711
1.5020219978921454 	 0.7941461302247541
1.5030219978921453 	 0.7932252319733822
1.5040219978921452 	 0.7923102039652133
1.505021997892145 	 0.7914024788821352
1.506021997892145 	 0.7905031006140095
1.5070219978921449 	 0.789611730018462
1.5080219978921447 	 0.7887266942653663
1.5090219978921446 	 0.7878425436742562
1.5100219978921445 	 0.7869530180109393
1.5110219978921444 	 0.7860540076577129
1.5120219978921443 	 0.7851491594344554
1.5130219978921442 	 0.7842437323628635
1.514021997892144 	 0.7833401693347591
1.515021997892144 	 0.782438298850367
1.5160219978921439 	 0.7815378493847207
1.5170219978921438 	 0.7806385501626554
1.5180219978921436 	 0.7797401324535004
1.5190219978921435 	 0.7788423299843851
1.5200219978921434 	 0.7779448789713439
1.5210219978921433 	 0.7770475116046862
1.5220219978921432 	 0.7761499514864486
1.523021997892143 	 0.7752519451750595
1.524021997892143 	 0.7743532436887104
1.5250219978921429 	 0.7734535999817959
1.5260219978921428 	 0.7725527036693409
1.5270219978921427 	 0.7716502701599371
1.5280219978921425 	 0.7707460607306428
1.5290219978921424 	 0.7698398381195827
1.5300219978921423 	 0.7689313514948005
1.5310219978921422 	 0.7680204395401059
1.532021997892142 	 0.7671072466956179
1.533021997892142 	 0.7661919871623244
1.5340219978921419 	 0.7652748724912553
1.5350219978921418 	 0.7643561105827094
1.5360219978921417 	 0.7634359077142474
1.5370219978921416 	 0.7625144732815918
1.5380219978921414 	 0.7615920057030419
1.5390219978921413 	 0.7606685102872885
1.5400219978921412 	 0.7597438134245194
1.5410219978921411 	 0.758817739617697
1.542021997892141 	 0.7578901269138116
1.543021997892141 	 0.7569608226907004
1.5440219978921408 	 0.756029678034465
1.5450219978921407 	 0.7550965468385186
1.5460219978921406 	 0.7541612894376534
1.5470219978921405 	 0.753223991808636
1.5480219978921403 	 0.7522855244051551
1.5490219978921402 	 0.7513469282367407
1.5500219978921401 	 0.7504082275799434
1.55102199789214 	 0.7494665579436123
1.55202199789214 	 0.7485214017900126
1.5530219978921398 	 0.7475729965690008
1.5540219978921397 	 0.7466215808776354
1.5550219978921396 	 0.7456673937990473
1.5560219978921395 	 0.7447106811061628
1.5570219978921394 	 0.7437517110145196
1.5580219978921392 	 0.742790758889034
1.5590219978921391 	 0.741828103083964
1.560021997892139 	 0.7408640260664101
1.561021997892139 	 0.7398988225495069
1.5620219978921388 	 0.7389328212953281
1.5630219978921387 	 0.7379663319351615
1.5640219978921386 	 0.7369989170846629
1.5650219978921385 	 0.7360294502272088
1.5660219978921384 	 0.7350568221674936
1.5670219978921383 	 0.7340799936650364
1.5680219978921381 	 0.7330906238684471
1.569021997892138 	 0.7320816513392961
1.570021997892138 	 0.7310575959653903
1.5710219978921378 	 0.7300195680818479
1.5720219978921377 	 0.728970052417809
1.5730219978921376 	 0.7279117434501526
1.5740219978921375 	 0.7268471986034886
1.5750219978921374 	 0.7257788986494849
1.5760219978921373 	 0.7247092907166471
1.5770219978921372 	 0.723640836675358
1.578021997892137 	 0.7225759828894074
1.579021997892137 	 0.7215171457487031
1.5800219978921368 	 0.72046669811275
1.5810219978921367 	 0.7194269521237243
1.5820219978921366 	 0.7184001414520115
1.5830219978921365 	 0.7173883414337234
1.5840219978921364 	 0.7163933890712287
1.5850219978921363 	 0.7154167902076268
1.5860219978921362 	 0.7144596244396556
1.587021997892136 	 0.7135224659710296
1.588021997892136 	 0.7126030104315614
1.5890219978921358 	 0.7116689589513775
1.5900219978921357 	 0.7107074022628408
1.5910219978921356 	 0.7097179591410523
1.5920219978921355 	 0.7086996698457566
1.5930219978921354 	 0.7076514054718893
1.5940219978921353 	 0.7065722886016232
1.5950219978921352 	 0.7054620919692975
1.596021997892135 	 0.7043215715782118
1.597021997892135 	 0.7031526787064165
1.5980219978921348 	 0.7019585436873852
1.5990219978921347 	 0.7007433164134074
1.6000219978921346 	 0.6995119013543729
1.6010219978921345 	 0.6982690023683499
1.6020219978921344 	 0.6970170855334776
1.6030219978921343 	 0.695757996427273
1.6040219978921342 	 0.6944933576031237
1.605021997892134 	 0.6932244673085528
1.606021997892134 	 0.6919522639233915
1.6070219978921338 	 0.6906773432205849
1.6080219978921337 	 0.6893999750338289
1.6090219978921336 	 0.6881201447245274
1.6100219978921335 	 0.6868376050190383
1.6110219978921334 	 0.6855524022900759
1.6120219978921333 	 0.6842662087970866
1.6130219978921332 	 0.6829809185079546
1.614021997892133 	 0.6816975488315298
1.615021997892133 	 0.680416331909221
1.6160219978921329 	 0.6791374341224007
1.6170219978921327 	 0.6778609988922712
1.6180219978921326 	 0.6765871638949867
1.6190219978921325 	 0.6753160732456485
1.6200219978921324 	 0.6740478857513927
1.6210219978921323 	 0.6727827780627029
1.6220219978921322 	 0.6715209333883027
1.623021997892132 	 0.6702625504849576
1.624021997892132 	 0.6690078622379212
1.6250219978921319 	 0.6677571434376909
1.6260219978921318 	 0.666510705180802
1.6270219978921316 	 0.6652688765483445
1.6280219978921315 	 0.6640320307850066
1.6290219978921314 	 0.6628005947559016
1.6300219978921313 	 0.6615750517309105
1.6310219978921312 	 0.6603553833773758
1.632021997892131 	 0.6591395534934524
1.633021997892131 	 0.6579251403082335
1.6340219978921309 	 0.6567106627218716
1.6350219978921308 	 0.6554978006859676
1.6360219978921307 	 0.6542889810573418
1.6370219978921305 	 0.6530866168135058
1.6380219978921304 	 0.6518931121282642
1.6390219978921303 	 0.6507102024511385
1.6400219978921302 	 0.6495390098817105
1.64102199789213 	 0.6483806806572365
1.64202199789213 	 0.6472363668737907
1.6430219978921299 	 0.6461072615812526
1.6440219978921298 	 0.6449946159255227
1.6450219978921297 	 0.6438997379242657
1.6460219978921296 	 0.6428239748031919
1.6470219978921294 	 0.6417686669944278
1.6480219978921293 	 0.6407351889075105
1.6490219978921292 	 0.6397249571638302
1.650021997892129 	 0.6387394250584523
1.651021997892129 	 0.6377799028137627
1.652021997892129 	 0.6368470741311416
1.6530219978921288 	 0.6359414998711014
1.6540219978921287 	 0.6350637679113296
1.6550219978921286 	 0.6342144877959147
1.6560219978921285 	 0.6333942692958967
1.6570219978921283 	 0.6326036776889251
1.6580219978921282 	 0.6318432665253689
1.6590219978921281 	 0.6311135809171938
1.660021997892128 	 0.6304151508702679
1.661021997892128 	 0.6297491754300658
1.6620219978921278 	 0.6291193955326084
1.6630219978921277 	 0.6285299900424424
1.6640219978921276 	 0.6279832045571277
1.6650219978921275 	 0.6274794790380182
1.6660219978921273 	 0.6270191260966149
1.6670219978921272 	 0.6266023691075644
1.6680219978921271 	 0.6262293638391233
1.669021997892127 	 0.6259002019434637
1.670021997892127 	 0.6256149067915507
1.6710219978921268 	 0.6253735190699447
1.6720219978921267 	 0.6251763385610887
1.6730219978921266 	 0.6250236669125863
1.6740219978921265 	 0.6249157242407738
1.6750219978921264 	 0.6248526472293763
1.6760219978921262 	 0.6248344847781757
1.6770219978921261 	 0.624861187157333
1.678021997892126 	 0.6249326182753436
1.679021997892126 	 0.6250485604826032
1.6800219978921258 	 0.6252087157509567
1.6810219978921257 	 0.6254127066526478
1.6820219978921256 	 0.6256600753791486
1.6830219978921255 	 0.6259502966027076
1.6840219978921254 	 0.6262827770893458
1.6850219978921253 	 0.6266568576213992
1.6860219978921251 	 0.6270718169223757
1.687021997892125 	 0.6275268761174342
1.688021997892125 	 0.6280212238922889
1.6890219978921248 	 0.6285544470957812
1.6900219978921247 	 0.6291265115829122
1.6910219978921246 	 0.629737192291267
1.6920219978921245 	 0.6303855977536841
1.6930219978921244 	 0.6310706647407024
1.6940219978921243 	 0.6317913052590127
1.6950219978921242 	 0.6325464090160539
1.696021997892124 	 0.6333348505012671
1.697021997892124 	 0.6341555012176238
1.6980219978921238 	 0.6350072249813333
1.6990219978921237 	 0.6358888789713153
1.7000219978921236 	 0.6205515309762153
1.7010219978921235 	 0.6205476559411044
1.7020219978921234 	 0.6205437834481846
1.7030219978921233 	 0.6205399134975143
1.7040219978921232 	 0.6205360460891334
1.705021997892123 	 0.6205321812230651
1.706021997892123 	 0.6205283188993159
1.7070219978921228 	 0.6205244591178752
1.7080219978921227 	 0.6205206018787155
1.7090219978921226 	 0.6205167471817932
1.7100219978921225 	 0.6205128950270475
1.7110219978921224 	 0.620509045414402
1.7120219978921223 	 0.6205051983437634
1.7130219978921222 	 0.6205013538150229
1.714021997892122 	 0.6204975118280555
1.715021997892122 	 0.6204936723827201
1.7160219978921218 	 0.6204898354788603
1.7170219978921217 	 0.6204860011163037
1.7180219978921216 	 0.6204821692948628
1.7190219978921215 	 0.6204783400143343
1.7200219978921214 	 0.6204745132745004
1.7210219978921213 	 0.6204706890751273
1.7220219978921212 	 0.6204668674159666
1.723021997892121 	 0.6204630482967551
1.724021997892121 	 0.6204592317172147
1.7250219978921209 	 0.6204554176770528
1.7260219978921207 	 0.6204516061759621
1.7270219978921206 	 0.6204477972136206
1.7280219978921205 	 0.6204439907896929
1.7290219978921204 	 0.6204401869038281
1.7300219978921203 	 0.6204363855556625
1.7310219978921202 	 0.6204325867448176
1.73202199789212 	 0.6204287904709012
1.73302199789212 	 0.6204249967335074
1.7340219978921199 	 0.6204212055322167
1.7350219978921197 	 0.620417416866596
1.7360219978921196 	 0.6204136307361988
1.7370219978921195 	 0.6204098471405651
1.7380219978921194 	 0.6204060660792221
1.7390219978921193 	 0.6204022875516834
1.7400219978921192 	 0.6203985115574496
1.741021997892119 	 0.6203947380960088
1.742021997892119 	 0.6203909671668361
1.7430219978921189 	 0.6203871987693935
1.7440219978921188 	 0.620383432903131
1.7450219978921186 	 0.6203796695674858
1.7460219978921185 	 0.6203759087618826
1.7470219978921184 	 0.6203721504857341
1.7480219978921183 	 0.6203683947384404
1.7490219978921182 	 0.6203646415193897
1.750021997892118 	 0.6203608908279583
1.751021997892118 	 0.6203571426635103
1.7520219978921179 	 0.620353397025398
1.7530219978921178 	 0.6203496539129625
1.7540219978921177 	 0.6203459133255322
1.7550219978921175 	 0.6203421752624254
1.7560219978921174 	 0.6203384397229474
1.7570219978921173 	 0.6203347067063935
1.7580219978921172 	 0.6203309762120468
1.759021997892117 	 0.6203272482391795
1.760021997892117 	 0.620323522787053
1.7610219978921169 	 0.6203197998549174
1.7620219978921168 	 0.620316079442012
1.7630219978921167 	 0.6203123615475652
1.7640219978921166 	 0.6203086461707948
1.7650219978921164 	 0.6203049333109079
1.7660219978921163 	 0.6203012229671009
1.7670219978921162 	 0.62029751513856
1.7680219978921161 	 0.6202938098244609
1.769021997892116 	 0.6202901070239688
1.770021997892116 	 0.6202864067362391
1.7710219978921158 	 0.6202827089604169
1.7720219978921157 	 0.6202790136956371
1.7730219978921156 	 0.6202753209410246
1.7740219978921155 	 0.6202716306956946
1.7750219978921153 	 0.6202679429587525
1.7760219978921152 	 0.6202642577292939
1.7770219978921151 	 0.6202605750064051
1.778021997892115 	 0.6202568947891621
1.779021997892115 	 0.6202532170766322
1.7800219978921148 	 0.6202495418678726
1.7810219978921147 	 0.6202458691619318
1.7820219978921146 	 0.6202421989578488
1.7830219978921145 	 0.6202385312546531
1.7840219978921144 	 0.620234866051366
1.7850219978921142 	 0.6202312033469987
1.7860219978921141 	 0.6202275431405542
1.787021997892114 	 0.6202238854310262
1.788021997892114 	 0.6202202302174002
1.7890219978921138 	 0.6202165774986522
1.7900219978921137 	 0.6202129272737502
1.7910219978921136 	 0.6202092795416533
1.7920219978921135 	 0.6202056343013123
1.7930219978921134 	 0.6202019915516692
1.7940219978921133 	 0.620198351291658
1.7950219978921131 	 0.6201947135202045
1.796021997892113 	 0.620191078236226
1.797021997892113 	 0.6201874454386316
1.7980219978921128 	 0.6201838151263228
1.7990219978921127 	 0.6201801872981927
1.8000219978921126 	 0.6201765619531263
1.8010219978921125 	 0.6201729390900013
1.8020219978921124 	 0.6201693187076869
1.8030219978921123 	 0.6201657008050453
1.8040219978921122 	 0.6201620853809306
1.805021997892112 	 0.6201584724341895
1.806021997892112 	 0.6201548619636608
1.8070219978921118 	 0.6201512539681762
1.8080219978921117 	 0.6201476484465597
1.8090219978921116 	 0.6201440453976284
1.8100219978921115 	 0.6201404448201916
1.8110219978921114 	 0.6201368467130518
1.8120219978921113 	 0.6201332510750042
1.8130219978921112 	 0.6201296579048369
1.814021997892111 	 0.6201260672013308
1.815021997892111 	 0.6201224789632602
1.8160219978921108 	 0.6201188931893923
1.8170219978921107 	 0.6201153098784874
1.8180219978921106 	 0.6201117290292992
1.8190219978921105 	 0.6201081506405746
1.8200219978921104 	 0.6201045747110535
1.8210219978921103 	 0.6201010012394699
1.8220219978921102 	 0.6200974302245507
1.82302199789211 	 0.6200938616650163
1.82402199789211 	 0.6200902955595812
1.8250219978921098 	 0.6200867319069531
1.8260219978921097 	 0.6200831707058332
1.8270219978921096 	 0.6200796119549171
1.8280219978921095 	 0.6200760556528937
1.8290219978921094 	 0.6200725017984459
1.8300219978921093 	 0.6200689503902502
1.8310219978921092 	 0.620065401426978
1.832021997892109 	 0.6200618549072935
1.833021997892109 	 0.6200583108298559
1.8340219978921088 	 0.620054769193318
1.8350219978921087 	 0.6200512299963272
1.8360219978921086 	 0.6200476932375252
1.8370219978921085 	 0.620044158915547
1.8380219978921084 	 0.6200406270290231
1.8390219978921083 	 0.6200370975765781
1.8400219978921082 	 0.6200335705568308
1.841021997892108 	 0.6200300459683946
1.842021997892108 	 0.6200265238098775
1.8430219978921079 	 0.6200230040798821
1.8440219978921077 	 0.6200194867770056
1.8450219978921076 	 0.6200159718998399
1.8460219978921075 	 0.620012459446972
1.8470219978921074 	 0.6200089494169833
1.8480219978921073 	 0.6200054418084499
1.8490219978921072 	 0.6200019366199433
1.850021997892107 	 0.6199984338500297
1.851021997892107 	 0.6199949334972704
1.8520219978921069 	 0.6199914355602216
1.8530219978921068 	 0.6199879400374346
1.8540219978921066 	 0.6199844469274561
1.8550219978921065 	 0.6199809562288275
1.8560219978921064 	 0.6199774679400861
1.8570219978921063 	 0.6199739820597638
1.8580219978921062 	 0.6199704985863883
1.859021997892106 	 0.6199670175184827
1.860021997892106 	 0.6199635388545649
1.8610219978921059 	 0.6199600625931491
1.8620219978921058 	 0.6199565887327445
1.8630219978921057 	 0.6199531172718559
1.8640219978921055 	 0.6199496482089839
1.8650219978921054 	 0.6199461815426245
1.8660219978921053 	 0.6199427172712695
1.8670219978921052 	 0.6199392553934066
1.868021997892105 	 0.6199357959075187
1.869021997892105 	 0.6199323388120854
1.8700219978921049 	 0.6199288841055812
1.8710219978921048 	 0.6199254317864774
1.8720219978921047 	 0.6199219818532405
1.8730219978921046 	 0.6199185343043334
1.8740219978921044 	 0.6199150891382149
1.8750219978921043 	 0.6199116463533398
1.8760219978921042 	 0.6199082059481593
1.877021997892104 	 0.6199047679211203
1.878021997892104 	 0.6199013322706659
1.879021997892104 	 0.6198978989952361
1.8800219978921038 	 0.6198944680932664
1.8810219978921037 	 0.619891039563189
1.8820219978921036 	 0.6198876134034322
1.8830219978921034 	 0.6198841896124209
1.8840219978921033 	 0.6198807681885764
1.8850219978921032 	 0.6198773491303163
1.8860219978921031 	 0.6198739324360549
1.887021997892103 	 0.6198705181042028
1.888021997892103 	 0.6198671061331672
1.8890219978921028 	 0.6198636965213521
1.8900219978921027 	 0.6198602892671581
1.8910219978921026 	 0.6198568843689822
1.8920219978921025 	 0.6198534818252187
1.8930219978921023 	 0.619850081634258
1.8940219978921022 	 0.6198466837944876
1.8950219978921021 	 0.6198432883042917
1.896021997892102 	 0.6198398951620517
1.897021997892102 	 0.6198365043661457
1.8980219978921018 	 0.6198331159149484
1.8990219978921017 	 0.6198297298068317
1.9000219978921016 	 0.6198263460401651
1.9010219978921015 	 0.6198229646133139
1.9020219978921014 	 0.6198195855246416
1.9030219978921012 	 0.6198162087725079
1.9040219978921011 	 0.6198128343552705
1.905021997892101 	 0.6198094622712834
1.906021997892101 	 0.6198060925188991
1.9070219978921008 	 0.6198027250964653
1.9080219978921007 	 0.6197993600023292
1.9090219978921006 	 0.6197959972348335
1.9100219978921005 	 0.6197926367923192
1.9110219978921004 	 0.6197892786731245
1.9120219978921003 	 0.6197859228755849
1.9130219978921001 	 0.6197825693980333
1.9140219978921 	 0.6197792182388001
1.9150219978921 	 0.6197758693962133
1.9160219978920998 	 0.6197725228685982
1.9170219978920997 	 0.6197691786542776
1.9180219978920996 	 0.6197658367515723
1.9190219978920995 	 0.6197624971588002
1.9200219978920994 	 0.6197591598742774
1.9210219978920993 	 0.619755824896317
1.9220219978920992 	 0.6197524922232301
1.923021997892099 	 0.6197491618533261
1.924021997892099 	 0.6197458337849108
1.9250219978920988 	 0.6197425080162895
1.9260219978920987 	 0.6197391845457637
1.9270219978920986 	 0.6197358633716339
1.9280219978920985 	 0.6197325444921976
1.9290219978920984 	 0.6197292279057514
1.9300219978920983 	 0.6197259136105882
1.9310219978920982 	 0.619722601605
1.932021997892098 	 0.6197192918872767
1.933021997892098 	 0.619715984455706
1.9340219978920978 	 0.6197126793085733
1.9350219978920977 	 0.6197093764441628
1.9360219978920976 	 0.619706075860756
1.9370219978920975 	 0.6197027775566332
1.9380219978920974 	 0.6196994815300725
1.9390219978920973 	 0.61969618777935
1.9400219978920972 	 0.6196928963027405
1.941021997892097 	 0.6196896070985165
1.942021997892097 	 0.6196863201649493
1.9430219978920968 	 0.6196830355003078
1.9440219978920967 	 0.6196797531028597
1.9450219978920966 	 0.6196764729708707
1.9460219978920965 	 0.6196731951026054
1.9470219978920964 	 0.6196699194963261
1.9480219978920963 	 0.6196666461502939
1.9490219978920962 	 0.6196633750627681
1.950021997892096 	 0.6196601062320066
1.951021997892096 	 0.6196568396562658
1.9520219978920959 	 0.6196535753338005
1.9530219978920957 	 0.6196503132628639
1.9540219978920956 	 0.6196470534417081
1.9550219978920955 	 0.6196437958685833
1.9560219978920954 	 0.6196405405417387
1.9570219978920953 	 0.619637287459422
1.9580219978920952 	 0.619634036619879
1.959021997892095 	 0.6196307880213552
1.960021997892095 	 0.619627541662094
1.9610219978920949 	 0.6196242975403377
1.9620219978920947 	 0.6196210556543272
1.9630219978920946 	 0.6196178160023024
1.9640219978920945 	 0.619614578582502
1.9650219978920944 	 0.6196113433931631
1.9660219978920943 	 0.619608110432522
1.9670219978920942 	 0.6196048796988135
1.968021997892094 	 0.6196016511902716
1.969021997892094 	 0.6195984249051288
1.9700219978920939 	 0.619595200841617
1.9710219978920938 	 0.6195919789979667
1.9720219978920936 	 0.6195887593724071
1.9730219978920935 	 0.6195855419631667
1.9740219978920934 	 0.6195823267684731
1.9750219978920933 	 0.6195791137865525
1.9760219978920932 	 0.6195759030156305
1.977021997892093 	 0.6195726944539313
1.978021997892093 	 0.6195694880996787
1.9790219978920929 	 0.6195662839510951
1.9800219978920928 	 0.6195630820064023
1.9810219978920927 	 0.6195598822638211
1.9820219978920925 	 0.6195566847215714
1.9830219978920924 	 0.6195534893778725
1.9840219978920923 	 0.6195502962309425
1.9850219978920922 	 0.6195471052789989
1.986021997892092 	 0.6195439165202584
1.987021997892092 	 0.6195407299529372
1.9880219978920919 	 0.61953754557525
1.9890219978920918 	 0.6195343633854116
1.9900219978920917 	 0.6195311833816356
1.9910219978920916 	 0.6195280055621353
1.9920219978920914 	 0.6195248299251228
1.9930219978920913 	 0.6195216564688099
1.9940219978920912 	 0.6195184851914077
1.9950219978920911 	 0.6195153160911265
1.996021997892091 	 0.6195121491661766
1.997021997892091 	 0.6195089844147668
1.9980219978920908 	 0.6195058218351059
1.9990219978920907 	 0.6195026614254021
