0.001	0.00215485132537505
0.0026323619534266785	0.0021548513253755565
0.005039625685572009	0.0021548513253819863
0.008221791196435993	0.0021548513254242498
0.012178858486018632	0.0021548513256119694
0.01691082755431992	0.0021548513262557977
0.02241769840133986	0.0021548513280950244
0.028699471027078465	0.002154851332681476
0.03575614543153571	0.0021548513429795343
0.04358772161471161	0.0021548513642519872
0.052194199576606176	0.0021548514053113246
0.06157557931721938	0.002154851480226136
0.07173186083655124	0.002154851610582388
0.08266304413460175	0.0021548518284096826
0.0943691292113709	0.002154852179893114
0.10685011606685872	0.0021548527300022224
0.1201060047010652	0.002154853568179701
0.13413679511399032	0.002154854815244261
0.14894248730563409	0.0021548566316743523
0.1645230812759965	0.002154859227452492
0.18087857702507762	0.0021548628736639485
0.1980089745528773	0.0021548679160586716
0.21591427385939574	0.0021548747908018712
0.23459447494463279	0.002154884042656892
0.2540495778085885	0.00215489634586433
0.2742795824512628	0.002154912528004159
0.29528448887265585	0.002154933597153549
0.31706429707276745	0.002154960772682654
0.3396190070515978	0.0021549955200648343
0.3629486188091467	0.0021550395901174598
0.3870531323454144	0.0021550950631359024
0.41193254766040055	0.002155164398437973
0.4375868647541055	0.0021552504899008625
0.4640160836265292	0.0021553567281497256
0.4912202042776713	0.0021554870701493587
0.519199226707532	0.00215564611706136
0.5479531509161116	0.0021558392013631485
0.57748197690341	0.002156072484387686
0.6077857046694267	0.002156353065640516
0.6388643342141622	0.002156689105492474
0.6707178655376165	0.0021570899631430207
0.7033462986397891	0.0021575663521145286
0.7367496335206805	0.0021581305159897746
0.7709278701802906	0.002158796427666302
0.8058810086186196	0.0021595800161018025
0.8416090488356668	0.002160499425402976
0.878111990831433	0.002161575312217181
0.9153898346059175	0.0021628311887888644
0.953442580159121	0.0021642938208308784
0.9922702274910429	0.0021659936916551127
1.031872776601684	0.0021679655469711797
1.072250227491043	0.0021702490386209766
1.1134025801591214	0.0021728894905820597
1.155329834605918	0.0021759388172797665
1.198031990831433	0.0021794566332146398
1.2415090488356673	0.0021835116050238114
1.2857610086186197	0.002188183113640762
1.3307878701802909	0.0021935633170968127
1.3765896335206806	0.002199759736565224
1.423166298639789	0.0022068985338186482
1.4705178655376165	0.0022151287140758477
1.5186443342141625	0.0022232058485412228
1.5675457046694268	0.0022263249402272966
1.6172219769034102	0.002229856019386229
1.667673150916112	0.0022338516489457663
1.7188992267075323	0.002238371645413309
1.7709002042776718	0.002243484324750936
1.8236760836265293	0.002249268028662095
1.8772268647541057	0.002255813010588648
1.9315525476604005	0.002263223787844341
1.9866531323454142	0.0022716221044891565
2.042528618809147	0.0022811507040842874
2.099179007051598	0.0022919781906408842
2.1566042970727675	0.002304305373081913
2.214804488872656	0.002318373664876244
2.273779582451263	0.002334476382099602
2.3335295778085885	0.002352974211725737
2.394054474944633	0.0023743168167510635
2.455354273859396	0.0023990737062850884
2.5174289745528773	0.002427979509535958
2.5802785770250782	0.002462002416399496
2.643903081275997	0.002502451390861751
2.7083024873056343	0.002551151421473892
2.7734767951139903	0.002610745201202936
2.839426004701065	0.0026852470162508388
2.906150116066859	0.0027811473732432656
2.973649129211371	0.002909873453836954
3.0419230441346015	0.0030864487650229364
3.1109718608365515	0.0032090882010930347
3.1807955793172193	0.003377224200127143
3.2513941995766062	0.0036267811295416846
3.3227677216147122	0.003965000034592697
3.394916145431536	0.004266755722962617
3.4678394710270783	0.004793801058155227
3.54153769840134	0.005737614381136354
3.6160108275543195	0.007633448244458822
3.6912588584860186	0.0091061808122483
3.767281791196436	0.011660127875874731
3.8440796256855716	0.014642159202715969
3.921652361953427	1
