0.001	0.0001136448500921695
0.0026323619534266785	0.0001136448500921766
0.005039625685572009	0.0001136448500922668
0.008221791196435993	0.00011364485009285975
0.012178858486018632	0.00011364485009549352
0.01691082755431992	0.00011364485010452654
0.02241769840133986	0.00011364485013033098
0.028699471027078465	0.00011364485019467849
0.03575614543153571	0.00011364485033915708
0.04358772161471161	0.00011364485063759664
0.052194199576606176	0.00011364485121361755
0.06157557931721938	0.00011364485226455683
0.07173186083655124	0.00011364485409316591
0.08266304413460175	0.00011364485714861448
0.0943691292113709	0.00011364486207847886
0.10685011606685872	0.00011364486979353684
0.1201060047010652	0.00011364488154733937
0.13413679511399032	0.0001136448990326796
0.14894248730563409	0.00011364492449723574
0.1645230812759965	0.00011364496088082319
0.18087857702507762	0.00011364501197685942
0.1980089745528773	0.00011364508262081747
0.21591427385939574	0.00011364517890862839
0.23459447494463279	0.0001136453084481862
0.2540495778085885	0.00011364548064731603
0.2742795824512628	0.00011364570704178856
0.29528448887265585	0.00011364600166720376
0.31706429707276745	0.00011364638147882966
0.3396190070515978	0.00011364686682376828
0.3629486188091467	0.00011364748197013899
0.3870531323454144	0.00011364825569832126
0.41193254766040055	0.0001136492219596938
0.4375868647541055	0.0001136504206087512
0.4640160836265292	0.00011365189821497913
0.4912202042776713	0.0001136537089614428
0.519199226707532	0.00011365591563769279
0.5479531509161116	0.00011365859073534351
0.57748197690341	0.00011366181765554139
0.6077857046694267	0.00011366569203853949
0.6388643342141622	0.00011367032322675687
0.6707178655376165	0.00011367583587405355
0.7033462986397891	0.00011368237171553566
0.7367496335206805	0.00011369009151406295
0.7709278701802906	0.00011369917720181608
0.8058810086186196	0.00011370983423786201
0.8416090488356668	0.00011372229420570797
0.878111990831433	0.00011373681767845996
0.9153898346059175	0.00011375369738351306
0.953442580159121	0.00011377326170385092
0.9922702274910429	0.00011379587855919363
1.031872776601684	0.00011382195971763363
1.072250227491043	0.00011385196559731267
1.1134025801591214	0.00011388641062846642
1.155329834605918	0.00011392586925922809
1.198031990831433	0.00011397098270448835
1.2415090488356673	0.0001140224665565502
1.2857610086186197	0.00011408111940017923
1.3307878701802909	0.00011414783260407283
1.3765896335206806	0.00011422360149722916
1.423166298639789	0.00011430953818410024
1.4705178655376165	0.00011440688630928008
1.5186443342141625	0.0001145170381541197
1.5675457046694268	0.00011464155453848971
1.6172219769034102	0.00011478218811685234
1.667673150916112	0.00011494091080687264
1.7188992267075323	0.00011511994628194775
1.7709002042776718	0.00011532180871138546
1.8236760836265293	0.00011554934926459832
1.8772268647541057	0.00011580581233834073
1.9315525476604005	0.00011609490406114922
1.9866531323454142	0.00011642087643814011
2.042528618809147	0.00011678863161217098
2.099179007051598	0.0001172038522680502
2.1566042970727675	0.00011767316639761531
2.214804488872656	0.0001182043577871033
2.273779582451263	0.00011880663817398334
2.3335295778085885	0.00011946064625739298
2.394054474944633	0.00012019763244675966
2.455354273859396	0.00012103825227855929
2.5174289745528773	0.00012200051508164499
2.5802785770250782	0.00012310680162361972
2.643903081275997	0.00012438535515860876
2.7083024873056343	0.00012587245527374
2.7734767951139903	0.00012761568150426858
2.839426004701065	0.00012967898443229175
2.906150116066859	0.00013212008885118135
2.973649129211371	0.0001348804579075652
3.0419230441346015	0.0001382708697921503
3.1109718608365515	0.0001425342800441773
3.1807955793172193	0.00014807259484619703 
3.2513941995766062	0.00015467040304805346
3.3227677216147122	0.00016396854516304905
3.394916145431536	0.00017618632142632728
3.4678394710270783	0.00019335360207665248
3.54153769840134	0.00021070428128921597
3.6160108275543195	0.00022842754992495078
3.6912588584860186	0.00024676543152474923
3.767281791196436	0.0002761447324224838
3.8440796256855716	0.0003517264700711388
