1.0000e-03	3.2764e-01
1.0233e-03	3.2764e-01
1.0471e-03	3.2764e-01
1.0715e-03	3.2764e-01
1.0965e-03	3.2764e-01
1.1220e-03	3.2764e-01
1.1482e-03	3.2764e-01
1.1749e-03	3.2764e-01
1.2023e-03	3.2764e-01
1.2303e-03	3.2764e-01
1.2589e-03	3.2764e-01
1.2882e-03	3.2764e-01
1.3183e-03	3.2764e-01
1.3490e-03	3.2764e-01
1.3804e-03	3.2764e-01
1.4125e-03	3.2764e-01
1.4454e-03	3.2764e-01
1.4791e-03	3.2764e-01
1.5136e-03	3.2764e-01
1.5488e-03	3.2764e-01
1.5849e-03	3.2764e-01
1.6218e-03	3.2764e-01
1.6596e-03	3.2764e-01
1.6982e-03	3.2764e-01
1.7378e-03	3.2764e-01
1.7783e-03	3.2764e-01
1.8197e-03	3.2764e-01
1.8621e-03	3.2764e-01
1.9055e-03	3.2764e-01
1.9498e-03	3.2764e-01
1.9953e-03	3.2764e-01
2.0417e-03	3.2764e-01
2.0893e-03	3.2764e-01
2.1380e-03	3.2764e-01
2.1878e-03	3.2764e-01
2.2387e-03	3.2764e-01
2.2909e-03	3.2764e-01
2.3442e-03	3.2764e-01
2.3988e-03	3.2764e-01
2.4547e-03	3.2764e-01
2.5119e-03	3.2764e-01
2.5704e-03	3.2764e-01
2.6303e-03	3.2764e-01
2.6915e-03	3.2764e-01
2.7542e-03	3.2764e-01
2.8184e-03	3.2764e-01
2.8840e-03	3.2764e-01
2.9512e-03	3.2764e-01
3.0200e-03	3.2764e-01
3.0903e-03	3.2764e-01
3.1623e-03	3.2764e-01
3.2359e-03	3.2764e-01
3.3113e-03	3.2764e-01
3.3884e-03	3.2764e-01
3.4674e-03	3.2764e-01
3.5481e-03	3.2764e-01
3.6308e-03	3.2764e-01
3.7154e-03	3.2764e-01
3.8019e-03	3.2764e-01
3.8905e-03	3.2764e-01
3.9811e-03	3.2764e-01
4.0738e-03	3.2764e-01
4.1687e-03	3.2764e-01
4.2658e-03	3.2764e-01
4.3652e-03	3.2764e-01
4.4668e-03	3.2764e-01
4.5709e-03	3.2764e-01
4.6774e-03	3.2764e-01
4.7863e-03	3.2764e-01
4.8978e-03	3.2764e-01
5.0119e-03	3.2764e-01
5.1286e-03	3.2764e-01
5.2481e-03	3.2764e-01
5.3703e-03	3.2764e-01
5.4954e-03	3.2764e-01
5.6234e-03	3.2764e-01
5.7544e-03	3.2764e-01
5.8884e-03	3.2764e-01
6.0256e-03	3.2764e-01
6.1660e-03	3.2764e-01
6.3096e-03	3.2764e-01
6.4565e-03	3.2764e-01
6.6069e-03	3.2764e-01
6.7608e-03	3.2764e-01
6.9183e-03	3.2764e-01
7.0795e-03	3.2764e-01
7.2444e-03	3.2764e-01
7.4131e-03	3.2764e-01
7.5858e-03	3.2764e-01
7.7625e-03	3.2764e-01
7.9433e-03	3.2764e-01
8.1283e-03	3.2764e-01
8.3176e-03	3.2764e-01
8.5114e-03	3.2764e-01
8.7096e-03	3.2764e-01
8.9125e-03	3.2764e-01
9.1201e-03	3.2764e-01
9.3325e-03	3.2764e-01
9.5499e-03	3.2764e-01
9.7724e-03	3.2764e-01
1.0000e-02	3.2764e-01
1.0233e-02	3.2764e-01
1.0471e-02	3.2764e-01
1.0715e-02	3.2764e-01
1.0965e-02	3.2764e-01
1.1220e-02	3.2764e-01
1.1482e-02	3.2764e-01
1.1749e-02	3.2764e-01
1.2023e-02	3.2764e-01
1.2303e-02	3.2764e-01
1.2589e-02	3.2764e-01
1.2882e-02	3.2764e-01
1.3183e-02	3.2764e-01
1.3490e-02	3.2764e-01
1.3804e-02	3.2764e-01
1.4125e-02	3.2764e-01
1.4454e-02	3.2764e-01
1.4791e-02	3.2764e-01
1.5136e-02	3.2764e-01
1.5488e-02	3.2764e-01
1.5849e-02	3.2764e-01
1.6218e-02	3.2764e-01
1.6596e-02	3.2764e-01
1.6982e-02	3.2764e-01
1.7378e-02	3.2764e-01
1.7783e-02	3.2764e-01
1.8197e-02	3.2764e-01
1.8621e-02	3.2764e-01
1.9055e-02	3.2764e-01
1.9498e-02	3.2764e-01
1.9953e-02	3.2764e-01
2.0417e-02	3.2764e-01
2.0893e-02	3.2764e-01
2.1380e-02	3.2764e-01
2.1878e-02	3.2764e-01
2.2387e-02	3.2764e-01
2.2909e-02	3.2764e-01
2.3442e-02	3.2764e-01
2.3988e-02	3.2764e-01
2.4547e-02	3.2764e-01
2.5119e-02	3.2764e-01
2.5704e-02	3.2764e-01
2.6303e-02	3.2764e-01
2.6915e-02	3.2764e-01
2.7542e-02	3.2764e-01
2.8184e-02	3.2764e-01
2.8840e-02	3.2764e-01
2.9512e-02	3.2764e-01
3.0200e-02	3.2764e-01
3.0903e-02	3.2764e-01
3.1623e-02	3.2764e-01
3.2359e-02	3.2764e-01
3.3113e-02	3.2764e-01
3.3884e-02	3.2764e-01
3.4674e-02	3.2764e-01
3.5481e-02	3.2764e-01
3.6308e-02	3.2764e-01
3.7154e-02	3.2764e-01
3.8019e-02	3.2764e-01
3.8905e-02	3.2764e-01
3.9811e-02	3.2764e-01
4.0738e-02	3.2764e-01
4.1687e-02	3.2764e-01
4.2658e-02	3.2764e-01
4.3652e-02	3.2764e-01
4.4668e-02	3.2764e-01
4.5709e-02	3.2764e-01
4.6774e-02	3.2764e-01
4.7863e-02	3.2764e-01
4.8978e-02	3.2764e-01
5.0119e-02	3.2764e-01
5.1286e-02	3.2764e-01
5.2481e-02	3.2764e-01
5.3703e-02	3.2764e-01
5.4954e-02	3.2764e-01
5.6234e-02	3.2764e-01
5.7544e-02	3.2764e-01
5.8884e-02	3.2764e-01
6.0256e-02	3.2764e-01
6.1660e-02	3.2764e-01
6.3096e-02	3.2764e-01
6.4565e-02	3.2764e-01
6.6069e-02	3.2764e-01
6.7608e-02	3.2764e-01
6.9183e-02	3.2764e-01
7.0795e-02	3.2764e-01
7.2444e-02	3.2764e-01
7.4131e-02	3.2764e-01
7.5858e-02	3.2764e-01
7.7625e-02	3.2764e-01
7.9433e-02	3.2764e-01
8.1283e-02	3.2764e-01
8.3176e-02	3.2764e-01
8.5114e-02	3.2764e-01
8.7096e-02	3.2764e-01
8.9125e-02	3.2764e-01
9.1201e-02	3.2764e-01
9.3325e-02	3.2764e-01
9.5499e-02	3.2764e-01
9.7724e-02	3.2764e-01
1.0000e-01	3.2764e-01
1.0233e-01	3.2764e-01
1.0471e-01	3.2764e-01
1.0715e-01	3.2764e-01
1.0965e-01	3.2764e-01
1.1220e-01	3.2764e-01
1.1482e-01	3.2764e-01
1.1749e-01	3.2764e-01
1.2023e-01	3.2764e-01
1.2303e-01	3.2764e-01
1.2589e-01	3.2764e-01
1.2882e-01	3.2764e-01
1.3183e-01	3.2764e-01
1.3490e-01	3.2764e-01
1.3804e-01	3.2764e-01
1.4125e-01	3.2764e-01
1.4454e-01	3.2764e-01
1.4791e-01	3.2764e-01
1.5136e-01	3.2764e-01
1.5488e-01	3.2764e-01
1.5849e-01	3.2764e-01
1.6218e-01	3.2764e-01
1.6596e-01	3.2764e-01
1.6982e-01	3.2764e-01
1.7378e-01	3.2765e-01
1.7783e-01	3.2765e-01
1.8197e-01	3.2765e-01
1.8621e-01	3.2765e-01
1.9055e-01	3.2765e-01
1.9498e-01	3.2765e-01
1.9953e-01	3.2765e-01
2.0417e-01	3.2765e-01
2.0893e-01	3.2765e-01
2.1380e-01	3.2765e-01
2.1878e-01	3.2766e-01
2.2387e-01	3.2766e-01
2.2909e-01	3.2766e-01
2.3442e-01	3.2766e-01
2.3988e-01	3.2766e-01
2.4547e-01	3.2767e-01
2.5119e-01	3.2767e-01
2.5704e-01	3.2767e-01
2.6303e-01	3.2767e-01
2.6915e-01	3.2768e-01
2.7542e-01	3.2768e-01
2.8184e-01	3.2769e-01
2.8840e-01	3.2769e-01
2.9512e-01	3.2770e-01
3.0200e-01	3.2770e-01
3.0903e-01	3.2771e-01
3.1623e-01	3.2771e-01
3.2359e-01	3.2772e-01
3.3113e-01	3.2773e-01
3.3884e-01	3.2774e-01
3.4674e-01	3.2775e-01
3.5481e-01	3.2776e-01
3.6308e-01	3.2777e-01
3.7154e-01	3.2778e-01
3.8019e-01	3.2780e-01
3.8905e-01	3.2781e-01
3.9811e-01	3.2783e-01
4.0738e-01	3.2785e-01
4.1687e-01	3.2787e-01
4.2658e-01	3.2789e-01
4.3652e-01	3.2792e-01
4.4668e-01	3.2795e-01
4.5709e-01	3.2798e-01
4.6774e-01	3.2801e-01
4.7863e-01	3.2805e-01
4.8978e-01	3.2809e-01
5.0119e-01	3.2813e-01
5.1286e-01	3.2818e-01
5.2481e-01	3.2823e-01
5.3703e-01	3.2829e-01
5.4954e-01	3.2836e-01
5.6234e-01	3.2843e-01
5.7544e-01	3.2851e-01
5.8884e-01	3.2859e-01
6.0256e-01	3.2869e-01
6.1660e-01	3.2879e-01
6.3096e-01	3.2891e-01
6.4565e-01	3.2903e-01
6.6069e-01	3.2917e-01
6.7608e-01	3.2933e-01
6.9183e-01	3.2949e-01
7.0795e-01	3.2968e-01
7.2444e-01	3.2989e-01
7.4131e-01	3.3011e-01
7.5858e-01	3.3036e-01
7.7625e-01	3.3064e-01
7.9433e-01	3.3094e-01
8.1283e-01	3.3127e-01
8.3176e-01	3.3164e-01
8.5114e-01	3.3205e-01
8.7096e-01	3.3249e-01
8.9125e-01	3.3299e-01
9.1201e-01	3.3354e-01
9.3325e-01	3.3414e-01
9.5499e-01	3.3481e-01
9.7724e-01	3.3555e-01
1.0000e+00	3.3637e-01
1.0233e+00	3.3727e-01
1.0471e+00	3.3828e-01
1.0715e+00	3.3939e-01
1.0965e+00	3.4062e-01
1.1220e+00	3.4199e-01
1.1482e+00	3.4351e-01
1.1749e+00	3.4521e-01
1.2023e+00	3.4709e-01
1.2303e+00	3.4920e-01
1.2589e+00	3.5154e-01
1.2882e+00	3.5417e-01
1.3183e+00	3.5711e-01
1.3490e+00	3.6041e-01
1.3804e+00	3.6412e-01
1.4125e+00	3.6830e-01
1.4454e+00	3.7303e-01
1.4791e+00	3.7840e-01
1.5136e+00	3.8450e-01
1.5488e+00	3.9147e-01
1.5849e+00	3.9947e-01
1.6218e+00	4.0869e-01
1.6596e+00	4.1939e-01
1.6982e+00	4.3190e-01
1.7378e+00	4.4663e-01
1.7783e+00	4.6414e-01
1.8197e+00	4.8519e-01
1.8621e+00	5.1086e-01
1.9055e+00	5.4265e-01
1.9498e+00	5.8284e-01
1.9953e+00	6.3495e-01
2.0417e+00	7.0475e-01
2.0893e+00	8.0234e-01
2.1380e+00	9.4709e-01
2.1878e+00	1.1810e+00
2.2387e+00	1.6133e+00
2.2909e+00	2.6304e+00
2.3442e+00	6.8867e+00
