1.000000000e-03 1
1.000000000e-03	6.092478394e-03
1.043729092e-03	6.092571557e-03
1.089370418e-03	6.092657465e-03
1.137007598e-03	6.092736414e-03
1.186727908e-03	6.092808697e-03
1.238622443e-03	6.092874607e-03
1.292786278e-03	6.092934439e-03
1.349318649e-03	6.092988486e-03
1.408323129e-03	6.093037043e-03
1.469907821e-03	6.093080404e-03
1.534185556e-03	6.093118862e-03
1.601274098e-03	6.093152712e-03
1.671296361e-03	6.093182247e-03
1.744380634e-03	6.093207763e-03
1.820660816e-03	6.093229552e-03
1.900276661e-03	6.093247909e-03
1.983374035e-03	6.093263128e-03
2.070105182e-03	6.093275503e-03
2.160629002e-03	6.093285328e-03
2.255111348e-03	6.093292898e-03
2.353725320e-03	6.093298507e-03
2.456651593e-03	6.093302448e-03
2.564078737e-03	6.093305015e-03
2.676203573e-03	6.093306504e-03
2.793231527e-03	6.093307208e-03
2.915377006e-03	6.093307421e-03
3.042863797e-03	6.093299351e-03
3.175925469e-03	6.093182011e-03
3.314805808e-03	6.092938281e-03
3.459759257e-03	6.092585188e-03
3.611051390e-03	6.092139761e-03
3.768959390e-03	6.091619030e-03
3.933772563e-03	6.091040022e-03
4.105792867e-03	6.090419758e-03
4.285335463e-03	6.089775255e-03
4.472729294e-03	6.089123522e-03
4.668317686e-03	6.088481563e-03
4.872458982e-03	6.087866372e-03
5.085527191e-03	6.087281462e-03
5.307912680e-03	6.086617562e-03
5.540022884e-03	6.085862193e-03
5.782283057e-03	6.085034266e-03
6.035137047e-03	6.084152686e-03
6.299048113e-03	6.083236346e-03
6.574499770e-03	6.082304133e-03
6.861996678e-03	6.081374920e-03
7.162065565e-03	6.080467568e-03
7.475256193e-03	6.079600928e-03
7.802142362e-03	6.078793842e-03
8.143322966e-03	6.078065141e-03
8.499423089e-03	6.077433651e-03
8.871095147e-03	6.076918195e-03
9.259020087e-03	6.076537592e-03
9.663908632e-03	6.076310670e-03
1.008650259e-02	6.076252751e-03
1.052757619e-02	6.076263752e-03
1.098793754e-02	6.076290719e-03
1.146843008e-02	6.076334004e-03
1.196993412e-02	6.076393959e-03
1.249336847e-02	6.076470936e-03
1.303969214e-02	6.076565289e-03
1.360990604e-02	6.076677369e-03
1.420505488e-02	6.076807529e-03
1.482622904e-02	6.076956123e-03
1.547456658e-02	6.077123503e-03
1.615125533e-02	6.077310022e-03
1.685753507e-02	6.077516036e-03
1.759469978e-02	6.077741896e-03
1.836410003e-02	6.077987958e-03
1.916714546e-02	6.078254576e-03
2.000530733e-02	6.078542104e-03
2.088012127e-02	6.078850897e-03
2.179319002e-02	6.079181310e-03
2.274618644e-02	6.079533700e-03
2.374085653e-02	6.079908421e-03
2.477902264e-02	6.080305830e-03
2.586258681e-02	6.080726283e-03
2.699353426e-02	6.081170137e-03
2.817393702e-02	6.081637750e-03
2.940595771e-02	6.082129479e-03
3.069185356e-02	6.083014403e-03
3.203398046e-02	6.086059496e-03
3.343479735e-02	6.091107744e-03
3.489687069e-02	6.097702449e-03
3.642287918e-02	6.105386364e-03
3.801561863e-02	6.113700696e-03
3.967800713e-02	6.122184460e-03
4.141309037e-02	6.130374177e-03
4.322404723e-02	6.137803921e-03
4.511419558e-02	6.144005718e-03
4.708699841e-02	6.148510302e-03
4.914607012e-02	6.150848232e-03
5.129518316e-02	6.150879244e-03
5.353827497e-02	6.149753612e-03
5.587945514e-02	6.147740906e-03
5.832301300e-02	6.144978429e-03
6.087342543e-02	6.141603549e-03
6.353536508e-02	6.137753549e-03
6.631370893e-02	6.133565503e-03
6.921354724e-02	6.129176187e-03
7.224019284e-02	6.124722020e-03
7.539919092e-02	6.120339033e-03
7.869632910e-02	6.116162869e-03
8.213764815e-02	6.112328817e-03
8.572945296e-02	6.108971869e-03
8.947832414e-02	6.106226813e-03
9.339113004e-02	6.104228353e-03
9.747503940e-02	6.103111258e-03
1.017375344e-01	6.102970014e-03
1.061864245e-01	6.103527180e-03
1.108298604e-01	6.104707797e-03
1.156763496e-01	6.106518759e-03
1.207347714e-01	6.108967160e-03
1.260143934e-01	6.112060306e-03
1.315248885e-01	6.115805717e-03
1.372763525e-01	6.120211137e-03
1.432793228e-01	6.125284541e-03
1.495447975e-01	6.131034144e-03
1.560842558e-01	6.137468406e-03
1.629096787e-01	6.144596044e-03
1.700335711e-01	6.152426039e-03
1.774689848e-01	6.160967644e-03
1.852295424e-01	6.170230395e-03
1.933294622e-01	6.180224119e-03
2.017835841e-01	6.190958944e-03
2.106073971e-01	6.202445307e-03
2.198170675e-01	6.214693968e-03
2.294294684e-01	6.227716020e-03
2.394622108e-01	6.241522896e-03
2.499336759e-01	6.256126384e-03
2.608630488e-01	6.271538638e-03
2.722703531e-01	6.287772188e-03
2.841764886e-01	6.304839955e-03
2.966032685e-01	6.322755262e-03
3.095734602e-01	6.352039459e-03
3.231108267e-01	6.417195286e-03
3.372401699e-01	6.514659894e-03
3.519873765e-01	6.639609070e-03
3.673794650e-01	6.787149066e-03
3.834446356e-01	6.952103495e-03
4.002123215e-01	7.128840195e-03
4.177132431e-01	7.311141444e-03
4.359794641e-01	7.492124665e-03
4.550444504e-01	7.664223368e-03
4.749431313e-01	7.819239352e-03
4.957119633e-01	7.948476662e-03
5.173889976e-01	8.051715074e-03
5.400139489e-01	8.143690408e-03
5.636282688e-01	8.226393424e-03
5.882752215e-01	8.301441932e-03
6.139999630e-01	8.370548289e-03
6.408496241e-01	8.435504581e-03
6.688733966e-01	8.498171428e-03
6.981226232e-01	8.560470730e-03
7.286508919e-01	8.624382660e-03
7.605141341e-01	8.691947118e-03
7.937707270e-01	8.765269922e-03
8.284816005e-01	8.846533974e-03
8.647103490e-01	8.938015753e-03
9.025233478e-01	9.042107530e-03
9.419898747e-01	9.161345868e-03
9.831822370e-01	9.298447137e-03
1.026175904e+00	9.465691394e-03
1.071049645e+00	9.703309759e-03
1.117885674e+00	1.001751778e-02
1.166769800e+00	1.041187431e-02
1.217791584e+00	1.089136162e-02
1.271044505e+00	1.146240638e-02
1.326626128e+00	1.213292980e-02
1.384638284e+00	1.291242242e-02
1.445187260e+00	1.381203974e-02
1.508383987e+00	1.484471499e-02
1.574344250e+00	1.602528479e-02
1.643188895e+00	1.737062294e-02
1.715044054e+00	1.889977665e-02
1.790041374e+00	2.063409801e-02
1.868318259e+00	2.259736195e-02
1.950018121e+00	2.481585983e-02
2.035290643e+00	2.731845552e-02
2.124292056e+00	3.013658822e-02
2.217185420e+00	3.330420330e-02
2.314140926e+00	3.685758999e-02
2.415336208e+00	4.083510133e-02
2.520956669e+00	4.527673016e-02
2.631195816e+00	5.022351262e-02
2.746255621e+00	5.571673016e-02
2.866346887e+00	6.179688210e-02
2.991689635e+00	6.850240337e-02
3.122513507e+00	7.617029482e-02
3.259058189e+00	8.534726854e-02
3.401573846e+00	9.630414035e-02
3.550321583e+00	1.093630028e-01
3.705573924e+00	1.249064373e-01
3.867615308e+00	1.433860615e-01
4.036742616e+00	1.653314836e-01
4.213265707e+00	1.913592652e-01
4.397507992e+00	2.221813104e-01
4.589807026e+00	2.586118630e-01
4.790515121e+00	3.015720195e-01
5.000000000e+00	3.520903484e-01
1e1 1
