1.000000000e-03 1
1.000000000e-03	2.670614531e-03
1.047370898e-03	2.671900035e-03
1.096985798e-03	2.673105710e-03
1.148951000e-03	2.674233703e-03
1.203377841e-03	2.675286176e-03
1.260382930e-03	2.676265296e-03
1.320088401e-03	2.677173245e-03
1.382622174e-03	2.678012210e-03
1.448118228e-03	2.678784388e-03
1.516716888e-03	2.679491983e-03
1.588565129e-03	2.680137206e-03
1.663816886e-03	2.680722276e-03
1.742633386e-03	2.681249416e-03
1.825183494e-03	2.681720857e-03
1.911644075e-03	2.682138833e-03
2.002200372e-03	2.682505584e-03
2.097046401e-03	2.682823354e-03
2.196385372e-03	2.683094391e-03
2.300430120e-03	2.683320946e-03
2.409403560e-03	2.683505273e-03
2.523539170e-03	2.683649630e-03
2.643081487e-03	2.683756274e-03
2.768286630e-03	2.683827469e-03
2.899422854e-03	2.683865477e-03
3.036771118e-03	2.683862965e-03
3.180625693e-03	2.683644376e-03
3.331294788e-03	2.683186046e-03
3.489101213e-03	2.682544424e-03
3.654383071e-03	2.681775954e-03
3.827494479e-03	2.680937039e-03
4.008806329e-03	2.680084020e-03
4.198707084e-03	2.679273170e-03
4.397603609e-03	2.678560696e-03
4.605922041e-03	2.678002750e-03
4.824108704e-03	2.677655461e-03
5.052631065e-03	2.677569804e-03
5.291978736e-03	2.677648060e-03
5.542664521e-03	2.677822686e-03
5.805225516e-03	2.678079557e-03
6.080224262e-03	2.678404551e-03
6.368249945e-03	2.678783544e-03
6.669919663e-03	2.679202412e-03
6.985879747e-03	2.679647019e-03
7.316807143e-03	2.680103225e-03
7.663410868e-03	2.680556879e-03
8.026433522e-03	2.680993820e-03
8.406652886e-03	2.681399879e-03
8.804883582e-03	2.681760878e-03
9.221978823e-03	2.682062635e-03
9.658832241e-03	2.682290964e-03
1.011637980e-02	2.682434392e-03
1.059560179e-02	2.682542386e-03
1.109752496e-02	2.682639006e-03
1.162322469e-02	2.682725326e-03
1.217382728e-02	2.682802423e-03
1.275051241e-02	2.682871373e-03
1.335451563e-02	2.682933252e-03
1.398713103e-02	2.682989137e-03
1.464971398e-02	2.683040103e-03
1.534368409e-02	2.683087229e-03
1.607052818e-02	2.683131591e-03
1.683180353e-02	2.683174266e-03
1.762914118e-02	2.683216330e-03
1.846424943e-02	2.683258862e-03
1.933891750e-02	2.683302937e-03
2.025501939e-02	2.683349634e-03
2.121451785e-02	2.683400029e-03
2.221946861e-02	2.683455200e-03
2.327202479e-02	2.683516224e-03
2.437444150e-02	2.683584180e-03
2.552908068e-02	2.683660144e-03
2.673841616e-02	2.683745195e-03
2.800503894e-02	2.683840411e-03
2.933166278e-02	2.683946871e-03
3.072112999e-02	2.684078766e-03
3.217641750e-02	2.684302630e-03
3.370064329e-02	2.684608169e-03
3.529707303e-02	2.684972338e-03
3.696912707e-02	2.685372083e-03
3.872038782e-02	2.685784339e-03
4.055460736e-02	2.686186029e-03
4.247571553e-02	2.686554061e-03
4.448782831e-02	2.686865331e-03
4.659525669e-02	2.687096727e-03
4.880251584e-02	2.687225136e-03
5.111433483e-02	2.687196293e-03
5.353566677e-02	2.686810257e-03
5.607169938e-02	2.686082677e-03
5.872786613e-02	2.685070625e-03
6.150985789e-02	2.683831192e-03
6.442363509e-02	2.682421433e-03
6.747544053e-02	2.680898324e-03
7.067181274e-02	2.679318731e-03
7.401959997e-02	2.677739396e-03
7.752597489e-02	2.676216928e-03
8.119844993e-02	2.674807808e-03
8.504489342e-02	2.673568410e-03
8.907354639e-02	2.672555030e-03
9.329304026e-02	2.671823925e-03
9.771241535e-02	2.671431371e-03
1.023411402e-01	2.671400275e-03
1.071891319e-01	2.671564695e-03
1.122667774e-01	2.671892213e-03
1.175849554e-01	2.672381480e-03
1.231550603e-01	2.673031172e-03
1.289890261e-01	2.673839994e-03
1.350993521e-01	2.674806680e-03
1.414991297e-01	2.675929988e-03
1.482020706e-01	2.677208701e-03
1.552225357e-01	2.678641628e-03
1.625755666e-01	2.680227600e-03
1.702769172e-01	2.681965473e-03
1.783430877e-01	2.683854124e-03
1.867913599e-01	2.685892451e-03
1.956398344e-01	2.688079376e-03
2.049074690e-01	2.690413838e-03
2.146141198e-01	2.692894797e-03
2.247805834e-01	2.695521230e-03
2.354286414e-01	2.698292135e-03
2.465811076e-01	2.701206526e-03
2.582618761e-01	2.704263434e-03
2.704959730e-01	2.707461906e-03
2.833096102e-01	2.710801006e-03
2.967302408e-01	2.714279810e-03
3.107866188e-01	2.719077203e-03
3.255088600e-01	2.727591493e-03
3.409285070e-01	2.739254567e-03
3.570785965e-01	2.753378649e-03
3.739937302e-01	2.769269140e-03
3.917101491e-01	2.786219144e-03
4.102658106e-01	2.803505798e-03
4.297004704e-01	2.820388444e-03
4.500557676e-01	2.836108729e-03
4.713753134e-01	2.849892701e-03
4.937047853e-01	2.860954985e-03
5.170920243e-01	2.869217977e-03
5.415871378e-01	2.876262593e-03
5.672426068e-01	2.882360405e-03
5.941133985e-01	2.887696461e-03
6.222570837e-01	2.892457941e-03
6.517339605e-01	2.896833715e-03
6.826071834e-01	2.901014031e-03
7.149428987e-01	2.905190320e-03
7.488103858e-01	2.909555133e-03
7.842822061e-01	2.914302202e-03
8.214343585e-01	2.919626627e-03
8.603464417e-01	2.925725200e-03
9.011018252e-01	2.932796853e-03
9.437878278e-01	2.941043244e-03
9.884959047e-01	2.950669490e-03
1.035321843e+00	2.965424426e-03
1.084365969e+00	2.993775927e-03
1.135733358e+00	3.035664676e-03
1.189534067e+00	3.090772930e-03
1.245883364e+00	3.158900336e-03
1.304901978e+00	3.239940191e-03
1.366716356e+00	3.333857490e-03
1.431458938e+00	3.440667951e-03
1.499268433e+00	3.560417355e-03
1.570290125e+00	3.693160625e-03
1.644676178e+00	3.838940208e-03
1.722585965e+00	3.997763395e-03
1.804186409e+00	4.169578337e-03
1.889652340e+00	4.354248626e-03
1.979166868e+00	4.551526424e-03
2.072921780e+00	4.761024279e-03
2.171117946e+00	4.982185925e-03
2.273965752e+00	5.214256547e-03
2.381685552e+00	5.456253177e-03
2.494508135e+00	5.706936111e-03
2.612675226e+00	5.964782457e-03
2.736439997e+00	6.227963130e-03
2.866067617e+00	6.494324811e-03
3.001835814e+00	6.761379885e-03
3.144035472e+00	7.034890474e-03
3.292971255e+00	7.323149727e-03
3.448962260e+00	7.627952771e-03
3.612342700e+00	7.951307030e-03
3.783462617e+00	8.295459282e-03
3.962688639e+00	8.662927318e-03
4.150404758e+00	9.056537000e-03
4.347013158e+00	9.479465693e-03
4.552935075e+00	9.935293220e-03
4.768611698e+00	1.042806172e-02
4.994505116e+00	1.096234610e-02
5.231099308e+00	1.154210276e-02
5.478901180e+00	1.217055681e-02
5.738441648e+00	1.285208353e-02
6.010276782e+00	1.359151063e-02
6.294988990e+00	1.439416690e-02
6.593188271e+00	1.526593721e-02
6.905513520e+00	1.621332397e-02
7.232633896e+00	1.724351575e-02
7.575250259e+00	1.836446418e-02
7.934096666e+00	1.958496992e-02
8.309941949e+00	2.091477890e-02
8.703591361e+00	2.236469016e-02
9.115888300e+00	2.394667669e-02
9.547716114e+00	2.567402089e-02
1.000000000e+01	2.756146651e-02
1.000000000e+01 1
