0.001	0.0020816005623765965
0.001174897554939529	0.0020847841036174567
0.0013803842646028853	0.002083042261743816
0.0016218100973589297	0.002082419076681733
0.0019054607179632482	0.002082532630839738
0.00223872113856834	0.0020828337438156524
0.0026302679918953813	0.002082405142306085
0.003090295432513592	0.0020817259768187947
0.003630780547701014	0.0020821235055125532
0.004265795188015926	0.002086741095251227
0.005011872336272725	0.0020849019814737674
0.00588843655355589	0.0020855488172676242
0.006918309709189363	0.0020901370487563294
0.008128305161640995	0.002087066254586614
0.009549925860214359	0.002088372882549902
0.011220184543019636	0.0020907924116283618
0.013182567385564075	0.0020927979767940965
0.01548816618912482	0.0020999505636737892
0.018197008586099843	0.0021095915074575574
0.021379620895022326	0.0021150561191562644
0.025118864315095808	0.00211726946578601
0.02951209226666387	0.0021300640606010807
0.034673685045253165	0.0021443831596856706
0.04073802778041128	0.0021647423301682346
0.04786300923226385	0.002195138370686059
0.05623413251903494	0.0022220414280882095
0.06606934480075964	0.002263780266716872
0.07762471166286919	0.002322778771228028
0.09120108393559101	0.0023930899948963226
0.10715193052376071	0.0024932399244247676
0.12589254117941676	0.002618327420888853
0.14791083881682088	0.002798501745124726
0.17378008287493762	0.0030233039446709124
0.20417379446695297	0.0033267179077067824
0.23988329190194924	0.0037647353559922677
0.2818382931264455	0.004391078736575883
0.33113112148259144	0.005322190351540914
0.3890451449942809	0.006740291555534998
0.4570881896148752	0.009015181467048388
0.5370317963702532	0.012813129244736517
0.6309573444801936	0.019426600737559706
0.7413102413009177	0.03143830951549229
0.8709635899560815	0.05403525498001568
1.0232929922807548	0.0983485153898881
1.2022644346174132	0.18953590392847108
1.4125375446227555	0.389576138761608
1.6595869074375613	0.869545067907535
1.9498445997580476	2.18782583555925
2.290867652767775	6.731711618011957
2.691534803926917	31.073081474448237