0.01    1
0.01	0.000014716516703146264
0.0101856681452356	0.000014716516703410818
0.010374783556486723	0.000014716516703685261
0.010567410238502098	0.000014716516703969993
0.010763613384394735	0.000014716516704265398
0.010963459397706099	0.000014716516704571891
0.01116701591487989	0.000014716516704889867
0.011374351828153112	0.000014716516705219761
0.011585537308872147	0.000014716516705562044
0.01180064383124176	0.000014716516705917097
0.012019744196515018	0.000014716516706285522
0.012242912557632355	0.000014716516706667712
0.012470224444318079	0.000014716516707064242
0.012701756788642897	0.000014716516707475661
0.012937587951060998	0.000014716516707902476
0.013177797746930599	0.0000147165167083453
0.013422467473526847	0.000014716516708804713
0.013671679937556335	0.000014716516709281357
0.01392551948318242	0.000014716516709775862
0.014184072020570896	0.000014716516710288925
0.014447425054965653	0.000014716516710821178
0.014715667716304235	0.000014716516711373427
0.014988890789383195	0.000014716516711946365
0.015267186744583569	0.000014716516712540754
0.015550649769166815	0.000014716516713157463
0.015839375799151775	0.00001471651671379727
0.016133462551783592	0.000014716516714461055
0.01643300955860536	0.000014716516715149717
0.01673811819914388	0.000014716516715864216
0.017048891735220808	0.000014716516716605497
0.017365435345900907	0.000014716516717374555
0.017687856163089124	0.000014716516718172433
0.018016263307788615	0.000014716516719000235
0.018350767927031948	0.000014716516719859054
0.01869148323149804	0.000014716516720750068
0.019038524533827497	0.0000147165167216745
0.01939200928764933	0.000014716516722633575
0.019752057127332266	0.000014716516723628606
0.020118789908474207	0.00001471651672466093
0.02049233174914332	0.000014716516725731962
0.02087280907188493	0.000014716516726843142
0.0212603506465083	0.000014716516727995973
0.021655087633667868	0.00001471651672919203
0.022057153629253617	0.000014716516730432885
0.02246668470960564	0.00001471651673172029
0.0228838194775682	0.00001471651673305596
0.023308699109398836	0.000014716516734441688
0.023741467402548514	0.00001471651673587935
0.024182270824328788	0.000014716516737370943
0.0246312585614826	0.000014716516738918406
0.025088582570675495	0.0000147165167405239
0.025554397629924248	0.000014716516742189595
0.026028861390980353	0.000014716516743917717
0.026512134432686147	0.000014716516745710628
0.02700438031532152	0.00001471651674757077
0.02750576563595977	0.000014716516749500608
0.028016460084851143	0.000014716516751502802
0.02853663650285331	0.000014716516753580074
0.029066470939928042	0.000014716516755735233
0.029606142714724133	0.000014716516757971139
0.03015583447526646	0.000014716516760290893
0.030715732260771927	0.000014716516762697611
0.031286025564613004	0.000014716516765194546
0.03186690739845053	0.000014716516767785096
0.03245857435755702	0.000014716516770472766
0.033061226687352965	0.00001471651677326119
0.033675068351178436	0.000014716516776154154
0.034300307099322976	0.000014716516779155568
0.03493715453933725	0.00001471651678226954
0.03558582620765009	0.000014716516785500226
0.03624654164251516	0.000014716516788852019
0.036919524458312244	0.000014716516792329487
0.03760500242122779	0.000014716516795937319
0.03830320752634073	0.000014716516799680406
0.039014376076139744	0.000014716516803563866
0.03973874876049785	0.000014716516807592892
0.04047657073813236	0.000014716516811772976
0.04122809171957702	0.000014716516816109786
0.04199356605169473	0.000014716516820609188
0.042773252803759425	0.000014716516825277288
0.04356741585513617	0.000014716516830120377
0.044376323984589294	0.00001471651683514507
0.04520025096124859	0.000014716516840358174
0.04603947563726446	0.000014716516845766715
0.04689428204218351	0.000014716516851378029
0.04776495947907626	0.000014716516857199764
0.04865180262244961	0.000014716516863239753
0.0495551116179775	0.000014716516869506206
0.0504751921840828	0.000014716516876007623
0.051412355715405714	0.000014716516882752787
0.05236691938819297	0.0000147165168897509
0.053339206267643734	0.000014716516897011394
0.05432954541724901	0.000014716516904544105
0.0553382720101604	0.00001471651691235929
0.05636572744262736	0.00001471651692046751
0.05741225944954019	0.000014716516928879758
0.058478222222118306	0.000014716516937607443
0.059563976527783905	0.000014716516946662371
0.06066988983226098	0.000014716516956056856
0.061796336423941355	0.000014716516965803613
0.06294369754056021	0.000014716516975915857
0.06411236149822286	0.000014716516986407266
0.0653027238228278	0.000014716516997292117
0.06651518738392953	0.000014716517008585132
0.06775016253108676	0.00001471651702030166
0.06900806723274253	0.000014716517032457544
0.07028932721768222	0.000014716517045069256
0.07159437611911873	0.000014716517058153955
0.07292365562145245	0.000014716517071729318
0.07427761560975592	0.000014716517085813774
0.07565671432203454	0.00001471651710042644
0.07706141850431375	0.00001471651711558711
0.07849220356860574	0.000014716517131316358
0.0799495537538096	0.000014716517147635512
0.08143396228959801	0.000014716517164566691
0.08294593156334752	0.000014716517182132846
0.08448597329016813	0.000014716517200357836
0.08605460868608912	0.000014716517219266344
0.08765236864446128	0.00001471651723888404
0.08927979391563369	0.000014716517259237515
0.09093743528996692	0.000014716517280354387
0.09262585378424402	0.000014716517302263308
0.09434562083154248	0.000014716517324993962
0.09609731847463185	0.000014716517348577216
0.09788153956296186	0.000014716517373045059
0.09969888795330782	0.000014716517398430678
0.10154997871414212	0.0000147165174247685
0.10343543833379906	0.000014716517452094278
0.10535590493250584	0.000014716517480445089
0.1073120284783495	0.000014716517509859365
0.10930447100725406	0.000014716517540377063
0.11133390684704159	0.000014716517572039588
0.11340102284565391	0.000014716517604889872
0.11550651860361122	0.000014716517638972513
0.1176511067107866	0.000014716517674333777
0.11983551298757733	0.000014716517711021669
0.12206047673055334	0.000014716517749085942
0.1243267509626669	0.000014716517788578267
0.12663510268810757	0.000014716517829552285
0.12898631315188963	0.000014716517872063601
0.1313811781042586	0.000014716517916169915
0.13382050807000725	0.000014716517961931095
0.13630512862279162	0.0000147165180094093
0.138835880664541	0.000014716518058668963
0.1414136207100547	0.000014716518109776976
0.14403922117688336	0.000014716518162802751
0.14671357068059257	0.00001471651821781828
0.14943757433550836	0.000014716518274898295
0.15221215406104652	0.000014716518334120301
0.1550382488937295	0.000014716518395564708
0.1579168153049969	0.000014716518459315025
0.16084882752491608	0.000014716518525457815
0.16383527787190336	0.000014716518594082925
0.1668771770885668	0.000014716518665283629
0.16997555468378553	0.000014716518739156621
0.17313145928113868	0.000014716518815802253
0.17634595897380487	0.000014716518895324723
0.1796201416860508	0.000014716518977832085
0.1829551155414313	0.00001471651906343643
0.18635200923782563	0.000014716519152254127
0.18981197242943706	0.000014716519244405891
0.19333617611588552	0.000014716519340017007
0.1969258130385235	0.000014716519439217428
0.2005820980841111	0.000014716519542142017
0.2043062686959853	0.000014716519648930714
0.2080995852928643	0.000014716519759728723
0.21196333169542675	0.000014716519874686727
0.21589881556081156	0.000014716519993961055
0.21990736882518544	0.000014716520117713919
0.22399034815452676	0.000014716520246113673
0.2281491354037796	0.000014716520379334964
0.23238513808453215	0.000014716520517559039
0.23669978984137954	0.000014716520660973992
0.24109455093713006	0.00001471652080977493
0.24557090874702087	0.00001471652096416437
0.2501303782621089	0.000014716521124352424
0.25477450260200935	0.000014716521290557146
0.25950485353715325	0.000014716521463004765
0.2643230320207412	0.000014716521641930087
0.2692306687305753	0.000014716521827576681
0.2742294246209499	0.000014716522020197406
0.27932099148478967	0.000014716522220054552
0.28450709252622464	0.000014716522427420344
0.28978948294379636	0.000014716522642577275
0.29516995052449235	0.00001471652286581845
0.30065031624880895	0.000014716523097448022
0.30623243490705027	0.000014716523337781669
0.3119181957270676	0.000014716523587146934
0.31770952301365574	0.000014716523845883695
0.32360837679981896	0.000014716524114344684
0.32961675351013153	0.000014716524392895964
0.33573668663641215	0.000014716524681917358
0.3419702474259452	0.000014716524981803016
0.3483195455824786	0.00001471652529251863
0.3547867299802392	0.000014716525615375386
0.3613739893912028	0.00001471652595037048
0.3680835532258682	0.000014716526297961081
0.3749176922877858	0.000014716526658621615
0.3818787195420943	0.000014716527032844408
0.38896899089832715	0.000014716527421140383
0.3961909060077527	0.000014716527824039782
0.4035469090755198	0.000014716528242092894
0.4110394896878809	0.000014716528675870798
0.41867118365477474	0.000014716529125966135
0.4264445738680523	0.000014716529592994002
0.434362291175639	0.000014716530077592747
0.44242701527192585	0.0000147165305804248
0.450641475604692	0.000014716531102177717
0.45900845229886744	0.000014716531643565066
0.46753077709744684	0.000014716532205327417
0.4762113343198712	0.000014716532788233302
0.4850530618382053	0.000014716533393080485
0.4940589520714401	0.000014716534020696817
0.503232052998255	0.00001471653467194158
0.5125754691885842	0.000014716535347706557
0.5220923628543354	0.0000147165360489174
0.531785954919619	0.000014716536776534777
0.541659526110846	0.000014716537531555782
0.5517164180670655	0.000014716538315015417
0.5619600344709196	0.000014716539127987794
0.5723938422005945	0.000014716539971587926
0.5830213725031611	0.000014716540846973014
0.5938462221896987	0.000014716541755344278
0.6048720548526116	0.000014716542697948522
0.6161026021055447	0.000014716543676079887
0.6275416648463213	0.000014716544691081728
0.639193114543329	0.000014716545744348441
0.6510608945457916	0.000014716546837327364
0.6631490214183667	0.000014716547971521028
0.6754615863005219	0.000014716549148488978
0.6880027562911533	0.000014716550369850183
0.7007767758589092	0.000014716551637285169
0.7137879682787003	0.000014716552952538578
0.7270407370948797	0.000014716554317421321
0.7405395676115927	0.000014716555733813552
0.7542890284107948	0.000014716557203666903
0.7682937728984539	0.000014716558729007501
0.7825585408794656	0.000014716560311938785
0.7970881601618024	0.000014716561954644449
0.8118875481904526	0.000014716563659391545
0.8269617137116927	0.000014716565428533724
0.842315758468263	0.000014716567264514561
0.857954878926015	0.000014716569169871095
0.873884368032618	0.000014716571147237303
0.8901096170089181	0.000014716573199348044
0.9066361171735597	0.000014716575329042778
0.9234694618014823	0.000014716577539269707
0.9406153480169223	0.000014716579833090063
0.9580795787215662	0.000014716582213682384
0.9758680645585001	0.000014716584684347127
0.9939868259126232	0.000014716587248511376
1.012441994948205	0.000014716589909733813
1.0312398176842719	0.000014716592671709865
1.050386656108525	0.00001471659553827694
1.0698889903305149	0.000014716598513420022
1.089753420774781	0.000014716601601277488
1.109986670414721	0.000014716604806147046
1.1305955870479354	0.000014716608132491953
1.1515871456138094	0.000014716611584947566
1.1729684505541373	0.000014716615168328056
1.1947467382175643	0.000014716618887633444
1.2169293793086775	0.000014716622748056801
1.2395238813825733	0.000014716626754992082
1.2625378913857273	0.000014716630914041776
1.285979198244052	0.000014716635231025322
1.3098557354990064	0.000014716639711649898
1.3341755839926384	0.00001471664436286975
1.3589469746024914	0.000014716649190870341
1.3841782910272895	0.000014716654202427715
1.4098780726243307	0.000014716659403853983
1.4360550172995816	0.000014716664803916491
1.4627179844514113	0.000014716670409486349
1.4898759979689955	0.000014716676228457568
1.5175382492863905	0.000014716682269031855
1.5457141004932995	0.000014716688539731193
1.5744130875036093	0.00001471669504941046
1.603644923282755	0.000014716701807270854
1.6334195011349955	0.000014716708822873688
1.6637468980517338	0.000014716716106155063
1.6946373781220094	0.000014716723667440748
1.726101396006292	0.000014716731517462096
1.7581496004747996	0.000014716739667372244
1.7907928380114873	0.000014716748128763278
1.8240421564849654	0.000014716756913684034
1.857908808887577	0.000014716766034658667
1.892404257143882	0.000014716775504705933
1.9275401759898667	0.000014716785337359325
1.9633284569241818	0.000014716795546688289
1.9997812122327212	0.000014716806147319918
2.036910779087945	0.000014716817154462015
2.074729723724312	0.000014716828583926807
2.1132508456912174	0.000014716840452155944
2.1524871821849234	0.000014716852776246483
2.192452012460892	0.00001471686557397783
2.2331588623280583	0.000014716878863619107
2.2746215087265487	0.000014716892664843407
2.316853984390376	0.000014716906997431144
2.359870582596722	0.000014716921882187343
2.403685862003402	0.00001471693734075398
2.4483146515761236	0.000014716953395645166
2.4937720556072507	0.00001471697007028372
2.5400734588277487	0.000014716987389039494
2.58723453161402	0.000014717005377269529
2.6352712352914485	0.000014717024061359789
2.684199827536379	0.00001471704346948861
2.734036867878414	0.000014717063628794589
2.7847992233048893	0.000014717084569740045
2.8365040739693463	0.000014717106323284644
2.889168919006056	0.000014717128921656572
2.942811582452477	0.000014717152398407374
2.997450219281658	0.000014717176788469157
3.053103321546663	0.000014717202128214379
3.1097897246390866	0.00001471722845551877
3.1675286136637317	0.000014717255809826882
3.226339529931697	0.00001471728423222081
3.28624237757397	0.00001471731376549223
3.347257430277847	0.0000147173444523258
3.4094053381484257	0.000014717376338535823
3.4727071346974645	0.000014717409479444555
3.537184243962034	0.000014717443921057239
3.602858487755338	0.000014717479715919762
3.669752093052127	0.00001471751691879807
3.73788769951127	0.000014717555581666047
3.807288367137994	0.000014717595775002162
3.8779775840883506	0.000014717637553495406
3.949979274618644	0.000014717680984114703
4.023317807182397	0.000014717726133560505
4.098018002677686	0.000014717773072202043
4.174105142847615	0.000014717821873441895
4.251604978836706	0.000014717872613856708
4.33054373990621	0.000014717925373547866
4.410948142311215	0.000014717980235485523
4.492845398342551	0.000014718037286886807
4.5762632255366045	0.000014718096618578486
4.661229856056133	0.000014718158325379325
4.747774046245206	0.000014718222506289856
4.835925086361614	0.000014718289264691963
4.925712810489924	0.000014718358709226431
5.017167606638611	0.000014718430951344541
5.1103204270246865	0.000014718506109545934
5.205202798549216	0.000014718584306953567
5.301846833467392	0.00001471866567224004
5.400285240256708	0.000014718750339611205
5.500551334686875	0.000014718838451201824
5.602679051095324	0.000014718930151829911
5.706702953872049	0.000014719025596326488
5.81265824915764	0.000014719124945241134
5.920580796758594	0.000014719228366943868
6.030507122283765	0.000014719336014881742
6.142474429506212	0.00001471944811850457
6.256520612954567	0.000014719564848018355
6.3726842707381275	0.000014719686405316091
6.491004717610127	0.00001471981300201936
6.611521998273551	0.000014719944859134725
6.734276900933936	0.000014720082208830834
6.859310971103867	0.000014720225294151466
6.986666525663777	0.000014720374369808001
7.116386667183745	0.000014720529702749406
7.248515298511277	0.000014720691573001534
7.383097137629926	0.000014720860274075703
7.520177732793725	0.00001472103611388923
7.659803477942708	0.000014721219415492044
7.802021628404593	0.000014721410517887049
7.946880316887981	0.000014721609776899444
8.094428569772575	0.000014721817566098067
8.24471632370175	0.000014722034277772065
8.397794442483285	0.000014722260323967012
8.553714734303858	0.000014722496137583632
8.712529969263125	0.000014722742173543709
8.874293897233386	0.000014722998910027622
9.039061266050885	0.00001472326684989636
9.206887840044741	0.000014723546521653355
9.377830418910076	0.00001472383848157603
9.551946856931384	0.000014724143314857133
9.729296082562925	0.000014724461637386019
9.909938118372676	0.000014724794097527431
10.093934101356464	0.000014725141378012813
10.28134630362938	0.000014725504197951848
10.472238153501362	0.000014725883321614947
10.666674256943976	0.000014726279534057259
10.86472041945588	0.000014726693669995111
11.066443668334259	0.00001472712664348951
11.27191227535964	0.000014727579377562882
11.481195779902087	0.000014728052859690305
11.694365012456215	0.00001472854812639739
11.911492118613292	0.000014729066289044372
12.132650583478439	0.000014729608503135938
12.35791525654105	0.000014730175995563891
12.587362377007114	0.000014730770062503905
12.821069599601849	0.000014731392073259587
13.059116020851317	0.000014732043475794891
13.301582205852107	0.000014732725800863347
13.548550215538055	0.000014733440665630994
13.800103634453084	0.000014734189788595286
14.056327599039887	0.000014734974979096262
14.317308826453665	0.00001473579815718678
14.583135643910952	0.000014736661382541776
14.85389801858337	0.000014737566754689217
15.12968758804629	0.000014738516581233356
15.410597691292946	0.000014739513280080442
15.696723400324391	0.000014740559414735612
15.988161552325847	0.00001474165770389494
16.285010782440587	0.000014742811031719848
16.58737155715234	0.00001474402245884576
16.895346208287357	0.00001474529523397646
17.20903896764797	0.000014746632823234279
17.528556002289015	0.000014748038858871465
17.85400545044934	0.000014749517249549647
18.185497458150472	0.00001475107213412274
18.52314421647463	0.000014752707911874662
18.86705999953506	0.000014754429263079912
19.217361203151313	0.000014756241163996454
19.574166384242492	0.000014758148912496522
19.937596300952016	0.000014760158147405225
20.30777395351742	0.000014762274875722072
20.68482462589875	0.000014764505494424105
21.068875928180166	0.000014766856821123425
21.460057839758594	0.000014769336123446929
21.85850275333425	0.000014771951151650591
22.264345519718145	0.000014774710172726506
22.677723493471216	0.000014777622009923505
23.098776579391064	0.000014780696083115223
23.52764727986178	0.000014783942446146959
23.964480743082728	0.000014787371846295931
24.40942481219296	0.000014790995765584264
24.86263007530774	0.000014794826485019799
25.32424991648385	0.000014798877136023266
25.7944405676315	0.000014803161770635638
26.27336116138972	0.000014807695429607835
26.761173784983733	0.000014812494226286378
27.258043535082294	0.000014817575420113592
27.764138573673307	0.000014822957509107694
28.2796301849771	0.000014828660303040894
28.804692833416453	0.000014834705149951688
29.33950422266263	0.000014841114801433592
29.884245355778	0.000014847913942186404
30.439100596475303	0.000014855128873116911
31.004257731514027	0.000014862787951249864
31.579908034255716	0.00001487092176757926
32.16624632939884	0.000014879562963205793
32.76347105891591	0.00001488874700282107
33.37178434921485	0.000014898512001836255
33.991392079546976	0.000014908899068004151
34.622503951685516	0.000014919952568282293
35.2653335608977	0.000014931720418179852
35.920098468234386	0.000014944254411393283
36.587020274162086	0.000014957610574908673
37.2663246935622	0.000014971849569605998
37.958241632122316	0.00001498703726821856
38.66300526414642	0.000015003244676604807
39.38085411180927	0.00001502054933697408
40.11203112588259	0.000015039035230209102
40.85678376796014	0.000015058794170852015
41.61536409420907	0.000015079925710840516
42.38802884067665	0.00001510253857302087
43.175039510180824	0.000015126751489383895
43.97666246081375	0.000015152694278825967
44.79316899608886	0.000015180509112349826
45.62483545676174	0.00001521035192238036
46.4719433143554	0.000015242393958012606
47.33477926642241	0.00001527682375852444
48.21363533357575	0.000015313849104860344
49.108808958320786	0.000015353699545272986
50.0206031057229	0.00001539662918283275
50.949326365943485	0.00001544291993729032
51.89529305868026	0.000015492885284753
52.85882333954659	0.000015546874880361618
53.840243308425606	0.000015605279484362977
54.83988511983646	0.00001566853727952035
55.85808709534982	0.000015737141230604097
56.89519383809007	0.000015811647712757417
57.951556349363855	0.000015892687004338187
59.0275321474541	0.00001598097592679522
60.12348538861932	0.000016077333223983358
61.23978699033982	0.00001618269835982242
62.376814756851815	0.000016298155044501996
63.53495350701271	0.000016424958790825956
64.71459520454046	0.000016564575828228046
65.91613909067046	0.00001671872644660523
67.13999181927608	0.00001688944518476977
68.38656759449795	0.000017079156855093987
69.65628831092793	0.000017290776604126675
70.94958369639652	0.000017527843131200087
72.26689145741133	0.00001779469841418028
73.6086574272953	0.000018096734616932373
74.97533571707619	0.00001844074041660031
76.36738886917684	0.000018835395995935833
77.78528801395937	0.00001929199927936036
79.22951302917629	0.000019825562150028923
80.70055270238103	0.000020456518427465127
82.19890489635488	0.00002121349352941899
83.72507671760529	0.000022138003076423702
85.27958468799194	0.00002329288973541518
86.86295491954007	0.00002477856852138557
88.47572329249957	0.000026767258209214033
90.11843563670918	0.000029584379948352088
91.79164791632938	0.000033938332104854236
93.49592641800383	0.0000414088713624164
95.23184794251529	0.00005706517206185943
97.	0.00011740295967928358
97.  1
