0.001	0.0330146152355673
0.0012022644346174128	0.03298488068893109
0.0014454397707459278	0.033001827737145224
0.0017378008287493754	0.03301225084683567
0.0020892961308540394	0.032996858959622975
0.0025118864315095803	0.03301269199895913
0.003019951720402016	0.03297448726960777
0.0036307805477010136	0.032972965320278685
0.00436515832240166	0.033008754911002414
0.0052480746024977255	0.03296744018027284
0.006309573444801933	0.03297895519696736
0.007585775750291838	0.03298169914461394
0.009120108393559099	0.03297445964229331
0.01096478196143185	0.03298968834687131
0.013182567385564071	0.03299189065134089
0.015848931924611134	0.03300916988557258
0.019054607179632477	0.032997546976038884
0.02290867652767773	0.03300138801815374
0.027542287033381664	0.03307280176447316
0.03311311214825911	0.033656217665901086
0.03981071705534972	0.03303318068292372
0.04786300923226383	0.03302891865998186
0.057543993733715694	0.03305991053457729
0.06918309709189366	0.033128594575134056
0.0831763771102671	0.033257854744719456
0.1	0.03339954093260527
0.12022644346174129	0.033649067669202025
0.14454397707459277	0.03402458912307222
0.17378008287493754	0.03455456373332649
0.20892961308540392	0.03530110223288759
0.251188643150958	0.03683838693250334
0.3019951720402016	0.038014350572078665
0.36307805477010135	0.040326274985919605
0.5248074602497725	0.04804611477644651
0.6309573444801932	0.054898564770613174
0.7585775750291838	0.06522856924555245
0.9120108393559098	0.08117223361198199
1.096478196143185	0.10721563673331513
1.318256738556407	0.15065890289836098
1.5848931924611136	0.22733666976431116
1.9054607179632472	0.36617029238469917
2.290867652767773	0.6222309141236215
2.7542287033381663	1.103706398374439
3.311311214825911	2.026428964980876
3.9810717055349722	3.8235273864023855
4.786300923226384	7.407511676470492
5.7543993733715695	14.734045328504344
6.918309709189364	30.145079592630637
8.31763771102671	63.78654422848263