1.0000e-08	1.8197e-03
1.0044e-08	1.8190e-03
1.0088e-08	1.8183e-03
1.0132e-08	1.8176e-03
1.0177e-08	1.8168e-03
1.0221e-08	1.8161e-03
1.0266e-08	1.8154e-03
1.0311e-08	1.8147e-03
1.0356e-08	1.8140e-03
1.0402e-08	1.8133e-03
1.0447e-08	1.8125e-03
1.0493e-08	1.8118e-03
1.0539e-08	1.8111e-03
1.0586e-08	1.8104e-03
1.0632e-08	1.8097e-03
1.0679e-08	1.8090e-03
1.0725e-08	1.8083e-03
1.0773e-08	1.8076e-03
1.0820e-08	1.8068e-03
1.0867e-08	1.8061e-03
1.0915e-08	1.8054e-03
1.0963e-08	1.8047e-03
1.1011e-08	1.8040e-03
1.1059e-08	1.8033e-03
1.1108e-08	1.8026e-03
1.1156e-08	1.8019e-03
1.1205e-08	1.8012e-03
1.1255e-08	1.8004e-03
1.1304e-08	1.7997e-03
1.1353e-08	1.7990e-03
1.1403e-08	1.7983e-03
1.1453e-08	1.7976e-03
1.1504e-08	1.7969e-03
1.1554e-08	1.7962e-03
1.1605e-08	1.7955e-03
1.1656e-08	1.7948e-03
1.1707e-08	1.7941e-03
1.1758e-08	1.7934e-03
1.1810e-08	1.7927e-03
1.1861e-08	1.7920e-03
1.1914e-08	1.7913e-03
1.1966e-08	1.7905e-03
1.2018e-08	1.7898e-03
1.2071e-08	1.7891e-03
1.2124e-08	1.7884e-03
1.2177e-08	1.7877e-03
1.2231e-08	1.7870e-03
1.2284e-08	1.7863e-03
1.2338e-08	1.7856e-03
1.2392e-08	1.7849e-03
1.2447e-08	1.7842e-03
1.2501e-08	1.7835e-03
1.2556e-08	1.7828e-03
1.2611e-08	1.7821e-03
1.2666e-08	1.7814e-03
1.2722e-08	1.7807e-03
1.2778e-08	1.7800e-03
1.2834e-08	1.7793e-03
1.2890e-08	1.7786e-03
1.2947e-08	1.7779e-03
1.3003e-08	1.7772e-03
1.3061e-08	1.7765e-03
1.3118e-08	1.7758e-03
1.3175e-08	1.7751e-03
1.3233e-08	1.7744e-03
1.3291e-08	1.7737e-03
1.3350e-08	1.7730e-03
1.3408e-08	1.7723e-03
1.3467e-08	1.7716e-03
1.3526e-08	1.7709e-03
1.3585e-08	1.7702e-03
1.3645e-08	1.7695e-03
1.3705e-08	1.7688e-03
1.3765e-08	1.7681e-03
1.3825e-08	1.7674e-03
1.3886e-08	1.7667e-03
1.3947e-08	1.7660e-03
1.4008e-08	1.7653e-03
1.4069e-08	1.7646e-03
1.4131e-08	1.7639e-03
1.4193e-08	1.7632e-03
1.4255e-08	1.7626e-03
1.4318e-08	1.7619e-03
1.4381e-08	1.7612e-03
1.4444e-08	1.7605e-03
1.4507e-08	1.7598e-03
1.4571e-08	1.7591e-03
1.4635e-08	1.7584e-03
1.4699e-08	1.7577e-03
1.4763e-08	1.7570e-03
1.4828e-08	1.7563e-03
1.4893e-08	1.7556e-03
1.4959e-08	1.7549e-03
1.5024e-08	1.7542e-03
1.5090e-08	1.7535e-03
1.5156e-08	1.7529e-03
1.5223e-08	1.7522e-03
1.5290e-08	1.7515e-03
1.5357e-08	1.7508e-03
1.5424e-08	1.7501e-03
1.5492e-08	1.7494e-03
1.5560e-08	1.7487e-03
1.5628e-08	1.7480e-03
1.5696e-08	1.7473e-03
1.5765e-08	1.7467e-03
1.5834e-08	1.7460e-03
1.5904e-08	1.7453e-03
1.5974e-08	1.7446e-03
1.6044e-08	1.7439e-03
1.6114e-08	1.7432e-03
1.6185e-08	1.7425e-03
1.6256e-08	1.7418e-03
1.6327e-08	1.7412e-03
1.6399e-08	1.7405e-03
1.6471e-08	1.7398e-03
1.6543e-08	1.7391e-03
1.6616e-08	1.7384e-03
1.6688e-08	1.7377e-03
1.6762e-08	1.7370e-03
1.6835e-08	1.7364e-03
1.6909e-08	1.7357e-03
1.6983e-08	1.7350e-03
1.7058e-08	1.7343e-03
1.7133e-08	1.7336e-03
1.7208e-08	1.7329e-03
1.7283e-08	1.7323e-03
1.7359e-08	1.7316e-03
1.7435e-08	1.7309e-03
1.7512e-08	1.7302e-03
1.7588e-08	1.7295e-03
1.7666e-08	1.7289e-03
1.7743e-08	1.7282e-03
1.7821e-08	1.7275e-03
1.7899e-08	1.7268e-03
1.7978e-08	1.7261e-03
1.8057e-08	1.7255e-03
1.8136e-08	1.7248e-03
1.8215e-08	1.7241e-03
1.8295e-08	1.7234e-03
1.8375e-08	1.7227e-03
1.8456e-08	1.7221e-03
1.8537e-08	1.7214e-03
1.8618e-08	1.7207e-03
1.8700e-08	1.7200e-03
1.8782e-08	1.7193e-03
1.8864e-08	1.7187e-03
1.8947e-08	1.7180e-03
1.9030e-08	1.7173e-03
1.9114e-08	1.7166e-03
1.9198e-08	1.7160e-03
1.9282e-08	1.7153e-03
1.9366e-08	1.7146e-03
1.9451e-08	1.7139e-03
1.9537e-08	1.7133e-03
1.9622e-08	1.7126e-03
1.9708e-08	1.7119e-03
1.9795e-08	1.7112e-03
1.9882e-08	1.7106e-03
1.9969e-08	1.7099e-03
2.0057e-08	1.7092e-03
2.0145e-08	1.7085e-03
2.0233e-08	1.7079e-03
2.0322e-08	1.7072e-03
2.0411e-08	1.7065e-03
2.0500e-08	1.7059e-03
2.0590e-08	1.7052e-03
2.0681e-08	1.7045e-03
2.0771e-08	1.7038e-03
2.0863e-08	1.7032e-03
2.0954e-08	1.7025e-03
2.1046e-08	1.7018e-03
2.1138e-08	1.7012e-03
2.1231e-08	1.7005e-03
2.1324e-08	1.6998e-03
2.1418e-08	1.6991e-03
2.1512e-08	1.6985e-03
2.1606e-08	1.6978e-03
2.1701e-08	1.6971e-03
2.1796e-08	1.6965e-03
2.1892e-08	1.6958e-03
2.1988e-08	1.6951e-03
2.2084e-08	1.6945e-03
2.2181e-08	1.6938e-03
2.2278e-08	1.6931e-03
2.2376e-08	1.6925e-03
2.2474e-08	1.6918e-03
2.2573e-08	1.6911e-03
2.2672e-08	1.6905e-03
2.2771e-08	1.6898e-03
2.2871e-08	1.6891e-03
2.2971e-08	1.6885e-03
2.3072e-08	1.6878e-03
2.3173e-08	1.6871e-03
2.3275e-08	1.6865e-03
2.3377e-08	1.6858e-03
2.3480e-08	1.6851e-03
2.3583e-08	1.6845e-03
2.3686e-08	1.6838e-03
2.3790e-08	1.6832e-03
2.3894e-08	1.6825e-03
2.3999e-08	1.6818e-03
2.4105e-08	1.6812e-03
2.4210e-08	1.6805e-03
2.4316e-08	1.6798e-03
2.4423e-08	1.6792e-03
2.4530e-08	1.6785e-03
2.4638e-08	1.6779e-03
2.4746e-08	1.6772e-03
2.4855e-08	1.6765e-03
2.4964e-08	1.6759e-03
2.5073e-08	1.6752e-03
2.5183e-08	1.6746e-03
2.5294e-08	1.6739e-03
2.5405e-08	1.6732e-03
2.5516e-08	1.6726e-03
2.5628e-08	1.6719e-03
2.5740e-08	1.6713e-03
2.5853e-08	1.6706e-03
2.5967e-08	1.6699e-03
2.6081e-08	1.6693e-03
2.6195e-08	1.6686e-03
2.6310e-08	1.6680e-03
2.6425e-08	1.6673e-03
2.6541e-08	1.6667e-03
2.6658e-08	1.6660e-03
2.6775e-08	1.6653e-03
2.6892e-08	1.6647e-03
2.7010e-08	1.6640e-03
2.7128e-08	1.6634e-03
2.7248e-08	1.6627e-03
2.7367e-08	1.6621e-03
2.7487e-08	1.6614e-03
2.7608e-08	1.6608e-03
2.7729e-08	1.6601e-03
2.7850e-08	1.6595e-03
2.7973e-08	1.6588e-03
2.8095e-08	1.6581e-03
2.8219e-08	1.6575e-03
2.8342e-08	1.6568e-03
2.8467e-08	1.6562e-03
2.8592e-08	1.6555e-03
2.8717e-08	1.6549e-03
2.8843e-08	1.6542e-03
2.8969e-08	1.6536e-03
2.9097e-08	1.6529e-03
2.9224e-08	1.6523e-03
2.9352e-08	1.6516e-03
2.9481e-08	1.6510e-03
2.9610e-08	1.6503e-03
2.9740e-08	1.6497e-03
2.9871e-08	1.6490e-03
3.0002e-08	1.6484e-03
3.0133e-08	1.6477e-03
3.0266e-08	1.6471e-03
3.0398e-08	1.6464e-03
3.0532e-08	1.6458e-03
3.0666e-08	1.6451e-03
3.0800e-08	1.6445e-03
3.0935e-08	1.6438e-03
3.1071e-08	1.6432e-03
3.1207e-08	1.6425e-03
3.1344e-08	1.6419e-03
3.1482e-08	1.6412e-03
3.1620e-08	1.6406e-03
3.1759e-08	1.6400e-03
3.1898e-08	1.6393e-03
3.2038e-08	1.6387e-03
3.2178e-08	1.6380e-03
3.2320e-08	1.6374e-03
3.2461e-08	1.6367e-03
3.2604e-08	1.6361e-03
3.2747e-08	1.6354e-03
3.2890e-08	1.6348e-03
3.3035e-08	1.6342e-03
3.3180e-08	1.6335e-03
3.3325e-08	1.6329e-03
3.3471e-08	1.6322e-03
3.3618e-08	1.6316e-03
3.3766e-08	1.6309e-03
3.3914e-08	1.6303e-03
3.4063e-08	1.6297e-03
3.4212e-08	1.6290e-03
3.4362e-08	1.6284e-03
3.4513e-08	1.6277e-03
3.4664e-08	1.6271e-03
3.4816e-08	1.6264e-03
3.4969e-08	1.6258e-03
3.5122e-08	1.6252e-03
3.5276e-08	1.6245e-03
3.5431e-08	1.6239e-03
3.5587e-08	1.6232e-03
3.5743e-08	1.6226e-03
3.5900e-08	1.6220e-03
3.6057e-08	1.6213e-03
3.6215e-08	1.6207e-03
3.6374e-08	1.6201e-03
3.6534e-08	1.6194e-03
3.6694e-08	1.6188e-03
3.6855e-08	1.6181e-03
3.7017e-08	1.6175e-03
3.7179e-08	1.6169e-03
3.7342e-08	1.6162e-03
3.7506e-08	1.6156e-03
3.7670e-08	1.6150e-03
3.7836e-08	1.6143e-03
3.8002e-08	1.6137e-03
3.8168e-08	1.6130e-03
3.8336e-08	1.6124e-03
3.8504e-08	1.6118e-03
3.8673e-08	1.6111e-03
3.8842e-08	1.6105e-03
3.9013e-08	1.6099e-03
3.9184e-08	1.6092e-03
3.9356e-08	1.6086e-03
3.9529e-08	1.6080e-03
3.9702e-08	1.6073e-03
3.9876e-08	1.6067e-03
4.0051e-08	1.6061e-03
4.0227e-08	1.6054e-03
4.0403e-08	1.6048e-03
4.0580e-08	1.6042e-03
4.0758e-08	1.6035e-03
4.0937e-08	1.6029e-03
4.1117e-08	1.6023e-03
4.1297e-08	1.6016e-03
4.1478e-08	1.6010e-03
4.1660e-08	1.6004e-03
4.1843e-08	1.5998e-03
4.2027e-08	1.5991e-03
4.2211e-08	1.5985e-03
4.2396e-08	1.5979e-03
4.2582e-08	1.5972e-03
4.2769e-08	1.5966e-03
4.2957e-08	1.5960e-03
4.3145e-08	1.5954e-03
4.3334e-08	1.5947e-03
4.3524e-08	1.5941e-03
4.3715e-08	1.5935e-03
4.3907e-08	1.5928e-03
4.4100e-08	1.5922e-03
4.4293e-08	1.5916e-03
4.4487e-08	1.5910e-03
4.4683e-08	1.5903e-03
4.4879e-08	1.5897e-03
4.5076e-08	1.5891e-03
4.5273e-08	1.5885e-03
4.5472e-08	1.5878e-03
4.5671e-08	1.5872e-03
4.5872e-08	1.5866e-03
4.6073e-08	1.5860e-03
4.6275e-08	1.5853e-03
4.6478e-08	1.5847e-03
4.6682e-08	1.5841e-03
4.6887e-08	1.5835e-03
4.7092e-08	1.5828e-03
4.7299e-08	1.5822e-03
4.7506e-08	1.5816e-03
4.7715e-08	1.5810e-03
4.7924e-08	1.5803e-03
4.8134e-08	1.5797e-03
4.8346e-08	1.5791e-03
4.8558e-08	1.5785e-03
4.8771e-08	1.5779e-03
4.8985e-08	1.5772e-03
4.9199e-08	1.5766e-03
4.9415e-08	1.5760e-03
4.9632e-08	1.5754e-03
4.9850e-08	1.5747e-03
5.0068e-08	1.5741e-03
5.0288e-08	1.5735e-03
5.0509e-08	1.5729e-03
5.0730e-08	1.5723e-03
5.0953e-08	1.5716e-03
5.1176e-08	1.5710e-03
5.1401e-08	1.5704e-03
5.1626e-08	1.5698e-03
5.1853e-08	1.5692e-03
5.2080e-08	1.5686e-03
5.2309e-08	1.5679e-03
5.2538e-08	1.5673e-03
5.2769e-08	1.5667e-03
5.3000e-08	1.5661e-03
5.3233e-08	1.5655e-03
5.3466e-08	1.5649e-03
5.3701e-08	1.5642e-03
5.3936e-08	1.5636e-03
5.4173e-08	1.5630e-03
5.4411e-08	1.5624e-03
5.4649e-08	1.5618e-03
5.4889e-08	1.5612e-03
5.5130e-08	1.5605e-03
5.5372e-08	1.5599e-03
5.5615e-08	1.5593e-03
5.5858e-08	1.5587e-03
5.6104e-08	1.5581e-03
5.6350e-08	1.5575e-03
5.6597e-08	1.5569e-03
5.6845e-08	1.5562e-03
5.7094e-08	1.5556e-03
5.7345e-08	1.5550e-03
5.7597e-08	1.5544e-03
5.7849e-08	1.5538e-03
5.8103e-08	1.5532e-03
5.8358e-08	1.5526e-03
5.8614e-08	1.5520e-03
5.8871e-08	1.5513e-03
5.9129e-08	1.5507e-03
5.9389e-08	1.5501e-03
5.9649e-08	1.5495e-03
5.9911e-08	1.5489e-03
6.0174e-08	1.5483e-03
6.0438e-08	1.5477e-03
6.0703e-08	1.5471e-03
6.0969e-08	1.5465e-03
6.1236e-08	1.5459e-03
6.1505e-08	1.5452e-03
6.1775e-08	1.5446e-03
6.2046e-08	1.5440e-03
6.2318e-08	1.5434e-03
6.2591e-08	1.5428e-03
6.2866e-08	1.5422e-03
6.3142e-08	1.5416e-03
6.3419e-08	1.5410e-03
6.3697e-08	1.5404e-03
6.3976e-08	1.5398e-03
6.4257e-08	1.5392e-03
6.4539e-08	1.5386e-03
6.4822e-08	1.5380e-03
6.5106e-08	1.5374e-03
6.5392e-08	1.5367e-03
6.5679e-08	1.5361e-03
6.5967e-08	1.5355e-03
6.6256e-08	1.5349e-03
6.6547e-08	1.5343e-03
6.6839e-08	1.5337e-03
6.7132e-08	1.5331e-03
6.7427e-08	1.5325e-03
6.7722e-08	1.5319e-03
6.8020e-08	1.5313e-03
6.8318e-08	1.5307e-03
6.8618e-08	1.5301e-03
6.8919e-08	1.5295e-03
6.9221e-08	1.5289e-03
6.9525e-08	1.5283e-03
6.9830e-08	1.5277e-03
7.0136e-08	1.5271e-03
7.0444e-08	1.5265e-03
7.0753e-08	1.5259e-03
7.1063e-08	1.5253e-03
7.1375e-08	1.5247e-03
7.1688e-08	1.5241e-03
7.2002e-08	1.5235e-03
7.2318e-08	1.5229e-03
7.2635e-08	1.5223e-03
7.2954e-08	1.5217e-03
7.3274e-08	1.5211e-03
7.3596e-08	1.5205e-03
7.3918e-08	1.5199e-03
7.4243e-08	1.5193e-03
7.4568e-08	1.5187e-03
7.4895e-08	1.5181e-03
7.5224e-08	1.5175e-03
7.5554e-08	1.5169e-03
7.5885e-08	1.5163e-03
7.6218e-08	1.5157e-03
7.6553e-08	1.5151e-03
7.6889e-08	1.5145e-03
7.7226e-08	1.5139e-03
7.7565e-08	1.5133e-03
7.7905e-08	1.5127e-03
7.8247e-08	1.5121e-03
7.8590e-08	1.5115e-03
7.8935e-08	1.5109e-03
7.9281e-08	1.5103e-03
7.9629e-08	1.5097e-03
7.9978e-08	1.5092e-03
8.0329e-08	1.5086e-03
8.0681e-08	1.5080e-03
8.1035e-08	1.5074e-03
8.1391e-08	1.5068e-03
8.1748e-08	1.5062e-03
8.2106e-08	1.5056e-03
8.2466e-08	1.5050e-03
8.2828e-08	1.5044e-03
8.3192e-08	1.5038e-03
8.3557e-08	1.5032e-03
8.3923e-08	1.5026e-03
8.4291e-08	1.5020e-03
8.4661e-08	1.5014e-03
8.5032e-08	1.5009e-03
8.5405e-08	1.5003e-03
8.5780e-08	1.4997e-03
8.6156e-08	1.4991e-03
8.6534e-08	1.4985e-03
8.6914e-08	1.4979e-03
8.7295e-08	1.4973e-03
8.7678e-08	1.4967e-03
8.8063e-08	1.4961e-03
8.8449e-08	1.4955e-03
8.8837e-08	1.4949e-03
8.9227e-08	1.4944e-03
8.9618e-08	1.4938e-03
9.0011e-08	1.4932e-03
9.0406e-08	1.4926e-03
9.0803e-08	1.4920e-03
9.1201e-08	1.4914e-03
9.1601e-08	1.4908e-03
9.2003e-08	1.4902e-03
9.2407e-08	1.4897e-03
9.2812e-08	1.4891e-03
9.3219e-08	1.4885e-03
9.3628e-08	1.4879e-03
9.4039e-08	1.4873e-03
9.4451e-08	1.4867e-03
9.4866e-08	1.4861e-03
9.5282e-08	1.4856e-03
9.5700e-08	1.4850e-03
9.6120e-08	1.4844e-03
9.6541e-08	1.4838e-03
9.6965e-08	1.4832e-03
9.7390e-08	1.4826e-03
9.7817e-08	1.4820e-03
9.8246e-08	1.4815e-03
9.8677e-08	1.4809e-03
9.9110e-08	1.4803e-03
9.9545e-08	1.4797e-03
9.9982e-08	1.4791e-03
1.0042e-07	1.4786e-03
1.0086e-07	1.4780e-03
1.0130e-07	1.4774e-03
1.0175e-07	1.4768e-03
1.0219e-07	1.4762e-03
1.0264e-07	1.4756e-03
1.0309e-07	1.4751e-03
1.0354e-07	1.4745e-03
1.0400e-07	1.4739e-03
1.0446e-07	1.4733e-03
1.0491e-07	1.4727e-03
1.0537e-07	1.4722e-03
1.0584e-07	1.4716e-03
1.0630e-07	1.4710e-03
1.0677e-07	1.4704e-03
1.0724e-07	1.4698e-03
1.0771e-07	1.4693e-03
1.0818e-07	1.4687e-03
1.0865e-07	1.4681e-03
1.0913e-07	1.4675e-03
1.0961e-07	1.4669e-03
1.1009e-07	1.4664e-03
1.1057e-07	1.4658e-03
1.1106e-07	1.4652e-03
1.1154e-07	1.4646e-03
1.1203e-07	1.4641e-03
1.1252e-07	1.4635e-03
1.1302e-07	1.4629e-03
1.1351e-07	1.4623e-03
1.1401e-07	1.4618e-03
1.1451e-07	1.4612e-03
1.1501e-07	1.4606e-03
1.1552e-07	1.4600e-03
1.1603e-07	1.4595e-03
1.1653e-07	1.4589e-03
1.1705e-07	1.4583e-03
1.1756e-07	1.4577e-03
1.1808e-07	1.4572e-03
1.1859e-07	1.4566e-03
1.1911e-07	1.4560e-03
1.1964e-07	1.4554e-03
1.2016e-07	1.4549e-03
1.2069e-07	1.4543e-03
1.2122e-07	1.4537e-03
1.2175e-07	1.4531e-03
1.2228e-07	1.4526e-03
1.2282e-07	1.4520e-03
1.2336e-07	1.4514e-03
1.2390e-07	1.4509e-03
1.2444e-07	1.4503e-03
1.2499e-07	1.4497e-03
1.2554e-07	1.4491e-03
1.2609e-07	1.4486e-03
1.2664e-07	1.4480e-03
1.2720e-07	1.4474e-03
1.2775e-07	1.4469e-03
1.2831e-07	1.4463e-03
1.2888e-07	1.4457e-03
1.2944e-07	1.4451e-03
1.3001e-07	1.4446e-03
1.3058e-07	1.4440e-03
1.3115e-07	1.4434e-03
1.3173e-07	1.4429e-03
1.3231e-07	1.4423e-03
1.3289e-07	1.4417e-03
1.3347e-07	1.4412e-03
1.3406e-07	1.4406e-03
1.3464e-07	1.4400e-03
1.3524e-07	1.4395e-03
1.3583e-07	1.4389e-03
1.3642e-07	1.4383e-03
1.3702e-07	1.4378e-03
1.3762e-07	1.4372e-03
1.3823e-07	1.4366e-03
1.3883e-07	1.4361e-03
1.3944e-07	1.4355e-03
1.4005e-07	1.4349e-03
1.4067e-07	1.4344e-03
1.4129e-07	1.4338e-03
1.4191e-07	1.4332e-03
1.4253e-07	1.4327e-03
1.4315e-07	1.4321e-03
1.4378e-07	1.4316e-03
1.4441e-07	1.4310e-03
1.4505e-07	1.4304e-03
1.4568e-07	1.4299e-03
1.4632e-07	1.4293e-03
1.4696e-07	1.4287e-03
1.4761e-07	1.4282e-03
1.4826e-07	1.4276e-03
1.4891e-07	1.4270e-03
1.4956e-07	1.4265e-03
1.5021e-07	1.4259e-03
1.5087e-07	1.4254e-03
1.5154e-07	1.4248e-03
1.5220e-07	1.4242e-03
1.5287e-07	1.4237e-03
1.5354e-07	1.4231e-03
1.5421e-07	1.4226e-03
1.5489e-07	1.4220e-03
1.5557e-07	1.4214e-03
1.5625e-07	1.4209e-03
1.5694e-07	1.4203e-03
1.5762e-07	1.4198e-03
1.5832e-07	1.4192e-03
1.5901e-07	1.4186e-03
1.5971e-07	1.4181e-03
1.6041e-07	1.4175e-03
1.6111e-07	1.4170e-03
1.6182e-07	1.4164e-03
1.6253e-07	1.4158e-03
1.6324e-07	1.4153e-03
1.6396e-07	1.4147e-03
1.6468e-07	1.4142e-03
1.6540e-07	1.4136e-03
1.6613e-07	1.4131e-03
1.6685e-07	1.4125e-03
1.6759e-07	1.4119e-03
1.6832e-07	1.4114e-03
1.6906e-07	1.4108e-03
1.6980e-07	1.4103e-03
1.7055e-07	1.4097e-03
1.7129e-07	1.4092e-03
1.7205e-07	1.4086e-03
1.7280e-07	1.4081e-03
1.7356e-07	1.4075e-03
1.7432e-07	1.4070e-03
1.7508e-07	1.4064e-03
1.7585e-07	1.4058e-03
1.7662e-07	1.4053e-03
1.7740e-07	1.4047e-03
1.7818e-07	1.4042e-03
1.7896e-07	1.4036e-03
1.7974e-07	1.4031e-03
1.8053e-07	1.4025e-03
1.8132e-07	1.4020e-03
1.8212e-07	1.4014e-03
1.8292e-07	1.4009e-03
1.8372e-07	1.4003e-03
1.8453e-07	1.3998e-03
1.8534e-07	1.3992e-03
1.8615e-07	1.3987e-03
1.8697e-07	1.3981e-03
1.8779e-07	1.3976e-03
1.8861e-07	1.3970e-03
1.8944e-07	1.3965e-03
1.9027e-07	1.3959e-03
1.9110e-07	1.3954e-03
1.9194e-07	1.3948e-03
1.9278e-07	1.3943e-03
1.9363e-07	1.3937e-03
1.9448e-07	1.3932e-03
1.9533e-07	1.3926e-03
1.9619e-07	1.3921e-03
1.9705e-07	1.3915e-03
1.9791e-07	1.3910e-03
1.9878e-07	1.3904e-03
1.9965e-07	1.3899e-03
2.0053e-07	1.3893e-03
2.0141e-07	1.3888e-03
2.0229e-07	1.3882e-03
2.0318e-07	1.3877e-03
2.0407e-07	1.3871e-03
2.0497e-07	1.3866e-03
2.0587e-07	1.3860e-03
2.0677e-07	1.3855e-03
2.0768e-07	1.3850e-03
2.0859e-07	1.3844e-03
2.0950e-07	1.3839e-03
2.1042e-07	1.3833e-03
2.1134e-07	1.3828e-03
2.1227e-07	1.3822e-03
2.1320e-07	1.3817e-03
2.1414e-07	1.3811e-03
2.1508e-07	1.3806e-03
2.1602e-07	1.3801e-03
2.1697e-07	1.3795e-03
2.1792e-07	1.3790e-03
2.1888e-07	1.3784e-03
2.1984e-07	1.3779e-03
2.2080e-07	1.3773e-03
2.2177e-07	1.3768e-03
2.2274e-07	1.3763e-03
2.2372e-07	1.3757e-03
2.2470e-07	1.3752e-03
2.2569e-07	1.3746e-03
2.2668e-07	1.3741e-03
2.2767e-07	1.3735e-03
2.2867e-07	1.3730e-03
2.2967e-07	1.3725e-03
2.3068e-07	1.3719e-03
2.3169e-07	1.3714e-03
2.3271e-07	1.3708e-03
2.3373e-07	1.3703e-03
2.3475e-07	1.3698e-03
2.3578e-07	1.3692e-03
2.3682e-07	1.3687e-03
2.3786e-07	1.3681e-03
2.3890e-07	1.3676e-03
2.3995e-07	1.3671e-03
2.4100e-07	1.3665e-03
2.4206e-07	1.3660e-03
2.4312e-07	1.3655e-03
2.4419e-07	1.3649e-03
2.4526e-07	1.3644e-03
2.4633e-07	1.3638e-03
2.4741e-07	1.3633e-03
2.4850e-07	1.3628e-03
2.4959e-07	1.3622e-03
2.5069e-07	1.3617e-03
2.5178e-07	1.3612e-03
2.5289e-07	1.3606e-03
2.5400e-07	1.3601e-03
2.5511e-07	1.3595e-03
2.5623e-07	1.3590e-03
2.5736e-07	1.3585e-03
2.5849e-07	1.3579e-03
2.5962e-07	1.3574e-03
2.6076e-07	1.3569e-03
2.6190e-07	1.3563e-03
2.6305e-07	1.3558e-03
2.6420e-07	1.3553e-03
2.6536e-07	1.3547e-03
2.6653e-07	1.3542e-03
2.6770e-07	1.3537e-03
2.6887e-07	1.3531e-03
2.7005e-07	1.3526e-03
2.7124e-07	1.3521e-03
2.7243e-07	1.3515e-03
2.7362e-07	1.3510e-03
2.7482e-07	1.3505e-03
2.7603e-07	1.3499e-03
2.7724e-07	1.3494e-03
2.7845e-07	1.3489e-03
2.7967e-07	1.3483e-03
2.8090e-07	1.3478e-03
2.8213e-07	1.3473e-03
2.8337e-07	1.3468e-03
2.8461e-07	1.3462e-03
2.8586e-07	1.3457e-03
2.8712e-07	1.3452e-03
2.8838e-07	1.3446e-03
2.8964e-07	1.3441e-03
2.9091e-07	1.3436e-03
2.9219e-07	1.3430e-03
2.9347e-07	1.3425e-03
2.9476e-07	1.3420e-03
2.9605e-07	1.3415e-03
2.9735e-07	1.3409e-03
2.9865e-07	1.3404e-03
2.9996e-07	1.3399e-03
3.0128e-07	1.3393e-03
3.0260e-07	1.3388e-03
3.0393e-07	1.3383e-03
3.0526e-07	1.3378e-03
3.0660e-07	1.3372e-03
3.0795e-07	1.3367e-03
3.0930e-07	1.3362e-03
3.1065e-07	1.3357e-03
3.1202e-07	1.3351e-03
3.1339e-07	1.3346e-03
3.1476e-07	1.3341e-03
3.1614e-07	1.3336e-03
3.1753e-07	1.3330e-03
3.1892e-07	1.3325e-03
3.2032e-07	1.3320e-03
3.2173e-07	1.3315e-03
3.2314e-07	1.3309e-03
3.2455e-07	1.3304e-03
3.2598e-07	1.3299e-03
3.2741e-07	1.3294e-03
3.2884e-07	1.3288e-03
3.3029e-07	1.3283e-03
3.3174e-07	1.3278e-03
3.3319e-07	1.3273e-03
3.3465e-07	1.3267e-03
3.3612e-07	1.3262e-03
3.3760e-07	1.3257e-03
3.3908e-07	1.3252e-03
3.4056e-07	1.3247e-03
3.4206e-07	1.3241e-03
3.4356e-07	1.3236e-03
3.4507e-07	1.3231e-03
3.4658e-07	1.3226e-03
3.4810e-07	1.3220e-03
3.4963e-07	1.3215e-03
3.5116e-07	1.3210e-03
3.5270e-07	1.3205e-03
3.5425e-07	1.3200e-03
3.5580e-07	1.3194e-03
3.5736e-07	1.3189e-03
3.5893e-07	1.3184e-03
3.6050e-07	1.3179e-03
3.6209e-07	1.3174e-03
3.6367e-07	1.3168e-03
3.6527e-07	1.3163e-03
3.6687e-07	1.3158e-03
3.6848e-07	1.3153e-03
3.7010e-07	1.3148e-03
3.7172e-07	1.3143e-03
3.7335e-07	1.3137e-03
3.7499e-07	1.3132e-03
3.7664e-07	1.3127e-03
3.7829e-07	1.3122e-03
3.7995e-07	1.3117e-03
3.8161e-07	1.3112e-03
3.8329e-07	1.3106e-03
3.8497e-07	1.3101e-03
3.8666e-07	1.3096e-03
3.8835e-07	1.3091e-03
3.9006e-07	1.3086e-03
3.9177e-07	1.3081e-03
3.9349e-07	1.3075e-03
3.9521e-07	1.3070e-03
3.9695e-07	1.3065e-03
3.9869e-07	1.3060e-03
4.0044e-07	1.3055e-03
4.0219e-07	1.3050e-03
4.0396e-07	1.3045e-03
4.0573e-07	1.3039e-03
4.0751e-07	1.3034e-03
4.0930e-07	1.3029e-03
4.1109e-07	1.3024e-03
4.1290e-07	1.3019e-03
4.1471e-07	1.3014e-03
4.1653e-07	1.3009e-03
4.1835e-07	1.3004e-03
4.2019e-07	1.2998e-03
4.2203e-07	1.2993e-03
4.2388e-07	1.2988e-03
4.2574e-07	1.2983e-03
4.2761e-07	1.2978e-03
4.2949e-07	1.2973e-03
4.3137e-07	1.2968e-03
4.3326e-07	1.2963e-03
4.3516e-07	1.2957e-03
4.3707e-07	1.2952e-03
4.3899e-07	1.2947e-03
4.4092e-07	1.2942e-03
4.4285e-07	1.2937e-03
4.4479e-07	1.2932e-03
4.4674e-07	1.2927e-03
4.4870e-07	1.2922e-03
4.5067e-07	1.2917e-03
4.5265e-07	1.2912e-03
4.5464e-07	1.2907e-03
4.5663e-07	1.2901e-03
4.5863e-07	1.2896e-03
4.6065e-07	1.2891e-03
4.6267e-07	1.2886e-03
4.6470e-07	1.2881e-03
4.6673e-07	1.2876e-03
4.6878e-07	1.2871e-03
4.7084e-07	1.2866e-03
4.7290e-07	1.2861e-03
4.7498e-07	1.2856e-03
4.7706e-07	1.2851e-03
4.7915e-07	1.2846e-03
4.8126e-07	1.2841e-03
4.8337e-07	1.2836e-03
4.8549e-07	1.2831e-03
4.8762e-07	1.2825e-03
4.8976e-07	1.2820e-03
4.9191e-07	1.2815e-03
4.9406e-07	1.2810e-03
4.9623e-07	1.2805e-03
4.9841e-07	1.2800e-03
5.0059e-07	1.2795e-03
5.0279e-07	1.2790e-03
5.0500e-07	1.2785e-03
5.0721e-07	1.2780e-03
5.0944e-07	1.2775e-03
5.1167e-07	1.2770e-03
5.1391e-07	1.2765e-03
5.1617e-07	1.2760e-03
5.1843e-07	1.2755e-03
5.2071e-07	1.2750e-03
5.2299e-07	1.2745e-03
5.2529e-07	1.2740e-03
5.2759e-07	1.2735e-03
5.2991e-07	1.2730e-03
5.3223e-07	1.2725e-03
5.3456e-07	1.2720e-03
5.3691e-07	1.2715e-03
5.3926e-07	1.2710e-03
5.4163e-07	1.2705e-03
5.4401e-07	1.2700e-03
5.4639e-07	1.2695e-03
5.4879e-07	1.2690e-03
5.5120e-07	1.2685e-03
5.5362e-07	1.2680e-03
5.5604e-07	1.2675e-03
5.5848e-07	1.2670e-03
5.6093e-07	1.2665e-03
5.6339e-07	1.2660e-03
5.6587e-07	1.2655e-03
5.6835e-07	1.2650e-03
5.7084e-07	1.2645e-03
5.7334e-07	1.2640e-03
5.7586e-07	1.2635e-03
5.7839e-07	1.2630e-03
5.8092e-07	1.2625e-03
5.8347e-07	1.2620e-03
5.8603e-07	1.2615e-03
5.8860e-07	1.2610e-03
5.9118e-07	1.2605e-03
5.9378e-07	1.2600e-03
5.9638e-07	1.2595e-03
5.9900e-07	1.2590e-03
6.0163e-07	1.2585e-03
6.0427e-07	1.2580e-03
6.0692e-07	1.2575e-03
6.0958e-07	1.2570e-03
6.1225e-07	1.2565e-03
6.1494e-07	1.2560e-03
6.1764e-07	1.2556e-03
6.2035e-07	1.2551e-03
6.2307e-07	1.2546e-03
6.2580e-07	1.2541e-03
6.2855e-07	1.2536e-03
6.3130e-07	1.2531e-03
6.3407e-07	1.2526e-03
6.3685e-07	1.2521e-03
6.3965e-07	1.2516e-03
6.4245e-07	1.2511e-03
6.4527e-07	1.2506e-03
6.4810e-07	1.2501e-03
6.5095e-07	1.2496e-03
6.5380e-07	1.2491e-03
6.5667e-07	1.2486e-03
6.5955e-07	1.2482e-03
6.6244e-07	1.2477e-03
6.6535e-07	1.2472e-03
6.6827e-07	1.2467e-03
6.7120e-07	1.2462e-03
6.7414e-07	1.2457e-03
6.7710e-07	1.2452e-03
6.8007e-07	1.2447e-03
6.8305e-07	1.2442e-03
6.8605e-07	1.2437e-03
6.8906e-07	1.2432e-03
6.9208e-07	1.2428e-03
6.9512e-07	1.2423e-03
6.9817e-07	1.2418e-03
7.0123e-07	1.2413e-03
7.0431e-07	1.2408e-03
7.0740e-07	1.2403e-03
7.1050e-07	1.2398e-03
7.1362e-07	1.2393e-03
7.1675e-07	1.2388e-03
7.1989e-07	1.2384e-03
7.2305e-07	1.2379e-03
7.2622e-07	1.2374e-03
7.2941e-07	1.2369e-03
7.3261e-07	1.2364e-03
7.3582e-07	1.2359e-03
7.3905e-07	1.2354e-03
7.4229e-07	1.2349e-03
7.4555e-07	1.2345e-03
7.4882e-07	1.2340e-03
7.5210e-07	1.2335e-03
7.5540e-07	1.2330e-03
7.5872e-07	1.2325e-03
7.6204e-07	1.2320e-03
7.6539e-07	1.2315e-03
7.6875e-07	1.2311e-03
7.7212e-07	1.2306e-03
7.7550e-07	1.2301e-03
7.7891e-07	1.2296e-03
7.8232e-07	1.2291e-03
7.8576e-07	1.2286e-03
7.8920e-07	1.2282e-03
7.9266e-07	1.2277e-03
7.9614e-07	1.2272e-03
7.9963e-07	1.2267e-03
8.0314e-07	1.2262e-03
8.0667e-07	1.2257e-03
8.1020e-07	1.2253e-03
8.1376e-07	1.2248e-03
8.1733e-07	1.2243e-03
8.2091e-07	1.2238e-03
8.2451e-07	1.2233e-03
8.2813e-07	1.2228e-03
8.3176e-07	1.2224e-03
8.3541e-07	1.2219e-03
8.3908e-07	1.2214e-03
8.4276e-07	1.2209e-03
8.4646e-07	1.2204e-03
8.5017e-07	1.2200e-03
8.5390e-07	1.2195e-03
8.5764e-07	1.2190e-03
8.6141e-07	1.2185e-03
8.6519e-07	1.2180e-03
8.6898e-07	1.2176e-03
8.7279e-07	1.2171e-03
8.7662e-07	1.2166e-03
8.8047e-07	1.2161e-03
8.8433e-07	1.2156e-03
8.8821e-07	1.2152e-03
8.9211e-07	1.2147e-03
8.9602e-07	1.2142e-03
8.9995e-07	1.2137e-03
9.0390e-07	1.2132e-03
9.0786e-07	1.2128e-03
9.1184e-07	1.2123e-03
9.1584e-07	1.2118e-03
9.1986e-07	1.2113e-03
9.2390e-07	1.2109e-03
9.2795e-07	1.2104e-03
9.3202e-07	1.2099e-03
9.3611e-07	1.2094e-03
9.4022e-07	1.2090e-03
9.4434e-07	1.2085e-03
9.4848e-07	1.2080e-03
9.5264e-07	1.2075e-03
9.5682e-07	1.2070e-03
9.6102e-07	1.2066e-03
9.6524e-07	1.2061e-03
9.6947e-07	1.2056e-03
9.7372e-07	1.2051e-03
9.7800e-07	1.2047e-03
9.8229e-07	1.2042e-03
9.8659e-07	1.2037e-03
9.9092e-07	1.2033e-03
9.9527e-07	1.2028e-03
9.9964e-07	1.2023e-03
1.0040e-06	1.2018e-03
1.0084e-06	1.2014e-03
1.0128e-06	1.2009e-03
1.0173e-06	1.2004e-03
1.0218e-06	1.1999e-03
1.0262e-06	1.1995e-03
1.0307e-06	1.1990e-03
1.0353e-06	1.1985e-03
1.0398e-06	1.1980e-03
1.0444e-06	1.1976e-03
1.0489e-06	1.1971e-03
1.0535e-06	1.1966e-03
1.0582e-06	1.1962e-03
1.0628e-06	1.1957e-03
1.0675e-06	1.1952e-03
1.0722e-06	1.1947e-03
1.0769e-06	1.1943e-03
1.0816e-06	1.1938e-03
1.0863e-06	1.1933e-03
1.0911e-06	1.1929e-03
1.0959e-06	1.1924e-03
1.1007e-06	1.1919e-03
1.1055e-06	1.1915e-03
1.1104e-06	1.1910e-03
1.1152e-06	1.1905e-03
1.1201e-06	1.1901e-03
1.1250e-06	1.1896e-03
1.1300e-06	1.1891e-03
1.1349e-06	1.1886e-03
1.1399e-06	1.1882e-03
1.1449e-06	1.1877e-03
1.1499e-06	1.1872e-03
1.1550e-06	1.1868e-03
1.1600e-06	1.1863e-03
1.1651e-06	1.1858e-03
1.1702e-06	1.1854e-03
1.1754e-06	1.1849e-03
1.1805e-06	1.1844e-03
1.1857e-06	1.1840e-03
1.1909e-06	1.1835e-03
1.1961e-06	1.1830e-03
1.2014e-06	1.1826e-03
1.2067e-06	1.1821e-03
1.2120e-06	1.1816e-03
1.2173e-06	1.1812e-03
1.2226e-06	1.1807e-03
1.2280e-06	1.1802e-03
1.2334e-06	1.1798e-03
1.2388e-06	1.1793e-03
1.2442e-06	1.1789e-03
1.2497e-06	1.1784e-03
1.2551e-06	1.1779e-03
1.2606e-06	1.1775e-03
1.2662e-06	1.1770e-03
1.2717e-06	1.1765e-03
1.2773e-06	1.1761e-03
1.2829e-06	1.1756e-03
1.2885e-06	1.1751e-03
1.2942e-06	1.1747e-03
1.2999e-06	1.1742e-03
1.3056e-06	1.1738e-03
1.3113e-06	1.1733e-03
1.3171e-06	1.1728e-03
1.3228e-06	1.1724e-03
1.3286e-06	1.1719e-03
1.3345e-06	1.1714e-03
1.3403e-06	1.1710e-03
1.3462e-06	1.1705e-03
1.3521e-06	1.1701e-03
1.3580e-06	1.1696e-03
1.3640e-06	1.1691e-03
1.3700e-06	1.1687e-03
1.3760e-06	1.1682e-03
1.3820e-06	1.1678e-03
1.3881e-06	1.1673e-03
1.3942e-06	1.1668e-03
1.4003e-06	1.1664e-03
1.4064e-06	1.1659e-03
1.4126e-06	1.1655e-03
1.4188e-06	1.1650e-03
1.4250e-06	1.1645e-03
1.4313e-06	1.1641e-03
1.4376e-06	1.1636e-03
1.4439e-06	1.1632e-03
1.4502e-06	1.1627e-03
1.4566e-06	1.1623e-03
1.4629e-06	1.1618e-03
1.4694e-06	1.1613e-03
1.4758e-06	1.1609e-03
1.4823e-06	1.1604e-03
1.4888e-06	1.1600e-03
1.4953e-06	1.1595e-03
1.5019e-06	1.1591e-03
1.5085e-06	1.1586e-03
1.5151e-06	1.1581e-03
1.5217e-06	1.1577e-03
1.5284e-06	1.1572e-03
1.5351e-06	1.1568e-03
1.5418e-06	1.1563e-03
1.5486e-06	1.1559e-03
1.5554e-06	1.1554e-03
1.5622e-06	1.1549e-03
1.5691e-06	1.1545e-03
1.5760e-06	1.1540e-03
1.5829e-06	1.1536e-03
1.5898e-06	1.1531e-03
1.5968e-06	1.1527e-03
1.6038e-06	1.1522e-03
1.6108e-06	1.1518e-03
1.6179e-06	1.1513e-03
1.6250e-06	1.1509e-03
1.6321e-06	1.1504e-03
1.6393e-06	1.1500e-03
1.6465e-06	1.1495e-03
1.6537e-06	1.1491e-03
1.6610e-06	1.1486e-03
1.6682e-06	1.1481e-03
1.6756e-06	1.1477e-03
1.6829e-06	1.1472e-03
1.6903e-06	1.1468e-03
1.6977e-06	1.1463e-03
1.7051e-06	1.1459e-03
1.7126e-06	1.1454e-03
1.7201e-06	1.1450e-03
1.7277e-06	1.1445e-03
1.7353e-06	1.1441e-03
1.7429e-06	1.1436e-03
1.7505e-06	1.1432e-03
1.7582e-06	1.1427e-03
1.7659e-06	1.1423e-03
1.7737e-06	1.1418e-03
1.7814e-06	1.1414e-03
1.7893e-06	1.1409e-03
1.7971e-06	1.1405e-03
1.8050e-06	1.1400e-03
1.8129e-06	1.1396e-03
1.8209e-06	1.1391e-03
1.8289e-06	1.1387e-03
1.8369e-06	1.1382e-03
1.8449e-06	1.1378e-03
1.8530e-06	1.1373e-03
1.8612e-06	1.1369e-03
1.8693e-06	1.1364e-03
1.8775e-06	1.1360e-03
1.8858e-06	1.1356e-03
1.8940e-06	1.1351e-03
1.9023e-06	1.1347e-03
1.9107e-06	1.1342e-03
1.9191e-06	1.1338e-03
1.9275e-06	1.1333e-03
1.9359e-06	1.1329e-03
1.9444e-06	1.1324e-03
1.9530e-06	1.1320e-03
1.9615e-06	1.1315e-03
1.9701e-06	1.1311e-03
1.9788e-06	1.1306e-03
1.9875e-06	1.1302e-03
1.9962e-06	1.1297e-03
2.0049e-06	1.1293e-03
2.0137e-06	1.1289e-03
2.0226e-06	1.1284e-03
2.0314e-06	1.1280e-03
2.0403e-06	1.1275e-03
2.0493e-06	1.1271e-03
2.0583e-06	1.1266e-03
2.0673e-06	1.1262e-03
2.0764e-06	1.1258e-03
2.0855e-06	1.1253e-03
2.0946e-06	1.1249e-03
2.1038e-06	1.1244e-03
2.1131e-06	1.1240e-03
2.1223e-06	1.1235e-03
2.1316e-06	1.1231e-03
2.1410e-06	1.1227e-03
2.1504e-06	1.1222e-03
2.1598e-06	1.1218e-03
2.1693e-06	1.1213e-03
2.1788e-06	1.1209e-03
2.1884e-06	1.1204e-03
2.1980e-06	1.1200e-03
2.2076e-06	1.1196e-03
2.2173e-06	1.1191e-03
2.2270e-06	1.1187e-03
2.2368e-06	1.1182e-03
2.2466e-06	1.1178e-03
2.2565e-06	1.1174e-03
2.2663e-06	1.1169e-03
2.2763e-06	1.1165e-03
2.2863e-06	1.1160e-03
2.2963e-06	1.1156e-03
2.3064e-06	1.1152e-03
2.3165e-06	1.1147e-03
2.3267e-06	1.1143e-03
2.3369e-06	1.1138e-03
2.3471e-06	1.1134e-03
2.3574e-06	1.1130e-03
2.3678e-06	1.1125e-03
2.3781e-06	1.1121e-03
2.3886e-06	1.1116e-03
2.3991e-06	1.1112e-03
2.4096e-06	1.1108e-03
2.4201e-06	1.1103e-03
2.4308e-06	1.1099e-03
2.4414e-06	1.1095e-03
2.4521e-06	1.1090e-03
2.4629e-06	1.1086e-03
2.4737e-06	1.1082e-03
2.4845e-06	1.1077e-03
2.4954e-06	1.1073e-03
2.5064e-06	1.1068e-03
2.5174e-06	1.1064e-03
2.5284e-06	1.1060e-03
2.5395e-06	1.1055e-03
2.5507e-06	1.1051e-03
2.5619e-06	1.1047e-03
2.5731e-06	1.1042e-03
2.5844e-06	1.1038e-03
2.5957e-06	1.1034e-03
2.6071e-06	1.1029e-03
2.6185e-06	1.1025e-03
2.6300e-06	1.1021e-03
2.6416e-06	1.1016e-03
2.6532e-06	1.1012e-03
2.6648e-06	1.1008e-03
2.6765e-06	1.1003e-03
2.6882e-06	1.0999e-03
2.7000e-06	1.0995e-03
2.7119e-06	1.0990e-03
2.7238e-06	1.0986e-03
2.7357e-06	1.0982e-03
2.7477e-06	1.0977e-03
2.7598e-06	1.0973e-03
2.7719e-06	1.0969e-03
2.7840e-06	1.0964e-03
2.7962e-06	1.0960e-03
2.8085e-06	1.0956e-03
2.8208e-06	1.0951e-03
2.8332e-06	1.0947e-03
2.8456e-06	1.0943e-03
2.8581e-06	1.0938e-03
2.8707e-06	1.0934e-03
2.8832e-06	1.0930e-03
2.8959e-06	1.0925e-03
2.9086e-06	1.0921e-03
2.9214e-06	1.0917e-03
2.9342e-06	1.0913e-03
2.9470e-06	1.0908e-03
2.9600e-06	1.0904e-03
2.9730e-06	1.0900e-03
2.9860e-06	1.0895e-03
2.9991e-06	1.0891e-03
3.0123e-06	1.0887e-03
3.0255e-06	1.0883e-03
3.0387e-06	1.0878e-03
3.0521e-06	1.0874e-03
3.0655e-06	1.0870e-03
3.0789e-06	1.0865e-03
3.0924e-06	1.0861e-03
3.1060e-06	1.0857e-03
3.1196e-06	1.0853e-03
3.1333e-06	1.0848e-03
3.1470e-06	1.0844e-03
3.1608e-06	1.0840e-03
3.1747e-06	1.0835e-03
3.1886e-06	1.0831e-03
3.2026e-06	1.0827e-03
3.2167e-06	1.0823e-03
3.2308e-06	1.0818e-03
3.2450e-06	1.0814e-03
3.2592e-06	1.0810e-03
3.2735e-06	1.0806e-03
3.2878e-06	1.0801e-03
3.3023e-06	1.0797e-03
3.3168e-06	1.0793e-03
3.3313e-06	1.0789e-03
3.3459e-06	1.0784e-03
3.3606e-06	1.0780e-03
3.3753e-06	1.0776e-03
3.3901e-06	1.0772e-03
3.4050e-06	1.0767e-03
3.4200e-06	1.0763e-03
3.4350e-06	1.0759e-03
3.4500e-06	1.0755e-03
3.4652e-06	1.0750e-03
3.4804e-06	1.0746e-03
3.4956e-06	1.0742e-03
3.5110e-06	1.0738e-03
3.5264e-06	1.0733e-03
3.5418e-06	1.0729e-03
3.5574e-06	1.0725e-03
3.5730e-06	1.0721e-03
3.5886e-06	1.0717e-03
3.6044e-06	1.0712e-03
3.6202e-06	1.0708e-03
3.6361e-06	1.0704e-03
3.6520e-06	1.0700e-03
3.6681e-06	1.0695e-03
3.6841e-06	1.0691e-03
3.7003e-06	1.0687e-03
3.7165e-06	1.0683e-03
3.7328e-06	1.0679e-03
3.7492e-06	1.0674e-03
3.7657e-06	1.0670e-03
3.7822e-06	1.0666e-03
3.7988e-06	1.0662e-03
3.8154e-06	1.0658e-03
3.8322e-06	1.0653e-03
3.8490e-06	1.0649e-03
3.8659e-06	1.0645e-03
3.8828e-06	1.0641e-03
3.8999e-06	1.0637e-03
3.9170e-06	1.0632e-03
3.9342e-06	1.0628e-03
3.9514e-06	1.0624e-03
3.9687e-06	1.0620e-03
3.9862e-06	1.0616e-03
4.0036e-06	1.0612e-03
4.0212e-06	1.0607e-03
4.0388e-06	1.0603e-03
4.0566e-06	1.0599e-03
4.0744e-06	1.0595e-03
4.0922e-06	1.0591e-03
4.1102e-06	1.0587e-03
4.1282e-06	1.0582e-03
4.1463e-06	1.0578e-03
4.1645e-06	1.0574e-03
4.1828e-06	1.0570e-03
4.2011e-06	1.0566e-03
4.2196e-06	1.0562e-03
4.2381e-06	1.0557e-03
4.2567e-06	1.0553e-03
4.2753e-06	1.0549e-03
4.2941e-06	1.0545e-03
4.3129e-06	1.0541e-03
4.3319e-06	1.0537e-03
4.3509e-06	1.0532e-03
4.3699e-06	1.0528e-03
4.3891e-06	1.0524e-03
4.4084e-06	1.0520e-03
4.4277e-06	1.0516e-03
4.4471e-06	1.0512e-03
4.4666e-06	1.0508e-03
4.4862e-06	1.0503e-03
4.5059e-06	1.0499e-03
4.5257e-06	1.0495e-03
4.5455e-06	1.0491e-03
4.5655e-06	1.0487e-03
4.5855e-06	1.0483e-03
4.6056e-06	1.0479e-03
4.6258e-06	1.0474e-03
4.6461e-06	1.0470e-03
4.6665e-06	1.0466e-03
4.6870e-06	1.0462e-03
4.7075e-06	1.0458e-03
4.7282e-06	1.0454e-03
4.7489e-06	1.0450e-03
4.7697e-06	1.0446e-03
4.7907e-06	1.0442e-03
4.8117e-06	1.0437e-03
4.8328e-06	1.0433e-03
4.8540e-06	1.0429e-03
4.8753e-06	1.0425e-03
4.8967e-06	1.0421e-03
4.9182e-06	1.0417e-03
4.9397e-06	1.0413e-03
4.9614e-06	1.0409e-03
4.9832e-06	1.0405e-03
5.0050e-06	1.0400e-03
5.0270e-06	1.0396e-03
5.0490e-06	1.0392e-03
5.0712e-06	1.0388e-03
5.0934e-06	1.0384e-03
5.1158e-06	1.0380e-03
5.1382e-06	1.0376e-03
5.1608e-06	1.0372e-03
5.1834e-06	1.0368e-03
5.2061e-06	1.0364e-03
5.2290e-06	1.0360e-03
5.2519e-06	1.0356e-03
5.2749e-06	1.0351e-03
5.2981e-06	1.0347e-03
5.3213e-06	1.0343e-03
5.3447e-06	1.0339e-03
5.3681e-06	1.0335e-03
5.3917e-06	1.0331e-03
5.4153e-06	1.0327e-03
5.4391e-06	1.0323e-03
5.4629e-06	1.0319e-03
5.4869e-06	1.0315e-03
5.5110e-06	1.0311e-03
5.5351e-06	1.0307e-03
5.5594e-06	1.0303e-03
5.5838e-06	1.0299e-03
5.6083e-06	1.0294e-03
5.6329e-06	1.0290e-03
5.6576e-06	1.0286e-03
5.6824e-06	1.0282e-03
5.7074e-06	1.0278e-03
5.7324e-06	1.0274e-03
5.7576e-06	1.0270e-03
5.7828e-06	1.0266e-03
5.8082e-06	1.0262e-03
5.8337e-06	1.0258e-03
5.8592e-06	1.0254e-03
5.8850e-06	1.0250e-03
5.9108e-06	1.0246e-03
5.9367e-06	1.0242e-03
5.9627e-06	1.0238e-03
5.9889e-06	1.0234e-03
6.0152e-06	1.0230e-03
6.0416e-06	1.0226e-03
6.0681e-06	1.0222e-03
6.0947e-06	1.0218e-03
6.1214e-06	1.0214e-03
6.1483e-06	1.0210e-03
6.1752e-06	1.0206e-03
6.2023e-06	1.0202e-03
6.2295e-06	1.0198e-03
6.2569e-06	1.0194e-03
6.2843e-06	1.0190e-03
6.3119e-06	1.0186e-03
6.3396e-06	1.0182e-03
6.3674e-06	1.0178e-03
6.3953e-06	1.0174e-03
6.4234e-06	1.0170e-03
6.4515e-06	1.0166e-03
6.4798e-06	1.0162e-03
6.5083e-06	1.0158e-03
6.5368e-06	1.0154e-03
6.5655e-06	1.0150e-03
6.5943e-06	1.0146e-03
6.6232e-06	1.0142e-03
6.6523e-06	1.0138e-03
6.6815e-06	1.0134e-03
6.7108e-06	1.0130e-03
6.7402e-06	1.0126e-03
6.7698e-06	1.0122e-03
6.7995e-06	1.0118e-03
6.8293e-06	1.0114e-03
6.8593e-06	1.0110e-03
6.8894e-06	1.0106e-03
6.9196e-06	1.0102e-03
6.9499e-06	1.0098e-03
6.9804e-06	1.0094e-03
7.0110e-06	1.0090e-03
7.0418e-06	1.0086e-03
7.0727e-06	1.0082e-03
7.1037e-06	1.0078e-03
7.1349e-06	1.0074e-03
7.1662e-06	1.0070e-03
7.1976e-06	1.0066e-03
7.2292e-06	1.0062e-03
7.2609e-06	1.0058e-03
7.2927e-06	1.0054e-03
7.3247e-06	1.0050e-03
7.3569e-06	1.0046e-03
7.3891e-06	1.0042e-03
7.4216e-06	1.0038e-03
7.4541e-06	1.0034e-03
7.4868e-06	1.0030e-03
7.5197e-06	1.0026e-03
7.5526e-06	1.0022e-03
7.5858e-06	1.0018e-03
7.6191e-06	1.0014e-03
7.6525e-06	1.0011e-03
7.6860e-06	1.0007e-03
7.7198e-06	1.0003e-03
7.7536e-06	9.9987e-04
7.7876e-06	9.9948e-04
7.8218e-06	9.9908e-04
7.8561e-06	9.9869e-04
7.8906e-06	9.9830e-04
7.9252e-06	9.9790e-04
7.9600e-06	9.9751e-04
7.9949e-06	9.9712e-04
8.0300e-06	9.9673e-04
8.0652e-06	9.9633e-04
8.1006e-06	9.9594e-04
8.1361e-06	9.9555e-04
8.1718e-06	9.9516e-04
8.2076e-06	9.9476e-04
8.2436e-06	9.9437e-04
8.2798e-06	9.9398e-04
8.3161e-06	9.9359e-04
8.3526e-06	9.9320e-04
8.3892e-06	9.9281e-04
8.4260e-06	9.9242e-04
8.4630e-06	9.9203e-04
8.5001e-06	9.9163e-04
8.5374e-06	9.9124e-04
8.5749e-06	9.9085e-04
8.6125e-06	9.9046e-04
8.6503e-06	9.9007e-04
8.6882e-06	9.8968e-04
8.7263e-06	9.8929e-04
8.7646e-06	9.8890e-04
8.8031e-06	9.8851e-04
8.8417e-06	9.8812e-04
8.8805e-06	9.8774e-04
8.9194e-06	9.8735e-04
8.9586e-06	9.8696e-04
8.9979e-06	9.8657e-04
9.0373e-06	9.8618e-04
9.0770e-06	9.8579e-04
9.1168e-06	9.8540e-04
9.1568e-06	9.8502e-04
9.1969e-06	9.8463e-04
9.2373e-06	9.8424e-04
9.2778e-06	9.8385e-04
9.3185e-06	9.8346e-04
9.3594e-06	9.8308e-04
9.4005e-06	9.8269e-04
9.4417e-06	9.8230e-04
9.4831e-06	9.8192e-04
9.5247e-06	9.8153e-04
9.5665e-06	9.8114e-04
9.6085e-06	9.8076e-04
9.6506e-06	9.8037e-04
9.6929e-06	9.7998e-04
9.7355e-06	9.7960e-04
9.7782e-06	9.7921e-04
9.8211e-06	9.7883e-04
9.8641e-06	9.7844e-04
9.9074e-06	9.7806e-04
9.9509e-06	9.7767e-04
9.9945e-06	9.7729e-04
1.0038e-05	9.7690e-04
1.0082e-05	9.7652e-04
1.0127e-05	9.7613e-04
1.0171e-05	9.7575e-04
1.0216e-05	9.7536e-04
1.0261e-05	9.7498e-04
1.0306e-05	9.7459e-04
1.0351e-05	9.7421e-04
1.0396e-05	9.7383e-04
1.0442e-05	9.7344e-04
1.0488e-05	9.7306e-04
1.0534e-05	9.7268e-04
1.0580e-05	9.7229e-04
1.0626e-05	9.7191e-04
1.0673e-05	9.7153e-04
1.0720e-05	9.7114e-04
1.0767e-05	9.7076e-04
1.0814e-05	9.7038e-04
1.0861e-05	9.7000e-04
1.0909e-05	9.6962e-04
1.0957e-05	9.6923e-04
1.1005e-05	9.6885e-04
1.1053e-05	9.6847e-04
1.1102e-05	9.6809e-04
1.1150e-05	9.6771e-04
1.1199e-05	9.6733e-04
1.1248e-05	9.6695e-04
1.1298e-05	9.6656e-04
1.1347e-05	9.6618e-04
1.1397e-05	9.6580e-04
1.1447e-05	9.6542e-04
1.1497e-05	9.6504e-04
1.1548e-05	9.6466e-04
1.1598e-05	9.6428e-04
1.1649e-05	9.6390e-04
1.1700e-05	9.6352e-04
1.1752e-05	9.6314e-04
1.1803e-05	9.6276e-04
1.1855e-05	9.6239e-04
1.1907e-05	9.6201e-04
1.1959e-05	9.6163e-04
1.2012e-05	9.6125e-04
1.2064e-05	9.6087e-04
1.2117e-05	9.6049e-04
1.2170e-05	9.6011e-04
1.2224e-05	9.5973e-04
1.2277e-05	9.5936e-04
1.2331e-05	9.5898e-04
1.2385e-05	9.5860e-04
1.2440e-05	9.5822e-04
1.2494e-05	9.5785e-04
1.2549e-05	9.5747e-04
1.2604e-05	9.5709e-04
1.2659e-05	9.5671e-04
1.2715e-05	9.5634e-04
1.2771e-05	9.5596e-04
1.2827e-05	9.5558e-04
1.2883e-05	9.5521e-04
1.2940e-05	9.5483e-04
1.2996e-05	9.5446e-04
1.3053e-05	9.5408e-04
1.3111e-05	9.5370e-04
1.3168e-05	9.5333e-04
1.3226e-05	9.5295e-04
1.3284e-05	9.5258e-04
1.3342e-05	9.5220e-04
1.3401e-05	9.5183e-04
1.3460e-05	9.5145e-04
1.3519e-05	9.5108e-04
1.3578e-05	9.5070e-04
1.3637e-05	9.5033e-04
1.3697e-05	9.4995e-04
1.3757e-05	9.4958e-04
1.3818e-05	9.4921e-04
1.3878e-05	9.4883e-04
1.3939e-05	9.4846e-04
1.4000e-05	9.4809e-04
1.4062e-05	9.4771e-04
1.4123e-05	9.4734e-04
1.4185e-05	9.4697e-04
1.4248e-05	9.4659e-04
1.4310e-05	9.4622e-04
1.4373e-05	9.4585e-04
1.4436e-05	9.4547e-04
1.4499e-05	9.4510e-04
1.4563e-05	9.4473e-04
1.4627e-05	9.4436e-04
1.4691e-05	9.4399e-04
1.4755e-05	9.4361e-04
1.4820e-05	9.4324e-04
1.4885e-05	9.4287e-04
1.4950e-05	9.4250e-04
1.5016e-05	9.4213e-04
1.5082e-05	9.4176e-04
1.5148e-05	9.4139e-04
1.5214e-05	9.4102e-04
1.5281e-05	9.4064e-04
1.5348e-05	9.4027e-04
1.5416e-05	9.3990e-04
1.5483e-05	9.3953e-04
1.5551e-05	9.3916e-04
1.5619e-05	9.3879e-04
1.5688e-05	9.3842e-04
1.5757e-05	9.3805e-04
1.5826e-05	9.3769e-04
1.5895e-05	9.3732e-04
1.5965e-05	9.3695e-04
1.6035e-05	9.3658e-04
1.6105e-05	9.3621e-04
1.6176e-05	9.3584e-04
1.6247e-05	9.3547e-04
1.6318e-05	9.3510e-04
1.6390e-05	9.3473e-04
1.6462e-05	9.3437e-04
1.6534e-05	9.3400e-04
1.6606e-05	9.3363e-04
1.6679e-05	9.3326e-04
1.6752e-05	9.3290e-04
1.6826e-05	9.3253e-04
1.6900e-05	9.3216e-04
1.6974e-05	9.3179e-04
1.7048e-05	9.3143e-04
1.7123e-05	9.3106e-04
1.7198e-05	9.3069e-04
1.7274e-05	9.3033e-04
1.7350e-05	9.2996e-04
1.7426e-05	9.2959e-04
1.7502e-05	9.2923e-04
1.7579e-05	9.2886e-04
1.7656e-05	9.2850e-04
1.7733e-05	9.2813e-04
1.7811e-05	9.2776e-04
1.7889e-05	9.2740e-04
1.7968e-05	9.2703e-04
1.8047e-05	9.2667e-04
1.8126e-05	9.2630e-04
1.8205e-05	9.2594e-04
1.8285e-05	9.2557e-04
1.8365e-05	9.2521e-04
1.8446e-05	9.2484e-04
1.8527e-05	9.2448e-04
1.8608e-05	9.2412e-04
1.8690e-05	9.2375e-04
1.8772e-05	9.2339e-04
1.8854e-05	9.2302e-04
1.8937e-05	9.2266e-04
1.9020e-05	9.2230e-04
1.9103e-05	9.2193e-04
1.9187e-05	9.2157e-04
1.9271e-05	9.2121e-04
1.9356e-05	9.2085e-04
1.9441e-05	9.2048e-04
1.9526e-05	9.2012e-04
1.9612e-05	9.1976e-04
1.9698e-05	9.1940e-04
1.9784e-05	9.1903e-04
1.9871e-05	9.1867e-04
1.9958e-05	9.1831e-04
2.0046e-05	9.1795e-04
2.0134e-05	9.1759e-04
2.0222e-05	9.1723e-04
2.0311e-05	9.1686e-04
2.0400e-05	9.1650e-04
2.0489e-05	9.1614e-04
2.0579e-05	9.1578e-04
2.0669e-05	9.1542e-04
2.0760e-05	9.1506e-04
2.0851e-05	9.1470e-04
2.0943e-05	9.1434e-04
2.1034e-05	9.1398e-04
2.1127e-05	9.1362e-04
2.1219e-05	9.1326e-04
2.1312e-05	9.1290e-04
2.1406e-05	9.1254e-04
2.1500e-05	9.1218e-04
2.1594e-05	9.1182e-04
2.1689e-05	9.1146e-04
2.1784e-05	9.1110e-04
2.1880e-05	9.1074e-04
2.1976e-05	9.1039e-04
2.2072e-05	9.1003e-04
2.2169e-05	9.0967e-04
2.2266e-05	9.0931e-04
2.2364e-05	9.0895e-04
2.2462e-05	9.0859e-04
2.2560e-05	9.0824e-04
2.2659e-05	9.0788e-04
2.2759e-05	9.0752e-04
2.2859e-05	9.0716e-04
2.2959e-05	9.0681e-04
2.3060e-05	9.0645e-04
2.3161e-05	9.0609e-04
2.3262e-05	9.0574e-04
2.3364e-05	9.0538e-04
2.3467e-05	9.0502e-04
2.3570e-05	9.0467e-04
2.3673e-05	9.0431e-04
2.3777e-05	9.0395e-04
2.3881e-05	9.0360e-04
2.3986e-05	9.0324e-04
2.4091e-05	9.0289e-04
2.4197e-05	9.0253e-04
2.4303e-05	9.0217e-04
2.4410e-05	9.0182e-04
2.4517e-05	9.0146e-04
2.4624e-05	9.0111e-04
2.4732e-05	9.0075e-04
2.4841e-05	9.0040e-04
2.4950e-05	9.0004e-04
2.5059e-05	8.9969e-04
2.5169e-05	8.9934e-04
2.5280e-05	8.9898e-04
2.5391e-05	8.9863e-04
2.5502e-05	8.9827e-04
2.5614e-05	8.9792e-04
2.5726e-05	8.9757e-04
2.5839e-05	8.9721e-04
2.5952e-05	8.9686e-04
2.6066e-05	8.9651e-04
2.6181e-05	8.9615e-04
2.6296e-05	8.9580e-04
2.6411e-05	8.9545e-04
2.6527e-05	8.9509e-04
2.6643e-05	8.9474e-04
2.6760e-05	8.9439e-04
2.6877e-05	8.9404e-04
2.6995e-05	8.9368e-04
2.7114e-05	8.9333e-04
2.7233e-05	8.9298e-04
2.7352e-05	8.9263e-04
2.7472e-05	8.9228e-04
2.7593e-05	8.9193e-04
2.7714e-05	8.9157e-04
2.7835e-05	8.9122e-04
2.7957e-05	8.9087e-04
2.8080e-05	8.9052e-04
2.8203e-05	8.9017e-04
2.8327e-05	8.8982e-04
2.8451e-05	8.8947e-04
2.8576e-05	8.8912e-04
2.8701e-05	8.8877e-04
2.8827e-05	8.8842e-04
2.8954e-05	8.8807e-04
2.9081e-05	8.8772e-04
2.9208e-05	8.8737e-04
2.9336e-05	8.8702e-04
2.9465e-05	8.8667e-04
2.9594e-05	8.8632e-04
2.9724e-05	8.8597e-04
2.9855e-05	8.8562e-04
2.9985e-05	8.8527e-04
3.0117e-05	8.8493e-04
3.0249e-05	8.8458e-04
3.0382e-05	8.8423e-04
3.0515e-05	8.8388e-04
3.0649e-05	8.8353e-04
3.0783e-05	8.8318e-04
3.0918e-05	8.8284e-04
3.1054e-05	8.8249e-04
3.1190e-05	8.8214e-04
3.1327e-05	8.8179e-04
3.1465e-05	8.8145e-04
3.1603e-05	8.8110e-04
3.1741e-05	8.8075e-04
3.1880e-05	8.8041e-04
3.2020e-05	8.8006e-04
3.2161e-05	8.7971e-04
3.2302e-05	8.7937e-04
3.2444e-05	8.7902e-04
3.2586e-05	8.7867e-04
3.2729e-05	8.7833e-04
3.2872e-05	8.7798e-04
3.3017e-05	8.7764e-04
3.3161e-05	8.7729e-04
3.3307e-05	8.7694e-04
3.3453e-05	8.7660e-04
3.3600e-05	8.7625e-04
3.3747e-05	8.7591e-04
3.3895e-05	8.7556e-04
3.4044e-05	8.7522e-04
3.4193e-05	8.7487e-04
3.4343e-05	8.7453e-04
3.4494e-05	8.7418e-04
3.4645e-05	8.7384e-04
3.4797e-05	8.7350e-04
3.4950e-05	8.7315e-04
3.5103e-05	8.7281e-04
3.5257e-05	8.7246e-04
3.5412e-05	8.7212e-04
3.5567e-05	8.7178e-04
3.5723e-05	8.7143e-04
3.5880e-05	8.7109e-04
3.6037e-05	8.7075e-04
3.6195e-05	8.7040e-04
3.6354e-05	8.7006e-04
3.6514e-05	8.6972e-04
3.6674e-05	8.6938e-04
3.6835e-05	8.6903e-04
3.6996e-05	8.6869e-04
3.7159e-05	8.6835e-04
3.7322e-05	8.6801e-04
3.7485e-05	8.6767e-04
3.7650e-05	8.6732e-04
3.7815e-05	8.6698e-04
3.7981e-05	8.6664e-04
3.8147e-05	8.6630e-04
3.8315e-05	8.6596e-04
3.8483e-05	8.6562e-04
3.8652e-05	8.6528e-04
3.8821e-05	8.6494e-04
3.8992e-05	8.6459e-04
3.9163e-05	8.6425e-04
3.9334e-05	8.6391e-04
3.9507e-05	8.6357e-04
3.9680e-05	8.6323e-04
3.9854e-05	8.6289e-04
4.0029e-05	8.6255e-04
4.0205e-05	8.6221e-04
4.0381e-05	8.6187e-04
4.0558e-05	8.6153e-04
4.0736e-05	8.6120e-04
4.0915e-05	8.6086e-04
4.1094e-05	8.6052e-04
4.1275e-05	8.6018e-04
4.1456e-05	8.5984e-04
4.1638e-05	8.5950e-04
4.1820e-05	8.5916e-04
4.2004e-05	8.5882e-04
4.2188e-05	8.5849e-04
4.2373e-05	8.5815e-04
4.2559e-05	8.5781e-04
4.2746e-05	8.5747e-04
4.2933e-05	8.5713e-04
4.3121e-05	8.5680e-04
4.3311e-05	8.5646e-04
4.3501e-05	8.5612e-04
4.3691e-05	8.5578e-04
4.3883e-05	8.5545e-04
4.4076e-05	8.5511e-04
4.4269e-05	8.5477e-04
4.4463e-05	8.5444e-04
4.4658e-05	8.5410e-04
4.4854e-05	8.5376e-04
4.5051e-05	8.5343e-04
4.5249e-05	8.5309e-04
4.5447e-05	8.5276e-04
4.5646e-05	8.5242e-04
4.5847e-05	8.5208e-04
4.6048e-05	8.5175e-04
4.6250e-05	8.5141e-04
4.6453e-05	8.5108e-04
4.6656e-05	8.5074e-04
4.6861e-05	8.5041e-04
4.7067e-05	8.5007e-04
4.7273e-05	8.4974e-04
4.7480e-05	8.4940e-04
4.7689e-05	8.4907e-04
4.7898e-05	8.4873e-04
4.8108e-05	8.4840e-04
4.8319e-05	8.4807e-04
4.8531e-05	8.4773e-04
4.8744e-05	8.4740e-04
4.8958e-05	8.4706e-04
4.9173e-05	8.4673e-04
4.9388e-05	8.4640e-04
4.9605e-05	8.4606e-04
4.9823e-05	8.4573e-04
5.0041e-05	8.4540e-04
5.0261e-05	8.4506e-04
5.0481e-05	8.4473e-04
5.0703e-05	8.4440e-04
5.0925e-05	8.4407e-04
5.1148e-05	8.4373e-04
5.1373e-05	8.4340e-04
5.1598e-05	8.4307e-04
5.1824e-05	8.4274e-04
5.2052e-05	8.4240e-04
5.2280e-05	8.4207e-04
5.2510e-05	8.4174e-04
5.2740e-05	8.4141e-04
5.2971e-05	8.4108e-04
5.3204e-05	8.4075e-04
5.3437e-05	8.4042e-04
5.3671e-05	8.4008e-04
5.3907e-05	8.3975e-04
5.4143e-05	8.3942e-04
5.4381e-05	8.3909e-04
5.4619e-05	8.3876e-04
5.4859e-05	8.3843e-04
5.5100e-05	8.3810e-04
5.5341e-05	8.3777e-04
5.5584e-05	8.3744e-04
5.5828e-05	8.3711e-04
5.6073e-05	8.3678e-04
5.6319e-05	8.3645e-04
5.6566e-05	8.3612e-04
5.6814e-05	8.3579e-04
5.7063e-05	8.3546e-04
5.7314e-05	8.3514e-04
5.7565e-05	8.3481e-04
5.7818e-05	8.3448e-04
5.8071e-05	8.3415e-04
5.8326e-05	8.3382e-04
5.8582e-05	8.3349e-04
5.8839e-05	8.3316e-04
5.9097e-05	8.3284e-04
5.9356e-05	8.3251e-04
5.9617e-05	8.3218e-04
5.9878e-05	8.3185e-04
6.0141e-05	8.3152e-04
6.0405e-05	8.3120e-04
6.0670e-05	8.3087e-04
6.0936e-05	8.3054e-04
6.1203e-05	8.3021e-04
6.1471e-05	8.2989e-04
6.1741e-05	8.2956e-04
6.2012e-05	8.2923e-04
6.2284e-05	8.2891e-04
6.2557e-05	8.2858e-04
6.2832e-05	8.2825e-04
6.3107e-05	8.2793e-04
6.3384e-05	8.2760e-04
6.3662e-05	8.2728e-04
6.3941e-05	8.2695e-04
6.4222e-05	8.2662e-04
6.4504e-05	8.2630e-04
6.4787e-05	8.2597e-04
6.5071e-05	8.2565e-04
6.5356e-05	8.2532e-04
6.5643e-05	8.2500e-04
6.5931e-05	8.2467e-04
6.6220e-05	8.2435e-04
6.6511e-05	8.2402e-04
6.6802e-05	8.2370e-04
6.7095e-05	8.2337e-04
6.7390e-05	8.2305e-04
6.7685e-05	8.2273e-04
6.7982e-05	8.2240e-04
6.8281e-05	8.2208e-04
6.8580e-05	8.2175e-04
6.8881e-05	8.2143e-04
6.9183e-05	8.2111e-04
6.9487e-05	8.2078e-04
6.9791e-05	8.2046e-04
7.0098e-05	8.2014e-04
7.0405e-05	8.1981e-04
7.0714e-05	8.1949e-04
7.1024e-05	8.1917e-04
7.1336e-05	8.1885e-04
7.1649e-05	8.1852e-04
7.1963e-05	8.1820e-04
7.2279e-05	8.1788e-04
7.2596e-05	8.1756e-04
7.2914e-05	8.1723e-04
7.3234e-05	8.1691e-04
7.3555e-05	8.1659e-04
7.3878e-05	8.1627e-04
7.4202e-05	8.1595e-04
7.4528e-05	8.1563e-04
7.4855e-05	8.1531e-04
7.5183e-05	8.1498e-04
7.5513e-05	8.1466e-04
7.5844e-05	8.1434e-04
7.6177e-05	8.1402e-04
7.6511e-05	8.1370e-04
7.6846e-05	8.1338e-04
7.7184e-05	8.1306e-04
7.7522e-05	8.1274e-04
7.7862e-05	8.1242e-04
7.8204e-05	8.1210e-04
7.8547e-05	8.1178e-04
7.8891e-05	8.1146e-04
7.9238e-05	8.1114e-04
7.9585e-05	8.1082e-04
7.9934e-05	8.1050e-04
8.0285e-05	8.1018e-04
8.0637e-05	8.0986e-04
8.0991e-05	8.0954e-04
8.1346e-05	8.0923e-04
8.1703e-05	8.0891e-04
8.2061e-05	8.0859e-04
8.2421e-05	8.0827e-04
8.2783e-05	8.0795e-04
8.3146e-05	8.0763e-04
8.3511e-05	8.0732e-04
8.3877e-05	8.0700e-04
8.4245e-05	8.0668e-04
8.4615e-05	8.0636e-04
8.4986e-05	8.0604e-04
8.5359e-05	8.0573e-04
8.5733e-05	8.0541e-04
8.6109e-05	8.0509e-04
8.6487e-05	8.0477e-04
8.6866e-05	8.0446e-04
8.7247e-05	8.0414e-04
8.7630e-05	8.0382e-04
8.8015e-05	8.0351e-04
8.8401e-05	8.0319e-04
8.8789e-05	8.0287e-04
8.9178e-05	8.0256e-04
8.9569e-05	8.0224e-04
8.9962e-05	8.0193e-04
9.0357e-05	8.0161e-04
9.0753e-05	8.0130e-04
9.1151e-05	8.0098e-04
9.1551e-05	8.0066e-04
9.1953e-05	8.0035e-04
9.2356e-05	8.0003e-04
9.2761e-05	7.9972e-04
9.3168e-05	7.9940e-04
9.3577e-05	7.9909e-04
9.3987e-05	7.9877e-04
9.4400e-05	7.9846e-04
9.4814e-05	7.9814e-04
9.5230e-05	7.9783e-04
9.5647e-05	7.9752e-04
9.6067e-05	7.9720e-04
9.6488e-05	7.9689e-04
9.6912e-05	7.9657e-04
9.7337e-05	7.9626e-04
9.7764e-05	7.9595e-04
9.8193e-05	7.9563e-04
9.8624e-05	7.9532e-04
9.9056e-05	7.9501e-04
9.9491e-05	7.9469e-04
9.9927e-05	7.9438e-04
1.0037e-04	7.9407e-04
1.0081e-04	7.9375e-04
1.0125e-04	7.9344e-04
1.0169e-04	7.9313e-04
1.0214e-04	7.9282e-04
1.0259e-04	7.9250e-04
1.0304e-04	7.9219e-04
1.0349e-04	7.9188e-04
1.0394e-04	7.9157e-04
1.0440e-04	7.9126e-04
1.0486e-04	7.9095e-04
1.0532e-04	7.9063e-04
1.0578e-04	7.9032e-04
1.0624e-04	7.9001e-04
1.0671e-04	7.8970e-04
1.0718e-04	7.8939e-04
1.0765e-04	7.8908e-04
1.0812e-04	7.8877e-04
1.0859e-04	7.8846e-04
1.0907e-04	7.8815e-04
1.0955e-04	7.8784e-04
1.1003e-04	7.8753e-04
1.1051e-04	7.8722e-04
1.1100e-04	7.8691e-04
1.1148e-04	7.8660e-04
1.1197e-04	7.8629e-04
1.1246e-04	7.8598e-04
1.1296e-04	7.8567e-04
1.1345e-04	7.8536e-04
1.1395e-04	7.8505e-04
1.1445e-04	7.8474e-04
1.1495e-04	7.8443e-04
1.1546e-04	7.8412e-04
1.1596e-04	7.8381e-04
1.1647e-04	7.8350e-04
1.1698e-04	7.8319e-04
1.1750e-04	7.8289e-04
1.1801e-04	7.8258e-04
1.1853e-04	7.8227e-04
1.1905e-04	7.8196e-04
1.1957e-04	7.8165e-04
1.2010e-04	7.8134e-04
1.2062e-04	7.8104e-04
1.2115e-04	7.8073e-04
1.2168e-04	7.8042e-04
1.2222e-04	7.8011e-04
1.2275e-04	7.7981e-04
1.2329e-04	7.7950e-04
1.2383e-04	7.7919e-04
1.2437e-04	7.7889e-04
1.2492e-04	7.7858e-04
1.2547e-04	7.7827e-04
1.2602e-04	7.7797e-04
1.2657e-04	7.7766e-04
1.2713e-04	7.7735e-04
1.2768e-04	7.7705e-04
1.2824e-04	7.7674e-04
1.2881e-04	7.7644e-04
1.2937e-04	7.7613e-04
1.2994e-04	7.7582e-04
1.3051e-04	7.7552e-04
1.3108e-04	7.7521e-04
1.3166e-04	7.7491e-04
1.3224e-04	7.7460e-04
1.3282e-04	7.7430e-04
1.3340e-04	7.7399e-04
1.3398e-04	7.7369e-04
1.3457e-04	7.7338e-04
1.3516e-04	7.7308e-04
1.3575e-04	7.7277e-04
1.3635e-04	7.7247e-04
1.3695e-04	7.7216e-04
1.3755e-04	7.7186e-04
1.3815e-04	7.7156e-04
1.3876e-04	7.7125e-04
1.3937e-04	7.7095e-04
1.3998e-04	7.7065e-04
1.4059e-04	7.7034e-04
1.4121e-04	7.7004e-04
1.4183e-04	7.6974e-04
1.4245e-04	7.6943e-04
1.4308e-04	7.6913e-04
1.4370e-04	7.6883e-04
1.4433e-04	7.6852e-04
1.4497e-04	7.6822e-04
1.4560e-04	7.6792e-04
1.4624e-04	7.6762e-04
1.4688e-04	7.6731e-04
1.4753e-04	7.6701e-04
1.4817e-04	7.6671e-04
1.4882e-04	7.6641e-04
1.4948e-04	7.6610e-04
1.5013e-04	7.6580e-04
1.5079e-04	7.6550e-04
1.5145e-04	7.6520e-04
1.5212e-04	7.6490e-04
1.5278e-04	7.6460e-04
1.5345e-04	7.6430e-04
1.5413e-04	7.6400e-04
1.5480e-04	7.6369e-04
1.5548e-04	7.6339e-04
1.5617e-04	7.6309e-04
1.5685e-04	7.6279e-04
1.5754e-04	7.6249e-04
1.5823e-04	7.6219e-04
1.5892e-04	7.6189e-04
1.5962e-04	7.6159e-04
1.6032e-04	7.6129e-04
1.6102e-04	7.6099e-04
1.6173e-04	7.6069e-04
1.6244e-04	7.6039e-04
1.6315e-04	7.6009e-04
1.6387e-04	7.5979e-04
1.6459e-04	7.5949e-04
1.6531e-04	7.5919e-04
1.6603e-04	7.5890e-04
1.6676e-04	7.5860e-04
1.6749e-04	7.5830e-04
1.6823e-04	7.5800e-04
1.6897e-04	7.5770e-04
1.6971e-04	7.5740e-04
1.7045e-04	7.5710e-04
1.7120e-04	7.5681e-04
1.7195e-04	7.5651e-04
1.7271e-04	7.5621e-04
1.7346e-04	7.5591e-04
1.7422e-04	7.5561e-04
1.7499e-04	7.5532e-04
1.7576e-04	7.5502e-04
1.7653e-04	7.5472e-04
1.7730e-04	7.5442e-04
1.7808e-04	7.5413e-04
1.7886e-04	7.5383e-04
1.7965e-04	7.5353e-04
1.8043e-04	7.5324e-04
1.8123e-04	7.5294e-04
1.8202e-04	7.5264e-04
1.8282e-04	7.5235e-04
1.8362e-04	7.5205e-04
1.8443e-04	7.5175e-04
1.8524e-04	7.5146e-04
1.8605e-04	7.5116e-04
1.8686e-04	7.5087e-04
1.8768e-04	7.5057e-04
1.8851e-04	7.5028e-04
1.8933e-04	7.4998e-04
1.9016e-04	7.4968e-04
1.9100e-04	7.4939e-04
1.9184e-04	7.4909e-04
1.9268e-04	7.4880e-04
1.9352e-04	7.4850e-04
1.9437e-04	7.4821e-04
1.9522e-04	7.4791e-04
1.9608e-04	7.4762e-04
1.9694e-04	7.4733e-04
1.9781e-04	7.4703e-04
1.9867e-04	7.4674e-04
1.9954e-04	7.4644e-04
2.0042e-04	7.4615e-04
2.0130e-04	7.4585e-04
2.0218e-04	7.4556e-04
2.0307e-04	7.4527e-04
2.0396e-04	7.4497e-04
2.0485e-04	7.4468e-04
2.0575e-04	7.4439e-04
2.0666e-04	7.4409e-04
2.0756e-04	7.4380e-04
2.0847e-04	7.4351e-04
2.0939e-04	7.4321e-04
2.1031e-04	7.4292e-04
2.1123e-04	7.4263e-04
2.1216e-04	7.4234e-04
2.1309e-04	7.4204e-04
2.1402e-04	7.4175e-04
2.1496e-04	7.4146e-04
2.1590e-04	7.4117e-04
2.1685e-04	7.4088e-04
2.1780e-04	7.4058e-04
2.1876e-04	7.4029e-04
2.1972e-04	7.4000e-04
2.2068e-04	7.3971e-04
2.2165e-04	7.3942e-04
2.2262e-04	7.3913e-04
2.2360e-04	7.3884e-04
2.2458e-04	7.3855e-04
2.2556e-04	7.3825e-04
2.2655e-04	7.3796e-04
2.2755e-04	7.3767e-04
2.2854e-04	7.3738e-04
2.2955e-04	7.3709e-04
2.3055e-04	7.3680e-04
2.3157e-04	7.3651e-04
2.3258e-04	7.3622e-04
2.3360e-04	7.3593e-04
2.3463e-04	7.3564e-04
2.3566e-04	7.3535e-04
2.3669e-04	7.3506e-04
2.3773e-04	7.3477e-04
2.3877e-04	7.3448e-04
2.3982e-04	7.3419e-04
2.4087e-04	7.3390e-04
2.4193e-04	7.3362e-04
2.4299e-04	7.3333e-04
2.4405e-04	7.3304e-04
2.4512e-04	7.3275e-04
2.4620e-04	7.3246e-04
2.4728e-04	7.3217e-04
2.4836e-04	7.3188e-04
2.4945e-04	7.3160e-04
2.5055e-04	7.3131e-04
2.5165e-04	7.3102e-04
2.5275e-04	7.3073e-04
2.5386e-04	7.3044e-04
2.5497e-04	7.3016e-04
2.5609e-04	7.2987e-04
2.5722e-04	7.2958e-04
2.5834e-04	7.2929e-04
2.5948e-04	7.2901e-04
2.6062e-04	7.2872e-04
2.6176e-04	7.2843e-04
2.6291e-04	7.2814e-04
2.6406e-04	7.2786e-04
2.6522e-04	7.2757e-04
2.6638e-04	7.2728e-04
2.6755e-04	7.2700e-04
2.6872e-04	7.2671e-04
2.6990e-04	7.2643e-04
2.7109e-04	7.2614e-04
2.7228e-04	7.2585e-04
2.7347e-04	7.2557e-04
2.7467e-04	7.2528e-04
2.7588e-04	7.2500e-04
2.7709e-04	7.2471e-04
2.7830e-04	7.2443e-04
2.7952e-04	7.2414e-04
2.8075e-04	7.2385e-04
2.8198e-04	7.2357e-04
2.8322e-04	7.2328e-04
2.8446e-04	7.2300e-04
2.8571e-04	7.2272e-04
2.8696e-04	7.2243e-04
2.8822e-04	7.2215e-04
2.8948e-04	7.2186e-04
2.9075e-04	7.2158e-04
2.9203e-04	7.2129e-04
2.9331e-04	7.2101e-04
2.9460e-04	7.2072e-04
2.9589e-04	7.2044e-04
2.9719e-04	7.2016e-04
2.9849e-04	7.1987e-04
2.9980e-04	7.1959e-04
3.0112e-04	7.1931e-04
3.0244e-04	7.1902e-04
3.0376e-04	7.1874e-04
3.0510e-04	7.1846e-04
3.0643e-04	7.1817e-04
3.0778e-04	7.1789e-04
3.0913e-04	7.1761e-04
3.1048e-04	7.1733e-04
3.1185e-04	7.1704e-04
3.1321e-04	7.1676e-04
3.1459e-04	7.1648e-04
3.1597e-04	7.1620e-04
3.1735e-04	7.1591e-04
3.1875e-04	7.1563e-04
3.2015e-04	7.1535e-04
3.2155e-04	7.1507e-04
3.2296e-04	7.1479e-04
3.2438e-04	7.1451e-04
3.2580e-04	7.1422e-04
3.2723e-04	7.1394e-04
3.2866e-04	7.1366e-04
3.3011e-04	7.1338e-04
3.3155e-04	7.1310e-04
3.3301e-04	7.1282e-04
3.3447e-04	7.1254e-04
3.3594e-04	7.1226e-04
3.3741e-04	7.1198e-04
3.3889e-04	7.1170e-04
3.4038e-04	7.1142e-04
3.4187e-04	7.1114e-04
3.4337e-04	7.1086e-04
3.4488e-04	7.1058e-04
3.4639e-04	7.1030e-04
3.4791e-04	7.1002e-04
3.4944e-04	7.0974e-04
3.5097e-04	7.0946e-04
3.5251e-04	7.0918e-04
3.5405e-04	7.0890e-04
3.5561e-04	7.0862e-04
3.5717e-04	7.0834e-04
3.5873e-04	7.0806e-04
3.6031e-04	7.0778e-04
3.6189e-04	7.0750e-04
3.6348e-04	7.0722e-04
3.6507e-04	7.0695e-04
3.6667e-04	7.0667e-04
3.6828e-04	7.0639e-04
3.6990e-04	7.0611e-04
3.7152e-04	7.0583e-04
3.7315e-04	7.0555e-04
3.7479e-04	7.0528e-04
3.7643e-04	7.0500e-04
3.7808e-04	7.0472e-04
3.7974e-04	7.0444e-04
3.8141e-04	7.0417e-04
3.8308e-04	7.0389e-04
3.8476e-04	7.0361e-04
3.8645e-04	7.0333e-04
3.8814e-04	7.0306e-04
3.8984e-04	7.0278e-04
3.9155e-04	7.0250e-04
3.9327e-04	7.0223e-04
3.9500e-04	7.0195e-04
3.9673e-04	7.0167e-04
3.9847e-04	7.0140e-04
4.0022e-04	7.0112e-04
4.0197e-04	7.0085e-04
4.0374e-04	7.0057e-04
4.0551e-04	7.0029e-04
4.0729e-04	7.0002e-04
4.0907e-04	6.9974e-04
4.1087e-04	6.9947e-04
4.1267e-04	6.9919e-04
4.1448e-04	6.9892e-04
4.1630e-04	6.9864e-04
4.1813e-04	6.9836e-04
4.1996e-04	6.9809e-04
4.2180e-04	6.9781e-04
4.2365e-04	6.9754e-04
4.2551e-04	6.9727e-04
4.2738e-04	6.9699e-04
4.2925e-04	6.9672e-04
4.3114e-04	6.9644e-04
4.3303e-04	6.9617e-04
4.3493e-04	6.9589e-04
4.3683e-04	6.9562e-04
4.3875e-04	6.9535e-04
4.4068e-04	6.9507e-04
4.4261e-04	6.9480e-04
4.4455e-04	6.9452e-04
4.4650e-04	6.9425e-04
4.4846e-04	6.9398e-04
4.5043e-04	6.9370e-04
4.5240e-04	6.9343e-04
4.5439e-04	6.9316e-04
4.5638e-04	6.9288e-04
4.5838e-04	6.9261e-04
4.6039e-04	6.9234e-04
4.6241e-04	6.9207e-04
4.6444e-04	6.9179e-04
4.6648e-04	6.9152e-04
4.6853e-04	6.9125e-04
4.7058e-04	6.9098e-04
4.7264e-04	6.9070e-04
4.7472e-04	6.9043e-04
4.7680e-04	6.9016e-04
4.7889e-04	6.8989e-04
4.8099e-04	6.8962e-04
4.8310e-04	6.8934e-04
4.8522e-04	6.8907e-04
4.8735e-04	6.8880e-04
4.8949e-04	6.8853e-04
4.9164e-04	6.8826e-04
4.9379e-04	6.8799e-04
4.9596e-04	6.8772e-04
4.9813e-04	6.8745e-04
5.0032e-04	6.8718e-04
5.0251e-04	6.8690e-04
5.0472e-04	6.8663e-04
5.0693e-04	6.8636e-04
5.0916e-04	6.8609e-04
5.1139e-04	6.8582e-04
5.1363e-04	6.8555e-04
5.1589e-04	6.8528e-04
5.1815e-04	6.8501e-04
5.2042e-04	6.8474e-04
5.2271e-04	6.8447e-04
5.2500e-04	6.8420e-04
5.2730e-04	6.8393e-04
5.2962e-04	6.8367e-04
5.3194e-04	6.8340e-04
5.3427e-04	6.8313e-04
5.3662e-04	6.8286e-04
5.3897e-04	6.8259e-04
5.4133e-04	6.8232e-04
5.4371e-04	6.8205e-04
5.4609e-04	6.8178e-04
5.4849e-04	6.8151e-04
5.5090e-04	6.8125e-04
5.5331e-04	6.8098e-04
5.5574e-04	6.8071e-04
5.5818e-04	6.8044e-04
5.6063e-04	6.8017e-04
5.6309e-04	6.7991e-04
5.6556e-04	6.7964e-04
5.6804e-04	6.7937e-04
5.7053e-04	6.7910e-04
5.7303e-04	6.7883e-04
5.7555e-04	6.7857e-04
5.7807e-04	6.7830e-04
5.8061e-04	6.7803e-04
5.8315e-04	6.7777e-04
5.8571e-04	6.7750e-04
5.8828e-04	6.7723e-04
5.9086e-04	6.7697e-04
5.9345e-04	6.7670e-04
5.9606e-04	6.7643e-04
5.9867e-04	6.7617e-04
6.0130e-04	6.7590e-04
6.0394e-04	6.7563e-04
6.0658e-04	6.7537e-04
6.0925e-04	6.7510e-04
6.1192e-04	6.7483e-04
6.1460e-04	6.7457e-04
6.1730e-04	6.7430e-04
6.2001e-04	6.7404e-04
6.2273e-04	6.7377e-04
6.2546e-04	6.7351e-04
6.2820e-04	6.7324e-04
6.3096e-04	6.7298e-04
6.3373e-04	6.7271e-04
6.3651e-04	6.7245e-04
6.3930e-04	6.7218e-04
6.4210e-04	6.7192e-04
6.4492e-04	6.7165e-04
6.4775e-04	6.7139e-04
6.5059e-04	6.7112e-04
6.5344e-04	6.7086e-04
6.5631e-04	6.7059e-04
6.5919e-04	6.7033e-04
6.6208e-04	6.7007e-04
6.6499e-04	6.6980e-04
6.6790e-04	6.6954e-04
6.7083e-04	6.6928e-04
6.7378e-04	6.6901e-04
6.7673e-04	6.6875e-04
6.7970e-04	6.6848e-04
6.8268e-04	6.6822e-04
6.8568e-04	6.6796e-04
6.8868e-04	6.6770e-04
6.9171e-04	6.6743e-04
6.9474e-04	6.6717e-04
6.9779e-04	6.6691e-04
7.0085e-04	6.6664e-04
7.0392e-04	6.6638e-04
7.0701e-04	6.6612e-04
7.1011e-04	6.6586e-04
7.1323e-04	6.6559e-04
7.1636e-04	6.6533e-04
7.1950e-04	6.6507e-04
7.2266e-04	6.6481e-04
7.2583e-04	6.6455e-04
7.2901e-04	6.6428e-04
7.3221e-04	6.6402e-04
7.3542e-04	6.6376e-04
7.3865e-04	6.6350e-04
7.4189e-04	6.6324e-04
7.4514e-04	6.6298e-04
7.4841e-04	6.6272e-04
7.5169e-04	6.6246e-04
7.5499e-04	6.6219e-04
7.5830e-04	6.6193e-04
7.6163e-04	6.6167e-04
7.6497e-04	6.6141e-04
7.6832e-04	6.6115e-04
7.7170e-04	6.6089e-04
7.7508e-04	6.6063e-04
7.7848e-04	6.6037e-04
7.8190e-04	6.6011e-04
7.8533e-04	6.5985e-04
7.8877e-04	6.5959e-04
7.9223e-04	6.5933e-04
7.9571e-04	6.5907e-04
7.9920e-04	6.5882e-04
8.0270e-04	6.5857e-04
8.0622e-04	6.5833e-04
8.0976e-04	6.5809e-04
8.1331e-04	6.5785e-04
8.1688e-04	6.5762e-04
8.2046e-04	6.5740e-04
8.2406e-04	6.5718e-04
8.2768e-04	6.5696e-04
8.3131e-04	6.5674e-04
8.3496e-04	6.5653e-04
8.3862e-04	6.5632e-04
8.4230e-04	6.5611e-04
8.4599e-04	6.5590e-04
8.4970e-04	6.5570e-04
8.5343e-04	6.5549e-04
8.5718e-04	6.5528e-04
8.6094e-04	6.5508e-04
8.6471e-04	6.5487e-04
8.6851e-04	6.5467e-04
8.7232e-04	6.5446e-04
8.7614e-04	6.5425e-04
8.7999e-04	6.5404e-04
8.8385e-04	6.5383e-04
8.8772e-04	6.5362e-04
8.9162e-04	6.5340e-04
8.9553e-04	6.5318e-04
8.9946e-04	6.5296e-04
9.0340e-04	6.5273e-04
9.0737e-04	6.5250e-04
9.1135e-04	6.5227e-04
9.1534e-04	6.5203e-04
9.1936e-04	6.5178e-04
9.2339e-04	6.5153e-04
9.2744e-04	6.5128e-04
9.3151e-04	6.5102e-04
9.3560e-04	6.5075e-04
9.3970e-04	6.5047e-04
9.4382e-04	6.5019e-04
9.4797e-04	6.4990e-04
9.5212e-04	6.4961e-04
9.5630e-04	6.4930e-04
9.6050e-04	6.4899e-04
9.6471e-04	6.4867e-04
9.6894e-04	6.4834e-04
9.7319e-04	6.4800e-04
9.7746e-04	6.4765e-04
9.8175e-04	6.4729e-04
9.8606e-04	6.4692e-04
9.9038e-04	6.4653e-04
9.9473e-04	6.4614e-04
9.9909e-04	6.4574e-04
1.0035e-03	6.4531e-04
1.0079e-03	6.4484e-04
1.0123e-03	6.4432e-04
1.0167e-03	6.4375e-04
1.0212e-03	6.4314e-04
1.0257e-03	6.4248e-04
1.0302e-03	6.4179e-04
1.0347e-03	6.4105e-04
1.0392e-03	6.4028e-04
1.0438e-03	6.3947e-04
1.0484e-03	6.3862e-04
1.0530e-03	6.3774e-04
1.0576e-03	6.3683e-04
1.0622e-03	6.3589e-04
1.0669e-03	6.3492e-04
1.0716e-03	6.3393e-04
1.0763e-03	6.3291e-04
1.0810e-03	6.3186e-04
1.0857e-03	6.3079e-04
1.0905e-03	6.2970e-04
1.0953e-03	6.2859e-04
1.1001e-03	6.2747e-04
1.1049e-03	6.2632e-04
1.1098e-03	6.2516e-04
1.1146e-03	6.2399e-04
1.1195e-03	6.2281e-04
1.1244e-03	6.2161e-04
1.1294e-03	6.2041e-04
1.1343e-03	6.1920e-04
1.1393e-03	6.1798e-04
1.1443e-03	6.1676e-04
1.1493e-03	6.1553e-04
1.1543e-03	6.1431e-04
1.1594e-03	6.1308e-04
1.1645e-03	6.1185e-04
1.1696e-03	6.1062e-04
1.1747e-03	6.0940e-04
1.1799e-03	6.0818e-04
1.1851e-03	6.0697e-04
1.1903e-03	6.0577e-04
1.1955e-03	6.0457e-04
1.2007e-03	6.0339e-04
1.2060e-03	6.0222e-04
1.2113e-03	6.0105e-04
1.2166e-03	5.9991e-04
1.2219e-03	5.9877e-04
1.2273e-03	5.9766e-04
1.2327e-03	5.9656e-04
1.2381e-03	5.9548e-04
1.2435e-03	5.9442e-04
1.2490e-03	5.9338e-04
1.2545e-03	5.9237e-04
1.2600e-03	5.9138e-04
1.2655e-03	5.9039e-04
1.2710e-03	5.8941e-04
1.2766e-03	5.8843e-04
1.2822e-03	5.8746e-04
1.2878e-03	5.8648e-04
1.2935e-03	5.8550e-04
1.2992e-03	5.8453e-04
1.3049e-03	5.8356e-04
1.3106e-03	5.8259e-04
1.3163e-03	5.8162e-04
1.3221e-03	5.8066e-04
1.3279e-03	5.7969e-04
1.3337e-03	5.7873e-04
1.3396e-03	5.7776e-04
1.3455e-03	5.7680e-04
1.3514e-03	5.7585e-04
1.3573e-03	5.7489e-04
1.3632e-03	5.7393e-04
1.3692e-03	5.7298e-04
1.3752e-03	5.7203e-04
1.3813e-03	5.7108e-04
1.3873e-03	5.7013e-04
1.3934e-03	5.6918e-04
1.3995e-03	5.6823e-04
1.4057e-03	5.6729e-04
1.4118e-03	5.6635e-04
1.4180e-03	5.6541e-04
1.4242e-03	5.6447e-04
1.4305e-03	5.6353e-04
1.4368e-03	5.6259e-04
1.4431e-03	5.6166e-04
1.4494e-03	5.6072e-04
1.4558e-03	5.5979e-04
1.4621e-03	5.5886e-04
1.4686e-03	5.5793e-04
1.4750e-03	5.5700e-04
1.4815e-03	5.5608e-04
1.4880e-03	5.5515e-04
1.4945e-03	5.5423e-04
1.5011e-03	5.5331e-04
1.5076e-03	5.5239e-04
1.5143e-03	5.5147e-04
1.5209e-03	5.5056e-04
1.5276e-03	5.4964e-04
1.5343e-03	5.4873e-04
1.5410e-03	5.4782e-04
1.5478e-03	5.4691e-04
1.5545e-03	5.4600e-04
1.5614e-03	5.4509e-04
1.5682e-03	5.4418e-04
1.5751e-03	5.4328e-04
1.5820e-03	5.4238e-04
1.5889e-03	5.4148e-04
1.5959e-03	5.4058e-04
1.6029e-03	5.3968e-04
1.6099e-03	5.3878e-04
1.6170e-03	5.3788e-04
1.6241e-03	5.3699e-04
1.6312e-03	5.3610e-04
1.6384e-03	5.3521e-04
1.6456e-03	5.3432e-04
1.6528e-03	5.3343e-04
1.6600e-03	5.3254e-04
1.6673e-03	5.3166e-04
1.6746e-03	5.3077e-04
1.6820e-03	5.2989e-04
1.6894e-03	5.2901e-04
1.6968e-03	5.2813e-04
1.7042e-03	5.2725e-04
1.7117e-03	5.2638e-04
1.7192e-03	5.2550e-04
1.7267e-03	5.2463e-04
1.7343e-03	5.2376e-04
1.7419e-03	5.2289e-04
1.7496e-03	5.2202e-04
1.7572e-03	5.2115e-04
1.7650e-03	5.2029e-04
1.7727e-03	5.1942e-04
1.7805e-03	5.1856e-04
1.7883e-03	5.1770e-04
1.7961e-03	5.1684e-04
1.8040e-03	5.1598e-04
1.8119e-03	5.1512e-04
1.8199e-03	5.1426e-04
1.8279e-03	5.1341e-04
1.8359e-03	5.1255e-04
1.8439e-03	5.1170e-04
1.8520e-03	5.1085e-04
1.8601e-03	5.1000e-04
1.8683e-03	5.0916e-04
1.8765e-03	5.0831e-04
1.8847e-03	5.0746e-04
1.8930e-03	5.0662e-04
1.9013e-03	5.0578e-04
1.9096e-03	5.0494e-04
1.9180e-03	5.0410e-04
1.9264e-03	5.0326e-04
1.9349e-03	5.0243e-04
1.9434e-03	5.0159e-04
1.9519e-03	5.0076e-04
1.9605e-03	4.9992e-04
1.9691e-03	4.9909e-04
1.9777e-03	4.9826e-04
1.9864e-03	4.9744e-04
1.9951e-03	4.9661e-04
2.0038e-03	4.9578e-04
2.0126e-03	4.9496e-04
2.0215e-03	4.9414e-04
2.0303e-03	4.9332e-04
2.0392e-03	4.9250e-04
2.0482e-03	4.9168e-04
2.0572e-03	4.9086e-04
2.0662e-03	4.9004e-04
2.0752e-03	4.8923e-04
2.0844e-03	4.8842e-04
2.0935e-03	4.8761e-04
2.1027e-03	4.8680e-04
2.1119e-03	4.8599e-04
2.1212e-03	4.8518e-04
2.1305e-03	4.8437e-04
2.1398e-03	4.8357e-04
2.1492e-03	4.8276e-04
2.1586e-03	4.8196e-04
2.1681e-03	4.8116e-04
2.1776e-03	4.8036e-04
2.1872e-03	4.7956e-04
2.1968e-03	4.7877e-04
2.2064e-03	4.7797e-04
2.2161e-03	4.7718e-04
2.2258e-03	4.7638e-04
2.2356e-03	4.7559e-04
2.2454e-03	4.7480e-04
2.2552e-03	4.7401e-04
2.2651e-03	4.7322e-04
2.2750e-03	4.7244e-04
2.2850e-03	4.7165e-04
2.2951e-03	4.7087e-04
2.3051e-03	4.7009e-04
2.3152e-03	4.6930e-04
2.3254e-03	4.6852e-04
2.3356e-03	4.6775e-04
2.3458e-03	4.6697e-04
2.3561e-03	4.6619e-04
2.3665e-03	4.6542e-04
2.3768e-03	4.6464e-04
2.3873e-03	4.6387e-04
2.3977e-03	4.6310e-04
2.4083e-03	4.6233e-04
2.4188e-03	4.6156e-04
2.4294e-03	4.6080e-04
2.4401e-03	4.6003e-04
2.4508e-03	4.5926e-04
2.4615e-03	4.5850e-04
2.4723e-03	4.5774e-04
2.4832e-03	4.5698e-04
2.4941e-03	4.5622e-04
2.5050e-03	4.5546e-04
2.5160e-03	4.5470e-04
2.5271e-03	4.5396e-04
2.5381e-03	4.5322e-04
2.5493e-03	4.5248e-04
2.5605e-03	4.5176e-04
2.5717e-03	4.5104e-04
2.5830e-03	4.5033e-04
2.5943e-03	4.4963e-04
2.6057e-03	4.4893e-04
2.6171e-03	4.4824e-04
2.6286e-03	4.4755e-04
2.6401e-03	4.4687e-04
2.6517e-03	4.4619e-04
2.6633e-03	4.4551e-04
2.6750e-03	4.4484e-04
2.6868e-03	4.4416e-04
2.6985e-03	4.4349e-04
2.7104e-03	4.4283e-04
2.7223e-03	4.4216e-04
2.7342e-03	4.4149e-04
2.7462e-03	4.4083e-04
2.7583e-03	4.4016e-04
2.7704e-03	4.3950e-04
2.7825e-03	4.3883e-04
2.7947e-03	4.3816e-04
2.8070e-03	4.3749e-04
2.8193e-03	4.3681e-04
2.8317e-03	4.3614e-04
2.8441e-03	4.3546e-04
2.8566e-03	4.3477e-04
2.8691e-03	4.3408e-04
2.8817e-03	4.3339e-04
2.8943e-03	4.3269e-04
2.9070e-03	4.3199e-04
2.9198e-03	4.3128e-04
2.9326e-03	4.3056e-04
2.9454e-03	4.2984e-04
2.9584e-03	4.2911e-04
2.9713e-03	4.2838e-04
2.9844e-03	4.2763e-04
2.9975e-03	4.2688e-04
3.0106e-03	4.2612e-04
3.0238e-03	4.2535e-04
3.0371e-03	4.2457e-04
3.0504e-03	4.2378e-04
3.0638e-03	4.2298e-04
3.0772e-03	4.2217e-04
3.0907e-03	4.2135e-04
3.1043e-03	4.2052e-04
3.1179e-03	4.1968e-04
3.1316e-03	4.1882e-04
3.1453e-03	4.1795e-04
3.1591e-03	4.1707e-04
3.1730e-03	4.1618e-04
3.1869e-03	4.1526e-04
3.2009e-03	4.1431e-04
3.2149e-03	4.1335e-04
3.2290e-03	4.1236e-04
3.2432e-03	4.1135e-04
3.2574e-03	4.1032e-04
3.2717e-03	4.0928e-04
3.2860e-03	4.0822e-04
3.3005e-03	4.0714e-04
3.3149e-03	4.0604e-04
3.3295e-03	4.0493e-04
3.3441e-03	4.0380e-04
3.3588e-03	4.0267e-04
3.3735e-03	4.0151e-04
3.3883e-03	4.0035e-04
3.4032e-03	3.9918e-04
3.4181e-03	3.9800e-04
3.4331e-03	3.9680e-04
3.4481e-03	3.9560e-04
3.4633e-03	3.9440e-04
3.4785e-03	3.9318e-04
3.4937e-03	3.9196e-04
3.5090e-03	3.9074e-04
3.5244e-03	3.8951e-04
3.5399e-03	3.8828e-04
3.5554e-03	3.8704e-04
3.5710e-03	3.8580e-04
3.5867e-03	3.8456e-04
3.6024e-03	3.8333e-04
3.6182e-03	3.8209e-04
3.6341e-03	3.8085e-04
3.6500e-03	3.7961e-04
3.6661e-03	3.7838e-04
3.6821e-03	3.7715e-04
3.6983e-03	3.7592e-04
3.7145e-03	3.7470e-04
3.7308e-03	3.7348e-04
3.7472e-03	3.7227e-04
3.7636e-03	3.7107e-04
3.7801e-03	3.6987e-04
3.7967e-03	3.6868e-04
3.8134e-03	3.6750e-04
3.8301e-03	3.6633e-04
3.8469e-03	3.6516e-04
3.8638e-03	3.6401e-04
3.8807e-03	3.6287e-04
3.8977e-03	3.6174e-04
3.9148e-03	3.6062e-04
3.9320e-03	3.5951e-04
3.9493e-03	3.5842e-04
3.9666e-03	3.5734e-04
3.9840e-03	3.5627e-04
4.0015e-03	3.5522e-04
4.0190e-03	3.5416e-04
4.0366e-03	3.5311e-04
4.0543e-03	3.5206e-04
4.0721e-03	3.5101e-04
4.0900e-03	3.4997e-04
4.1079e-03	3.4893e-04
4.1260e-03	3.4789e-04
4.1441e-03	3.4686e-04
4.1622e-03	3.4583e-04
4.1805e-03	3.4480e-04
4.1988e-03	3.4377e-04
4.2173e-03	3.4275e-04
4.2358e-03	3.4173e-04
4.2543e-03	3.4072e-04
4.2730e-03	3.3970e-04
4.2917e-03	3.3870e-04
4.3106e-03	3.3769e-04
4.3295e-03	3.3668e-04
4.3485e-03	3.3568e-04
4.3676e-03	3.3469e-04
4.3867e-03	3.3369e-04
4.4060e-03	3.3270e-04
4.4253e-03	3.3171e-04
4.4447e-03	3.3073e-04
4.4642e-03	3.2974e-04
4.4838e-03	3.2876e-04
4.5034e-03	3.2779e-04
4.5232e-03	3.2681e-04
4.5430e-03	3.2584e-04
4.5630e-03	3.2487e-04
4.5830e-03	3.2391e-04
4.6031e-03	3.2294e-04
4.6233e-03	3.2198e-04
4.6436e-03	3.2103e-04
4.6639e-03	3.2007e-04
4.6844e-03	3.1912e-04
4.7049e-03	3.1817e-04
4.7256e-03	3.1723e-04
4.7463e-03	3.1628e-04
4.7671e-03	3.1534e-04
4.7881e-03	3.1441e-04
4.8091e-03	3.1347e-04
4.8302e-03	3.1254e-04
4.8513e-03	3.1161e-04
4.8726e-03	3.1069e-04
4.8940e-03	3.0976e-04
4.9155e-03	3.0884e-04
4.9370e-03	3.0792e-04
4.9587e-03	3.0701e-04
4.9804e-03	3.0610e-04
5.0023e-03	3.0519e-04
5.0242e-03	3.0428e-04
5.0463e-03	3.0338e-04
5.0684e-03	3.0247e-04
5.0906e-03	3.0157e-04
5.1130e-03	3.0068e-04
5.1354e-03	2.9978e-04
5.1579e-03	2.9889e-04
5.1806e-03	2.9801e-04
5.2033e-03	2.9712e-04
5.2261e-03	2.9624e-04
5.2490e-03	2.9536e-04
5.2721e-03	2.9448e-04
5.2952e-03	2.9360e-04
5.3184e-03	2.9273e-04
5.3418e-03	2.9186e-04
5.3652e-03	2.9099e-04
5.3887e-03	2.9013e-04
5.4124e-03	2.8927e-04
5.4361e-03	2.8841e-04
5.4599e-03	2.8755e-04
5.4839e-03	2.8669e-04
5.5080e-03	2.8584e-04
5.5321e-03	2.8499e-04
5.5564e-03	2.8415e-04
5.5808e-03	2.8330e-04
5.6052e-03	2.8246e-04
5.6298e-03	2.8162e-04
5.6545e-03	2.8078e-04
5.6793e-03	2.7995e-04
5.7042e-03	2.7912e-04
5.7293e-03	2.7829e-04
5.7544e-03	2.7746e-04
5.7796e-03	2.7663e-04
5.8050e-03	2.7581e-04
5.8305e-03	2.7499e-04
5.8560e-03	2.7418e-04
5.8817e-03	2.7336e-04
5.9075e-03	2.7255e-04
5.9335e-03	2.7174e-04
5.9595e-03	2.7093e-04
5.9856e-03	2.7013e-04
6.0119e-03	2.6932e-04
6.0383e-03	2.6852e-04
6.0647e-03	2.6772e-04
6.0913e-03	2.6693e-04
6.1181e-03	2.6614e-04
6.1449e-03	2.6534e-04
6.1719e-03	2.6456e-04
6.1989e-03	2.6377e-04
6.2261e-03	2.6299e-04
6.2534e-03	2.6220e-04
6.2809e-03	2.6142e-04
6.3084e-03	2.6065e-04
6.3361e-03	2.5987e-04
6.3639e-03	2.5910e-04
6.3918e-03	2.5833e-04
6.4199e-03	2.5756e-04
6.4480e-03	2.5680e-04
6.4763e-03	2.5603e-04
6.5047e-03	2.5527e-04
6.5332e-03	2.5451e-04
6.5619e-03	2.5376e-04
6.5907e-03	2.5300e-04
6.6196e-03	2.5225e-04
6.6486e-03	2.5150e-04
6.6778e-03	2.5075e-04
6.7071e-03	2.5001e-04
6.7365e-03	2.4927e-04
6.7661e-03	2.4853e-04
6.7958e-03	2.4779e-04
6.8256e-03	2.4705e-04
6.8555e-03	2.4632e-04
6.8856e-03	2.4558e-04
6.9158e-03	2.4485e-04
6.9461e-03	2.4413e-04
6.9766e-03	2.4340e-04
7.0072e-03	2.4268e-04
7.0379e-03	2.4196e-04
7.0688e-03	2.4124e-04
7.0998e-03	2.4052e-04
7.1310e-03	2.3981e-04
7.1623e-03	2.3909e-04
7.1937e-03	2.3838e-04
7.2252e-03	2.3767e-04
7.2569e-03	2.3697e-04
7.2888e-03	2.3626e-04
7.3207e-03	2.3556e-04
7.3529e-03	2.3486e-04
7.3851e-03	2.3416e-04
7.4175e-03	2.3347e-04
7.4500e-03	2.3277e-04
7.4827e-03	2.3208e-04
7.5156e-03	2.3139e-04
7.5485e-03	2.3070e-04
7.5816e-03	2.3002e-04
7.6149e-03	2.2933e-04
7.6483e-03	2.2865e-04
7.6818e-03	2.2797e-04
7.7155e-03	2.2730e-04
7.7494e-03	2.2662e-04
7.7834e-03	2.2595e-04
7.8175e-03	2.2527e-04
7.8518e-03	2.2461e-04
7.8863e-03	2.2394e-04
7.9209e-03	2.2327e-04
7.9556e-03	2.2261e-04
7.9905e-03	2.2195e-04
8.0256e-03	2.2129e-04
8.0608e-03	2.2064e-04
8.0961e-03	2.1999e-04
8.1316e-03	2.1935e-04
8.1673e-03	2.1870e-04
8.2032e-03	2.1806e-04
8.2391e-03	2.1743e-04
8.2753e-03	2.1680e-04
8.3116e-03	2.1617e-04
8.3480e-03	2.1554e-04
8.3847e-03	2.1491e-04
8.4214e-03	2.1429e-04
8.4584e-03	2.1367e-04
8.4955e-03	2.1305e-04
8.5328e-03	2.1244e-04
8.5702e-03	2.1182e-04
8.6078e-03	2.1121e-04
8.6455e-03	2.1060e-04
8.6835e-03	2.0999e-04
8.7216e-03	2.0938e-04
8.7598e-03	2.0877e-04
8.7983e-03	2.0817e-04
8.8369e-03	2.0756e-04
8.8756e-03	2.0696e-04
8.9146e-03	2.0636e-04
8.9537e-03	2.0576e-04
8.9929e-03	2.0516e-04
9.0324e-03	2.0456e-04
9.0720e-03	2.0396e-04
9.1118e-03	2.0336e-04
9.1518e-03	2.0276e-04
9.1919e-03	2.0216e-04
9.2322e-03	2.0156e-04
9.2727e-03	2.0096e-04
9.3134e-03	2.0036e-04
9.3543e-03	1.9976e-04
9.3953e-03	1.9917e-04
9.4365e-03	1.9857e-04
9.4779e-03	1.9797e-04
9.5195e-03	1.9737e-04
9.5613e-03	1.9676e-04
9.6032e-03	1.9616e-04
9.6453e-03	1.9556e-04
9.6876e-03	1.9496e-04
9.7301e-03	1.9435e-04
9.7728e-03	1.9375e-04
9.8157e-03	1.9314e-04
9.8588e-03	1.9253e-04
9.9020e-03	1.9192e-04
9.9454e-03	1.9131e-04
9.9891e-03	1.9070e-04
1.0033e-02	1.9009e-04
1.0077e-02	1.8947e-04
1.0121e-02	1.8885e-04
1.0166e-02	1.8823e-04
1.0210e-02	1.8761e-04
1.0255e-02	1.8699e-04
1.0300e-02	1.8637e-04
1.0345e-02	1.8574e-04
1.0390e-02	1.8512e-04
1.0436e-02	1.8449e-04
1.0482e-02	1.8386e-04
1.0528e-02	1.8323e-04
1.0574e-02	1.8260e-04
1.0620e-02	1.8198e-04
1.0667e-02	1.8135e-04
1.0714e-02	1.8072e-04
1.0761e-02	1.8009e-04
1.0808e-02	1.7946e-04
1.0855e-02	1.7883e-04
1.0903e-02	1.7820e-04
1.0951e-02	1.7757e-04
1.0999e-02	1.7695e-04
1.1047e-02	1.7632e-04
1.1096e-02	1.7570e-04
1.1144e-02	1.7507e-04
1.1193e-02	1.7445e-04
1.1242e-02	1.7383e-04
1.1292e-02	1.7321e-04
1.1341e-02	1.7259e-04
1.1391e-02	1.7197e-04
1.1441e-02	1.7135e-04
1.1491e-02	1.7074e-04
1.1541e-02	1.7013e-04
1.1592e-02	1.6951e-04
1.1643e-02	1.6891e-04
1.1694e-02	1.6830e-04
1.1745e-02	1.6770e-04
1.1797e-02	1.6709e-04
1.1849e-02	1.6649e-04
1.1900e-02	1.6590e-04
1.1953e-02	1.6530e-04
1.2005e-02	1.6471e-04
1.2058e-02	1.6412e-04
1.2111e-02	1.6354e-04
1.2164e-02	1.6295e-04
1.2217e-02	1.6237e-04
1.2271e-02	1.6180e-04
1.2325e-02	1.6122e-04
1.2379e-02	1.6065e-04
1.2433e-02	1.6009e-04
1.2488e-02	1.5952e-04
1.2542e-02	1.5896e-04
1.2597e-02	1.5841e-04
1.2653e-02	1.5785e-04
1.2708e-02	1.5730e-04
1.2764e-02	1.5675e-04
1.2820e-02	1.5620e-04
1.2876e-02	1.5566e-04
1.2933e-02	1.5511e-04
1.2989e-02	1.5457e-04
1.3046e-02	1.5403e-04
1.3103e-02	1.5349e-04
1.3161e-02	1.5296e-04
1.3219e-02	1.5242e-04
1.3277e-02	1.5189e-04
1.3335e-02	1.5136e-04
1.3393e-02	1.5083e-04
1.3452e-02	1.5030e-04
1.3511e-02	1.4978e-04
1.3570e-02	1.4925e-04
1.3630e-02	1.4873e-04
1.3690e-02	1.4821e-04
1.3750e-02	1.4769e-04
1.3810e-02	1.4718e-04
1.3871e-02	1.4666e-04
1.3932e-02	1.4615e-04
1.3993e-02	1.4564e-04
1.4054e-02	1.4513e-04
1.4116e-02	1.4462e-04
1.4178e-02	1.4412e-04
1.4240e-02	1.4361e-04
1.4302e-02	1.4311e-04
1.4365e-02	1.4261e-04
1.4428e-02	1.4211e-04
1.4491e-02	1.4162e-04
1.4555e-02	1.4112e-04
1.4619e-02	1.4063e-04
1.4683e-02	1.4014e-04
1.4747e-02	1.3965e-04
1.4812e-02	1.3916e-04
1.4877e-02	1.3867e-04
1.4942e-02	1.3819e-04
1.5008e-02	1.3770e-04
1.5074e-02	1.3722e-04
1.5140e-02	1.3674e-04
1.5206e-02	1.3626e-04
1.5273e-02	1.3579e-04
1.5340e-02	1.3531e-04
1.5407e-02	1.3484e-04
1.5475e-02	1.3437e-04
1.5543e-02	1.3390e-04
1.5611e-02	1.3343e-04
1.5679e-02	1.3297e-04
1.5748e-02	1.3250e-04
1.5817e-02	1.3204e-04
1.5887e-02	1.3158e-04
1.5956e-02	1.3112e-04
1.6026e-02	1.3066e-04
1.6097e-02	1.3021e-04
1.6167e-02	1.2977e-04
1.6238e-02	1.2932e-04
1.6309e-02	1.2888e-04
1.6381e-02	1.2844e-04
1.6453e-02	1.2801e-04
1.6525e-02	1.2757e-04
1.6597e-02	1.2714e-04
1.6670e-02	1.2671e-04
1.6743e-02	1.2629e-04
1.6817e-02	1.2586e-04
1.6891e-02	1.2544e-04
1.6965e-02	1.2502e-04
1.7039e-02	1.2460e-04
1.7114e-02	1.2418e-04
1.7189e-02	1.2376e-04
1.7264e-02	1.2335e-04
1.7340e-02	1.2294e-04
1.7416e-02	1.2252e-04
1.7493e-02	1.2211e-04
1.7569e-02	1.2170e-04
1.7646e-02	1.2129e-04
1.7724e-02	1.2088e-04
1.7801e-02	1.2047e-04
1.7880e-02	1.2006e-04
1.7958e-02	1.1965e-04
1.8037e-02	1.1924e-04
1.8116e-02	1.1884e-04
1.8195e-02	1.1843e-04
1.8275e-02	1.1802e-04
1.8355e-02	1.1761e-04
1.8436e-02	1.1720e-04
1.8517e-02	1.1679e-04
1.8598e-02	1.1638e-04
1.8680e-02	1.1597e-04
1.8762e-02	1.1556e-04
1.8844e-02	1.1515e-04
1.8926e-02	1.1473e-04
1.9010e-02	1.1432e-04
1.9093e-02	1.1390e-04
1.9177e-02	1.1349e-04
1.9261e-02	1.1307e-04
1.9345e-02	1.1265e-04
1.9430e-02	1.1223e-04
1.9515e-02	1.1181e-04
1.9601e-02	1.1138e-04
1.9687e-02	1.1096e-04
1.9773e-02	1.1053e-04
1.9860e-02	1.1010e-04
1.9947e-02	1.0967e-04
2.0035e-02	1.0924e-04
2.0123e-02	1.0881e-04
2.0211e-02	1.0837e-04
2.0300e-02	1.0793e-04
2.0389e-02	1.0749e-04
2.0478e-02	1.0704e-04
2.0568e-02	1.0660e-04
2.0658e-02	1.0615e-04
2.0749e-02	1.0570e-04
2.0840e-02	1.0525e-04
2.0931e-02	1.0479e-04
2.1023e-02	1.0434e-04
2.1115e-02	1.0389e-04
2.1208e-02	1.0343e-04
2.1301e-02	1.0298e-04
2.1394e-02	1.0252e-04
2.1488e-02	1.0206e-04
2.1582e-02	1.0161e-04
2.1677e-02	1.0115e-04
2.1772e-02	1.0069e-04
2.1868e-02	1.0024e-04
2.1964e-02	9.9780e-05
2.2060e-02	9.9325e-05
2.2157e-02	9.8870e-05
2.2254e-02	9.8416e-05
2.2352e-02	9.7963e-05
2.2450e-02	9.7511e-05
2.2548e-02	9.7060e-05
2.2647e-02	9.6610e-05
2.2746e-02	9.6161e-05
2.2846e-02	9.5715e-05
2.2946e-02	9.5269e-05
2.3047e-02	9.4826e-05
2.3148e-02	9.4384e-05
2.3250e-02	9.3944e-05
2.3352e-02	9.3506e-05
2.3454e-02	9.3071e-05
2.3557e-02	9.2637e-05
2.3660e-02	9.2206e-05
2.3764e-02	9.1778e-05
2.3868e-02	9.1352e-05
2.3973e-02	9.0928e-05
2.4078e-02	9.0507e-05
2.4184e-02	9.0089e-05
2.4290e-02	8.9674e-05
2.4396e-02	8.9262e-05
2.4504e-02	8.8853e-05
2.4611e-02	8.8447e-05
2.4719e-02	8.8044e-05
2.4827e-02	8.7645e-05
2.4936e-02	8.7249e-05
2.5046e-02	8.6856e-05
2.5156e-02	8.6467e-05
2.5266e-02	8.6080e-05
2.5377e-02	8.5695e-05
2.5488e-02	8.5311e-05
2.5600e-02	8.4929e-05
2.5712e-02	8.4549e-05
2.5825e-02	8.4170e-05
2.5938e-02	8.3794e-05
2.6052e-02	8.3418e-05
2.6166e-02	8.3045e-05
2.6281e-02	8.2673e-05
2.6396e-02	8.2303e-05
2.6512e-02	8.1935e-05
2.6629e-02	8.1568e-05
2.6745e-02	8.1203e-05
2.6863e-02	8.0839e-05
2.6981e-02	8.0477e-05
2.7099e-02	8.0117e-05
2.7218e-02	7.9758e-05
2.7337e-02	7.9401e-05
2.7457e-02	7.9046e-05
2.7578e-02	7.8692e-05
2.7698e-02	7.8340e-05
2.7820e-02	7.7989e-05
2.7942e-02	7.7640e-05
2.8065e-02	7.7292e-05
2.8188e-02	7.6946e-05
2.8311e-02	7.6602e-05
2.8436e-02	7.6259e-05
2.8560e-02	7.5918e-05
2.8686e-02	7.5578e-05
2.8811e-02	7.5240e-05
2.8938e-02	7.4903e-05
2.9065e-02	7.4567e-05
2.9192e-02	7.4234e-05
2.9320e-02	7.3901e-05
2.9449e-02	7.3570e-05
2.9578e-02	7.3241e-05
2.9708e-02	7.2913e-05
2.9838e-02	7.2587e-05
2.9969e-02	7.2262e-05
3.0101e-02	7.1938e-05
3.0233e-02	7.1616e-05
3.0365e-02	7.1296e-05
3.0498e-02	7.0977e-05
3.0632e-02	7.0659e-05
3.0767e-02	7.0343e-05
3.0902e-02	7.0028e-05
3.1037e-02	6.9714e-05
3.1173e-02	6.9402e-05
3.1310e-02	6.9091e-05
3.1447e-02	6.8782e-05
3.1585e-02	6.8474e-05
3.1724e-02	6.8168e-05
3.1863e-02	6.7863e-05
3.2003e-02	6.7559e-05
3.2143e-02	6.7256e-05
3.2284e-02	6.6955e-05
3.2426e-02	6.6656e-05
3.2568e-02	6.6357e-05
3.2711e-02	6.6060e-05
3.2854e-02	6.5764e-05
3.2999e-02	6.5470e-05
3.3143e-02	6.5177e-05
3.3289e-02	6.4885e-05
3.3435e-02	6.4595e-05
3.3581e-02	6.4305e-05
3.3729e-02	6.4018e-05
3.3877e-02	6.3731e-05
3.4025e-02	6.3446e-05
3.4175e-02	6.3162e-05
3.4325e-02	6.2879e-05
3.4475e-02	6.2597e-05
3.4626e-02	6.2317e-05
3.4778e-02	6.2038e-05
3.4931e-02	6.1761e-05
3.5084e-02	6.1484e-05
3.5238e-02	6.1209e-05
3.5393e-02	6.0935e-05
3.5548e-02	6.0662e-05
3.5704e-02	6.0391e-05
3.5860e-02	6.0120e-05
3.6018e-02	5.9851e-05
3.6176e-02	5.9583e-05
3.6334e-02	5.9316e-05
3.6494e-02	5.9051e-05
3.6654e-02	5.8787e-05
3.6815e-02	5.8523e-05
3.6976e-02	5.8261e-05
3.7138e-02	5.8001e-05
3.7301e-02	5.7741e-05
3.7465e-02	5.7482e-05
3.7629e-02	5.7225e-05
3.7794e-02	5.6969e-05
3.7960e-02	5.6714e-05
3.8127e-02	5.6460e-05
3.8294e-02	5.6207e-05
3.8462e-02	5.5956e-05
3.8631e-02	5.5705e-05
3.8800e-02	5.5456e-05
3.8970e-02	5.5208e-05
3.9141e-02	5.4960e-05
3.9313e-02	5.4714e-05
3.9485e-02	5.4469e-05
3.9659e-02	5.4226e-05
3.9833e-02	5.3983e-05
4.0007e-02	5.3743e-05
4.0183e-02	5.3505e-05
4.0359e-02	5.3271e-05
4.0536e-02	5.3040e-05
4.0714e-02	5.2811e-05
4.0893e-02	5.2584e-05
4.1072e-02	5.2361e-05
4.1252e-02	5.2139e-05
4.1433e-02	5.1919e-05
4.1615e-02	5.1701e-05
4.1797e-02	5.1485e-05
4.1981e-02	5.1271e-05
4.2165e-02	5.1058e-05
4.2350e-02	5.0847e-05
4.2536e-02	5.0637e-05
4.2722e-02	5.0428e-05
4.2910e-02	5.0220e-05
4.3098e-02	5.0013e-05
4.3287e-02	4.9807e-05
4.3477e-02	4.9601e-05
4.3668e-02	4.9396e-05
4.3859e-02	4.9192e-05
4.4052e-02	4.8988e-05
4.4245e-02	4.8784e-05
4.4439e-02	4.8580e-05
4.4634e-02	4.8376e-05
4.4830e-02	4.8172e-05
4.5026e-02	4.7968e-05
4.5224e-02	4.7763e-05
4.5422e-02	4.7558e-05
4.5621e-02	4.7353e-05
4.5822e-02	4.7147e-05
4.6023e-02	4.6940e-05
4.6224e-02	4.6732e-05
4.6427e-02	4.6524e-05
4.6631e-02	4.6315e-05
4.6835e-02	4.6104e-05
4.7041e-02	4.5893e-05
4.7247e-02	4.5680e-05
4.7455e-02	4.5466e-05
4.7663e-02	4.5251e-05
4.7872e-02	4.5034e-05
4.8082e-02	4.4816e-05
4.8293e-02	4.4596e-05
4.8505e-02	4.4374e-05
4.8717e-02	4.4151e-05
4.8931e-02	4.3926e-05
4.9146e-02	4.3699e-05
4.9361e-02	4.3470e-05
4.9578e-02	4.3239e-05
4.9795e-02	4.3006e-05
5.0014e-02	4.2771e-05
5.0233e-02	4.2534e-05
5.0454e-02	4.2293e-05
5.0675e-02	4.2047e-05
5.0897e-02	4.1798e-05
5.1120e-02	4.1546e-05
5.1345e-02	4.1290e-05
5.1570e-02	4.1032e-05
5.1796e-02	4.0770e-05
5.2023e-02	4.0506e-05
5.2252e-02	4.0240e-05
5.2481e-02	3.9972e-05
5.2711e-02	3.9701e-05
5.2942e-02	3.9429e-05
5.3175e-02	3.9156e-05
5.3408e-02	3.8881e-05
5.3642e-02	3.8606e-05
5.3877e-02	3.8329e-05
5.4114e-02	3.8052e-05
5.4351e-02	3.7774e-05
5.4590e-02	3.7496e-05
5.4829e-02	3.7218e-05
5.5070e-02	3.6939e-05
5.5311e-02	3.6661e-05
5.5554e-02	3.6384e-05
5.5797e-02	3.6107e-05
5.6042e-02	3.5830e-05
5.6288e-02	3.5555e-05
5.6535e-02	3.5280e-05
5.6783e-02	3.5007e-05
5.7032e-02	3.4735e-05
5.7282e-02	3.4464e-05
5.7534e-02	3.4194e-05
5.7786e-02	3.3927e-05
5.8039e-02	3.3661e-05
5.8294e-02	3.3397e-05
5.8550e-02	3.3135e-05
5.8807e-02	3.2875e-05
5.9065e-02	3.2618e-05
5.9324e-02	3.2362e-05
5.9584e-02	3.2109e-05
5.9845e-02	3.1859e-05
6.0108e-02	3.1611e-05
6.0372e-02	3.1366e-05
6.0636e-02	3.1124e-05
6.0902e-02	3.0884e-05
6.1170e-02	3.0648e-05
6.1438e-02	3.0414e-05
6.1707e-02	3.0184e-05
6.1978e-02	2.9956e-05
6.2250e-02	2.9732e-05
6.2523e-02	2.9512e-05
6.2797e-02	2.9294e-05
6.3073e-02	2.9080e-05
6.3349e-02	2.8869e-05
6.3627e-02	2.8659e-05
6.3907e-02	2.8451e-05
6.4187e-02	2.8244e-05
6.4468e-02	2.8039e-05
6.4751e-02	2.7835e-05
6.5035e-02	2.7632e-05
6.5321e-02	2.7432e-05
6.5607e-02	2.7232e-05
6.5895e-02	2.7034e-05
6.6184e-02	2.6838e-05
6.6474e-02	2.6643e-05
6.6766e-02	2.6449e-05
6.7059e-02	2.6257e-05
6.7353e-02	2.6066e-05
6.7648e-02	2.5876e-05
6.7945e-02	2.5688e-05
6.8243e-02	2.5502e-05
6.8543e-02	2.5316e-05
6.8843e-02	2.5132e-05
6.9145e-02	2.4949e-05
6.9449e-02	2.4768e-05
6.9753e-02	2.4588e-05
7.0059e-02	2.4409e-05
7.0367e-02	2.4232e-05
7.0675e-02	2.4056e-05
7.0985e-02	2.3881e-05
7.1297e-02	2.3707e-05
7.1610e-02	2.3535e-05
7.1924e-02	2.3364e-05
7.2239e-02	2.3194e-05
7.2556e-02	2.3026e-05
7.2874e-02	2.2858e-05
7.3194e-02	2.2692e-05
7.3515e-02	2.2527e-05
7.3838e-02	2.2363e-05
7.4162e-02	2.2201e-05
7.4487e-02	2.2039e-05
7.4814e-02	2.1879e-05
7.5142e-02	2.1720e-05
7.5471e-02	2.1562e-05
7.5803e-02	2.1406e-05
7.6135e-02	2.1250e-05
7.6469e-02	2.1096e-05
7.6805e-02	2.0942e-05
7.7141e-02	2.0790e-05
7.7480e-02	2.0639e-05
7.7820e-02	2.0489e-05
7.8161e-02	2.0340e-05
7.8504e-02	2.0192e-05
7.8848e-02	2.0045e-05
7.9194e-02	1.9900e-05
7.9542e-02	1.9755e-05
7.9891e-02	1.9615e-05
8.0241e-02	1.9481e-05
8.0593e-02	1.9352e-05
8.0947e-02	1.9228e-05
8.1302e-02	1.9108e-05
8.1658e-02	1.8992e-05
8.2017e-02	1.8879e-05
8.2376e-02	1.8771e-05
8.2738e-02	1.8665e-05
8.3101e-02	1.8562e-05
8.3465e-02	1.8461e-05
8.3831e-02	1.8363e-05
8.4199e-02	1.8266e-05
8.4568e-02	1.8172e-05
8.4939e-02	1.8078e-05
8.5312e-02	1.7985e-05
8.5686e-02	1.7894e-05
8.6062e-02	1.7803e-05
8.6440e-02	1.7712e-05
8.6819e-02	1.7621e-05
8.7200e-02	1.7529e-05
8.7582e-02	1.7438e-05
8.7967e-02	1.7346e-05
8.8352e-02	1.7252e-05
8.8740e-02	1.7158e-05
8.9129e-02	1.7062e-05
8.9520e-02	1.6965e-05
8.9913e-02	1.6866e-05
9.0307e-02	1.6765e-05
9.0704e-02	1.6661e-05
9.1101e-02	1.6556e-05
9.1501e-02	1.6447e-05
9.1902e-02	1.6336e-05
9.2306e-02	1.6222e-05
9.2711e-02	1.6106e-05
9.3117e-02	1.5985e-05
9.3526e-02	1.5862e-05
9.3936e-02	1.5735e-05
9.4348e-02	1.5605e-05
9.4762e-02	1.5470e-05
9.5178e-02	1.5332e-05
9.5595e-02	1.5190e-05
9.6015e-02	1.5044e-05
9.6436e-02	1.4895e-05
9.6859e-02	1.4740e-05
9.7284e-02	1.4582e-05
9.7710e-02	1.4420e-05
9.8139e-02	1.4253e-05
9.8570e-02	1.4082e-05
9.9002e-02	1.3907e-05
9.9436e-02	1.3727e-05
9.9873e-02	1.3544e-05
1.0031e-01	1.3327e-05
1.0075e-01	1.2998e-05
1.0119e-01	1.2565e-05
1.0164e-01	1.2042e-05
1.0208e-01	1.1445e-05
1.0253e-01	1.0789e-05
1.0298e-01	1.0092e-05
1.0343e-01	9.3679e-06
1.0389e-01	8.6328e-06
1.0434e-01	7.8996e-06
1.0480e-01	7.1799e-06
1.0526e-01	6.4835e-06
1.0572e-01	5.8182e-06
1.0618e-01	5.1901e-06
1.0665e-01	4.6034e-06
1.0712e-01	4.0610e-06
1.0759e-01	3.5640e-06
1.0806e-01	3.1125e-06
1.0853e-01	2.7056e-06
1.0901e-01	2.3417e-06
1.0949e-01	2.0184e-06
1.0997e-01	1.7331e-06
1.1045e-01	1.4828e-06
1.1094e-01	1.2645e-06
1.1142e-01	1.0751e-06
1.1191e-01	9.1149e-07
1.1240e-01	7.7087e-07
1.1289e-01	6.5049e-07
1.1339e-01	5.4783e-07
1.1389e-01	4.6059e-07
1.1439e-01	3.8669e-07
1.1489e-01	3.2426e-07
1.1539e-01	2.7167e-07
1.1590e-01	2.2747e-07
