1.000000000e-03	7.228717162e-06
1.055241969e-03	7.228717162e-06
1.113535614e-03	7.228717162e-06
1.175049514e-03	7.228717162e-06
1.239961563e-03	7.228717162e-06
1.308459481e-03	7.228717162e-06
1.380741360e-03	7.228717162e-06
1.457016231e-03	7.228717162e-06
1.537504677e-03	7.228717162e-06
1.622439463e-03	7.228717162e-06
1.712066214e-03	7.228717162e-06
1.806644123e-03	7.228717162e-06
1.906446702e-03	7.228717162e-06
2.011762573e-03	7.228717162e-06
2.122896299e-03	7.228717162e-06
2.240169271e-03	7.228717162e-06
2.363920633e-03	7.228717162e-06
2.494508263e-03	7.228717162e-06
2.632309812e-03	7.228717162e-06
2.777723790e-03	7.228717162e-06
2.931170722e-03	7.228717162e-06
3.093094365e-03	7.228717162e-06
3.263962988e-03	7.228717162e-06
3.444270731e-03	7.228717162e-06
3.634539029e-03	7.228717162e-06
3.835318122e-03	7.228717162e-06
4.047188648e-03	7.228717162e-06
4.270763319e-03	7.228717162e-06
4.506688695e-03	7.228717162e-06
4.755647053e-03	7.228717162e-06
5.018358361e-03	7.228717162e-06
5.295582359e-03	7.228717162e-06
5.588120757e-03	7.228717162e-06
5.896819552e-03	7.228717162e-06
6.222571476e-03	7.228717162e-06
6.566318578e-03	7.228717162e-06
6.929054947e-03	7.228717162e-06
7.311829587e-03	7.228717162e-06
7.715749452e-03	7.228717162e-06
8.141982646e-03	7.228717162e-06
8.591761801e-03	7.228717162e-06
9.066387642e-03	7.228717162e-06
9.567232749e-03	7.228717162e-06
1.009574553e-02	7.228717162e-06
1.065345439e-02	7.228717162e-06
1.124197219e-02	7.228717162e-06
1.186300087e-02	7.228717162e-06
1.251833640e-02	7.228717162e-06
1.320987396e-02	7.228717162e-06
1.393961341e-02	7.228717162e-06
1.470966510e-02	7.228717162e-06
1.552225597e-02	7.228717162e-06
1.637973595e-02	7.228717162e-06
1.728458482e-02	7.228717162e-06
1.823941933e-02	7.228717162e-06
1.924700077e-02	7.228717162e-06
2.031024299e-02	7.228717162e-06
2.143222081e-02	7.228717162e-06
2.261617889e-02	7.228717162e-06
2.386554115e-02	7.228717162e-06
2.518392064e-02	7.228717162e-06
2.657513001e-02	7.228717162e-06
2.804319252e-02	7.228717162e-06
2.959235370e-02	7.228717162e-06
3.122709360e-02	7.228717162e-06
3.295213974e-02	7.228717162e-06
3.477248083e-02	7.228717162e-06
3.669338115e-02	7.228717162e-06
3.872039578e-02	7.228717162e-06
4.085938669e-02	7.228717162e-06
4.311653967e-02	7.228717162e-06
4.549838223e-02	7.228717162e-06
4.801180246e-02	7.228717162e-06
5.066406898e-02	7.228717162e-06
5.346285191e-02	7.228717162e-06
5.641624514e-02	7.228717162e-06
5.953278961e-02	7.228717162e-06
6.282149815e-02	7.228717162e-06
6.629188141e-02	7.228717162e-06
6.995397549e-02	7.228717162e-06
7.381837085e-02	7.228717162e-06
7.789624302e-02	7.228717162e-06
8.219938488e-02	7.228717162e-06
8.674024077e-02	7.228717162e-06
9.153194248e-02	7.228717162e-06
9.658834723e-02	7.228717162e-06
1.019240777e-01	7.228717162e-06
1.075545645e-01	7.228717162e-06
1.134960904e-01	7.228717162e-06
1.197658380e-01	7.228717162e-06
1.263819387e-01	7.228717162e-06
1.333635259e-01	7.228717162e-06
1.407307897e-01	7.228717162e-06
1.485050356e-01	7.228717162e-06
1.567087462e-01	7.228717162e-06
1.653656460e-01	7.228717162e-06
1.745007699e-01	7.228717162e-06
1.841405361e-01	7.228717162e-06
1.943128219e-01	7.228717162e-06
2.050470448e-01	7.228717162e-06
2.163742474e-01	7.228717162e-06
2.283271869e-01	7.228717162e-06
2.409404303e-01	7.228717162e-06
2.542504542e-01	7.228717162e-06
2.682957499e-01	7.228717162e-06
2.831169355e-01	7.228717162e-06
2.987568725e-01	7.228717162e-06
3.152607905e-01	7.228717162e-06
3.326764174e-01	7.228717162e-06
3.510541178e-01	7.228717162e-06
3.704470386e-01	7.228717162e-06
3.909112625e-01	7.228717162e-06
4.125059704e-01	7.228717162e-06
4.352936125e-01	7.228717162e-06
4.593400889e-01	7.228717162e-06
4.847149399e-01	7.228717162e-06
5.114915477e-01	7.228717162e-06
5.397473481e-01	7.228717162e-06
5.695640544e-01	7.228717162e-06
6.010278944e-01	7.228717162e-06
6.342298589e-01	7.228717162e-06
6.692659652e-01	7.228717162e-06
7.062375351e-01	7.228717162e-06
7.452514873e-01	7.228717162e-06
7.864206470e-01	7.228717162e-06
8.298640722e-01	7.228717162e-06
8.757073977e-01	7.228717162e-06
9.240831988e-01	7.228717162e-06
9.751313745e-01	7.228717162e-06
1.028999552e+00	7.228717162e-06
1.085843513e+00	7.228717162e-06
1.145827647e+00	7.228717162e-06
1.209125423e+00	7.228717162e-06
1.275919892e+00	7.228717162e-06
1.346404220e+00	7.228717162e-06
1.420782240e+00	7.228717162e-06
1.499269049e+00	7.228717162e-06
1.582091624e+00	7.228717162e-06
1.669489481e+00	7.228717162e-06
1.761715367e+00	7.228717162e-06
1.859035993e+00	7.228717162e-06
1.961732802e+00	7.228717162e-06
2.070102786e+00	7.228717162e-06
2.184459340e+00	7.228717162e-06
2.305133176e+00	7.228717162e-06
2.432473272e+00	7.228717162e-06
2.566847885e+00	7.228717162e-06
2.708645617e+00	7.228717162e-06
2.858276535e+00	7.228717162e-06
3.016173359e+00	7.228717162e-06
3.182792715e+00	7.228717162e-06
3.358616452e+00	7.228717162e-06
3.544153039e+00	7.228717162e-06
3.739939032e+00	7.228717162e-06
3.946540629e+00	7.228717162e-06
4.164555305e+00	7.228717162e-06
4.394613541e+00	7.228717162e-06
4.637380647e+00	7.228717162e-06
4.893558686e+00	7.228717162e-06
5.163888505e+00	7.228717162e-06
5.449151875e+00	7.228717162e-06
5.750173755e+00	7.228717162e-06
6.067824676e+00	7.228717162e-06
6.403023260e+00	7.228717162e-06
6.756738874e+00	7.228717162e-06
7.129994435e+00	7.228717162e-06
7.523869369e+00	7.228717162e-06
7.939502729e+00	7.228717162e-06
8.378096494e+00	7.228717162e-06
8.840919043e+00	7.228717162e-06
9.329308821e+00	7.228717162e-06
9.844678212e+00	7.228717162e-06
1.038851762e+01	7.228717162e-06
1.096239979e+01	7.228717162e-06
1.156798435e+01	7.228717162e-06
1.220702258e+01	7.228717162e-06
1.288136255e+01	7.228717162e-06
1.359295438e+01	7.228717162e-06
1.434385595e+01	7.228717162e-06
1.513623880e+01	7.228717162e-06
1.597239443e+01	7.228717162e-06
1.685474096e+01	7.228717162e-06
1.778583004e+01	7.228717162e-06
1.876835431e+01	7.228717162e-06
1.980515516e+01	7.228717162e-06
2.089923094e+01	7.228717162e-06
2.205374561e+01	7.228717162e-06
2.327203795e+01	7.228717162e-06
2.455763115e+01	7.251432004e-06
2.591424305e+01	7.317414077e-06
2.734579687e+01	7.400470057e-06
2.885643254e+01	7.473489381e-06
3.045051870e+01	7.531465507e-06
3.213266532e+01	7.596917743e-06
3.390773702e+01	7.694275732e-06
3.578086719e+01	7.895198105e-06
3.775747275e+01	8.232247509e-06
3.984326990e+01	8.708025853e-06
4.204429059e+01	9.647004503e-06
4.436690000e+01	1.000000000e-02
