0.01001 0.006915313501689933
0.01122 0.006822992247762251
0.01258 0.0068761730733793176
0.01412 0.007023764854766563
0.01584 0.006906869017798329
0.01778 0.006841317308470818
0.01995 0.006885811497064012
0.02238 0.006751578936118136
0.02511 0.006834278683844289
0.02818 0.006803541176712429
0.03162 0.006830670882821733
0.03548 0.007005388277903074
0.03981 0.006960050066839226
0.04466 0.006730990542704681
0.05011 0.006952467917705532
0.05623 0.006867456402174076
0.06309 0.006815590994429975
0.07079 0.006806896383764697
0.07943 0.006703789369327286
0.08912 0.0069336255690697
0.1001 0.007056090704071649
0.1122 0.006899414341638214
0.1258 0.006848679157652655
0.1412 0.006895157480166154
0.1584 0.0068601280585684505
0.1778 0.0067217494854019625
0.1995 0.0068384119602299545
0.2238 0.006673959903401995
0.2511 0.007120979239725864
0.2818 0.006823955644497712
0.3162 0.006862770119877392
0.333 0.006980760637635601
0.3548 0.006815981308826333
0.365 0.0067661444013167975
0.386 0.006831685863383098
0.392 0.006995122033241421
0.3981 0.007016617100020428
0.4466 0.0069545661211866915
0.475 0.007044068375810999
0.5011 0.007155524650928844
0.51 0.007020220845912445
0.5623 0.007009560222589764
0.6309 0.00701772577297151
0.7079 0.006884829064728476
0.7943 0.0068662903099256
0.8912 0.006795981327274566
0.9316054552057638 0.006309573444801942
1.001 0.0056460046849595765
1.122 0.005643269577932715
1.258 0.0056927539580119944
1.412 0.005729237928906134
1.501 0.005981436529600964
1.532507217745411 0.006309573444801942
1.541 0.006420924676692186
1.549 0.006951848148901499
1.584 0.006828250932080516
1.778 0.006981010026366758
1.801 0.0070551751508042895
1.8210000000000002 0.007014776683092843
1.841 0.007080413139931552
1.844 0.007186810657412869
1.9949999999999999 0.00724263866675981
2.238 0.0071924141273599085
2.511 0.007284264545745096
2.818 0.007346430303783394
3.162 0.007393968102527569
3.548 0.007378071238632801
3.981 0.007384484845329218
4.466 0.00761610219019919
4.601 0.007445179228774094
4.666 0.007471541292442705
4.701 0.007597439356216191
4.730999999999999 0.00774398212195866
4.901 0.00789056595071758
5.004583375588031 0.00794328234724282
5.011 0.007947393487328747
5.011017483331095 0.00794328234724282
5.012 0.007759764620714272
5.05647147324993 0.00794328234724282
5.101 0.00817461387709172
5.13067161583331 0.00794328234724282
5.171 0.007693532946958153
5.178 0.007807258467789867
5.497574192719697 0.00794328234724282
5.623 0.008010491800331521
6.309 0.008003148470150044
7.079 0.008262178815779994
7.943 0.008247771138753019
8.912 0.008331198279668287
10.01 0.008770476159902544
11.22 0.008771090118384638
12.58 0.008753552850512237
14.119999999999997 0.009184166202286077
15.84 0.009362574922150252
17.78 0.009407839660103312
19.95 0.009583719637884172
22.04090963546508 0.01
22.38 0.010084989663338253
25.11 0.010634280891174335
28.18 0.010629951200167673
31.62 0.011159099464192987
35.47999999999999 0.011837346928161373
39.81 0.011526838280544738
44.65999999999999 0.012191183727599614
46.32695740680959 0.012589254117941689
50.11 0.013726558212189075
56.23 0.013397577638179557
63.09 0.015378259365320335
68.36951366587603 0.01584893192461114
70.79 0.016120593112773928
79.43 0.016488053788409757
89.12 0.0184947369038572
100.0 0.0196073283311281
