0.01001 0.01182922604613586
0.01122 0.011730912151250323
0.01258 0.011756916928640154
0.01412 0.012180558262905468
0.01584 0.01181674995398014
0.017780000000000004 0.011729429337019006
0.01995 0.01175208256719305
0.022380000000000004 0.01164183415495516
0.025109999999999997 0.011704920786117958
0.02818 0.011741177230273247
0.03162 0.011802086377327804
0.03548 0.011952435690542329
0.03981 0.011916625748535994
0.04465999999999999 0.011585243269175784
0.05011 0.011779910052712445
0.05623 0.011978595300803078
0.06309 0.011515185216286911
0.07079 0.01160438098835512
0.07943 0.011548142546767694
0.08912 0.011941917055626042
0.1001 0.012021931970130911
0.1122 0.011917494751652736
0.1258 0.011656648528795418
0.1412 0.011845493964012709
0.1584 0.011735450169212118
0.1778 0.011465416628284111
0.1995 0.011839176516897669
0.2238 0.011426427081913205
0.2511 0.012146866413614885
0.2818 0.01161829566503854
0.3162 0.011598111850327606
0.333 0.011963818834938527
0.3548 0.011616955936643207
0.365 0.011544183908162736
0.38600000000000007 0.011805924421408792
0.392 0.011942389250508487
0.3981 0.012172397297003305
0.4466 0.012016640324806985
0.475 0.012170200842180156
0.5011 0.012254574902940615
0.51 0.012089808857420233
0.5623 0.011996211983972289
0.6309 0.012049759175832592
0.7078999999999999 0.011899756224937065
0.7943 0.011899714137078085
0.8912 0.011812517892806067
0.9786136287821123 0.01
1.001 0.009631288354895757
1.122 0.00962512962490851
1.258 0.009749292790058022
1.412 0.009589824675704383
1.5007989367408914 0.01
1.501 0.010001169215280117
1.541 0.01120265115797556
1.549 0.012372060197036839
1.584 0.012023465188632725
1.778 0.011966224278519363
1.8009999999999997 0.012451042082820175
1.821 0.01227689168600898
1.841 0.011931294455730136
1.844 0.012269620059046023
1.9326541744353698 0.012589254117941675
1.995 0.01287223770017353
2.11050338187857 0.012589254117941675
2.238 0.012341132157021014
2.3760409132126137 0.012589254117941675
2.511 0.012894647422914587
2.818 0.012990609305800682
3.162 0.012984569515097216
3.548 0.01299305411296521
3.981 0.013305502735255052
4.466 0.01376371256900425
4.601 0.01328999051671291
4.666 0.013589787137303275
4.701 0.013754111097660919
4.731 0.014217637472620632
4.901 0.013920167788245529
5.010999999999999 0.014541047707009766
5.012 0.014279505469900367
5.101 0.014377928339033293
5.171 0.014102381605351193
5.178 0.013751341838681715
5.623 0.014553264312140216
6.309 0.014022987450037112
7.078999999999999 0.014899828447555
7.943 0.014666040355331934
8.912 0.015094379358780871
10.01 0.015778560136655677
11.22 0.015703914945973913
12.58 0.015659148199150402
12.990803454408262 0.01584893192461114
14.12 0.016505673365715633
15.84 0.017275715295454224
17.78 0.01681688509032539
19.95 0.017597872762927146
22.38 0.018907737812694718
25.11 0.01873542473522294
28.18 0.01940037212152139
29.900132430237353 0.01995262314968881
31.62 0.02064775895147354
35.480000000000004 0.022655789453216904
39.81 0.022189154081946688
44.66 0.023359183092677274
50.11 0.02371668381328111
56.095389277051744 0.025118864315095822
56.23 0.02515856437655929
63.09 0.02708601331496794
70.79 0.030934801396005022
79.43 0.0294762441481157
82.13686526416896 0.03162277660168379
89.12 0.03859419649784925
94.85342996233547 0.039810717055349734
100.0 0.04118546420503542
