0.010010000000000002 0.006754435568270734
0.01122 0.006640693901977463
0.012579999999999997 0.006706536679220881
0.01412 0.006892504782069254
0.01584 0.006613759415224324
0.01778 0.006626692121591688
0.01995 0.006646989126758316
0.02238 0.006528759578739378
0.02511 0.006651510995707482
0.028179999999999997 0.006631263102039979
0.03162 0.006624341021601385
0.03548 0.006725206578051677
0.03981 0.006762436598059493
0.04466 0.006546921406645824
0.05011 0.006709977751212198
0.05623 0.00676995801716724
0.06309 0.006468367468536831
0.07079 0.00657909115572176
0.07943 0.006457410277955443
0.08912 0.006817133524246805
0.1001 0.006818461514998894
0.1122 0.006723162473903038
0.1258 0.006570414976809272
0.1412 0.006800157618883956
0.15840000000000004 0.006641464275916108
0.1778 0.006381853071482005
0.1995 0.006610558957613203
0.2238 0.00646635068267364
0.2511 0.006882462452176077
0.2818 0.0065305466090909495
0.3162 0.006677738201331808
0.333 0.006814847930666858
0.3548 0.006624885185765398
0.365 0.0064698843731612506
0.386 0.006714214333129111
0.392 0.006814068896238811
0.3981 0.006991615309815929
0.4466 0.006828630074092745
0.475 0.006931229704381762
0.5011 0.00702608502728288
0.51 0.0069121254609638486
0.5623 0.006834242258358178
0.6309 0.006858090200390115
0.7079 0.006758129014499348
0.7943 0.0068149941191452765
0.8912 0.006715588683366035
0.9246815525955735 0.006309573444801942
1.001 0.0055744398470544375
1.122 0.005454264510721178
1.258 0.0055612013487607095
1.412 0.00548660177534198
1.501 0.005791074736757961
1.5398669445387636 0.006309573444801942
1.541 0.006328602553476245
1.549 0.007089797555326332
1.584 0.006926092363071127
1.778 0.006870430799649902
1.8009999999999997 0.007130998596596522
1.821 0.007071566062996634
1.8410000000000002 0.006803038752024612
1.844 0.0071094879419150644
1.9949999999999999 0.007446097522966865
2.238 0.007059948984378901
2.511 0.007408188853068478
2.8179999999999996 0.007532969581872674
3.162 0.007630036428722824
3.548 0.007566772785279815
3.981 0.007924190354416702
4.0531639252618055 0.00794328234724282
4.466 0.008080784264744253
4.5409227315305705 0.00794328234724282
4.601 0.007855702268672526
4.666 0.00786348002551412
4.683658278419271 0.00794328234724282
4.701 0.00804194649661477
4.731 0.008467764126662815
4.901 0.008439289083830256
5.011 0.008688320835769805
5.012 0.008308102193686906
5.101 0.008599679386259926
5.171 0.008268390920435863
5.178000000000001 0.008234932211224037
5.623 0.00873148661387766
6.308999999999999 0.008556367490411275
7.079 0.009281750733309328
7.943 0.009091818835582645
8.912 0.00934795653514784
9.703680941804775 0.01
10.01 0.01031761453901572
11.22 0.010332263312485535
12.58 0.010178965450905596
14.12 0.01117872761898336
15.84 0.011890453699412098
17.78 0.012077266376600053
19.604186896499304 0.012589254117941687
19.95 0.012711442995788682
22.38 0.014695079383147644
25.11 0.014327642588872674
28.18 0.015841907621343874
28.192676396803343 0.01584893192461114
31.620000000000005 0.01823983813520702
34.48723736840844 0.01995262314968883
35.48 0.020699217377693403
39.81 0.020593635718400737
44.66 0.02375341131814217
50.11 0.02338494165489078
52.969057478770175 0.025118864315095822
56.230000000000004 0.027608581285718473
63.09 0.03005051981152882
65.92380347863313 0.03162277660168379
70.79 0.035021715784773505
79.43 0.03295525255302299
84.00106252508041 0.039810717055349776
89.12 0.04947566567288064
100.0 0.04511205103821421
