0.001 4317463576550.921
0.0010232929922807535 3847943460791.3584
0.0010471285480508996 3429428470643.03
0.001071519305237606 3056068418029.536
0.0010964781961431851 2722622298286.712
0.001122018454301963 2424552065502.924
0.0011481536214968829 2157950424981.747
0.001174897554939529 1919442650800.4587
0.001202264434617413 1706093571446.4365
0.0012302687708123812 1515328311132.9482
0.0012589254117941675 1344868121108.7263
0.0012882495516931337 1192679973019.204
0.0013182567385564075 1056937701297.3384
0.0013489628825916532 935992351616.69
0.0013803842646028853 828349587522.242
0.001412537544622754 732652329627.2855
0.001445439770745928 647667154749.5327
0.0014791083881682072 572273317847.8676
0.0015135612484362087 505453554425.2207
0.0015488166189124811 446286066005.8487
0.001584893192461114 393937285408.76715
0.0016218100973589297 347655165629.7188
0.0016595869074375613 306762842541.0064
0.0016982436524617442 270652594646.76288
0.0017378008287493763 238780070087.75256
0.0017782794100389228 210658778617.30768
0.0018197008586099826 185854860025.70938
0.0018620871366628676 163982145037.45068
0.0019054607179632482 144697523546.36145
0.0019498445997580456 127696630749.10722
0.001995262314968879 112709856066.69417
0.0020417379446695297 99498673868.08984
0.0020892961308540386 87852289628.39716
0.0021379620895022326 77584590633.04657
0.002187761623949552 68531386820.64591
0.00223872113856834 60547924837.881905
0.0022908676527677724 53506656773.6384
0.0023442288153199225 47295244217.089455
0.00239883291901949 41814778102.39805
0.002454708915685031 36978195119.8149
0.0025118864315095794 32708872161.240562
0.0025703957827688645 28939381216.765934
0.0026302679918953813 25610388255.393307
0.0026915348039269166 22669680834.249065
0.002754228703338166 20071310428.985497
0.002818382931264455 17774836720.799236
0.0028840315031266055 15744662281.69706
0.002951209226666387 13949447248.068071
0.003019951720402016 12361594649.765877
0.003090295432513592 10956798060.107674
0.0031622776601683794 9713644148.290163
0.003235936569296281 8613263549.724644
0.003311311214825911 7639024224.04241
0.0033884415613920273 6776262148.846897
0.0034673685045253167 6012044804.498579
0.0035481338923357532 5334963446.629852
0.003630780547701014 4734950644.228437
0.003715352290971728 4203119987.5098777
0.0038018939632056127 3731625246.7610917
0.003890451449942805 3313536595.9409537
0.003981071705534973 2942731807.7988005
0.004073802778041126 2613800584.9788775
0.004168693834703355 2321960418.001161
0.004265795188015926 2062982559.756219
0.004365158322401661 1833126880.4703803
0.0044668359215096305 1629084519.8997016
0.004570881896148752 1447927387.3862896
0.004677351412871981 1287063677.664595
0.004786300923226385 1144198672.9740884
0.004897788193684461 1017300191.9208795
0.005011872336272725 904568124.2182055
0.005128613839913648 804407559.3211504
0.005248074602497723 715405077.2774556
0.005370317963702527 636307822.9197103
0.005495408738576248 566005030.7642921
0.005623413251903491 503511708.48384404
0.005754399373371567 447954222.3030737
0.00588843655355589 398557558.7623262
0.0060255958607435805 354634064.5503525
0.006165950018614822 315573490.00810254
0.00630957344480193 280834182.86945164
0.006456542290346556 249935297.1995571
0.006606934480075964 222449898.6376871
0.006760829753919818 197998861.22893518
0.006918309709189363 176245463.5828698
0.00707945784384138 156890603.04059827
0.007244359600749898 139668556.15174484
0.007413102413009177 124343222.22273897
0.007585775750291836 110704794.14034244
0.00776247116628692 98566807.22427239
0.007943282347242814 87763522.62946606
0.008128305161640995 78147606.89740416
0.008317637711026709 69588073.730801
0.008511380382023767 61968458.01002832
0.008709635899560805 55185195.54720184
0.008912509381337459 49146185.14109592
0.009120108393559097 43769512.20240443
0.009332543007969905 38982315.607539184
0.009549925860214359 34719781.54821467
0.009772372209558112 30924250.00679504
0.01 27544421.13310859
0.010232929922807542 24534650.252888408
0.010471285480508996 21854321.5237948
0.010715193052376065 19467291.392009784
0.01096478196143185 17341394.008176345
0.011220184543019636 15448001.651372412
0.01148153621496883 13761633.997433254
0.011748975549395297 12259610.765203273
0.012022644346174132 10921742.891734906
0.012302687708123818 9730057.934333362
0.012589254117941675 8668555.881849224
0.012882495516931342 7722991.986963077
0.013182567385564075 6880683.611750673
0.01348962882591654 6130338.416184885
0.013803842646028852 5461901.518382564
0.014125375446227547 4866419.520723579
0.014454397707459272 4335919.531327627
0.014791083881682071 3863301.519195101
0.01513561248436208 3442242.5266271993
0.01548816618912481 3067111.427013019
0.015848931924611134 2732893.0620764424
0.0162181009735893 2435120.7223065626
0.016595869074375606 2169816.0494073173
0.016982436524617443 1933435.5418364666
0.017378008287493755 1722822.9353144388
0.01778279410038923 1535166.810858173
0.018197008586099836 1367962.8545745572
0.018620871366628676 1218980.2571436341
0.019054607179632473 1086231.797529785
0.019498445997580455 967947.2057741571
0.0199526231496888 862549.4444484407
0.020417379446695295 768633.5881137154
0.020892961308540396 684948.01548298
0.021379620895022326 610377.6604241561
0.02187761623949553 543929.095898411
0.0223872113856834 484717.2497941829
0.022908676527677734 431953.5737343408
0.023442288153199226 384935.50560795655
0.02398832919019491 343037.0840805193
0.02454708915685031 305700.5889080253
0.025118864315095808 272429.0947352625
0.025703957827688632 242779.8383869362
0.026302679918953815 216358.31063102072
0.026915348039269153 192812.99315702237
0.02754228703338166 171830.67020111255
0.028183829312644536 153132.25198402797
0.028840315031266057 136469.05401159983
0.029512092266663854 121619.4824155743
0.03019951720402016 108386.08096735894
0.030902954325135904 96592.90025359552
0.03162277660168379 86083.1538259535
0.03235936569296283 76717.12998688334
0.03311311214825911 68370.33130042386
0.033884415613920256 60931.81696891012
0.034673685045253165 54302.7259338612
0.03548133892335755 48394.96097915316
0.03630780547701014 43130.016269480104
0.03715352290971726 38437.93267615014
0.038018939632056124 34256.36695132783
0.03890451449942807 30529.762333940907
0.039810717055349734 27208.609526121043
0.04073802778041128 24248.788186475314
0.04168693834703355 21610.980161934614
0.04265795188015928 19260.14663784216
0.04365158322401661 17165.062239201754
0.04466835921509633 15297.899876053894
0.04570881896148752 13633.860802986897
0.046773514128719815 12150.84496590003
0.047863009232263824 10829.157246400435
0.04897788193684462 9651.245692835324
0.05011872336272722 8601.468253343613
0.05128613839913648 7665.884906167764
0.05248074602497726 6832.072420878694
0.05370317963702527 6088.9592856613845
0.054954087385762455 5426.678604419269
0.05623413251903491 4836.437006770966
0.057543993733715694 4310.397827232344
0.0588843655355589 3841.5769998487003
0.06025595860743578 3423.7502838028745
0.06165950018614822 3051.370586335486
0.06309573444801933 2719.494283686176
0.06456542290346556 2423.7155604928957
0.06606934480075961 2160.1078947670117
0.06760829753919818 1925.17191061847
0.06918309709189366 1715.788905604874
0.0707945784384138 1529.1794350502373
0.07244359600749903 1362.8664029295187
0.07413102413009177 1214.6421688398464
0.0758577575029184 1082.5392339771797
0.07762471166286919 964.8041166192774
0.07943282347242818 859.8740700159874
0.08128305161640995 766.3563333707885
0.08317637711026708 683.0096402661043
0.08511380382023763 608.7277388875663
0.08709635899560805 542.5247051383544
0.08912509381337455 483.5218535598444
0.09120108393559097 430.93607220617633
0.0933254300796991 384.06942654037925
0.09549925860214359 342.29989428015745
0.09772372209558107 305.07310814660127
0.1 271.89499685879
0.10232929922807547 242.32522664957668
0.10471285480508996 215.97135621146936
0.10715193052376071 192.48362700088265
0.1096478196143185 171.55024591356693
0.1122018454301963 152.89289027443246
0.1148153621496883 136.26285785114987
0.11748975549395291 121.43801064388697
0.12022644346174131 108.22018796074377
0.1230268770812381 96.43289040784853
0.12589254117941676 85.91914360040545
0.12882495516931336 76.53950677646614
0.13182567385564073 68.17021818854516
0.13489628825916533 60.70147938777174
0.13803842646028852 50.8004025257235
0.1412537544622754 37.855193993635844
0.1445439770745928 24.41253446513072
0.1479108388168207 15.506089354384173
0.15135612484362088 10.2380368657485
0.1548816618912481 7.079967664440823
0.15848931924611143 5.102442355025025
0.16218100973589297 3.8058975684127767
0.16595869074375613 2.9200353303089206
0.16982436524617442 2.292971720128509
0.17378008287493762 1.8355762596995615
0.1778279410038923 1.4933307272691172
0.18197008586099844 1.2316157671131562
0.18620871366628675 1.0277062525888014
0.19054607179632482 0.8662421387838963
0.19498445997580455 0.736570380636802
0.19952623149688808 0.6311321519064981
0.20417379446695297 0.5444544563101693
0.20892961308540386 0.4725023509748092
0.21379620895022325 0.41225255940269356
0.21877616239495518 0.3614065101488208
0.223872113856834 0.3181933983427139
0.22908676527677724 0.28123266417570114
0.23442288153199228 0.24943621718229286
0.239883291901949 0.2219378846521473
0.2454708915685031 0.19804180795638168
0.25118864315095796 0.17718421811374854
0.25703957827688645 0.1589047888530991
0.26302679918953814 0.1428249336627248
0.26915348039269166 0.12863119745668122
0.2754228703338166 0.11606242746805559
0.2818382931264455 0.10489977657132558
0.28840315031266056 0.09495884991809012
0.2951209226666387 0.08608348807161047
0.3019951720402016 0.07814081024426867
0.30902954325135923 0.07101723552619346
0.31622776601683794 0.06461526882931251
0.32359365692962844 0.058850888995939696
0.3311311214825911 0.053651414228418126
0.33884415613920277 0.04895374825954229
0.34673685045253166 0.04470293203423407
0.3548133892335757 0.040850941921717725
0.3630780547701014 0.03735568793064603
0.3715352290971724 0.03418017500774119
0.38018939632056126 0.03129179796077085
0.3890451449942805 0.02866174637429273
0.3981071705534973 0.026264500465182066
0.4073802778041126 0.024077402442026254
0.41686938347033553 0.02208029080497483
0.42657951880159256 0.02025518731533085
0.4365158322401661 0.018586028202882715
0.44668359215096304 0.01705843266041432
0.4570881896148752 0.015659502873673323
0.4677351412871981 0.014377650809359778
0.47863009232263853 0.013202447778689423
0.48977881936844614 0.012124493445332982
0.5011872336272725 0.011134836376013013
0.5128613839913648 0.010224634010919454
0.5248074602497729 0.009387540264927887
0.5370317963702527 0.00861779852649698
0.5495408738576248 0.007910041891076547
0.5623413251903491 0.007257393194255935
0.5754399373371573 0.0066550880699531596
0.588843655355589 0.006099948762343031
0.6025595860743581 0.005588834296818928
0.6165950018614822 0.005118684693125476
0.6309573444801936 0.004686552697952155
0.6456542290346556 0.004289625432780604
0.6606934480075958 0.00392523803226033
0.6760829753919819 0.0035908810316116644
0.6918309709189363 0.0032842029660036394
0.707945784384138 0.003003009379755035
0.7244359600749899 0.00274525921219553
0.7413102413009177 0.0025090593301598284
0.7585775750291835 0.002292657812310639
0.776247116628692 0.002094369628767535
0.7943282347242814 0.0018953908575980167
0.8128305161640995 0.001693066821263734
0.8317637711026709 0.001499377326970985
0.8511380382023768 0.0013211623146844585
0.8709635899560805 0.0011613664064281737
0.8912509381337459 0.0010204114758211851
0.9120108393559097 0.0008970944962004264
0.9332543007969915 0.0007897021292729535
0.9549925860214359 0.0006965084496893891
0.9772372209558111 0.000615652241665304
1.0 0.0005453902840817259
1.0232929922807548 0.0004903636090758556
1.0471285480508996 0.0004343035752578865
1.071519305237607 0.00038510149986354064
1.096478196143185 0.0003417176685907202
1.1220184543019642 0.000303373962714129
1.1481536214968828 0.0002706039212761043
1.1748975549395304 0.0002414556982181316
1.2022644346174132 0.00021545157986520985
1.2302687708123812 0.0001922480843324235
1.2589254117941675 0.0001715415137041525
1.2882495516931336 0.0001521647078756513
1.3182567385564075 0.00013575191688769184
1.3489628825916533 0.00012110909706396293
1.3803842646028852 0.00010804503722945933
1.412537544622754 9.638898554795992e-05
1.4454397707459279 8.598961057061538e-05
1.4791083881682072 7.671114405459232e-05
1.5135612484362087 6.843305087199656e-05
1.5488166189124812 6.104732310138968e-05
1.584893192461114 5.445798200742121e-05
1.6218100973589298 4.857919442650928e-05
1.6595869074375613 4.333417958221829e-05
1.6982436524617444 3.865421901799685e-05
1.7378008287493762 3.447796161855407e-05
1.7782794100389228 3.0750717373156153e-05
1.8197008586099843 2.7423755087580795e-05
1.8620871366628675 2.445375006091765e-05
1.9054607179632483 2.1802127197100257e-05
1.9498445997580456 1.9434563287269517e-05
1.9952623149688808 1.7320502053988467e-05
2.0417379446695296 1.5432775914045404e-05
2.089296130854041 1.3747187816923376e-05
2.1379620895022327 1.2242194004586781e-05
2.1877616239495516 1.0898601774454787e-05
2.23872113856834 9.699294324537146e-06
2.2908676527677723 8.629012505393671e-06
2.344228815319923 7.674120886535145e-06
2.39883291901949 6.8224406983434136e-06
2.454708915685031 6.06307610770541e-06
2.5118864315095797 5.386276585258617e-06
2.570395782768865 4.783310525030375e-06
2.6302679918953813 4.246354425401641e-06
2.691534803926917 3.7683955605073378e-06
2.7542287033381663 3.3431444597984224e-06
2.818382931264455 2.964964196226525e-06
2.8840315031266055 2.6287987757335556e-06
2.951209226666387 2.330115908913666e-06
3.019951720402016 2.0648538234911675e-06
3.090295432513592 1.8293713717833448e-06
3.1622776601683795 1.6204019305514936e-06
3.2359365692962845 1.4350235266162053e-06
3.311311214825911 1.2706258747128841e-06
3.3884415613920273 1.1248795816567595e-06
3.4673685045253166 9.957070472483559e-07
3.548133892335757 8.812560526039086e-07
3.630780547701014 7.798758633157032e-07
3.715352290971728 6.900957063371705e-07
3.801893963205613 6.106058788180114e-07
3.890451449942805 5.40241118273972e-07
3.981071705534973 4.779652836467943e-07
4.073802778041126 4.2285755623838127e-07
4.168693834703355 3.7409992619030945e-07
4.265795188015925 3.308419307720418e-07
4.365158322401661 2.92687695535199e-07
4.46683592150963 2.5894307231912346e-07
4.570881896148752 2.2910031724056045e-07
4.677351412871981 2.0270942722521262e-07
4.786300923226385 1.7937173130598602e-07
4.897788193684462 1.587341786134861e-07
5.011872336272725 1.4048420348456902e-07
5.1286138399136485 1.2434518482273647e-07
5.248074602497728 1.100723812915687e-07
5.370317963702527 9.74493060889132e-08
5.4954087385762485 8.6284521067824e-08
5.623413251903491 7.640876430802584e-08
5.754399373371572 6.767241547139474e-08
5.88843655355589 5.994323013872737e-08
6.025595860743581 5.3104340452639755e-08
6.165950018614822 4.7052474710926064e-08
6.309573444801936 4.1696382139388716e-08
6.456542290346556 3.6955438104776907e-08
6.606934480075965 3.2758409050441225e-08
6.760829753919819 2.9042359549372426e-08
6.918309709189363 2.5751683961519683e-08
7.07945784384138 2.2837251199244753e-08
7.244359600749899 2.0255648071350757e-08
7.413102413009177 1.796851089276369e-08
7.585775750291836 1.5941935765782136e-08
7.76247116628692 1.4145956403810527e-08
7.943282347242813 1.255408433934947e-08
8.128305161640995 1.1142902121698365e-08
8.317637711026709 9.891704535086252e-09
8.511380382023768 8.782182054585178e-09
8.709635899560805 7.798141143485386e-09
8.91250938133746 6.925257476931731e-09
9.120108393559097 6.150857594134161e-09
9.332543007969914 5.46371118489849e-09
9.549925860214358 4.853862288432443e-09
9.772372209558112 4.312505814569001e-09
10.0 3.831859230962971e-09
