0.001 1
0.0012663801734674035 1
0.001603718743751331 1
0.002030917620904735 1
0.0025719138090593446 1
0.0032570206556597828 1
0.004124626382901352 1
0.0052233450742668434 1
0.006614740641230145 1
0.008376776400682916 1
0.010608183551394482 1
0.013433993325989001 1
0.017012542798525893 1
0.021544346900318832 1
0.02728333376486768 1
0.03455107294592218 1
0.043754793750741844 1
0.05541020330009492 1
0.07017038286703826 1
0.08886238162743403 1
0.11253355826007645 1
0.1425102670302998 1
0.18047217668271703 1
0.22854638641349906 0
0.28942661247167517 0
0.3665241237079626 0
0.46415888336127775 0
0.5878016072274912 0
0.7443803013251689 0
0.9426684551178854 0
1.1937766417144358 0
1.5117750706156616 0
1.9144819761699576 0
2.424462017082328 0
3.07029062975785 0
3.888155180308085 0
4.923882631706737 0
6.235507341273912 0
7.896522868499725 0
10.0 0
