0.001 0
0.0012663801734674035 0
0.001603718743751331 0
0.002030917620904735 0
0.0025719138090593446 0
0.0032570206556597828 0
0.004124626382901352 0
0.0052233450742668434 0
0.006614740641230145 0
0.008376776400682916 0
0.010608183551394482 0
0.013433993325989001 0
0.017012542798525893 0
0.021544346900318832 0
0.02728333376486768 0
0.03455107294592218 0
0.043754793750741844 0
0.05541020330009492 0
0.07017038286703826 0
0.08886238162743403 0
0.11253355826007645 0
0.1425102670302998 0
0.18047217668271703 0
0.22854638641349906 1
0.28942661247167517 1
0.3665241237079626 1
0.46415888336127775 1
0.5878016072274912 1
0.7443803013251689 1
0.9426684551178854 1
1.1937766417144358 1
1.5117750706156616 1
1.9144819761699576 1
2.424462017082328 1
3.07029062975785 1
3.888155180308085 1
4.923882631706737 1
6.235507341273912 1
7.896522868499725 1
10.0 1
