0.0010043240656051609 1.2994850666402466e-05
0.001156126689171072 1.450411837144911e-05
0.0013973444506105125 1.658883287191034e-05
0.001725831199033792 1.9680993089959542e-05
0.001986711765409686 2.1700254353703002e-05
0.0024939258577971225 2.606142918688349e-05
0.003063553282942347 3.0919282369167646e-05
0.0036429832693562134 3.60169756423707e-05
0.004126006528352057 4.02001139920112e-05
0.005041633460345657 4.195513074768837e-05
0.006329542802976091 4.4324628065620024e-05
0.007609390723007703 4.682794733666292e-05
0.009501300314062242 5.131824824808352e-05
0.011672124118060716 5.727853026661027e-05
0.013955472890115561 6.51126316483794e-05
0.016064829292469617 7.267504191843917e-05
0.017236115619530194 7.724963313788968e-05
0.01889815633372516 8.111577714089116e-05
0.021059633749386606 8.674962008565195e-05
0.02372346341429721 9.506798380412778e-05
0.026435924213191662 0.00010546375070031067
0.02945733391320817 0.0001221040125051939
0.03282387742030923 0.00014223542421607942
0.03697172826145434 0.00017504335563135731
0.039878477479186894 0.0002089430456274037
0.040969047472885614 0.00023463839362657034
0.042090892578793115 0.00025401744990762026
0.047414417943382546 0.00028179447947251755
0.059519133891475284 0.0003404999074912882
0.07154622734160543 0.0004039691265933037
0.08600117754496983 0.000494122829642688
0.101159761648217 0.0006080968835395059
0.11456463861130001 0.0007303082079508007
0.13770138456213066 0.0009611834575258128
0.22790657056735747 0.0009729903089662936
0.2513358888090324 0.0006828792769560365
0.2784938888480143 0.0009729903089662936
0.4366261950215695 0.0009729903089662955
0.5164829081533773 0.0009611834575258128
0.5756184940560863 0.0009153714861550259
0.6450396725118742 0.0008301939507307594
0.7189276260863439 0.0007529423914273232
0.8012516699309555 0.0007083544301301184
0.8929307735205172 0.0007258636834571521
0.9897116943676707 0.0007529423914273232
0.9892228001155451 0.0012727922061357894
0.0010043240656051609 0.0012727922061357894
