0.001000000000000002 5.744495443488294e-06
0.001967749674580731 9.45244206322709e-06
0.003199080183592554 1.411566449877833e-05
0.00594113398496504 2.4619224078868043e-05
0.010473708979594518 4.293855201063844e-05
0.021711179456945066 9.330953960487254e-05
0.03292971255097151 0.00015254893944144794
0.042722166311167396 0.00021079418726851812
0.06258675171958727 0.0003446210306513521
0.07663410868007463 0.00046403983113520793
0.09492638332763458 0.0006248398841852511
0.13049019780144017 0.0010215317968217642
0.1762914118095948 0.0016486066898745418
0.2340705273970635 0.0026606161710826413
0.2950184970723898 0.004024922359499626
0.2950184970723898 0.004024922359499626
0.001000000000000002 0.004024922359499626
