0.000989345454600511 0.04050185351316524
0.000989345454600511 1.2807810656009462e-05
0.0014472076926522106 1.6780959753491337e-05
0.0017985468557009776 1.962237532668322e-05
0.002124681602397994 2.2513957499680644e-05
0.002555822568695704 2.6077704810787632e-05
0.0031306675218783146 3.0930008326380726e-05
0.0036057577415001306 3.482136418428468e-05
0.004108126624065024 3.976375735936539e-05
0.0051421185054578095 4.1496845422087646e-05
0.006601655312872228 4.413440440197451e-05
0.008027498942766014 4.716263778339039e-05
0.010343881720899763 5.334853049928256e-05
0.01235256338317486 5.837628142117231e-05
0.014330397413886784 6.510058808103292e-05
0.016385949932647595 7.294441175747253e-05
0.018201011347291365 7.906581147244548e-05
0.022132907510689862 8.859227355682053e-05
0.026146413411176427 0.0001021303312429746
0.028833927090107018 0.00011497951830294218
0.03237991822631799 0.00013702183729713354
0.035709177687437144 0.00016022289302235432
0.03853397169910934 0.00018383357488203233
0.040102837851029166 0.00020500918425267134
0.04173677306132279 0.0002374602062084096
0.0423474067430892 0.0002513589756933129
0.048773780233531815 0.0002829828670346757
0.05803717696062758 0.00032777638818698657
0.06931140196350873 0.00038692759819438776
0.08188155964901647 0.00045675335881445846
0.09362966693926544 0.0005340925650283989
0.10438340367965111 0.0006186343850317985
0.11428462149453927 0.0007165583784588391
0.12741111708740638 0.0008339264163818582
0.13949611418165492 0.0009613612758534849
0.1451682664476867 0.0010032618371130135
0.23242121119871648 0.001008028758093192
0.25528161524918164 0.0006642223762926857
0.2867294372226281 0.0010128183287295106
0.29312566439910154 0.0015889176188907269
0.29312566439910154 0.0502459869006608
