0.001000000000000003 1.7587614809808413e-05
0.0014314589375234814 1.975917206941221e-05
0.0020490746898158504 2.2633801734292885e-05
0.0026893556656722717 2.5428415842007202e-05
0.004297004704320844 3.087372048412329e-05
0.0055426645206631125 3.53653313905481e-05
0.008026433522257181 4.640398311352089e-05
0.010718913192051286 6.010558253655291e-05
0.012750512407130155 7.203880434103914e-05
0.013906443651973837 5.819288209113576e-05
0.015702901247293774 5.179741293289633e-05
0.017426333860096534 5.179741293289633e-05
0.019791668678535584 5.490210144821326e-05
0.022478058335487276 5.971807802426781e-05
0.02597603521153818 6.796504318080811e-05
0.03072112998861759 8.413607080097368e-05
0.03468973682197071 0.00010084024955201382
0.03894504960159794 0.00012564335647105164
0.04150404757850477 0.00015654714358049205
0.0447459536921003 0.00021353870685229028
0.045529350748669525 0.0003067467564512926
0.046595256686646824 0.00042386681585697005
0.04686560969854709 0.0005113168344394974
0.056724260684919835 0.0007586446616072259
0.07190911098669463 0.0012893638354633202
0.09437878277775372 0.0024619224078868017
0.11357333583431052 0.004024922359499626
