0.001 0.09512075611519444
0.001 0.0009512075611519444
0.44562556180134355 0.000977536542664435
0.5236392081386859 0.0009698799095327973
0.590777079928043 0.000914081861364244
0.6274988069027392 0.0008700436284420805
0.6681742716783148 0.0008172944592892249
0.7150712250450989 0.0007652202856815189
0.7614289474050583 0.0007259601978009037
0.8026969267653089 0.0007094235190020469
0.8504862860335457 0.000714109466441298
0.9287405051773632 0.0007380075934540894
1.0 0.0007577006545944492
1.0 0.001411538800428228
1.0 0.044636776150550575
