0.001000000000000002 2.4619224078868043e-05
0.00139871310264724 2.4619224078868043e-05
0.0017629141180959516 2.4778975710788368e-05
0.0021711179456945077 2.5101595537194895e-05
0.0030721129988617625 2.5428415842007202e-05
0.004198707084443914 2.660616171082647e-05
0.0055426645206631125 2.8200910174563035e-05
0.0073168071434272074 3.0476914060868094e-05
0.008907354638610449 3.293660683020595e-05
0.012173827277396621 3.871716726238914e-05
0.015343684089300147 4.610481368389992e-05
0.01857138190982504 5.3847060675942774e-05
0.022739657523579298 6.665897492925832e-05
0.025826187606826773 7.685221404783737e-05
0.031258985164823415 0.00010483054517103054
0.035501872199642195 0.0001323157186256574
0.04272216631116735 0.0001913038892443134
0.05023484020512821 0.00022780670163290894
0.0690551352016233 0.00032303671802411295
0.08455429608599185 0.00042386681585697005
0.1 0.000534999052520264
0.12315506032928249 0.0007685221404783721
0.1382622173764655 0.0009330953960487254
0.15885651294280528 0.001147661167591659
0.17027691722258995 0.0012645864338553326
0.193389175045523 0.0012727922061357868
0.20729217795953697 0.0011930746542648991
0.22478058335487253 0.0010968589055582983
0.23955044663499153 0.0009211027291185336
0.24801180997243844 0.0006495650892846818
0.25529080682395167 0.0004824021032780698
0.26278343783736313 0.0006453773018529968
0.2689355665672269 0.0009151643212577563
0.2833096101839324 0.0012243443309885547
0.3001835813575589 0.0017138428240700946
0.3312077592527663 0.002278067016329087
0.3783462617131929 0.0029507067257308504
0.42475715525368984 0.004024922359499626
