0.0010018747117158371 2.2442204948481295e-05
0.0017956405706729078 2.2442204948481247e-05
0.002699832832199772 2.2716414563805916e-05
0.003934094000308753 2.3702802692428003e-05
0.005317068908065055 2.5649706605079127e-05
0.007008152384037629 2.792558199682618e-05
0.009295525598370885 3.134062970869188e-05
0.012329631997293745 3.560307138706017e-05
0.01565169336216752 4.118874925744406e-05
0.018896937549418524 4.94188378724415e-05
0.02339626736032651 6.262397486014813e-05
0.028786470855171428 8.130874431164426e-05
0.03368263355963597 9.995389016854454e-05
0.03966092356635331 0.0001266624262036634
0.046407902067080585 0.00015953602725053622
0.05638730258616188 0.00020588194704667713
0.06515567049941012 0.0002546348516097435
0.08067073036564774 0.0003286073994623643
0.09618323253962247 0.00039666912057183414
0.11395993806977218 0.00047304797377907266
0.13587285787009967 0.0005675695801287261
0.16715522192651097 0.0006566141687026326
0.18951042555373235 0.0006809779264331974
0.20948327643551976 0.0005745044172623468
0.22582059747443006 0.0004817442935851568
0.24341593403011702 0.0003801618021504562
0.25748130240759276 0.0002910279649531386
0.27595922498684555 0.0003801618021504562
0.2866043596928313 0.00045890155845774294
0.29766801079016275 0.0005675695801287261
0.31900456175814745 0.0006892984410920942
0.35945827832475113 0.0008170468476906073
0.39995154711680414 0.0008841575487005039
0.4205969370022721 0.0010044062488974788
0.45076579518506926 0.001272792206135783
