0.0010050410617403014 1.2650569483039265e-05
0.0015027352474344443 1.2801092222162229e-05
0.0019443721821056634 1.3437311128851739e-05
0.002437932982682042 1.427844016578372e-05
0.0032143526101675902 1.5451349530453817e-05
0.004627662171279886 1.744764851020637e-05
0.006025033189538666 1.946502182418074e-05
0.0077462578451764725 2.1982076307299754e-05
0.009590411604953844 2.528328417403855e-05
0.011948231694042983 2.96164069694517e-05
0.01433498556758644 3.4273202367173856e-05
0.01819753146106294 4.3720328823300025e-05
0.02183059951101594 5.5098884741763074e-05
0.025539610014033938 6.735724256022397e-05
0.03044672443817101 8.43724364666094e-05
0.037454759321707644 0.00010763198776624637
0.0466587348470502 0.00013730214338231758
0.055626582981387035 0.00016380590976370154
0.06549046448965634 0.00019306147473341394
0.08158490194971375 0.00024329913498867715
0.09849144602766911 0.000302905065423414
0.1250265300401867 0.0003959289800790511
0.15189307859256954 0.00047523434999224536
0.1744057754514557 0.0005081072863718128
0.1977890386666115 0.00046087080324864614
0.2173748198800152 0.00040549684448219195
0.23299485423889046 0.0003216857348113879
0.2450755186938894 0.00025211131474804876
0.2546621766261179 0.00013793449207594638
0.2642755673732055 0.0002520945465747085
0.27093031865232875 0.0003236082128621427
0.2830623684045042 0.0003861200335836607
0.2994529709214338 0.0004986684462341127
0.324871396842163 0.0006208958857465287
0.3614450150864952 0.0007273793958245017
0.4097963174153739 0.0008417923517614506
0.43357153248018154 0.0009862032873611463
0.4615693969660461 0.0012736602412305377
