0.005023283630839528 5.6007629837371264e-05
0.0054594656026858345 5.9196195823718264e-05
0.005808037057165526 6.159683108732137e-05
0.006178729508744053 6.457724212135418e-05
0.006572929520908025 6.824219955423476e-05
0.006992329969650265 7.193517081372644e-05
0.007439010576608973 7.402400151302279e-05
0.007914236241796699 7.613872339355316e-05
0.008419621053685844 7.895703641854854e-05
0.008957231370270472 8.202866815936975e-05
0.009529137840351063 8.531658221002527e-05
0.010137519659794383 8.885721467613083e-05
0.010784757441773709 9.25028388753556e-05
0.011473303505920006 9.634187874439651e-05
0.012205817400754741 0.00010031734446246073
0.01298509014530668 0.00010448058097081963
0.013814087771409501 0.00010889085085534046
0.01469598144750346 0.00011356459483483398
0.01563397970366789 0.00011895126733246687
0.016631737886549033 0.00012487680809501818
0.01773380704463521 0.00012933848615164786
0.01867767251056247 0.00013598639637846133
0.01956541394435239 0.00014315546095067418
0.020709597612859863 0.00015140824944500218
0.02196539973928379 0.00015952915720958348
0.023234147764984562 0.00016883529844200236
0.024003730831174127 0.00017912215943316452
0.024791181041536704 0.00017948897459175593
0.025210336308704062 0.00018868731276903595
0.026470177813766135 0.00019459282103921513
0.027738525797862432 0.000206447915949762
0.028850551974113507 0.00021757078848043916
0.030006817172545695 0.0002301949478159762
0.03112146482748607 0.00024387044101325606
0.03218692701611246 0.0002576525683939518
0.0332887855496752 0.0002724402723534096
0.03442807310016536 0.0002889176630114538
0.03560635204374088 0.00030639177861032757
0.03682482342864313 0.0003253290242200963
0.03808531359492063 0.00034443107002708105
0.03938918736186265 0.00036389594391803817
0.040967900393204366 0.0003847413156914656
0.043215546596414536 0.00040378016295999485
0.04597410121960699 0.0004221661994996757
0.048908257941452066 0.00044289328285716865
0.05203067213161796 0.00046158858304771793
0.05535195435689684 0.0004824956994626999
0.05888481787057465 0.0005056109967158547
0.0626430854715481 0.0005300747871763002
0.0666406064019194 0.0005574931569086745
0.07094954950044961 0.000588582109819862
0.07394836650363458 0.000603833602907291
