0.001089879206694125 3.5915187595222164e-06
0.0012571896449225285 3.985963747953561e-06
0.0014683873902959815 4.442445947898522e-06
0.0017026057427782814 4.9641669996082926e-06
0.001971186610125511 5.549403211157034e-06
0.0022932774367965423 6.221129157958385e-06
0.0026982658265550276 7.0787503134381e-06
0.003123947027791207 7.957964689542169e-06
0.003588316926108797 8.957184155748948e-06
0.00413929544432895 1.0081888216003984e-05
0.004838976034263837 1.1528996487118902e-05
0.005714596310135003 1.339428609519746e-05
0.0067486922196940006 1.5594379756822648e-05
0.007969933142210043 1.817496464920909e-05
0.009214508685926638 2.1001187109304085e-05
0.010549278759529903 2.4040952560162835e-05
0.012300240420661602 2.8057404370326204e-05
0.014221161448126338 3.255761662038547e-05
0.016768737721856854 3.8905720659049615e-05
0.019678064267997942 4.630637753053028e-05
0.02294535119811162 5.529633984270569e-05
0.026755074449172495 6.596932468958584e-05
0.030949376368014533 7.872114328438072e-05
0.03614702906993284 9.553871989931622e-05
0.0422184764593409 0.00011709722883142879
0.04830530440689324 0.00013970423758784126
0.05561300635584809 0.00016946404928479668
0.06421793035587925 0.00020799737979118873
0.07393496629997036 0.0002555619690016494
0.08526043298298727 0.00031767322833377065
0.09753848343209565 0.00039351104177646654
0.111111625502476 0.0004892954935414794
0.12603588679445676 0.0006082122491367632
0.14205316407808533 0.000751782880890487
