0.001 1.707766332381683e-05
0.0014447064586267536 1.7289018052897396e-05
0.0019588943755860615 1.816092015978538e-05
0.002589543080585882 1.9432030839037273e-05
0.003423223553951959 2.1049433549554894e-05
0.004700849080887948 2.3658558318797485e-05
0.006537730247551847 2.759064039175494e-05
0.008864584867434888 3.379891869454721e-05
0.011280844111196037 4.217515162140144e-05
0.014085112839396438 5.2304560663373244e-05
0.01873817422860389 7.113552926320726e-05
0.022955224405732312 8.876472526999572e-05
0.029212231811315645 0.00011492642580915159
0.03511191734215138 0.00013992328284671862
0.041145758135298666 0.00016724273103370455
0.05104920471788202 0.00020487467446212067
0.06333632968333965 0.00025722493303202004
0.07858086487195538 0.0003190038825391737
0.09811502914399453 0.000400516816139052
0.11793028398440465 0.0004936654357766073
0.14174741629268062 0.0005828383305616148
0.1599030506362535 0.000635245018345145
0.1792435456436836 0.0006713975150069835
0.20608652048371834 0.0006047470333855671
0.22097982081285023 0.0005347551098579143
0.23248299109956316 0.0004392227812899085
0.2540730948213129 0.0003249441998259594
0.2724342515716141 0.0004365298211780771
0.2866158975528347 0.0005347551098579143
0.30153577333290293 0.0006591236714768094
0.3172323076835282 0.0007639579823940859
0.34889899985944234 0.0008586522975561769
0.3910988161733204 0.0009416324985532147
0.4439999488780907 0.0012727922061357803
