0.33146030098340185 0.005575781717233348
0.33464850785797495 0.0050309359032314135
0.3360119782362759 0.004418449587170638
0.338821014049247 0.003897736801644574
0.3445871810889241 0.0035463203001409043
0.3471726159947554 0.003129168469831227
0.35189687773613504 0.0029337196618337744
0.3563416057612063 0.002541143083380425
0.36238032339647724 0.0022011271886724134
0.36853874536022896 0.001970126488784812
0.37320990972011914 0.0017589063980725712
0.38232346144060914 0.001556870750749372
0.3939543357866537 0.0013873278394465835
0.40268782150797183 0.0012175727354317403
0.41304885454829643 0.0011261282711609005
0.4435569813642786 0.000989576406909194
0.4487908517000611 0.0008749689738690649
0.46506944261356364 0.0008199587557414854
0.48053601236843674 0.0007693972772394377
0.48680641098160654 0.0006891398921376597
0.5082957935995013 0.0006076051904572869
0.5353017734493428 0.0005603182640595829
0.5628362488464312 0.00055087730263981
0.5948381174052025 0.0005565521840919118
0.6233362667674852 0.0005629804363540624
0.6532044728010024 0.0005723614830684797
0.6903607868443344 0.0005878112442014141
0.7234504213698529 0.0006032823867136365
0.7646046238241918 0.0006207393354414933
0.7944630404612506 0.00063505662117124
0.8468405808495139 0.000659656355171262
0.8836555996056822 0.0006723326148833395
0.9534549150819331 0.0007121166753711946
0.9845649669405359 0.0007270341186951884
1.0760268099853596 0.0007602021550349491
1.1311081293145857 0.0007866545379320779
1.1902507679343486 0.0007509233287993236
1.247236155091673 0.0007434929366649006
1.318115943430748 0.0007370832472422975
1.3860001777104969 0.0007558237089217405
1.459907837171381 0.0007922309698163158
1.5351262139223298 0.0008241312620699972
1.616990623168772 0.0008655727343574629
1.7032478256233878 0.0009192381790992235
1.7910530831670495 0.0009747504178182272
1.8833670942099288 0.0010268623143718408
1.9503516785346606 0.0010825291870437946
2.0299742823458344 0.0011111387557022597
