0.0010147341642281502 0.000016998102792297913
0.0013919581697416253 0.0000168606903481369
0.0019452481973668174 0.00001770214707679738
0.0028922798376044313 0.000019513138593055222
0.004016959953832512 0.000021861427200313298
0.0057545705644737235 0.00002509603948241756
0.007796569083814247 0.000030002494196138095
0.01049790160407871 0.00003827457010768974
0.012721651580555843 0.00004650639654268708
0.01766854101781145 0.00006593134486776579
0.021813061488958403 0.00008342952999235923
0.02760572381234029 0.0001055717350936217
0.03603627391858763 0.00013799899275433844
0.047628171681226114 0.00018633934669802217
0.06065101463822789 0.0002396528666857209
0.08423552029559599 0.00033157866329223815
0.10207896590410627 0.00040289227956775384
0.1191865888073922 0.0004855860653119603
0.13830149457007632 0.0005711736836966104
0.15655241664433356 0.0006245170149879363
0.17611690047226589 0.0006503838802697585
0.18971460904810056 0.0006503838802697585
0.2081974721590333 0.0005758286752952121
0.22427207116147144 0.0004895435288978105
0.24158776464219348 0.0003868685732078379
0.2570344805195031 0.0003158173493625168
0.26677262213804287 0.00040617579950234057
0.27687970803982104 0.0005056985506929986
0.2838296155007424 0.0006884072883539407
0.30011141538971386 0.0008570834806840307
0.3252923888314127 0.001024649414217106
0.3659444452931167 0.0011955071323966524
0.40409314342671077 0.001265400093986989