0.0012058 4.024919999999999e-06
0.00150431886376084 5.120592843516683e-06
0.0022247982814987805 7.510520827452057e-06
0.002759857759491986 9.14579337873624e-06
0.003004917218852942 9.928137274274378e-06
0.005801586849921462 1.914427288288765e-05
0.012058152946219015 4.163814253988462e-05
0.023018073130224748 8.25172183509882e-05
0.041282267799195076 0.00015397745141239213
0.06316734317934179 0.00024249370723697356
0.07278953843983153 0.00027804245816474854
0.08927686188652437 0.000320551779151794
0.10346139387845125 0.0003460733473736469
0.1205815294621893 0.00037158800792749287
0.1478940625617564 0.00042606154331146134
0.17236663448613615 0.00048056673444659
0.21503656563070303 0.000560136184727657
0.25492001824252125 0.0005916404892093545
0.29879233906933594 0.000560136184727657
0.3365840997718233 0.000518828311814171
0.38131227684721686 0.0006113873415300539
0.4081665761438546 0.0007364019362148719
0.4393970560760786 0.0008677761252189585
0.49497273933598757 0.0010452163062667325
