0.010136448190543315 0.0004966416812878906
0.010196792025156888 0.0003136193697315671
0.010202509130568995 0.00015640282901548144
0.010265814750403966 0.00007239560973644515
0.010382793089695416 0.0000564675000804464
0.01061906307743304 0.000041908504008823316
0.01085962258106602 0.00003521782977176503
0.011229706513117688 0.000030339917008610073
0.011742139168887698 0.000026795233994568537
0.012624396690226643 0.000023664684534895946
0.014112550596207812 0.000020135241114012104
0.01525804462209399 0.00001713219266124416
0.017056650865161633 0.000014577030576392422
0.01927991381257516 0.000013034906300958593
0.02107687460936783 0.000011949180720729907
0.023298275930454245 0.000011512007904713213
0.026041790873183337 0.000011229481712787296
0.029107788831964954 0.000011229481712787296
0.03181819678491123 0.000011369867292252768
0.0355600013142952 0.000013197862430292214
0.03886421237418118 0.000016711736630290606
0.04039676467014911 0.000023664684534895994
0.040608383852638055 0.000036103886634209685
0.040818660139746485 0.00005934461203156144
0.041495067840072654 0.00008197266691668753
0.041713275535036044 0.00012199188310127173
0.04169407404021172 0.0002160391073227552
0.04215398324109155 0.00026355017525820626
0.04237735256946206 0.00037320069688613454
0.042597641576256375 0.000598381857088072
0.042581868741523046 0.0009475861513616128
0.04242276273380113 0.09876528392234328
0.00992610559793276 0.10000000000000005