0.02529497118201392 0.000054401579696401324
0.0408219287941917 0.000053729874645391615
0.0485075453282694 0.00005508168208089715
0.05926477320075649 0.00005861187456558546
0.07160396597598416 0.00006473677780738161
0.08747877065043666 0.00007330066483013085
0.10568907113954518 0.00008403504397186462
0.12349687844870431 0.00009634139924540394
0.1483725056247402 0.0001146443134814806
0.17433968162821012 0.0001314331861363998
0.21535363630936558 0.0001685072942204384
0.2488488154673201 0.00019804441064182477
0.30062114037609694 0.0002570821613362725
0.35124539682798056 0.00032552918287257377
0.41040293580117143 0.0004020837732240736
0.45103592271972837 0.0005155018353250499
0.4715089810429402 0.0006058625392689141
0.5069058424832671 0.0005764894539492818
0.5792180039233727 0.0007483430323963366
0.6260755546676285 0.0008686581943629392
0.6236925396609165 0.09876528392234347
0.02514225742649361 0.10000000000000007