0.00367 0.002606408049833306
0.0040242217470890925 0.002511886431509582
0.004581999614716829 0.0023713737056616554
0.00462 0.00236233646831622
0.005577917377929858 0.0022387211385683425
0.005810000000000001 0.0022104467952964836
0.006320196389804923 0.0021134890398366475
0.006979178195103764 0.001995262314968883
0.00732 0.0019375362662677736
0.00760688445934599 0.0018836490894898021
0.00820109162608405 0.0017782794100389228
0.008795297048487504 0.0016788040181225624
0.00921 0.0016132628612329052
0.009284120647252876 0.001584893192461114
0.009529478359396664 0.0014962356560944358
0.009774836306154784 0.0014125375446227555
0.010020194373926337 0.001333521432163324
0.010265552219958278 0.0012589254117941688
0.010510909670732317 0.001188502227437019
0.01075626773306861 0.0011220184543019652
0.011001626074757732 0.0010592537251772898
0.011246983451552865 0.001
0.01149234148325242 0.0009440608762859245
0.0116 0.000920888830944138
0.011666296162760244 0.0008912509381337459
0.011784425317746915 0.0008413951416451964
0.011902554307162071 0.0007943282347242822
0.012020683401828566 0.0007498942093324559
0.012138812438364968 0.0007079457843841388
0.012256941521472966 0.0006683439175686149
0.012375070578082436 0.0006309573444801943
0.012493199684595526 0.000595662143529011
0.012611328856589367 0.0005623413251903491
0.012729457798221828 0.000530884444230989
0.012847586805328982 0.0005011872336272725
0.012965715824649235 0.00047315125896148127
0.013083845104006647 0.0004466835921509635
0.013201973969112026 0.00042169650342858224
0.013320103190963807 0.00039810717055349773
0.013438232105326773 0.0003758374042884443
0.013556361046507336 0.0003548133892335761
0.013674490260048954 0.00033496543915782794
0.013792618937093416 0.00031622776601683794
0.013910748419046354 0.00029853826189179633
0.014028877303549011 0.0002818382931264455
0.014147006452838192 0.0002660725059798814
0.014265135328863759 0.0002511886431509582
0.014383264507598007 0.00023713737056616554
0.014501393567121948 0.0002238721138568342
0.0146 0.00021341855657942558
0.014682411123982202 0.00021134890398366476
0.015181070548455593 0.00019952623149688828
0.015679729986467078 0.0001883649089489802
0.016178389395100284 0.00017782794100389227
0.01667704879390757 0.00016788040181225624
0.017175708201038028 0.00015848931924611142
0.017674367600486716 0.00014962356560944357
0.018173026997252324 0.00014125375446227554
0.01838 0.00013797412061936402
0.0191305789536769 0.0001333521432163324
0.02041374902464907 0.00012589254117941688
0.02169691903325284 0.00011885022274370189
0.02298008901718641 0.00011220184543019654
0.02314 0.00011141965992624375
0.026034300721464204 0.00010592537251772897
0.02913 0.00010037749931045005
0.03667 0.00010084226512474652
0.043011852588526384 0.00010592537251772897
0.04616 0.00010859818401907909
0.049018931620996894 0.00010592537251772897
0.055732462370893285 9.999999999999999e-05
0.05811000000000001 9.801896492020236e-05
0.06278975612000187 9.440608762859246e-05
0.07003554270718122 8.912509381337459e-05
0.07316 8.697526043096919e-05
0.08229210530032649 8.413951416451965e-05
0.0921 8.12642849814039e-05
0.09887584485805119 7.943282347242822e-05
0.11595 7.507596122863321e-05
0.11648573324818758 7.498942093324559e-05
0.14399288468151697 7.079457843841388e-05
0.14597000000000002 7.050993426657796e-05
0.15811179040952839 6.683439175686149e-05
0.17119386965313085 6.309573444801943e-05
0.18377 5.970271733637332e-05
0.1840499267638467 5.9566214352901096e-05
0.19128791690909774 5.623413251903491e-05
0.19852590654018434 5.30884444230989e-05
0.20576389585273547 5.011872336272725e-05
0.21300188500973485 4.7315125896148124e-05
0.22023987413898796 4.466835921509635e-05
0.2274778633410411 4.216965034285822e-05
0.23135 4.0907682249836195e-05
0.23369317259068836 3.9810717055349776e-05
0.23873197266336077 3.758374042884443e-05
0.24225 3.6115870026131274e-05
0.24352160768205608 3.54813389233576e-05
0.24773484521603914 3.3496543915782794e-05
0.25194808313720274 3.1622776601683795e-05
0.25367 3.08998206995535e-05
0.25536063997808583 2.985382618917963e-05
0.25821979321972405 2.818382931264455e-05
0.2610789466966429 2.660725059798814e-05
0.26393810039072974 2.5118864315095822e-05
0.26563 2.4287382580683892e-05
0.2661008739972024 2.3713737056616554e-05
0.2672542656294743 2.2387211385683423e-05
0.2684076573512725 2.1134890398366476e-05
0.2695610491493302 1.995262314968883e-05
0.2707144410196595 1.883649089489802e-05
0.27186783295471517 1.778279410038923e-05
0.2730212249456141 1.6788040181225625e-05
0.274174616990453 1.584893192461114e-05
0.2753280090842985 1.4962356560944358e-05
0.27648140121439846 1.4125375446227555e-05
0.27763479338107055 1.333521432163324e-05
0.27815 1.3002002745667505e-05
0.27898352694857714 1.2589254117941688e-05
0.2804899594591383 1.188502227437019e-05
0.2819963920082048 1.122018454301965e-05
0.2835028245830647 1.0592537251772897e-05
0.28462 1.0153109665209733e-05
0.28514505766987963 1.0592537251772897e-05
0.2858530610519907 1.1220184543019652e-05
0.28656106442043855 1.1885022274370191e-05
0.28726906776450534 1.2589254117941688e-05
0.2879770710827309 1.333521432163324e-05
0.28868507437459995 1.4125375446227555e-05
0.28939307763350974 1.4962356560944358e-05
0.29010108085492153 1.584893192461114e-05
0.2908090840375948 1.6788040181225625e-05
0.29125 1.740753303257087e-05
0.29211129342503467 1.778279410038923e-05
0.2943944371316667 1.883649089489802e-05
0.2966775806290922 1.995262314968883e-05
0.2989607238871397 2.1134890398366476e-05
0.30124386687412036 2.2387211385683427e-05
0.30352700955745854 2.3713737056616554e-05
0.30498 2.4607959214729103e-05
0.30679942759525547 2.5118864315095825e-05
0.31180334487764116 2.660725059798814e-05
0.31680726108028534 2.818382931264455e-05
0.31935 2.9032438053948403e-05
0.3234603683946397 2.985382618917963e-05
0.33181731858510016 3.1622776601683795e-05
0.3344 3.220185699831404e-05
0.34203870562267474 3.3496543915782794e-05
0.35016 3.495458736842644e-05
0.35554940731455664 3.54813389233576e-05
0.36667 3.663265099370219e-05
0.39384116188069374 3.758374042884443e-05
0.41141 3.8235153835111454e-05
0.46160999999999996 3.938598979687737e-05
0.46337087199243754 3.9810717055349776e-05
0.47260365980134833 4.216965034285823e-05
0.48183643448485486 4.466835921509635e-05
0.49106919411157823 4.7315125896148124e-05
0.5003019364711445 5.011872336272725e-05
0.5095346590406298 5.30884444230989e-05
0.51793 5.594883448131822e-05
0.5186625388117783 5.623413251903491e-05
0.5267394723510742 5.95662143529011e-05
0.5348163811505731 6.309573444801943e-05
0.5428932616892735 6.683439175686149e-05
0.5509701099568131 7.079457843841388e-05
0.5590469213842026 7.498942093324559e-05
0.5671236907688039 7.943282347242821e-05
0.5752004121854469 8.413951416451965e-05
0.58113 8.779974002683056e-05
0.5839542688797466 8.91250938133746e-05
0.5945782342042395 9.440608762859246e-05
0.6052020971424893 9.999999999999999e-05
0.6158258430155796 0.00010592537251772897
0.6264494550873684 0.00011220184543019653
0.6370729142815782 0.00011885022274370189
0.6476961988591051 0.00012589254117941688
0.65204 0.00012894278221218456
0.6606915094195569 0.0001333521432163324
0.6753274714949717 0.00014125375446227554
0.6899629854868207 0.0001496235656094436
0.7045979846732362 0.00015848931924611142
0.7192323927282811 0.00016788040181225624
0.7316 0.00017628749139158743
0.73333 0.00017728400137891005
0.7965611972915352 0.00016788040181225624
0.8634456266253598 0.00015848931924611142
0.91667 0.00015143393126957198
1.1 0.00015604272540482853
1.1700193204049938 0.00015848931924611142
1.28333 0.00016268417638123307
1.407283176011232 0.00016788040181225624
1.4666699999999997 0.00017051830200794782
1.6217858233920526 0.00017782794100389227
1.8327414883060693 0.0001883649089489802
1.83333 0.00018839606213417895
2.104955914632255 0.00019952623149688828
2.2 0.00020365634985414742
2.3791168205010393 0.00021134890398366476
2.56667 0.00021989365451996403
2.6706625138511617 0.00022387211385683424
2.9333299999999998 0.0002345390315524039
2.997200919875298 0.00023713737056616557
3.3000000000000003 0.0002502198552624523
3.3561341940189897 0.0002511886431509582
3.66667 0.0002568885115143458
3.920580994388298 0.0002660725059798814
4.3284766128954235 0.0002818382931264455
4.4 0.0002847899765865106
4.785011022851072 0.00029853826189179633
5.13333 0.000311844153219816
5.255135906445519 0.00031622776601683794
5.740684867980178 0.00033496543915782794
5.866670000000001 0.0003401874960089811
6.2452153707765525 0.000354813389233576
6.6 0.00036966509404525474
6.823044563500041 0.0003758374042884443
7.33333 0.000391285594774298
7.512456162048614 0.00039810717055349773
8.074685760961643 0.0004216965034285822
8.605147076643842 0.0004466835921509635
9.102909075812898 0.00047315125896148127
9.16667 0.00047692229391429667
9.722938930634065 0.0005011872336272724
10.31422272250531 0.000530884444230989
10.852621080677887 0.0005623413251903491
11.0 0.0005722095321288253
11.339224164984739 0.000595662143529011
11.773153571667155 0.0006309573444801943
12.15510977820832 0.0006683439175686149
12.486129908526486 0.0007079457843841388
12.767329576554555 0.0007498942093324559
12.83333 0.0007621454597374215
13.060496790356462 0.0007943282347242822
13.314139060021596 0.0008413951416451964
13.505161601906526 0.000891250938133746
13.63517622835044 0.0009440608762859245
13.706660251963406 0.001
13.72275903845144 0.0010592537251772898
13.68708567263267 0.0011220184543019652
13.603523363906216 0.001188502227437019
13.476033175081977 0.0012589254117941688
13.308475383959602 0.001333521432163324
13.10446152524567 0.0014125375446227555
12.867258893628541 0.0014962356560944356
12.83333 0.0015069280200726753
12.65351133674422 0.0015848931924611139
12.424919339473544 0.0016788040181225624
12.176372551648404 0.0017782794100389228
11.911065935445915 0.0018836490894898021
11.63251489269497 0.001995262314968883
11.344417167391768 0.0021134890398366475
11.050451705215812 0.0022387211385683425
11.0 0.0022600137031170615
10.763398632307174 0.0023713737056616554
10.475523749736393 0.002511886431509582
10.186388044756262 0.002660725059798814
9.898057865503176 0.002818382931264455
9.613123105139668 0.0029853826189179633
9.334794818367492 0.0031622776601683794
9.16667 0.0032763004829314815
9.056532899723265 0.0033496543915782794
8.764323765405397 0.0035481338923357606
8.471001652447654 0.003758374042884443
8.176310413238367 0.003981071705534978
7.879641343156985 0.004216965034285823
7.580428599353882 0.004466835921509635
7.33333 0.004681676741628469
7.2860329422722385 0.004731512589614813
7.0285231134308335 0.005011872336272725
6.776988818542544 0.00530884444230989
6.6 0.0055294235532264095
6.529091609387423 0.005623413251903491
6.290495944618714 0.005956621435290109
6.066154181138274 0.006309573444801942
5.86667 0.006667633700919271
5.856288418210295 0.006683439175686149
5.599514297310788 0.007079457843841388
5.340826393891987 0.007498942093324558
5.13333 0.007844203628294319
5.084603343077485 0.00794328234724282
4.861349093394981 0.008413951416451964
4.6458676982841185 0.00891250938133746
4.438820537349651 0.009440608762859246
4.4 0.009543830552491833
4.250653387395199 0.01
4.074284552547822 0.010592537251772897
3.9076138545605303 0.011220184543019653
3.750582864713781 0.011885022274370216
3.66667 0.01227057134368597
3.585600334111793 0.012589254117941661
3.406472682488335 0.013335214321633242
3.3 0.01381594617792984
3.2367800345615048 0.014125375446227554
3.0759589647188506 0.014962356560944358
2.93333 0.01578339765744834
2.92432655207558 0.015848931924611172
2.8018627275283947 0.01678804018122559
2.6882308926911134 0.01778279410038923
2.582480091023313 0.01883649089489802
2.56667 0.01900269512706814
2.453610126452596 0.01995262314968883
2.3282302292807517 0.02113489039836652
2.2126051461644196 0.022387211385683375
2.2 0.022532558383877903
2.1158438314815475 0.023713737056616557
2.0282884348324286 0.025118864315095822
1.948064202212796 0.02660725059798814
1.8745096081356338 0.02818382931264461
1.8333299999999997 0.0291641239577793
1.7927242146427427 0.029853826189179568
1.6931136719144302 0.03162277660168379
1.5964344155308163 0.033496543915782793
1.5031276501172899 0.0354813389233576
1.4666699999999997 0.0362988369431543
1.4274650833847409 0.037583740428844506
1.368587091736111 0.03981071705534969
1.317482255994464 0.042169650342858224
1.28333 0.04404306483479091
1.2684069018742643 0.04466835921509635
1.208922930528191 0.04731512589614813
1.1537411649883815 0.05011872336272735
1.103050931108325 0.05308844442309879
1.1 0.05327729151703553
1.0506090956016685 0.05623413251903491
1.0008579343365132 0.05956621435290109
0.9542644129911998 0.06309573444801943
0.91667 0.0662984769727494
0.9089523416566678 0.06683439175686162
0.8555885288714937 0.07079457843841373
0.807448987937812 0.07498942093324559
0.7642064428217868 0.07943282347242822
0.73333 0.08309909127677578
0.7331914357698895 0.08413951416451965
0.7325190065513663 0.08912509381337477
0.7318171055829953 0.09440608762859226
0.7316000000000001 0.0960264909325855
0.7104562434619089 0.1
0.6812749884212597 0.10592537251772897
0.6534185861295747 0.11220184543019653
0.65204 0.11252149630199527
0.6276830703678513 0.11885022274370213
0.6032688219805952 0.12589254117941662
0.58113 0.13302879866887868
0.5801310671588991 0.1333521432163324
0.5561962819489678 0.14125375446227553
0.5330979563222245 0.1496235656094436
0.51793 0.1555510437750126
0.5110990187437537 0.15848931924611173
0.4905410828269906 0.16788040181225589
0.4712173091010239 0.1778279410038923
0.46161 0.18316995516401646
0.4494858565136478 0.1883649089489802
0.42587720586409683 0.19952623149688828
0.41141000000000005 0.20724767174142872
0.4038208385594721 0.2113489039836652
0.3825535912673692 0.22387211385683375
0.36667000000000005 0.23462919416293165
0.36339655206018506 0.23713737056616552
0.35016 0.2476109113568048
0.34589928358458116 0.25118864315095824
0.3344 0.2611751952045092
0.3295445558061367 0.2660725059798814
0.31935 0.2766941074429252
0.3152035758475293 0.2818382931264461
0.30498 0.294966797518849
0.3023513969327549 0.2985382618917957
0.29125 0.3137915483854123
0.2905232635787063 0.31622776601683794
0.2849970777488535 0.33496543915782795
0.28462 0.33625297952209354
0.27815 0.34067435288275294
0.26563 0.34037113216798076
0.25367 0.3518417107131777
0.2510372051213122 0.354813389233576
0.24225000000000002 0.36518701995640823
0.23458608379854828 0.3758374042884451
0.23135 0.3804489322721061
0.21940054635875925 0.39810717055349853
0.20585958543630423 0.4216965034285822
0.19398201410396618 0.44668359215096354
0.18377 0.47250170471967434
0.18349340586276805 0.47315125896148125
0.17226634647505187 0.5011872336272735
0.16226997992225756 0.5308844442309901
0.15337323330220895 0.5623413251903491
0.14597 0.5932733286546017
0.14537081391736245 0.5956621435290109
0.13707475996562957 0.6309573444801942
0.12965658226054133 0.6683439175686163
0.1230223379594031 0.7079457843841402
0.11709123689367566 0.7498942093324559
0.11595 0.7586404287664957
0.11066846150726083 0.7943282347242822
0.10461860609187598 0.8413951416451965
0.09918583827469382 0.8912509381337477
0.09431415491836341 0.9440608762859266
0.0921 0.9708710803531362
0.08945876695126126 1.0
