0.011033170796743963 0.10000000000000005
0.011088082308965476 0.00021073710381440305
0.011340061277615483 0.00016234228508254007
0.012195037442859701 0.00010640901358005717
0.013333529294738172 0.00008197266691668787
0.015241406995220332 0.00006636551150847916
0.018418607686610335 0.00005646750008044617
0.021525665907151628 0.00005241124309111672
0.025721600296183655 0.00005241124309111672
0.03213473496281574 0.00005241124309111672
0.04014684853351161 0.00005241124309111672
0.04797255497621238 0.00005241124309111672
0.05668637261827323 0.00005577028677830322
0.0724068423419946 0.00006314801627569599
0.08748227311900748 0.00006974694341233315
0.10687520452941715 0.00008096053721898468
0.13202189451018376 0.00010000000000000041
0.17241343549495733 0.0001282075700771372
0.20599673249383227 0.00014882019542594303
0.25164664782821444 0.0001861161982230265
0.3006572505630095 0.00022147450566615946
0.3592131391228227 0.00026355017525820653
0.4388209755226965 0.00032552918287257344
0.5242698342033872 0.00040208377322407523
0.599059039045397 0.0005219463913356109
0.6998978624317534 0.0007120622883096436
0.773493389272311 0.0009016458149525779
0.8222329796859081 0.0010336856545868818
0.8499474503853135 0.0013927876015629647
0.8641271015982483 0.0016781089122267507
0.8933520246504284 0.0019722593734131165
0.8782883345469882 0.002898879852147457
0.8633662990900366 0.005007722881368589
0.7810007263141666 0.00560017294136144
0.6986030488307683 0.007091194939667219
0.6043529092303007 0.009436699895153262
0.5000322577134111 0.013197862430292187
0.41834950943249133 0.018458102373095437
0.33849212288194497 0.028160495212948458
0.28319208732950024 0.04037523916491646
0.21914150545410313 0.06719518121434191
0.18130522120188414 0.10000000000000013