0.009980301143806268 0.00011607754154953955
0.010493014153115671 0.00011464431348148047
0.011158222976983897 0.00008403504397186428
0.012339432351078417 0.00004804571671127416
0.013491809599206515 0.000035658106141278793
0.015770443255892247 0.00002679523399456848
0.020376353915620468 0.000019886628054702814
0.0261779492419936 0.00001734637109403189
0.02877609963578858 0.00001692065872400093
0.03362835663532531 0.000016920658724001
0.038006345769663656 0.000018005106039457222
0.04154285895745813 0.000019641084660807967
0.04695403653611685 0.00001939857303067516
0.05801753910026647 0.000017132192661244195
0.06413230897920442 0.000016505394131261064
0.07749347635659556 0.000015901527657025728
0.09468821772605869 0.000014943778841688234
0.108217535038243 0.000015130598777438728
0.12095476027999867 0.000015705188938451625
0.13368809074372792 0.000017346371094031785
0.14611760939978707 0.000020641830210548414
0.1570522823791384 0.00002581490336144763
0.1669217720627546 0.00003610388663420961
0.17158706961550044 0.00004987027081565471
0.17639511628125393 0.00006314801627569624
0.18752894601265932 0.00006393746240363854
0.20378801494481893 0.00009634139924540414
0.21658797078870826 0.00013985675688458346
0.23017115821815848 0.0002270466549687643
0.23923324707187807 0.0003463923924099251
0.24590973273343916 0.0005028504567236193
0.24311970808894012 0.0007120622883096436
0.23901304961084882 0.0010863536378741025
0.23498516672913136 0.0015770364330689197
0.2323190892259012 0.0022331652606928758
0.2296671681230295 0.003449608300458591
0.2100106410565221 0.005885510958361435
0.18672729554291426 0.01303490630095858
0.1755953576968605 0.017782794100389264
0.14367534587447653 0.02518135738041509
0.12155552908669488 0.03351041884666218
0.09946493910530646 0.044043811177820566
0.08048725948774098 0.05861187456558549
0.06513047711202329 0.07799851439336586
0.05479902718663461 0.1000000000000001
0.009926204951612104 0.0987652839223451