30.0690355378044 0.006109015443474806
26.461938817844484 0.004706107793773536
23.285220445993414 0.004104963997655021
20.60276630040335 0.0039059494524041525
18.954816159153058 0.003407015432156711
17.342595167703657 0.0028277359220653235
16.776932462817182 0.002124898204250796
17.643219753299604 0.001538333011246136
19.290723614258916 0.0011559781900528975
21.56685744965601 0.00086865819436294
24.65653320932124 0.0005836964478354074
27.880453434378712 0.0003337192777273529
30.15040718861002 0.000213371637730619
31.347186652006886 0.00022147450566615921
34.064698474370914 0.00033789127563258164
36.409995960074816 0.00043320219399117354
39.57274363975374 0.0005417675012235312
45.22157595090569 0.0006367322315694441
51.970346577055956 0.0006609123767732897
62.09580004946989 0.0007299772955980996
72.55556666507663 0.0008795177413208568
76.2668948344986 0.0011276083245447882
67.45597269263521 0.0016990878227476967
56.43952965532655 0.0022331652606928784
51.3395789770379 0.002528585818271523
45.422084035686765 0.002624609812683563
39.2984130998541 0.003046582545831049
33.615568431738296 0.004824510294242769
31.79177414786153 0.005670183610027002
30.23684104118459 0.006109015443474806