0.01014954479815182 0.10000000000000005
0.010155642007703568 0.047452488522415334
0.0101674403342434 0.01122948171278729
0.01017680737319969 0.0035806084689216865
0.010184959638831845 0.0013252632599817838
0.010196179668192699 0.00033789127563258094
0.01020618610517987 0.00010000000000000021
0.010264787267561104 0.00008197266691668753
0.010383000940367135 0.00005508168208089692
0.010619700831713588 0.00003889807036015883
0.011356076903011455 0.000028160495212948544
0.012209693870192832 0.000023960529039234598
0.013956204615685452 0.000020386962214216465
0.016132058930617536 0.000016100320907828656
0.019933160784908942 0.0000142192829990433
0.02408670969420886 0.000013197862430292241
0.02814795495492475 0.000013362855758779728
0.03325979931518088 0.000014759265601720658
0.03843288557418984 0.000017346371094031853
0.04131437599086425 0.000018458102373095446
0.047483846588915385 0.00001734637109403189
0.05549340126034535 0.00001630159937624204
0.06933297187677431 0.000015319754246173483
0.08759004250966829 0.000015130598777438728
0.10821536870044897 0.000015511274445602482
0.13075022207522125 0.00001650539413126103
0.14777521493371107 0.00001713219266124416
0.165176653200896 0.000016711736630290538
0.18259827215966404 0.000014759265601720598
0.2052640097233957 0.000012402955338330194
0.22069556486709982 0.000010422828972376466
0.2579482146081013 0.000008650682241282115
0.30478101806862595 0.000010041499272942865
0.33684952280318015 0.000011801642265222965
0.38496411134202474 0.000012558011120670806
0.42549062914956237 0.00001387031521593474
0.46242765187466944 0.000018458102373095446
0.4970034551484041 0.000024870439112267314
0.5401215049379329 0.000035217829771765104
0.5902678681087975 0.00004864636115363203
0.6450957845533642 0.00006393746240363827
0.6857104295529726 0.0000779985143933659
0.7090999753502029 0.00006473677780738215
0.7665107436361437 0.00006974694341233344
0.885730530794542 0.00008197266691668753
1.0121848681792933 0.000093977001229097
1.2364901422278076 0.00011752868714558279
1.4608982392937404 0.00014698268854622132
1.8246124778901676 0.00021073710381440305
2.253497339668567 0.00032959879215102014
2.574787408845282 0.0004667289589281299
2.893118713402785 0.0006775404867593287
3.286993817162936 0.0010596924890168536
3.5920235288880913 0.001538333011246136
3.881600594515547 0.0024665295959246324
4.056857023078314 0.0038577220665302445
4.077864035700103 0.006341007595201848
3.8771739888724746 0.01016703326731493
3.7285532575178237 0.011949180720729863
3.6463242788500585 0.012558011120670839
3.4483568838952223 0.015511274445602482
3.050312731452867 0.020386962214216483
2.5950719626221157 0.027469384023561246
2.1234417973907056 0.036555240060461514
1.7375260231126162 0.04864636115363206
1.4139273340774403 0.060837682475721
1.1441647313281447 0.07996090444938606
0.9680610757409001 0.10000000000000017