0.024047443958172723 0.10000000000000007
0.024035893246963317 0.00018154855883510115
0.02793995732484377 0.00013307630061565
0.030038652985186924 0.00012048562970718636
0.041946063753001826 0.00012199188310127173
0.049568692040313014 0.00011899797426592797
0.05509987891147226 0.00011183072773849142
0.06475605774402447 0.00010000000000000041
0.08459329782073693 0.00008831676760013698
0.1022193035073149 0.00008299744977307946
0.12771062860219923 0.00007897361430631125
0.15261099369024805 0.00007514486015719665
0.1725031970496133 0.00006719518121434199
0.1949882657388084 0.00006008650982892069
0.20733302203617512 0.00004864636115363203
0.22048801614788 0.00003351041884666222
0.23058622462465037 0.000024260072049277692
0.24798600786918118 0.000014759265601720688
0.2564473640738838 0.000012098563631047762
0.2710422628736775 0.000017563227082575455
0.2848551628910701 0.000028160495212948486
0.29608207452562374 0.00004087999098616658
0.31647950056518603 0.000049870270815654605
0.3478446924591863 0.000057173429607962394
0.3930942841164185 0.00006803522305183133
0.4368445204964696 0.00008831676760013698
0.4669298818834441 0.00011044993576334578
0.5102809338563631 0.0001525644112473625
0.5670112667393057 0.0002270466549687643
0.6196479469475614 0.00031754008825424245
0.6809636879751484 0.0004332021939911731
0.7567150695735473 0.000598381857088072
0.822414058766634 0.000786472340033009
0.8987692375378895 0.0010863536378741025
1.0212317341274173 0.001500579443738306
1.0555691987392055 0.0022331652606928758
1.0731470074586789 0.002792821412001957
1.109085724948468 0.0048848240015551105
1.0842244977188633 0.008129651756214967
1.0720734018329905 0.009674120904770218
0.9858182773377028 0.01590152765702566
0.7715371127564945 0.0208998844439896
0.6243921156829485 0.0245633598019648
0.5648247984281908 0.027469384023561232
0.4832387969227533 0.034353518400919235
0.41804812683671005 0.04515192378428242
0.3556890067901495 0.05440157969640138
0.2992701345569874 0.06888576668834824
0.2677097279123361 0.08197266691668757
0.23032326241143825 0.10000000000000016