23.61783141444461 0.00009281665208562358
24.02050092868568 0.00007150172950351398
25.97748747123564 0.00004296289372597652
27.936042374697998 0.000028160495212948486
29.216079898010044 0.000019886628054702774
31.761240390525735 0.000018688856691393973
32.82818115189977 0.000028868994294095024
33.556402250444556 0.00004296289372597652
33.546663275458386 0.00006159824592166932
32.61594612600057 0.00009053875795298269
31.185390274208924 0.00013642441065404235
29.17020413575725 0.00013985675688458333
26.988901164193326 0.0001104499357633459
24.554571823046942 0.00010000000000000041
23.61783141444461 0.00009281665208562358