0.10220395753307125 0.1000000000000001
0.10288651373881275 0.025814903361447487
0.12713669091375907 0.02116116474734409
0.16795750612671356 0.01671173663029058
0.22188721463509362 0.01303490630095858
0.24528288123685854 0.011949180720729846
0.30308047278792705 0.010422828972376477
0.37034470718803214 0.009320183444347761
0.4576114255632285 0.008129651756214959
0.5911961779778941 0.006917163761171589
0.8729683538468291 0.005462734229683572
1.0607802398218895 0.004945891721827928
1.2747563940611966 0.0043680516977211755
1.7411994834073576 0.0035363981204780373
2.012461272253661 0.003162277660168386
2.459318861482297 0.0025285858182715203
2.6579800573877743 0.0033649484648476846
2.856689137067565 0.004590611111980667
3.002753042788994 0.006033586447607789
3.001791424012752 0.008979195142523117
2.999959191177406 0.019159055730629707
2.982593734142141 0.02581490336144751
2.883751506021008 0.037943439006264394
2.757489151490648 0.05176411304617188
2.6218069390186165 0.08197266691668761
2.5636780395062844 0.1000000000000002