0.49204 0.09436
0.50582 0.00035
0.52 0.00032
0.53456 0.00033
0.58076 0.0003
0.60813 0.0003
0.65464 0.00027
0.68549 0.00028
0.73114 0.00026
0.74473 0.00028
0.77268 0.00027
0.78705 0.00029
0.83176 0.00024
0.87902 0.00024
0.90365 0.00022
0.95499 0.00024
0.99083 0.00018
1.02802 0.00022
1.05682 0.0002
1.08643 0.00023
1.09648 0.00018
1.13763 0.0002
1.1695 0.0002
1.20226 0.00018
1.23595 0.0002
1.36773 0.00017
1.43219 0.00018
1.47231 0.00016
1.48593 0.00018
1.52757 0.00016
1.61436 0.00016
1.65959 0.00016
1.69044 0.00014
1.72187 0.00016
1.75388 0.00014
1.8197 0.00015
1.94089 0.00014
2.03236 0.00015
2.1677 0.00014
2.29087 0.00014
2.42103 0.00013
2.51189 0.00013
2.63027 0.00013
2.70396 0.00014
2.91072 0.00012
2.93765 0.0962
3.16227 0.0962
3.22107 0.00012
3.43558 0.00012
3.53183 0.00011
3.56451 0.0962
3.80189 0.0962
3.83707 0.00028
3.94457 0.00028
3.98107 0.00043
4.01791 0.00051
4.0926 0.0962
4.28548 0.00054
4.28548 0.0962
4.32514 0.00049
4.52897 0.00045
4.61317 0.00072
4.69894 0.00102
4.69894 0.0962
