0.01028 0.00013
0.01486 0.00013
0.02051 0.00012
0.02249 0.00012
0.02489 0.00011
0.02679 0.00012
0.02831 0.00013
0.03105 0.00013
0.03565 0.00012
0.04246 0.00011
0.05297 0.0001
0.05649 0.00008
0.05808 0.0001
0.06081 0.00012
0.06486 0.00012
0.06607 0.00013
0.07311 0.00013
0.07727 0.0001
0.08017 0.0001
0.08166 0.00009
0.08395 0.0001
0.08551 0.0001
0.0871 0.00012
0.08872 0.00011
0.09204 0.00011
0.0929 0.00013
0.0955 0.00015
0.09908 0.00016
0.1028 0.00027
0.10471 0.00019
0.10666 0.00023
0.15704 0.0002
0.15996 0.00012
0.16596 0.00008
0.17061 0.00011
0.17539 0.00009
0.17865 0.00011
0.18365 0.0001
0.18535 0.00012
0.19231 0.00008
0.1977 0.00008
0.20324 0.00009
0.20512 0.00007
0.21086 0.00006
0.21478 0.00007
0.2208 0.00005
0.22284 0.00012
0.23121 0.00007
0.2421 0.00012
0.2466 0.00007
0.25351 0.00012
0.25823 0.00007
0.26062 0.00008
0.26062 0.00121
0.25351 0.00104
0.2466 0.00147
0.2421 0.00119
0.23335 0.00175
0.22491 0.00182
0.21677 0.00284
0.21281 0.00461
0.21281 0.09808
