0.20701 0.09808
0.21281 0.00175
0.22491 0.00126
0.23121 0.00093
0.2355 0.00079
0.2466 0.00067
0.25119 0.00076
0.26062 0.00071
0.26792 0.00059
0.29923 0.00054
0.31333 0.00056
0.34356 0.00052
0.42855 0.00046
0.52 0.00041
0.66681 0.00037
0.79433 0.00033
0.85507 0.00033
0.87902 0.00037
0.90365 0.00031
0.94624 0.00031
0.99083 0.00031
0.99083 0.00035
1.03753 0.00028
1.07646 0.00037
1.10662 0.00028
1.1272 0.00033
1.15878 0.00028
1.20226 0.00028
1.27057 0.00027
1.35519 0.00027
1.39316 0.00033
1.43219 0.00027
1.49968 0.00025
1.5417 0.0003
1.57036 0.00023
1.59956 0.00028
1.67494 0.00023
1.72187 0.00027
1.75388 0.0002
1.80302 0.00027
1.8197 0.00024
1.90546 0.00022
1.94089 0.00031
2.01372 0.00019
2.05116 0.00029
2.14783 0.00021
2.18776 0.00029
2.26986 0.0002
2.33346 0.00028
2.39883 0.00019
2.46604 0.00027
2.53513 0.0002
2.63027 0.00021
2.72898 0.00019
2.75423 0.00024
2.88403 0.0002
2.93765 0.0962
3.13328 0.0962
3.19154 0.00023
3.31131 0.00023
3.43558 0.00019
3.56451 0.00024
3.59749 0.0962
3.87257 0.0962
3.90841 0.00153
4.13047 0.00119
4.24619 0.09808
