0.0118 0.01444
0.01738 0.0089
0.04786 0.00419
0.12359 0.00244
0.1977 0.00197
0.21086 0.00182
0.21478 0.00044
0.2208 0.0004
0.22909 0.00036
0.2421 0.00033
0.2704 0.00029
0.29648 0.00027
0.31915 0.00027
0.34674 0.00026
0.36644 0.00027
0.39084 0.00022
0.39811 0.00028
0.41305 0.00023
0.41687 0.0003
0.42855 0.00025
0.44055 0.0003
0.44875 0.00036
0.4529 0.00044
0.44463 0.00058
0.43652 0.00072
0.42073 0.00098
0.39811 0.00119
0.35645 0.00139
0.32509 0.00165
0.2884 0.00209
0.26303 0.00248
0.2355 0.00332
0.22284 0.00489
0.21878 0.00641
0.21878 0.0962
