1.979e-1 2.046e-4
2.015e-1 1.894e-4
2.090e-1 2.631e-5
2.148e-1 1.931e-5
2.374e-1 1.501e-5
2.600e-1 1.311e-5
3.063e-1 1.190e-5
4.025e-1 1.000e-5
4.489e-1 9.078e-6
5.240e-1 4.887e-6
5.288e-1 1.286e-3
5.484e-1 3.800e-6
5.535e-1 5.384e-6
5.792e-1 7.337e-6
6.520e-1 7.627e-6
7.750e-1 6.924e-6
8.412e-1 6.285e-6
8.965e-1 4.186e-6
9.130e-1 2.735e-6
9.383e-1 1.363e-3
9.555e-1 1.968e-6
9.731e-1 3.132e-6
1.009e+0 3.950e-6
1.157e+0 2.843e-6
1.255e+0 2.254e-6
1.413e+0 1.822e-6
1.548e+0 1.654e-6
1.680e+0 1.654e-6
1.823e+0 1.719e-6
1.908e+0 1.857e-6
2.015e+0 1.894e-6
2.418e+0 1.857e-6
2.485e+0 1.654e-6
2.624e+0 1.531e-6
2.822e+0 1.286e-6
3.294e+0 1.123e-6
3.479e+0 1.000e-6
4.368e+0 9.808e-7
4.489e+0 1.102e-6
4.614e+0 1.286e-6
4.614e+0 1.501e-6
4.614e+0 1.039e-5
4.290e+0 1.311e-5
3.916e+0 1.719e-5
3.417e+0 4.887e-5
3.417e+0 6.047e-5
3.235e+0 7.197e-5
2.927e+0 1.000e-4
2.553e+0 1.561e-4
2.440e+0 1.857e-4
2.228e+0 1.857e-4
1.979e+0 2.086e-4
1.695e+0 1.654e-4
1.548e+0 1.622e-4
1.350e+0 2.531e-4
1.314e+0 3.193e-4
1.244e+0 3.800e-4
1.178e+0 4.887e-4
1.115e+0 6.791e-4
1.085e+0 1.020e-3
