2.051e-1 3.102e-5
2.249e-1 2.605e-5
2.466e-1 2.505e-5
2.805e-1 2.318e-5
3.436e-1 2.064e-5
4.325e-1 1.801e-5
5.152e-1 1.635e-5
6.138e-1 1.542e-5
7.311e-1 1.373e-5
8.091e-1 1.373e-5
8.872e-1 1.131e-5
9.036e-1 9.682e-6
9.120e-1 7.523e-6
9.550e-1 9.871e-6
9.908e-1 1.046e-5
1.019e+0 9.682e-6
1.076e+0 8.290e-6
1.159e+0 6.961e-6
1.247e+0 5.734e-6
1.318e+0 5.103e-6
1.419e+0 4.632e-6
1.514e+0 4.286e-6
1.644e+0 4.286e-6
1.786e+0 4.543e-6
1.959e+0 4.909e-6
2.148e+0 4.722e-6
2.377e+0 4.632e-6
2.582e+0 4.123e-6
2.805e+0 3.669e-6
3.105e+0 3.530e-6
3.404e+0 3.530e-6
3.532e+0 3.022e-6
3.698e+0 2.743e-6
3.873e+0 2.588e-6
4.130e+0 2.638e-6
4.285e+0 2.638e-6
4.487e+0 2.797e-6
4.656e+0 3.203e-6
4.656e+0 7.007e-5
4.656e+0 8.026e-5
4.656e+0 9.194e-5
4.529e+0 1.033e-4
4.285e+0 1.160e-4
4.055e+0 1.436e-4
3.802e+0 2.077e-4
3.664e+0 3.245e-4
3.467e+0 5.697e-4
3.436e+0 6.525e-4
3.342e+0 7.052e-4
2.831e+0 1.060e-3
