1.038e-2 2.410e-5
3.698e-2 1.873e-5
5.105e-2 1.873e-5
6.081e-2 1.635e-5
6.982e-2 1.801e-5
7.870e-2 1.700e-5
8.954e-2 1.767e-5
9.908e-2 2.145e-5
1.117e-1 9.936e-2
1.528e-1 9.936e-2
1.542e-1 8.183e-5
1.570e-1 3.839e-5
1.614e-1 2.104e-5
1.629e-1 1.667e-5
1.754e-1 1.455e-5
1.923e-1 1.455e-5
2.051e-1 1.427e-5
2.128e-1 1.321e-5
2.333e-1 1.733e-5
2.377e-1 1.542e-5
2.559e-1 1.873e-5
2.630e-1 1.355e-4
2.443e-1 1.493e-4
2.312e-1 1.678e-4
2.208e-1 2.037e-4
2.168e-1 2.473e-4
2.148e-1 3.245e-4
2.128e-1 3.940e-4
2.109e-1 5.922e-4
2.128e-1 8.236e-4
2.168e-1 9.936e-2
