0.001	0.0007664408737400887
0.0026323619534266785	0.0007664413520714628
0.005039625685572009	0.0007664428419681481
0.008221791196435993	0.0007664462463676179
0.012178858486018632	0.0007664527589287277
0.01691082755431992	0.0007664638641433184
0.02241769840133986	0.0007664813375456049
0.028699471027078465	0.0007665072460653934
0.03575614543153571	0.0007665439485802586
0.04358772161471161	0.0007665940967309968
0.052194199576606176	0.000766660636073975
0.06157557931721938	0.0007667468076535082
0.07173186083655124	0.0007668561500871505
0.08266304413460175	0.0007669925022669364
0.0943691292113709	0.0007671600067902269
0.10685011606685872	0.000767363114245077
0.1201060047010652	0.0007676065884871141
0.13413679511399032	0.000767895513058008
0.14894248730563409	0.0007682352989099691
0.1645230812759965	0.0007686316936166342
0.18087857702507762	0.0007690907922685122
0.1980089745528773	0.0007696190502712803
0.21591427385939574	0.0007702232982881194
0.23459447494463279	0.0007709107595934872
0.2540495778085885	0.0007716890701359349
0.2742795824512628	0.00077256630164251
0.29528448887265585	0.0007735509881379041
0.31706429707276745	0.0007746521562988535
0.3396190070515978	0.0007758793601196983
0.3629486188091467	0.0007772427204299864
0.3870531323454144	0.0007787529698814551
0.41193254766040055	0.0007804215041118627
0.4375868647541055	0.0007822604398997478
0.4640160836265292	0.0007842826812505417
0.4912202042776713	0.0007865019945046961
0.519199226707532	0.000788933093737554
0.5479531509161116	0.000791591737934833
0.57748197690341	0.0007942836084411876
0.6077857046694267	0.0007970407075203048
0.6388643342141622	0.0008000399038281582
0.6707178655376165	0.0008032986559073295
0.7033462986397891	0.0008068357759908627
0.7367496335206805	0.0008106715842396256
0.7709278701802906	0.0008148280851547995
0.8058810086186196	0.0008193291698436161
0.8416090488356668	0.000824115891274504
0.878111990831433	0.0008292129385501772
0.9153898346059175	0.0008347231083985561
0.953442580159121	0.0008406787210036751
0.9922702274910429	0.0008471153188267476
1.031872776601684	0.0008540721124446541
1.072250227491043	0.0008615925025200619
1.1134025801591214	0.0008690714509232161
1.155329834605918	0.0008770175532337612
1.198031990831433	0.000885598945757821
1.2415090488356673	0.0008946469124787479
1.2857610086186197	0.000904346679433888
1.3307878701802909	0.0009145095542531264
1.3765896335206806	0.0009254895100847417
1.423166298639789	0.0009370990483675721
1.4705178655376165	0.0009495567865870629
1.5186443342141625	0.0009630598479393367
1.5675457046694268	0.0009777169886838095
1.6172219769034102	0.000993652881927041
1.667673150916112	0.0010110112156566321
1.7188992267075323	0.001029958548606933
1.7709002042776718	0.0010506891510326886
1.8236760836265293	0.0010734311391774449
1.8772268647541057	0.00109845432873169
1.9315525476604005	0.0011260804012336516
1.9866531323454142	0.0011566962255785908
2.042528618809147	0.0011907715487554649
2.099179007051598	0.0012288828384948445
2.1566042970727675	0.0012717459489104339
2.214804488872656	0.0013202617026503714
2.273779582451263	0.0013755808235573748
2.3335295778085885	0.0014391986250375756
2.394054474944633	0.001513096836590669
2.455354273859396	0.0015999627094732166
2.5174289745528773	0.0017035399775808132
2.5802785770250782	0.0018292156587923476
2.643903081275997	0.0019850532672622268
2.7083024873056343	0.0021837317317064914
2.7734767951139903	0.002446489402687777
2.839426004701065	0.0028120408347623296
2.906150116066859	0.003359896093738957
2.973649129211371	0.004286093080173929
3.0419230441346015	0.006259002391971622
3.1109718608365515	0.014488729124803462
