1.000000000e-03 1
1.000000000e-03	2.670311622e-03
1.047370898e-03	2.671599062e-03
1.096985798e-03	2.672808359e-03
1.148951000e-03	2.673941504e-03
1.203377841e-03	2.675000500e-03
1.260382930e-03	2.675987359e-03
1.320088401e-03	2.676904102e-03
1.382622174e-03	2.677752756e-03
1.448118228e-03	2.678535361e-03
1.516716888e-03	2.679253960e-03
1.588565129e-03	2.679910606e-03
1.663816886e-03	2.680507355e-03
1.742633386e-03	2.681046273e-03
1.825183494e-03	2.681529428e-03
1.911644075e-03	2.681958896e-03
2.002200372e-03	2.682336756e-03
2.097046401e-03	2.682665091e-03
2.196385372e-03	2.682945989e-03
2.300430120e-03	2.683181541e-03
2.409403560e-03	2.683373840e-03
2.523539170e-03	2.683524984e-03
2.643081487e-03	2.683637071e-03
2.768286630e-03	2.683712203e-03
2.899422854e-03	2.683752484e-03
3.036771118e-03	2.683750827e-03
3.180625693e-03	2.683539193e-03
3.331294788e-03	2.683095446e-03
3.489101213e-03	2.682474234e-03
3.654383071e-03	2.681730204e-03
3.827494479e-03	2.680917960e-03
4.008806329e-03	2.680092054e-03
4.198707084e-03	2.679306968e-03
4.397603609e-03	2.678617126e-03
4.605922041e-03	2.678076899e-03
4.824108704e-03	2.677740637e-03
5.052631065e-03	2.677658037e-03
5.291978736e-03	2.677743095e-03
5.542664521e-03	2.677933364e-03
5.805225516e-03	2.678214071e-03
6.080224262e-03	2.678570448e-03
6.368249945e-03	2.678987723e-03
6.669919663e-03	2.679451125e-03
6.985879747e-03	2.679945870e-03
7.316807143e-03	2.680457169e-03
7.663410868e-03	2.680970221e-03
8.026433522e-03	2.681470213e-03
8.406652886e-03	2.681942320e-03
8.804883582e-03	2.682371711e-03
9.221978823e-03	2.682743544e-03
9.658832241e-03	2.683042973e-03
1.011637980e-02	2.683257661e-03
1.059560179e-02	2.683432326e-03
1.109752496e-02	2.683589735e-03
1.162322469e-02	2.683731609e-03
1.217382728e-02	2.683859668e-03
1.275051241e-02	2.683975635e-03
1.335451563e-02	2.684081230e-03
1.398713103e-02	2.684178177e-03
1.464971398e-02	2.684268197e-03
1.534368409e-02	2.684353014e-03
1.607052818e-02	2.684434351e-03
1.683180353e-02	2.684513932e-03
1.762914118e-02	2.684593479e-03
1.846424943e-02	2.684674717e-03
1.933891750e-02	2.684759370e-03
2.025501939e-02	2.684849162e-03
2.121451785e-02	2.684945818e-03
2.221946861e-02	2.685051062e-03
2.327202479e-02	2.685166619e-03
2.437444150e-02	2.685294216e-03
2.552908068e-02	2.685435578e-03
2.673841616e-02	2.685592431e-03
2.800503894e-02	2.685766504e-03
2.933166278e-02	2.685959523e-03
3.072112999e-02	2.686198121e-03
3.217641750e-02	2.686608745e-03
3.370064329e-02	2.687172586e-03
3.529707303e-02	2.687846663e-03
3.696912707e-02	2.688587968e-03
3.872038782e-02	2.689353454e-03
4.055460736e-02	2.690100026e-03
4.247571553e-02	2.690784544e-03
4.448782831e-02	2.691363824e-03
4.659525669e-02	2.691794656e-03
4.880251584e-02	2.692033825e-03
5.111433483e-02	2.692056057e-03
5.353566677e-02	2.691957593e-03
5.607169938e-02	2.691771986e-03
5.872786613e-02	2.691513747e-03
6.150985789e-02	2.691197390e-03
6.442363509e-02	2.690837426e-03
6.747544053e-02	2.690448361e-03
7.067181274e-02	2.690044693e-03
7.401959997e-02	2.689640914e-03
7.752597489e-02	2.689251506e-03
8.119844993e-02	2.688890942e-03
8.504489342e-02	2.688573689e-03
8.907354639e-02	2.688314210e-03
9.329304026e-02	2.688126962e-03
9.771241535e-02	2.688026407e-03
1.023411402e-01	2.688106254e-03
1.071891319e-01	2.688838169e-03
1.122667774e-01	2.690269474e-03
1.175849554e-01	2.692366692e-03
1.231550603e-01	2.695096753e-03
1.289890261e-01	2.698426909e-03
1.350993521e-01	2.702324657e-03
1.414991297e-01	2.706757668e-03
1.482020706e-01	2.711693715e-03
1.552225357e-01	2.717100615e-03
1.625755666e-01	2.722946160e-03
1.702769172e-01	2.729198069e-03
1.783430877e-01	2.735823933e-03
1.867913599e-01	2.742791162e-03
1.956398344e-01	2.750066948e-03
2.049074690e-01	2.757618221e-03
2.146141198e-01	2.765411611e-03
2.247805834e-01	2.773413420e-03
2.354286414e-01	2.781589591e-03
2.465811076e-01	2.789905681e-03
2.582618761e-01	2.798326848e-03
2.704959730e-01	2.806817831e-03
2.833096102e-01	2.815342938e-03
2.967302408e-01	2.823866043e-03
3.107866188e-01	2.832615669e-03
3.255088600e-01	2.842189995e-03
3.409285070e-01	2.852607569e-03
3.570785965e-01	2.863862240e-03
3.739937302e-01	2.875948363e-03
3.917101491e-01	2.888860769e-03
4.102658106e-01	2.902594732e-03
4.297004704e-01	2.917145946e-03
4.500557676e-01	2.932510488e-03
4.713753134e-01	2.948684796e-03
4.937047853e-01	2.965665640e-03
5.170920243e-01	2.983420782e-03
5.415871378e-01	3.001945263e-03
5.672426068e-01	3.021384716e-03
5.941133985e-01	3.041895134e-03
6.222570837e-01	3.063637316e-03
6.517339605e-01	3.086777433e-03
6.826071834e-01	3.111487688e-03
7.149428987e-01	3.137947061e-03
7.488103858e-01	3.166342168e-03
7.842822061e-01	3.196868220e-03
8.214343585e-01	3.229730112e-03
8.603464417e-01	3.265143632e-03
9.011018252e-01	3.303336824e-03
9.437878278e-01	3.344551508e-03
9.884959047e-01	3.389044968e-03
1.035321843e+00	3.439202144e-03
1.084365969e+00	3.500314092e-03
1.135733358e+00	3.572649611e-03
1.189534067e+00	3.656306321e-03
1.245883364e+00	3.751440889e-03
1.304901978e+00	3.858261626e-03
1.366716356e+00	3.977021296e-03
1.431458938e+00	4.108009905e-03
1.499268433e+00	4.251547309e-03
1.570290125e+00	4.407975417e-03
1.644676178e+00	4.577649863e-03
1.722585965e+00	4.760930958e-03
1.804186409e+00	4.958173805e-03
1.889652340e+00	5.169717431e-03
1.979166868e+00	5.395872849e-03
2.072921780e+00	5.636909936e-03
2.171117946e+00	5.893043105e-03
2.273965752e+00	6.164415707e-03
2.381685552e+00	6.451083203e-03
2.494508135e+00	6.752995154e-03
2.612675226e+00	7.069976144e-03
2.736439997e+00	7.401705815e-03
2.866067617e+00	7.747698251e-03
3.001835814e+00	8.107282532e-03
3.144035472e+00	8.489016434e-03
3.292971255e+00	8.903752511e-03
3.448962260e+00	9.355080922e-03
3.612342700e+00	9.847044582e-03
3.783462617e+00	1.038420542e-02
3.962688639e+00	1.097172142e-02
4.150404758e+00	1.161543642e-02
4.347013158e+00	1.232198495e-02
4.552935075e+00	1.309891496e-02
4.768611698e+00	1.395483165e-02
4.994505116e+00	1.489956655e-02
5.231099308e+00	1.594852671e-02
5.478901180e+00	1.711925626e-02
5.738441648e+00	1.842663859e-02
6.010276782e+00	1.988766008e-02
6.294988990e+00	2.152172355e-02
6.593188271e+00	2.335100849e-02
6.905513520e+00	2.540088872e-02
7.232633896e+00	2.770041673e-02
7.575250259e+00	3.028288573e-02
7.934096666e+00	3.318648234e-02
8.309941949e+00	3.645504478e-02
8.703591361e+00	4.013894437e-02
9.115888300e+00	4.429611076e-02
9.547716114e+00	4.899322515e-02
1.000000000e+01	5.430710961e-02
1.000000000e+01 1
