0.001   1
0.001	0.0330148954058372
0.0012022644346174128	0.032985283180413695
0.0014454397707459278	0.03300240858002567
0.0017378008287493754	0.03301308943644249
0.0020892961308540394	0.032998077524137644
0.0025118864315095803	0.03301450822989335
0.003019951720402016	0.03297702243121215
0.0036307805477010136	0.03297670497654368
0.00436515832240166	0.033014069658408716
0.0052480746024977255	0.03297510488147771
0.006309573444801933	0.03299000106849063
0.007585775750291838	0.03299739742737293
0.009120108393559099	0.032995756331459875
0.01096478196143185	0.0330222990784319
0.013182567385564071	0.03303479600740879
0.015848931924611134	0.0330642776995083
0.019054607179632477	0.033091294917179506
0.02290867652767773	0.033135820472000165
0.027542287033381664	0.03319491843866048
0.03311311214825911	0.03327323371281873
0.03981071705534972	0.0334180667289431
0.04786300923226383	0.0335339506655691
0.057543993733715694	0.033745792367364066
0.06918309709189366	0.034073684538894304
0.0831763771102671	0.03450064929521154
0.1	0.035077258600320495
0.12022644346174129	0.035843888751563566
0.14454397707459277	0.03686638257806387
0.17378008287493754	0.039251897829515985
0.20892961308540392	0.040093005134719036
0.251188643150958	0.042600816021833736
0.3019951720402016	0.04594532943151896
0.36307805477010135	0.050606088227420215
0.436515832240166	0.05712293764982426
0.5248074602497725	0.06652711761274314
0.6309573444801932	0.08001558402521272
0.7585775750291838	0.10021052188270659
0.9120108393559098	0.13223152416325654
1.096478196143185	0.1850901222535031
1.318256738556407	0.2746154701819587
1.5848931924611136	0.43444217342576597
1.9054607179632472	0.7270275169033823
2.290867652767773	1.2650177893414227
2.7542287033381663	2.3078396244295027
3.311311214825911	4.278626811965453
3.9810717055349722	8.204103420252089
4.786300923226384	16.139338954077502
5.7543993733715695	32.61221289297985
6.918309709189364	67.97186309786045
8.31763771102671	146.9028319380527
