1.000000000e-03	3.624035580e-03
1.043729092e-03	3.626098762e-03
1.089370418e-03	3.628041147e-03
1.137007598e-03	3.629865847e-03
1.186727908e-03	3.631575992e-03
1.238622443e-03	3.633174726e-03
1.292786278e-03	3.634665214e-03
1.349318649e-03	3.636050632e-03
1.408323129e-03	3.637334174e-03
1.469907821e-03	3.638519045e-03
1.534185556e-03	3.639608463e-03
1.601274098e-03	3.640605659e-03
1.671296361e-03	3.641513873e-03
1.744380634e-03	3.642336355e-03
1.820660816e-03	3.643076367e-03
1.900276661e-03	3.643737176e-03
1.983374035e-03	3.644322058e-03
2.070105182e-03	3.644834296e-03
2.160629002e-03	3.645277181e-03
2.255111348e-03	3.645654007e-03
2.353725320e-03	3.645968075e-03
2.456651593e-03	3.646222688e-03
2.564078737e-03	3.646421158e-03
2.676203573e-03	3.646566794e-03
2.793231527e-03	3.646662913e-03
2.915377006e-03	3.646712831e-03
3.042863797e-03	3.646696425e-03
3.175925469e-03	3.646331673e-03
3.314805808e-03	3.645597367e-03
3.459759257e-03	3.644573424e-03
3.611051390e-03	3.643339752e-03
3.768959390e-03	3.641976201e-03
3.933772563e-03	3.640562520e-03
4.105792867e-03	3.639178343e-03
4.285335463e-03	3.637903184e-03
4.472729294e-03	3.636816450e-03
4.668317686e-03	3.635997477e-03
4.872458982e-03	3.635525580e-03
5.085527191e-03	3.635457148e-03
5.307912680e-03	3.635621732e-03
5.540022884e-03	3.635948189e-03
5.782283057e-03	3.636412405e-03
6.035137047e-03	3.636990271e-03
6.299048113e-03	3.637657674e-03
6.574499770e-03	3.638390492e-03
6.861996678e-03	3.639164588e-03
7.162065565e-03	3.639955806e-03
7.475256193e-03	3.640739969e-03
7.802142362e-03	3.641492882e-03
8.143322966e-03	3.642190327e-03
8.499423089e-03	3.642808072e-03
8.871095147e-03	3.643321873e-03
9.259020087e-03	3.643707477e-03
9.663908632e-03	3.643940637e-03
1.008650259e-02	3.643999377e-03
1.052757619e-02	3.643940758e-03
1.098793754e-02	3.643803874e-03
1.146843008e-02	3.643595461e-03
1.196993412e-02	3.643322258e-03
1.249336847e-02	3.642991006e-03
1.303969214e-02	3.642608446e-03
1.360990604e-02	3.642181320e-03
1.420505488e-02	3.641716367e-03
1.482622904e-02	3.641220325e-03
1.547456658e-02	3.640699929e-03
1.615125533e-02	3.640161910e-03
1.685753507e-02	3.639612997e-03
1.759469978e-02	3.639059913e-03
1.836410003e-02	3.638509378e-03
1.916714546e-02	3.637968109e-03
2.000530733e-02	3.637442817e-03
2.088012127e-02	3.636940211e-03
2.179319002e-02	3.636466995e-03
2.274618644e-02	3.636029872e-03
2.374085653e-02	3.635635542e-03
2.477902264e-02	3.635290703e-03
2.586258681e-02	3.635002051e-03
2.699353426e-02	3.634776286e-03
2.817393702e-02	3.634620106e-03
2.940595771e-02	3.634540214e-03
3.069185356e-02	3.634597691e-03
3.203398046e-02	3.635059176e-03
3.343479735e-02	3.635906626e-03
3.489687069e-02	3.637077713e-03
3.642287918e-02	3.638510129e-03
3.801561863e-02	3.640141533e-03
3.967800713e-02	3.641909510e-03
4.141309037e-02	3.643751548e-03
4.322404723e-02	3.645605015e-03
4.511419558e-02	3.647407151e-03
4.708699841e-02	3.649095076e-03
4.914607012e-02	3.650605801e-03
5.129518316e-02	3.651902965e-03
5.353827497e-02	3.653070678e-03
5.587945514e-02	3.654141281e-03
5.832301300e-02	3.655137348e-03
6.087342543e-02	3.656081478e-03
6.353536508e-02	3.656996301e-03
6.631370893e-02	3.657904468e-03
6.921354724e-02	3.658828654e-03
7.224019284e-02	3.659791556e-03
7.539919092e-02	3.660815897e-03
7.869632910e-02	3.661924427e-03
8.213764815e-02	3.663139929e-03
8.572945296e-02	3.664485224e-03
8.947832414e-02	3.665983178e-03
9.339113004e-02	3.667656714e-03
9.747503940e-02	3.669528816e-03
1.017375344e-01	3.671729363e-03
1.061864245e-01	3.675231990e-03
1.108298604e-01	3.680221310e-03
1.156763496e-01	3.686643255e-03
1.207347714e-01	3.694445057e-03
1.260143934e-01	3.703575036e-03
1.315248885e-01	3.713982392e-03
1.372763525e-01	3.725617010e-03
1.432793228e-01	3.738429274e-03
1.495447975e-01	3.752369886e-03
1.560842558e-01	3.767389699e-03
1.629096787e-01	3.783439549e-03
1.700335711e-01	3.800470103e-03
1.774689848e-01	3.818431710e-03
1.852295424e-01	3.837274261e-03
1.933294622e-01	3.856947050e-03
2.017835841e-01	3.877398652e-03
2.106073971e-01	3.898576800e-03
2.198170675e-01	3.920428270e-03
2.294294684e-01	3.942898780e-03
2.394622108e-01	3.965932887e-03
2.499336759e-01	3.989473899e-03
2.608630488e-01	4.013463788e-03
2.722703531e-01	4.037843123e-03
2.841764886e-01	4.062550994e-03
2.966032685e-01	4.087524964e-03
3.095734602e-01	4.113736062e-03
3.231108267e-01	4.143646134e-03
3.372401699e-01	4.177038948e-03
3.519873765e-01	4.213554400e-03
3.673794650e-01	4.252824761e-03
3.834446356e-01	4.294471833e-03
4.002123215e-01	4.338104447e-03
4.177132431e-01	4.383316303e-03
4.359794641e-01	4.429684191e-03
4.550444504e-01	4.476766602e-03
4.749431313e-01	4.524102762e-03
4.957119633e-01	4.571212136e-03
5.173889976e-01	4.617296013e-03
5.400139489e-01	4.661779929e-03
5.636282688e-01	4.705171667e-03
5.882752215e-01	4.748027623e-03
6.139999630e-01	4.790925986e-03
6.408496241e-01	4.834466443e-03
6.688733966e-01	4.879270607e-03
6.981226232e-01	4.925983231e-03
7.286508919e-01	4.975274248e-03
7.605141341e-01	5.027841699e-03
7.937707270e-01	5.084415610e-03
8.284816005e-01	5.145762897e-03
8.647103490e-01	5.212693405e-03
9.025233478e-01	5.286067175e-03
9.419898747e-01	5.366803101e-03
9.831822370e-01	5.455889139e-03
1.026175904e+00	5.557648079e-03
1.071049645e+00	5.686089271e-03
1.117885674e+00	5.843198256e-03
1.166769800e+00	6.029836701e-03
1.217791584e+00	6.247152737e-03
1.271044505e+00	6.496568253e-03
1.326626128e+00	6.779768401e-03
1.384638284e+00	7.098692217e-03
1.445187260e+00	7.455523327e-03
1.508383987e+00	7.852679682e-03
1.574344250e+00	8.292801263e-03
1.643188895e+00	8.778734654e-03
1.715044054e+00	9.313513317e-03
1.790041374e+00	9.900332357e-03
1.868318259e+00	1.054251649e-02
1.950018121e+00	1.124347988e-02
2.035290643e+00	1.200667660e-02
2.124292056e+00	1.283554016e-02
2.217185420e+00	1.373341112e-02
2.314140926e+00	1.470345142e-02
2.415336208e+00	1.574854451e-02
2.520956669e+00	1.687118077e-02
2.631195816e+00	1.807332776e-02
2.746255621e+00	1.935628565e-02
2.866346887e+00	2.072052890e-02
2.991689635e+00	2.216553564e-02
3.122513507e+00	2.373479263e-02
3.259058189e+00	2.549640682e-02
3.401573846e+00	2.746967278e-02
3.550321583e+00	2.967560731e-02
3.705573924e+00	3.213719918e-02
3.867615308e+00	3.487942916e-02
4.036742616e+00	3.792925427e-02
4.213265707e+00	4.131554507e-02
4.397507992e+00	4.506896374e-02
4.589807026e+00	4.922176896e-02
4.790515121e+00	5.380753261e-02
5.000000000e+00	5.886075231e-02
