1.000000000e-03	6.324791017e-05
1.059560179e-03	6.324791017e-05
1.122667774e-03	6.324791017e-05
1.189534067e-03	6.324791017e-05
1.260382930e-03	6.324791017e-05
1.335451563e-03	6.324791017e-05
1.414991297e-03	6.324791017e-05
1.499268433e-03	6.324791017e-05
1.588565129e-03	6.324791017e-05
1.683180353e-03	6.324791017e-05
1.783430877e-03	6.324791017e-05
1.889652340e-03	6.324791017e-05
2.002200372e-03	6.324791017e-05
2.121451785e-03	6.324791017e-05
2.247805834e-03	6.324791017e-05
2.381685552e-03	6.324791017e-05
2.523539170e-03	6.324791017e-05
2.673841616e-03	6.324791017e-05
2.833096102e-03	6.324791017e-05
3.001835814e-03	6.324791017e-05
3.180625693e-03	6.324791017e-05
3.370064329e-03	6.324791017e-05
3.570785965e-03	6.324791017e-05
3.783462617e-03	6.324791017e-05
4.008806329e-03	6.324791017e-05
4.247571553e-03	6.324791017e-05
4.500557676e-03	6.324791017e-05
4.768611698e-03	6.324791017e-05
5.052631065e-03	6.324791017e-05
5.353566677e-03	6.324791017e-05
5.672426068e-03	6.324791017e-05
6.010276782e-03	6.324791017e-05
6.368249945e-03	6.324791017e-05
6.747544053e-03	6.324791017e-05
7.149428987e-03	6.324791017e-05
7.575250259e-03	6.324791017e-05
8.026433522e-03	6.324791017e-05
8.504489342e-03	6.324791017e-05
9.011018252e-03	6.324791017e-05
9.547716114e-03	6.324791017e-05
1.011637980e-02	6.324791017e-05
1.071891319e-02	6.324791017e-05
1.135733358e-02	6.324791017e-05
1.203377841e-02	6.324791017e-05
1.275051241e-02	6.324791017e-05
1.350993521e-02	6.324791017e-05
1.431458938e-02	6.324791017e-05
1.516716888e-02	6.324791017e-05
1.607052818e-02	6.324791017e-05
1.702769172e-02	6.324791017e-05
1.804186409e-02	6.324791017e-05
1.911644075e-02	6.324791017e-05
2.025501939e-02	6.324791017e-05
2.146141198e-02	6.324791017e-05
2.273965752e-02	6.324791017e-05
2.409403560e-02	6.324791017e-05
2.552908068e-02	6.324791017e-05
2.704959730e-02	6.324791017e-05
2.866067617e-02	6.324791017e-05
3.036771118e-02	6.324791017e-05
3.217641750e-02	6.324791017e-05
3.409285070e-02	6.324791017e-05
3.612342700e-02	6.324791017e-05
3.827494479e-02	6.324791017e-05
4.055460736e-02	6.324791017e-05
4.297004704e-02	6.324791017e-05
4.552935075e-02	6.324791017e-05
4.824108704e-02	6.324791017e-05
5.111433483e-02	6.324791017e-05
5.415871378e-02	6.324791017e-05
5.738441648e-02	6.324791017e-05
6.080224262e-02	6.324791017e-05
6.442363509e-02	6.324791017e-05
6.826071834e-02	6.324791017e-05
7.232633896e-02	6.324791017e-05
7.663410868e-02	6.324791017e-05
8.119844993e-02	6.324791017e-05
8.603464417e-02	6.324791017e-05
9.115888300e-02	6.324791017e-05
9.658832241e-02	6.324791017e-05
1.023411402e-01	6.324791017e-05
1.084365969e-01	6.324791017e-05
1.148951000e-01	6.324791017e-05
1.217382728e-01	6.324791017e-05
1.289890261e-01	6.324791017e-05
1.366716356e-01	6.324791017e-05
1.448118228e-01	6.324791017e-05
1.534368409e-01	6.324791017e-05
1.625755666e-01	6.324791017e-05
1.722585965e-01	6.324791017e-05
1.825183494e-01	6.324791017e-05
1.933891750e-01	6.324791017e-05
2.049074690e-01	6.324791017e-05
2.171117946e-01	6.324791017e-05
2.300430120e-01	6.324791017e-05
2.437444150e-01	6.324791017e-05
2.582618761e-01	6.324791017e-05
2.736439997e-01	6.324791017e-05
2.899422854e-01	6.324791017e-05
3.072112999e-01	6.324791017e-05
3.255088600e-01	6.324791017e-05
3.448962260e-01	6.324791017e-05
3.654383071e-01	6.324791017e-05
3.872038782e-01	6.324791017e-05
4.102658106e-01	6.324791017e-05
4.347013158e-01	6.324791017e-05
4.605922041e-01	6.324791017e-05
4.880251584e-01	6.324791017e-05
5.170920243e-01	6.324791017e-05
5.478901180e-01	6.324791017e-05
5.805225516e-01	6.324791017e-05
6.150985789e-01	6.324791017e-05
6.517339605e-01	6.324791017e-05
6.905513520e-01	6.324791017e-05
7.316807143e-01	6.324791017e-05
7.752597489e-01	6.324791017e-05
8.214343585e-01	6.324791017e-05
8.703591361e-01	6.324791017e-05
9.221978823e-01	6.324791017e-05
9.771241535e-01	6.324791017e-05
1.035321843e+00	6.324791017e-05
1.096985798e+00	6.324791017e-05
1.162322469e+00	6.324791017e-05
1.231550603e+00	6.324791017e-05
1.304901978e+00	6.324791017e-05
1.382622174e+00	6.324791017e-05
1.464971398e+00	6.324791017e-05
1.552225357e+00	6.324791017e-05
1.644676178e+00	6.324791017e-05
1.742633386e+00	6.324791017e-05
1.846424943e+00	6.324791017e-05
1.956398344e+00	6.324791017e-05
2.072921780e+00	6.324791017e-05
2.196385372e+00	6.324791017e-05
2.327202479e+00	6.324791017e-05
2.465811076e+00	6.324791017e-05
2.612675226e+00	6.324791017e-05
2.768286630e+00	6.324791017e-05
2.933166278e+00	6.324791017e-05
3.107866188e+00	6.324791017e-05
3.292971255e+00	6.324791017e-05
3.489101213e+00	6.324791017e-05
3.696912707e+00	6.324791017e-05
3.917101491e+00	6.324791017e-05
4.150404758e+00	6.324791017e-05
4.397603609e+00	6.324791017e-05
4.659525669e+00	6.324791017e-05
4.937047853e+00	6.324791017e-05
5.231099308e+00	6.324791017e-05
5.542664521e+00	6.324791017e-05
5.872786613e+00	6.324791017e-05
6.222570837e+00	6.324791017e-05
6.593188271e+00	6.324791017e-05
6.985879747e+00	6.324791017e-05
7.401959997e+00	6.324791017e-05
7.842822061e+00	6.324791017e-05
8.309941949e+00	6.358254344e-05
8.804883582e+00	6.431208430e-05
9.329304026e+00	6.497776228e-05
9.884959047e+00	6.569939998e-05
1.047370898e+01	6.627159872e-05
1.109752496e+01	6.637314240e-05
1.175849554e+01	6.637314240e-05
1.245883364e+01	6.637314240e-05
1.320088401e+01	6.651360119e-05
1.398713103e+01	6.738737430e-05
1.482020706e+01	6.816960348e-05
1.570290125e+01	6.871265124e-05
1.663816886e+01	6.920821724e-05
1.762914118e+01	6.971827126e-05
1.867913599e+01	7.025078888e-05
1.979166868e+01	7.078729662e-05
2.097046401e+01	7.132781058e-05
2.221946861e+01	7.186928855e-05
2.354286414e+01	7.241386603e-05
2.494508135e+01	7.297078615e-05
2.643081487e+01	7.363826498e-05
2.800503894e+01	7.440059250e-05
2.967302408e+01	7.485842477e-05
3.144035472e+01	7.487681328e-05
3.331294788e+01	7.487681328e-05
3.529707303e+01	7.491438814e-05
3.739937302e+01	7.744172396e-05
3.962688639e+01	8.034695856e-05
4.198707084e+01	7.974514478e-05
4.448782831e+01	7.858112970e-05
4.713753134e+01	7.897161173e-05
4.994505116e+01	7.987280799e-05
5.291978736e+01	8.070311965e-05
5.607169938e+01	8.159715088e-05
5.941133985e+01	8.231897871e-05
6.294988990e+01	8.245711908e-05
6.669919663e+01	8.245711908e-05
7.067181274e+01	8.245711908e-05
7.488103858e+01	8.278806236e-05
7.934096666e+01	8.359381905e-05
8.406652886e+01	8.442542908e-05
8.907354639e+01	8.501313948e-05
9.437878278e+01	8.556634121e-05
1.000000000e+02	8.630593988e-05
