0.01001 0.006637834770286595
0.01122 0.006592726037693472
0.01258 0.006580716540873413
0.01412 0.006617961517338447
0.01584 0.006850981869518833
0.01778 0.006835946046275232
0.01995 0.006704929913542008
0.02238 0.0067867445669522915
0.02511 0.006517593857955987
0.02818 0.0067226525352311215
0.03162 0.006690720906046546
0.03548 0.006703752277071035
0.03981 0.0067068509578725646
0.044660000000000005 0.006669987489767033
0.05011 0.006604456000741462
0.05623 0.006587963825310083
0.06309 0.006785810352644134
0.07079 0.0066321490861908855
0.07943 0.00656121795200894
0.08912 0.00670395724462213
0.1001 0.006772506756303911
0.1122 0.006782574069915063
0.1258 0.006757468324481499
0.1412 0.006902729143021124
0.1584 0.006581165852448009
0.1778 0.006694447336207171
0.1995 0.0067591904662392035
0.2238 0.006722181457653895
0.2511 0.006621630758486114
0.2818 0.006779619556255239
0.3162 0.006837971291118787
0.333 0.006930285601142932
0.3548 0.006884546316205252
0.365 0.007003730080916635
0.386 0.006995130558942861
0.392 0.007186857253920671
0.3981 0.007090985214810027
0.4466 0.007026044051050397
0.475 0.007024033273658692
0.5011 0.006994791998459251
0.51 0.0074014041705707636
0.5623 0.007143046401777984
0.6309 0.007466504586903495
0.7079 0.007143864313135916
0.7943 0.007266891739390453
0.8912 0.00760352972053638
0.9945821273998381 0.0063095734448019416
1.001 0.006245766899930683
1.122 0.006247537482310592
1.1619442336974122 0.006309573444801942
1.258 0.006497380918937014
1.412 0.006881266086160495
1.501 0.0071492848877965295
1.541 0.0072924021159592855
1.549 0.007669762188705428
1.584 0.007309689791224209
1.778 0.007702107115463627
1.801 0.007660455578531349
1.821 0.0074616084511225835
1.841 0.007731802976049168
1.844 0.007562586807666595
1.995 0.0076900714404569605
2.238 0.007624096578093833
2.5110000000000006 0.007745775483378042
2.735392451204933 0.00794328234724282
2.818 0.008034818717250586
3.162 0.008160067733864414
3.548 0.008323137769172793
3.981 0.00834651426757452
4.466 0.008342636170685596
4.601 0.00844031525134374
4.666 0.008342898851196233
4.701 0.008629340459733513
4.731 0.008541418639333326
4.901 0.008406123285686178
5.011 0.008625227216670936
5.012 0.00878678617794003
5.101 0.009153205752954276
5.171 0.00876543813364149
5.178 0.008765512386465679
5.623 0.008781537111301694
6.309 0.008911024382709869
7.079 0.008687156323291116
7.943 0.008988075532594874
8.912 0.009674766432498583
10.01 0.00974916886990584
11.0213395366771 0.01
11.22 0.010062029159035795
12.58 0.010243206812142922
14.12 0.010173765914240162
15.84 0.010656455699495984
17.78 0.011254145043862039
19.95 0.011373924395176874
22.38 0.011312758574364267
25.11 0.011744766951334277
27.98404566672054 0.012589254117941687
28.18 0.012661740139087479
31.239027200968607 0.01584893192461114
31.62 0.016348642830053002
34.344602921591395 0.01584893192461114
35.48 0.015683521307555428
35.80904359606845 0.01584893192461114
39.81 0.01838099055733622
44.66 0.01917612430057687
46.53848709156024 0.01995262314968883
50.11 0.02181121841059692
56.22999999999999 0.022826250656371054
63.09 0.02219100370518019
70.79 0.023043335870008924
72.99629872342824 0.025118864315095822
78.48804291760747 0.03162277660168379
79.43 0.03302719170694554
89.12 0.035780798025512935
100.0 0.032808373799755194
