0.01001 0.006886198750807263
0.01122 0.006800505792407329
0.01258 0.0067662565430293455
0.01412 0.006906799278096313
0.01584 0.006989380628744562
0.01778 0.007003902230272216
0.01995 0.0068813559600321055
0.02238 0.006957199293086034
0.02511 0.006728971181397962
0.02818 0.006907716919325949
0.03162 0.006873020048503301
0.03548 0.006837960415883304
0.03981 0.006986534797268985
0.04466 0.006857697904084978
0.05011 0.006787821221974371
0.05623 0.006762275351045304
0.06309 0.006992911603817089
0.07079 0.0068811828663009715
0.07943 0.006766702201756641
0.08912 0.006876435481527023
0.1001 0.00692886425898174
0.1122 0.006947651601597983
0.1258 0.006972659740587261
0.1412 0.007119926021860784
0.1584 0.006813242845764685
0.1778 0.006877111700847016
0.1995 0.006945931055383055
0.2238 0.00698275954750408
0.2511 0.0068532524964259305
0.2818 0.007088095520573885
0.3162 0.006987329955870928
0.333 0.007103161478257807
0.3548 0.007078726760537155
0.365 0.007104574216095607
0.386 0.007064348743811141
0.392 0.00722433709571882
0.3981 0.007166397067948477
0.4466 0.007132748195449838
0.475 0.007175389306678398
0.5011 0.007219943658408408
0.51 0.00754645772665227
0.5623 0.007275838548714986
0.6309 0.007575346155490444
0.7079 0.007400497566249499
0.7943 0.007418787397412559
0.8912000000000001 0.0076528726579339805
1.001 0.0063257793018352566
1.122 0.006370790242939516
1.258 0.00665181662185346
1.412 0.006965645620158938
1.501 0.0071877787518957546
1.541 0.007274804458938714
1.549 0.007400897829643283
1.584 0.007332365569589962
1.778 0.0074527842256220615
1.801 0.0076218562892190825
1.821 0.007498916358198477
1.8410000000000002 0.0074707277425241254
1.8440000000000003 0.0074188570556622865
1.995 0.007520843280566018
2.238 0.007595510058248381
2.5110000000000006 0.0077462367671176325
2.818 0.007832511580747239
3.162 0.007823293978222665
3.468558663447186 0.00794328234724282
3.548 0.007982426968772714
3.981 0.00809445152312608
4.466 0.008319814163697247
4.601 0.008329397643623887
4.666 0.008271486567420721
4.701 0.00817587533667307
4.731 0.008539053875566976
4.901 0.008305502445465912
5.011 0.008316008716437957
5.012 0.008443124644456783
5.101 0.008513239915425377
5.171 0.00865690913899644
5.178 0.008558833656461004
5.623 0.008645531249482249
6.309 0.008581146472200006
7.078999999999999 0.00855687665678935
7.943 0.008602396998525972
8.912 0.009311078223847243
10.01 0.009197147955789341
11.22 0.00947342041264559
12.580000000000002 0.009879431187089708
13.44390781951882 0.01
14.12 0.01011878825238577
15.84 0.010206810156021436
17.78 0.01046194646322645
19.95 0.01055931814999734
22.38 0.010932229757174425
25.11 0.011316114845070639
28.18 0.010811095051317792
31.62 0.011359409222906462
35.48 0.011692954025209678
39.81 0.01206363056109709
41.891095099949624 0.012589254117941687
44.66 0.013469676214792238
49.34542522133883 0.012589254117941687
50.11 0.012475134084402307
50.74150341299925 0.012589254117941687
56.230000000000004 0.013837900856196125
63.09 0.013309118748708297
70.79 0.01375662281560295
79.35631581348986 0.01584893192461114
79.43 0.01587158911518034
89.12 0.01686149286108567
100.0 0.01739081621078179
