0.01001 0.01184566521357311
0.01122 0.011773491009743836
0.01258 0.011606621605530628
0.01412 0.011715794828141168
0.01584 0.011985947699317465
0.01778 0.011930192583126102
0.01995 0.01169459735956449
0.02238 0.012052652853318638
0.02511 0.011552395567403628
0.028179999999999997 0.01186075768329869
0.03162 0.011731713340712414
0.03548 0.011797225329442308
0.03981 0.011889648203818355
0.04466 0.011734728665647275
0.05011 0.011710620397419252
0.05623 0.011730521891592504
0.06309 0.011940659385319337
0.07079 0.011756792191173733
0.07943 0.011645609921407766
0.08912 0.011826951502471782
0.1001 0.011894024531077397
0.1122 0.011910141329137838
0.1258 0.011899827000026956
0.1412 0.012189757426701572
0.1584 0.011668383131140807
0.1778 0.011857089491780042
0.1995 0.011818596534586879
0.2238 0.011818274780234322
0.2511 0.011619403029492825
0.2818 0.01197754636739989
0.3162 0.012029008482053686
0.333 0.012175726291086883
0.3548 0.012112239395489294
0.36500000000000005 0.01221975516195599
0.386 0.012145239847239614
0.392 0.012455197881706218
0.3981 0.012554912010821491
0.4466 0.01226493967465754
0.475 0.012351528450277854
0.5011 0.012355638660488775
0.5043681313018309 0.012589254117941675
0.51 0.013096075115627541
0.5614934145114222 0.012589254117941675
0.5623 0.012582948127428552
0.5631521860996649 0.012589254117941675
0.6309 0.013220377329382912
0.7079 0.012703973756921687
0.7943 0.012630469363884424
0.8912 0.013328843805778586
0.9224994848851329 0.012589254117941675
1.001 0.011115835465097638
1.122 0.0110854374459423
1.258 0.011527208475112485
1.412 0.012099300006937057
1.501 0.012456593309090843
1.5219854510500481 0.012589254117941675
1.541 0.012740579005755554
1.549 0.013505013571138397
1.584 0.012839665768286447
1.778 0.013394458636937948
1.801 0.013451486249880192
1.821 0.013084411683067006
1.8410000000000002 0.013506183053948554
1.844 0.01302082193982651
1.995 0.013420079806377503
2.238 0.013349044029640721
2.511 0.013703228295949017
2.8180000000000005 0.014424181502731151
3.162 0.014221170613481281
3.5480000000000005 0.014703025910523323
3.981 0.015019209191828992
4.466 0.01504801411468618
4.601000000000001 0.014852759776628298
4.666 0.01480160807098008
4.701 0.014894206619178629
4.731 0.015215756762162875
4.901 0.014735578004304351
5.011 0.015374591596207143
5.011999999999999 0.015459089175540524
5.101 0.015717466587408194
5.170999999999999 0.01526775273109339
5.178 0.015379152155926393
5.623 0.015672760496447016
6.308999999999999 0.015543308261425895
7.079 0.015311959682585183
7.844951451310718 0.01584893192461114
7.943 0.01593546691749952
8.912 0.017185232891062593
10.01 0.017534412851712547
11.22 0.01775011014511157
12.58 0.018118110323985664
14.12 0.017705545879888575
15.84 0.01862753333764037
17.78 0.01935816550870849
19.95 0.01930624819709052
22.38 0.01873982739790815
25.11 0.019658195966490145
28.18 0.019568232665499057
30.20825012591113 0.01995262314968881
31.62 0.020289451682829435
35.48 0.021777090463889096
39.81 0.022223982588860262
44.66 0.024744505650063912
50.11 0.023379214306953708
56.23 0.02485881933840678
63.089999999999996 0.02438811893762737
70.79 0.02481077793410605
71.3940078942169 0.025118864315095826
79.43 0.030279098213229626
89.12 0.03047190420495198
100.0 0.029805989290394387
